     1     1
    NGM     95    10     1     0    12
     1 FORWARD  OMEGA   
    95    10    14    12   40.000  -90.000   500.0
     1 PRESSURE
     1     1    95    10    14    12     0    11     0.0   40.000  -90.000    500.0    929.8
     1     1    95    10    14    13     0     7     1.0   39.866  -89.455    482.4    931.4
     1     1    95    10    14    14     0     2     2.0   39.766  -88.911    464.5    933.7
     1     1    95    10    14    15     0     3     3.0   39.708  -88.384    452.5    935.5
     1     1    95    10    14    16     0     4     4.0   39.696  -87.904    447.2    934.3
     1     1    95    10    14    17     0     5     5.0   39.713  -87.438    445.0    933.3
     1     1    95    10    14    18     0     6     6.0   39.744  -86.950    446.3    931.0
     1     1    95    10    14    19     0     7     7.0   39.777  -86.441    447.7    929.4
     1     1    95    10    14    20     0     8     8.0   39.800  -85.909    446.6    928.6
     1     1    95    10    14    21     0     9     9.0   39.819  -85.362    443.0    927.6
     1     1    95    10    14    22     0    10    10.0   39.838  -84.806    433.9    927.5
     1     1    95    10    14    23     0    11    11.0   39.858  -84.238    423.8    928.2
     1     1    95    10    15     0     0    12    12.0   39.875  -83.659    422.5    927.9
