     1     1
    NGM     95    10     1     0    12
     1 FORWARD  OMEGA   
    95    10    14     0   40.000  -90.000   500.0
     1 PRESSURE
     1     1    95    10    14     0     0    11     0.0   40.000  -90.000    500.0    928.5
     1     1    95    10    14     1     0     7     1.0   40.126  -89.579    541.1    923.7
     1     1    95    10    14     2     0     2     2.0   40.216  -89.133    574.9    920.6
     1     1    95    10    14     3     0     3     3.0   40.286  -88.662    614.9    916.8
     1     1    95    10    14     4     0     4     4.0   40.323  -88.176    666.4    910.7
     1     1    95    10    14     5     0     5     5.0   40.350  -87.691    719.6    902.5
     1     1    95    10    14     6     0     6     6.0   40.400  -87.216    769.1    896.8
     1     1    95    10    14     7     0     7     7.0   40.467  -86.747    817.4    889.8
     1     1    95    10    14     8     0     8     8.0   40.538  -86.267    866.2    884.1
     1     1    95    10    14     9     0     9     9.0   40.605  -85.796    907.1    877.7
     1     1    95    10    14    10     0    10    10.0   40.665  -85.345    923.6    874.8
     1     1    95    10    14    11     0    11    11.0   40.746  -84.907    938.8    875.0
     1     1    95    10    14    12     0    12    12.0   40.878  -84.500    972.3    869.4
