     1     1
    NGM     95    10     1     0    12
     1 FORWARD  OMEGA   
    95    10    20     0   40.000  -90.000   500.0
     1 PRESSURE
     1     1    95    10    20     0     0    11     0.0   40.000  -90.000    500.0    928.5
     1     1    95    10    20     1     0     7     1.0   40.198  -89.629    577.7    919.6
     1     1    95    10    20     2     0     2     2.0   40.270  -89.279    618.8    916.1
     1     1    95    10    20     3     0     3     3.0   40.265  -88.921    659.5    914.5
     1     1    95    10    20     4     0     4     4.0   40.236  -88.550    735.5    906.0
     1     1    95    10    20     5     0     5     5.0   40.197  -88.219    842.5    892.6
     1     1    95    10    20     6     0     6     6.0   40.164  -87.952    958.7    878.9
     1     1    95    10    20     7     0     7     7.0   40.161  -87.709   1077.4    864.9
     1     1    95    10    20     8     0     8     8.0   40.219  -87.457   1199.1    851.0
     1     1    95    10    20     9     0     9     9.0   40.324  -87.204   1331.1    837.3
     1     1    95    10    20    10     0    10    10.0   40.470  -86.957   1485.6    820.7
     1     1    95    10    20    11     0    11    11.0   40.665  -86.748   1658.9    801.2
     1     1    95    10    20    12     0    12    12.0   40.906  -86.595   1830.0    782.6
