     1     1
    NGM     95    10     1     0    12
     1 FORWARD  OMEGA   
    95    10    24    12   40.000  -90.000   500.0
     1 PRESSURE
     1     1    95    10    24    12     0    11     0.0   40.000  -90.000    500.0    929.0
     1     1    95    10    24    13     0     7     1.0   40.041  -89.224    503.9    928.4
     1     1    95    10    24    14     0     2     2.0   40.171  -88.499    502.2    928.4
     1     1    95    10    24    15     0     3     3.0   40.351  -87.801    494.5    928.2
     1     1    95    10    24    16     0     4     4.0   40.539  -87.115    480.8    928.5
     1     1    95    10    24    17     0     5     5.0   40.720  -86.438    469.6    930.0
     1     1    95    10    24    18     0     6     6.0   40.897  -85.761    470.4    928.8
     1     1    95    10    24    19     0     7     7.0   41.067  -85.080    472.4    927.2
     1     1    95    10    24    20     0     8     8.0   41.227  -84.402    467.5    928.4
     1     1    95    10    24    21     0     9     9.0   41.376  -83.731    459.6    929.4
     1     1    95    10    24    22     0    10    10.0   41.518  -83.065    454.0    930.3
     1     1    95    10    24    23     0    11    11.0   41.658  -82.397    459.9    929.9
     1     1    95    10    25     0     0    12    12.0   41.796  -81.720    479.0    926.6
