     1     1
    NGM     95    10     1     0    12
     1 FORWARD  OMEGA   
    95    10     3     0   40.000  -90.000   500.0
     1 PRESSURE
     1     1    95    10     3     0     0    11     0.0   40.000  -90.000    500.0    931.2
     1     1    95    10     3     1     0     7     1.0   40.167  -90.071    551.3    926.8
     1     1    95    10     3     2     0     2     2.0   40.334  -90.134    625.6    918.8
     1     1    95    10     3     3     0     3     3.0   40.513  -90.189    705.3    906.8
     1     1    95    10     3     4     0     4     4.0   40.718  -90.244    769.0    899.2
     1     1    95    10     3     5     0     5     5.0   40.937  -90.296    834.7    893.1
     1     1    95    10     3     6     0     6     6.0   41.160  -90.337    919.8    883.0
     1     1    95    10     3     7     0     7     7.0   41.381  -90.344   1010.9    870.6
     1     1    95    10     3     8     0     8     8.0   41.601  -90.300   1095.7    860.7
     1     1    95    10     3     9     0     9     9.0   41.819  -90.227   1184.0    851.6
     1     1    95    10     3    10     0    10    10.0   42.032  -90.147   1298.3    839.8
     1     1    95    10     3    11     0    11    11.0   42.246  -90.064   1413.9    823.7
     1     1    95    10     3    12     0    12    12.0   42.466  -89.978   1499.0    814.4
