     1     1
    NGM     95    10     1     0    12
     1 FORWARD  OMEGA   
    95    10    19    12   40.000  -90.000   500.0
     1 PRESSURE
     1     1    95    10    19    12     0    11     0.0   40.000  -90.000    500.0    932.2
     1     1    95    10    19    13     0     7     1.0   40.412  -89.688    533.0    928.1
     1     1    95    10    19    14     0     2     2.0   40.783  -89.350    567.0    923.7
     1     1    95    10    19    15     0     3     3.0   41.140  -89.016    595.4    918.6
     1     1    95    10    19    16     0     4     4.0   41.519  -88.713    609.3    916.1
     1     1    95    10    19    17     0     5     5.0   41.920  -88.434    613.5    914.4
     1     1    95    10    19    18     0     6     6.0   42.336  -88.180    616.1    914.0
     1     1    95    10    19    19     0     7     7.0   42.771  -87.944    638.3    911.9
     1     1    95    10    19    20     0     8     8.0   43.237  -87.707    694.1    904.9
     1     1    95    10    19    21     0     9     9.0   43.719  -87.446    774.9    893.8
     1     1    95    10    19    22     0    10    10.0   44.212  -87.155    865.1    883.8
     1     1    95    10    19    23     0    11    11.0   44.704  -86.845    955.7    873.0
     1     1    95    10    20     0     0    12    12.0   45.183  -86.536   1039.1    864.0
