     1     1
    NGM     95    10     1     0    12
     1 FORWARD  OMEGA   
    95    10    11     0   40.000  -90.000   500.0
     1 PRESSURE
     1     1    95    10    11     0     0    11     0.0   40.000  -90.000    500.0    939.2
     1     1    95    10    11     1     0     7     1.0   40.099  -89.913    494.1    938.9
     1     1    95    10    11     2     0     2     2.0   40.195  -89.855    472.2    941.4
     1     1    95    10    11     3     0     3     3.0   40.280  -89.786    441.3    945.7
     1     1    95    10    11     4     0     4     4.0   40.344  -89.664    408.7    949.6
     1     1    95    10    11     5     0     5     5.0   40.422  -89.530    380.6    953.1
     1     1    95    10    11     6     0     6     6.0   40.548  -89.418    360.2    954.3
     1     1    95    10    11     7     0     7     7.0   40.703  -89.291    347.5    956.2
     1     1    95    10    11     8     0     8     8.0   40.864  -89.119    343.7    957.0
     1     1    95    10    11     9     0     9     9.0   41.023  -88.900    340.1    956.0
     1     1    95    10    11    10     0    10    10.0   41.176  -88.639    329.2    957.1
     1     1    95    10    11    11     0    11    11.0   41.326  -88.353    315.4    959.1
     1     1    95    10    11    12     0    12    12.0   41.482  -88.055    302.3    960.7
