     1     1
    NGM     95    10     1     0    12
     1 FORWARD  OMEGA   
    95    10    22     0   40.000  -90.000   500.0
     1 PRESSURE
     1     1    95    10    22     0     0    11     0.0   40.000  -90.000    500.0    925.6
     1     1    95    10    22     1     0     7     1.0   39.973  -89.561    516.1    924.2
     1     1    95    10    22     2     0     2     2.0   40.028  -89.061    537.2    921.7
     1     1    95    10    22     3     0     3     3.0   40.114  -88.533    557.3    918.6
     1     1    95    10    22     4     0     4     4.0   40.180  -88.005    564.7    917.0
     1     1    95    10    22     5     0     5     5.0   40.252  -87.465    554.7    916.9
     1     1    95    10    22     6     0     6     6.0   40.360  -86.911    536.1    918.6
     1     1    95    10    22     7     0     7     7.0   40.487  -86.351    531.3    919.5
     1     1    95    10    22     8     0     8     8.0   40.619  -85.780    548.7    916.6
     1     1    95    10    22     9     0     9     9.0   40.758  -85.204    574.8    912.7
     1     1    95    10    22    10     0    10    10.0   40.917  -84.631    596.9    910.3
     1     1    95    10    22    11     0    11    11.0   41.092  -84.046    605.8    909.2
     1     1    95    10    22    12     0    12    12.0   41.277  -83.431    596.7    911.7
