     1     1
    NGM     95    10     1     0    12
     1 FORWARD  OMEGA   
    95    10    17     0   40.000  -90.000   500.0
     1 PRESSURE
     1     1    95    10    17     0     0    11     0.0   40.000  -90.000    500.0    938.7
     1     1    95    10    17     1     0     7     1.0   40.148  -89.950    486.1    938.8
     1     1    95    10    17     2     0     2     2.0   40.353  -89.978    466.3    940.4
     1     1    95    10    17     3     0     3     3.0   40.623  -90.047    454.8    942.0
     1     1    95    10    17     4     0     4     4.0   40.950  -90.106    458.4    939.7
     1     1    95    10    17     5     0     5     5.0   41.328  -90.155    469.4    936.3
     1     1    95    10    17     6     0     6     6.0   41.769  -90.194    482.7    932.5
     1     1    95    10    17     7     0     7     7.0   42.270  -90.214    498.4    927.4
     1     1    95    10    17     8     0     8     8.0   42.818  -90.195    517.5    922.3
     1     1    95    10    17     9     0     9     9.0   43.406  -90.121    544.4    916.5
     1     1    95    10    17    10     0    10    10.0   44.030  -89.994    586.3    908.8
     1     1    95    10    17    11     0    11    11.0   44.694  -89.792    635.2    899.7
     1     1    95    10    17    12     0    12    12.0   45.399  -89.486    688.8    891.2
