     1     1
    NGM     95    10     1     0    12
     1 FORWARD  OMEGA   
    95    10    21     0   40.000  -90.000   500.0
     1 PRESSURE
     1     1    95    10    21     0     0    11     0.0   40.000  -90.000    500.0    926.7
     1     1    95    10    21     1     0     7     1.0   39.804  -89.519    521.5    924.4
     1     1    95    10    21     2     0     2     2.0   39.648  -89.002    528.0    922.9
     1     1    95    10    21     3     0     3     3.0   39.545  -88.480    525.0    925.5
     1     1    95    10    21     4     0     4     4.0   39.505  -87.999    528.1    925.1
     1     1    95    10    21     5     0     5     5.0   39.506  -87.545    530.4    922.4
     1     1    95    10    21     6     0     6     6.0   39.528  -87.092    527.2    921.2
     1     1    95    10    21     7     0     7     7.0   39.564  -86.656    526.6    920.5
     1     1    95    10    21     8     0     8     8.0   39.612  -86.251    536.0    918.0
     1     1    95    10    21     9     0     9     9.0   39.666  -85.870    552.2    914.6
     1     1    95    10    21    10     0    10    10.0   39.721  -85.500    570.6    911.8
     1     1    95    10    21    11     0    11    11.0   39.772  -85.130    588.8    908.9
     1     1    95    10    21    12     0    12    12.0   39.816  -84.754    606.5    906.6
