     1     1
    NGM     95    10     1     0    12
     1 FORWARD  OMEGA   
    95    10    23    12   40.000  -90.000   500.0
     1 PRESSURE
     1     1    95    10    23    12     0    11     0.0   40.000  -90.000    500.0    928.2
     1     1    95    10    23    13     0     7     1.0   40.480  -89.890    559.2    921.3
     1     1    95    10    23    14     0     2     2.0   40.980  -89.845    616.0    913.5
     1     1    95    10    23    15     0     3     3.0   41.496  -89.828    677.7    905.1
     1     1    95    10    23    16     0     4     4.0   42.023  -89.794    769.2    894.9
     1     1    95    10    23    17     0     5     5.0   42.546  -89.785    891.3    877.7
     1     1    95    10    23    18     0     6     6.0   43.047  -89.858   1004.8    862.7
     1     1    95    10    23    19     0     7     7.0   43.541  -90.019   1114.3    849.9
     1     1    95    10    23    20     0     8     8.0   44.042  -90.230   1245.0    833.9
     1     1    95    10    23    21     0     9     9.0   44.543  -90.475   1400.5    816.0
     1     1    95    10    23    22     0    10    10.0   45.032  -90.767   1605.5    795.4
     1     1    95    10    23    23     0    11    11.0   45.505  -91.094   1888.9    767.2
     1     1    95    10    24     0     0    12    12.0   45.954  -91.410   2240.0    732.8
