     1     1
    NGM     95    10     1     0    12
     1 FORWARD  OMEGA   
    95    10     1    12   40.000  -90.000   500.0
     1 PRESSURE
     1     1    95    10     1    12     0    11     0.0   40.000  -90.000    500.0    928.9
     1     1    95    10     1    13     0     7     1.0   40.098  -89.501    511.4    926.2
     1     1    95    10     1    14     0     2     2.0   40.179  -88.971    499.6    927.3
     1     1    95    10     1    15     0     3     3.0   40.265  -88.455    478.5    930.9
     1     1    95    10     1    16     0     4     4.0   40.381  -87.994    453.9    932.8
     1     1    95    10     1    17     0     5     5.0   40.534  -87.563    429.2    936.2
     1     1    95    10     1    18     0     6     6.0   40.736  -87.128    409.8    937.3
     1     1    95    10     1    19     0     7     7.0   40.949  -86.665    393.9    938.6
     1     1    95    10     1    20     0     8     8.0   41.147  -86.158    387.1    939.4
     1     1    95    10     1    21     0     9     9.0   41.333  -85.635    391.7    937.8
     1     1    95    10     1    22     0    10    10.0   41.508  -85.123    401.0    935.6
     1     1    95    10     1    23     0    11    11.0   41.677  -84.601    409.4    934.5
     1     1    95    10     2     0     0    12    12.0   41.838  -84.041    413.6    934.2
