     1     1
    NGM     95    10     1     0    12
     1 FORWARD  OMEGA   
    95    10    18     0   40.000  -90.000   500.0
     1 PRESSURE
     1     1    95    10    18     0     0    11     0.0   40.000  -90.000    500.0    933.5
     1     1    95    10    18     1     0     7     1.0   40.401  -89.527    585.1    924.9
     1     1    95    10    18     2     0     2     2.0   40.724  -88.974    668.8    914.5
     1     1    95    10    18     3     0     3     3.0   41.006  -88.356    744.0    905.3
     1     1    95    10    18     4     0     4     4.0   41.282  -87.677    810.3    899.2
     1     1    95    10    18     5     0     5     5.0   41.521  -86.943    886.6    891.0
     1     1    95    10    18     6     0     6     6.0   41.703  -86.151    974.0    879.7
     1     1    95    10    18     7     0     7     7.0   41.856  -85.304   1052.6    868.5
     1     1    95    10    18     8     0     8     8.0   41.980  -84.448   1101.0    863.5
     1     1    95    10    18     9     0     9     9.0   42.079  -83.590   1131.8    863.3
     1     1    95    10    18    10     0    10    10.0   42.166  -82.733   1161.5    861.1
     1     1    95    10    18    11     0    11    11.0   42.246  -81.900   1190.9    856.6
     1     1    95    10    18    12     0    12    12.0   42.317  -81.082   1216.4    852.4
