     1     1
    NGM     95    10     1     0    12
     1 FORWARD  OMEGA   
    95    10    20    12   40.000  -90.000   500.0
     1 PRESSURE
     1     1    95    10    20    12     0    11     0.0   40.000  -90.000    500.0    929.3
     1     1    95    10    20    13     0     7     1.0   39.748  -89.606    514.1    926.7
     1     1    95    10    20    14     0     2     2.0   39.493  -89.145    524.4    925.0
     1     1    95    10    20    15     0     3     3.0   39.255  -88.633    534.9    924.1
     1     1    95    10    20    16     0     4     4.0   39.068  -88.081    545.9    922.8
     1     1    95    10    20    17     0     5     5.0   38.940  -87.512    559.7    920.8
     1     1    95    10    20    18     0     6     6.0   38.842  -86.949    557.2    918.9
     1     1    95    10    20    19     0     7     7.0   38.786  -86.402    542.5    921.2
     1     1    95    10    20    20     0     8     8.0   38.778  -85.868    530.9    919.6
     1     1    95    10    20    21     0     9     9.0   38.812  -85.345    514.0    919.9
     1     1    95    10    20    22     0    10    10.0   38.896  -84.843    489.8    920.9
     1     1    95    10    20    23     0    11    11.0   39.017  -84.349    470.3    924.2
     1     1    95    10    21     0     0    12    12.0   39.163  -83.837    465.1    923.7
