     1     1
    NGM     95    10     1     0    12
     1 FORWARD  OMEGA   
    95    10    16     0   40.000  -90.000   500.0
     1 PRESSURE
     1     1    95    10    16     0     0    11     0.0   40.000  -90.000    500.0    934.7
     1     1    95    10    16     1     0     7     1.0   39.767  -89.655    485.8    936.3
     1     1    95    10    16     2     0     2     2.0   39.568  -89.299    474.9    937.6
     1     1    95    10    16     3     0     3     3.0   39.375  -88.964    464.6    940.4
     1     1    95    10    16     4     0     4     4.0   39.164  -88.669    449.4    943.0
     1     1    95    10    16     5     0     5     5.0   38.937  -88.393    424.4    946.7
     1     1    95    10    16     6     0     6     6.0   38.689  -88.116    394.5    951.4
     1     1    95    10    16     7     0     7     7.0   38.427  -87.838    367.0    954.8
     1     1    95    10    16     8     0     8     8.0   38.172  -87.567    342.2    957.3
     1     1    95    10    16     9     0     9     9.0   37.925  -87.313    319.6    960.7
     1     1    95    10    16    10     0    10    10.0   37.677  -87.079    300.5    963.3
     1     1    95    10    16    11     0    11    11.0   37.413  -86.872    288.3    964.6
     1     1    95    10    16    12     0    12    12.0   37.125  -86.706    286.4    964.3
