     1     1
    NGM     95    10     1     0    12
     1 FORWARD  OMEGA   
    95    10    30    12   40.000  -90.000   500.0
     1 PRESSURE
     1     1    95    10    30    12     0    11     0.0   40.000  -90.000    500.0    939.5
     1     1    95    10    30    13     0     7     1.0   40.071  -90.069    559.0    932.4
     1     1    95    10    30    14     0     2     2.0   40.066  -90.165    592.6    928.3
     1     1    95    10    30    15     0     3     3.0   40.030  -90.255    612.2    928.2
     1     1    95    10    30    16     0     4     4.0   40.007  -90.313    634.1    926.1
     1     1    95    10    30    17     0     5     5.0   39.986  -90.365    661.1    922.8
     1     1    95    10    30    18     0     6     6.0   39.955  -90.438    696.9    918.4
     1     1    95    10    30    19     0     7     7.0   39.925  -90.527    737.2    913.1
     1     1    95    10    30    20     0     8     8.0   39.903  -90.635    776.3    908.6
     1     1    95    10    30    21     0     9     9.0   39.903  -90.775    816.6    903.7
     1     1    95    10    30    22     0    10    10.0   39.940  -90.960    859.8    898.2
     1     1    95    10    30    23     0    11    11.0   40.023  -91.173    909.8    892.3
     1     1    95    10    31     0     0    12    12.0   40.163  -91.392    973.5    884.0
