     1     1
    NGM     95    10     1     0    12
     1 FORWARD  OMEGA   
    95    10     9     0   40.000  -90.000   500.0
     1 PRESSURE
     1     1    95    10     9     0     0    11     0.0   40.000  -90.000    500.0    935.2
     1     1    95    10     9     1     0     7     1.0   40.232  -90.031    513.1    933.3
     1     1    95    10     9     2     0     2     2.0   40.492  -90.134    548.8    927.8
     1     1    95    10     9     3     0     3     3.0   40.772  -90.232    600.7    920.8
     1     1    95    10     9     4     0     4     4.0   41.061  -90.252    653.4    914.0
     1     1    95    10     9     5     0     5     5.0   41.353  -90.212    692.7    907.0
     1     1    95    10     9     6     0     6     6.0   41.644  -90.141    708.1    903.8
     1     1    95    10     9     7     0     7     7.0   41.944  -90.062    716.1    903.3
     1     1    95    10     9     8     0     8     8.0   42.261  -89.985    731.6    900.5
     1     1    95    10     9     9     0     9     9.0   42.572  -89.886    751.4    897.1
     1     1    95    10     9    10     0    10    10.0   42.861  -89.746    772.0    894.8
     1     1    95    10     9    11     0    11    11.0   43.121  -89.598    792.1    891.9
     1     1    95    10     9    12     0    12    12.0   43.353  -89.460    809.8    889.6
