     1     1
    NGM     95    10     1     0    12
     1 FORWARD  OMEGA   
    95    10     5     0   40.000  -90.000   500.0
     1 PRESSURE
     1     1    95    10     5     0     0    11     0.0   40.000  -90.000    500.0    927.2
     1     1    95    10     5     1     0     7     1.0   40.032  -90.403    515.1    924.8
     1     1    95    10     5     2     0     2     2.0   40.107  -90.863    534.0    921.0
     1     1    95    10     5     3     0     3     3.0   40.238  -91.381    555.8    917.8
     1     1    95    10     5     4     0     4     4.0   40.426  -91.959    583.1    913.8
     1     1    95    10     5     5     0     5     5.0   40.659  -92.563    615.7    907.2
     1     1    95    10     5     6     0     6     6.0   40.944  -93.164    648.2    900.3
     1     1    95    10     5     7     0     7     7.0   41.287  -93.758    686.0    892.5
     1     1    95    10     5     8     0     8     8.0   41.657  -94.332    728.5    883.8
     1     1    95    10     5     9     0     9     9.0   42.030  -94.897    776.1    876.2
     1     1    95    10     5    10     0    10    10.0   42.408  -95.480    832.1    867.2
     1     1    95    10     5    11     0    11    11.0   42.770  -96.094    891.9    858.6
     1     1    95    10     5    12     0    12    12.0   43.099  -96.751    946.7    849.0
