     1     1
    NGM     95    10     1     0    12
     1 FORWARD  OMEGA   
    95    10    29    12   40.000  -90.000   500.0
     1 PRESSURE
     1     1    95    10    29    12     0    11     0.0   40.000  -90.000    500.0    937.6
     1     1    95    10    29    13     0     7     1.0   39.941  -89.642    520.7    935.5
     1     1    95    10    29    14     0     2     2.0   39.849  -89.294    525.8    935.5
     1     1    95    10    29    15     0     3     3.0   39.756  -88.963    517.9    937.6
     1     1    95    10    29    16     0     4     4.0   39.682  -88.649    502.5    940.4
     1     1    95    10    29    17     0     5     5.0   39.619  -88.345    489.8    942.4
     1     1    95    10    29    18     0     6     6.0   39.558  -88.043    485.1    941.8
     1     1    95    10    29    19     0     7     7.0   39.500  -87.741    483.3    941.7
     1     1    95    10    29    20     0     8     8.0   39.443  -87.432    481.2    942.0
     1     1    95    10    29    21     0     9     9.0   39.384  -87.125    476.7    941.9
     1     1    95    10    29    22     0    10    10.0   39.318  -86.824    466.9    942.7
     1     1    95    10    29    23     0    11    11.0   39.253  -86.522    459.3    943.8
     1     1    95    10    30     0     0    12    12.0   39.198  -86.208    455.4    943.5
