     1     1
    NGM     95    10     1     0    12
     1 FORWARD  OMEGA   
    95    10    30     0   40.000  -90.000   500.0
     1 PRESSURE
     1     1    95    10    30     0     0    11     0.0   40.000  -90.000    500.0    938.5
     1     1    95    10    30     1     0     7     1.0   40.072  -89.915    534.2    935.4
     1     1    95    10    30     2     0     2     2.0   40.131  -89.855    573.8    931.1
     1     1    95    10    30     3     0     3     3.0   40.193  -89.801    612.7    926.3
     1     1    95    10    30     4     0     4     4.0   40.264  -89.729    643.6    922.5
     1     1    95    10    30     5     0     5     5.0   40.334  -89.653    679.0    920.1
     1     1    95    10    30     6     0     6     6.0   40.399  -89.577    735.3    914.3
     1     1    95    10    30     7     0     7     7.0   40.462  -89.497    800.8    905.2
     1     1    95    10    30     8     0     8     8.0   40.520  -89.416    860.0    898.5
     1     1    95    10    30     9     0     9     9.0   40.581  -89.345    922.6    893.1
     1     1    95    10    30    10     0    10    10.0   40.650  -89.287   1001.1    884.2
     1     1    95    10    30    11     0    11    11.0   40.731  -89.219   1082.8    873.5
     1     1    95    10    30    12     0    12    12.0   40.825  -89.134   1152.4    865.8
