     1     1
    NGM     95    10     1     0    12
     1 FORWARD  OMEGA   
    95    10    25     0   40.000  -90.000   500.0
     1 PRESSURE
     1     1    95    10    25     0     0    11     0.0   40.000  -90.000    500.0    937.1
     1     1    95    10    25     1     0     7     1.0   39.858  -89.601    499.6    938.1
     1     1    95    10    25     2     0     2     2.0   39.711  -89.283    494.3    939.9
     1     1    95    10    25     3     0     3     3.0   39.574  -89.025    479.3    941.3
     1     1    95    10    25     4     0     4     4.0   39.450  -88.816    454.1    944.2
     1     1    95    10    25     5     0     5     5.0   39.347  -88.628    431.4    949.3
     1     1    95    10    25     6     0     6     6.0   39.282  -88.431    421.6    950.8
     1     1    95    10    25     7     0     7     7.0   39.207  -88.220    418.7    950.5
     1     1    95    10    25     8     0     8     8.0   39.072  -87.991    421.0    950.7
     1     1    95    10    25     9     0     9     9.0   38.925  -87.773    425.2    949.6
     1     1    95    10    25    10     0    10    10.0   38.810  -87.586    420.8    950.2
     1     1    95    10    25    11     0    11    11.0   38.719  -87.426    411.8    951.9
     1     1    95    10    25    12     0    12    12.0   38.647  -87.292    401.6    952.8
