     1     1
    NGM     95    10     1     0    12
     1 FORWARD  OMEGA   
    95    10    13    12   40.000  -90.000   500.0
     1 PRESSURE
     1     1    95    10    13    12     0    11     0.0   40.000  -90.000    500.0    930.6
     1     1    95    10    13    13     0     7     1.0   40.332  -89.634    527.0    926.7
     1     1    95    10    13    14     0     2     2.0   40.658  -89.190    533.9    925.9
     1     1    95    10    13    15     0     3     3.0   40.979  -88.744    524.5    925.7
     1     1    95    10    13    16     0     4     4.0   41.298  -88.383    503.6    927.0
     1     1    95    10    13    17     0     5     5.0   41.628  -88.078    486.3    929.2
     1     1    95    10    13    18     0     6     6.0   41.978  -87.797    483.2    928.7
     1     1    95    10    13    19     0     7     7.0   42.353  -87.519    492.0    927.5
     1     1    95    10    13    20     0     8     8.0   42.762  -87.227    512.0    925.3
     1     1    95    10    13    21     0     9     9.0   43.208  -86.908    547.0    920.6
     1     1    95    10    13    22     0    10    10.0   43.686  -86.553    589.3    914.4
     1     1    95    10    13    23     0    11    11.0   44.165  -86.148    635.2    909.6
     1     1    95    10    14     0     0    12    12.0   44.629  -85.681    684.9    903.0
