     1     1
    NGM     95    10     1     0    12
     1 FORWARD  OMEGA   
    95    10    18    12   40.000  -90.000   500.0
     1 PRESSURE
     1     1    95    10    18    12     0    11     0.0   40.000  -90.000    500.0    935.9
     1     1    95    10    18    13     0     7     1.0   39.931  -89.790    527.2    932.8
     1     1    95    10    18    14     0     2     2.0   39.888  -89.519    543.3    930.8
     1     1    95    10    18    15     0     3     3.0   39.875  -89.225    554.4    931.4
     1     1    95    10    18    16     0     4     4.0   39.893  -88.950    565.6    931.0
     1     1    95    10    18    17     0     5     5.0   39.946  -88.708    582.9    928.8
     1     1    95    10    18    18     0     6     6.0   40.047  -88.520    608.3    925.3
     1     1    95    10    18    19     0     7     7.0   40.174  -88.347    641.4    921.7
     1     1    95    10    18    20     0     8     8.0   40.307  -88.137    683.9    917.0
     1     1    95    10    18    21     0     9     9.0   40.453  -87.913    733.0    910.0
     1     1    95    10    18    22     0    10    10.0   40.613  -87.713    779.7    904.0
     1     1    95    10    18    23     0    11    11.0   40.777  -87.535    816.8    899.5
     1     1    95    10    19     0     0    12    12.0   40.935  -87.363    837.5    896.9
