     1     1
    NGM     95    10     1     0    12
     1 FORWARD  OMEGA   
    95    10    21    12   40.000  -90.000   500.0
     1 PRESSURE
     1     1    95    10    21    12     0    11     0.0   40.000  -90.000    500.0    926.2
     1     1    95    10    21    13     0     7     1.0   39.820  -89.708    502.4    925.7
     1     1    95    10    21    14     0     2     2.0   39.709  -89.416    498.3    926.2
     1     1    95    10    21    15     0     3     3.0   39.655  -89.122    495.3    928.0
     1     1    95    10    21    16     0     4     4.0   39.649  -88.825    496.6    927.9
     1     1    95    10    21    17     0     5     5.0   39.688  -88.516    504.0    927.1
     1     1    95    10    21    18     0     6     6.0   39.775  -88.185    521.4    924.2
     1     1    95    10    21    19     0     7     7.0   39.878  -87.830    544.0    919.6
     1     1    95    10    21    20     0     8     8.0   39.966  -87.452    561.1    916.2
     1     1    95    10    21    21     0     9     9.0   40.048  -87.071    574.1    913.5
     1     1    95    10    21    22     0    10    10.0   40.128  -86.706    591.5    910.5
     1     1    95    10    21    23     0    11    11.0   40.224  -86.331    612.0    907.9
     1     1    95    10    22     0     0    12    12.0   40.351  -85.920    631.6    905.7
