     1     1
    NGM     95    10     1     0    12
     1 FORWARD  OMEGA   
    95    10    15    12   40.000  -90.000   500.0
     1 PRESSURE
     1     1    95    10    15    12     0    11     0.0   40.000  -90.000    500.0    931.7
     1     1    95    10    15    13     0     7     1.0   39.784  -89.596    496.9    932.6
     1     1    95    10    15    14     0     2     2.0   39.596  -89.237    490.5    933.6
     1     1    95    10    15    15     0     3     3.0   39.441  -88.914    480.4    935.9
     1     1    95    10    15    16     0     4     4.0   39.316  -88.612    469.1    938.2
     1     1    95    10    15    17     0     5     5.0   39.218  -88.311    461.9    940.0
     1     1    95    10    15    18     0     6     6.0   39.149  -87.998    464.2    939.5
     1     1    95    10    15    19     0     7     7.0   39.098  -87.670    470.7    937.3
     1     1    95    10    15    20     0     8     8.0   39.048  -87.322    473.1    936.2
     1     1    95    10    15    21     0     9     9.0   39.000  -86.952    473.0    936.0
     1     1    95    10    15    22     0    10    10.0   38.953  -86.561    475.1    935.0
     1     1    95    10    15    23     0    11    11.0   38.890  -86.140    482.1    933.1
     1     1    95    10    16     0     0    12    12.0   38.799  -85.685    494.8    930.5
