     1     1
    NGM     95    10     1     0    12
     1 FORWARD  OMEGA   
    95    10    26     0   40.000  -90.000   500.0
     1 PRESSURE
     1     1    95    10    26     0     0    11     0.0   40.000  -90.000    500.0    931.8
     1     1    95    10    26     1     0     7     1.0   40.328  -89.709    535.0    926.9
     1     1    95    10    26     2     0     2     2.0   40.662  -89.352    556.2    923.5
     1     1    95    10    26     3     0     3     3.0   40.976  -88.924    575.3    922.0
     1     1    95    10    26     4     0     4     4.0   41.240  -88.415    602.5    918.8
     1     1    95    10    26     5     0     5     5.0   41.453  -87.846    629.1    915.3
     1     1    95    10    26     6     0     6     6.0   41.609  -87.254    649.6    912.4
     1     1    95    10    26     7     0     7     7.0   41.722  -86.674    669.0    908.9
     1     1    95    10    26     8     0     8     8.0   41.810  -86.126    689.9    905.2
     1     1    95    10    26     9     0     9     9.0   41.888  -85.608    713.7    901.5
     1     1    95    10    26    10     0    10    10.0   41.973  -85.129    736.5    898.5
     1     1    95    10    26    11     0    11    11.0   42.069  -84.682    757.2    895.9
     1     1    95    10    26    12     0    12    12.0   42.176  -84.256    777.5    893.6
