     1     1
    NGM     95    10     1     0    12
     1 FORWARD  OMEGA   
    95    10    31    12   40.000  -90.000   500.0
     1 PRESSURE
     1     1    95    10    31    12     0    11     0.0   40.000  -90.000    500.0    936.8
     1     1    95    10    31    13     0     7     1.0   40.109  -90.022    543.8    931.3
     1     1    95    10    31    14     0     2     2.0   40.190  -90.031    570.8    928.1
     1     1    95    10    31    15     0     3     3.0   40.263  -90.033    590.5    926.8
     1     1    95    10    31    16     0     4     4.0   40.347  -90.033    611.7    924.2
     1     1    95    10    31    17     0     5     5.0   40.436  -90.036    643.4    921.3
     1     1    95    10    31    18     0     6     6.0   40.529  -90.032    696.4    914.6
     1     1    95    10    31    19     0     7     7.0   40.634  -90.020    759.7    905.5
     1     1    95    10    31    20     0     8     8.0   40.752  -90.018    818.8    898.2
     1     1    95    10    31    21     0     9     9.0   40.891  -90.020    873.9    891.9
     1     1    95    10    31    22     0    10    10.0   41.056  -90.021    925.4    885.9
