     1     1
    NGM     95    10     1     0    12
     1 FORWARD  OMEGA   
    95    10    13     0   40.000  -90.000   500.0
     1 PRESSURE
     1     1    95    10    13     0     0    11     0.0   40.000  -90.000    500.0    935.7
     1     1    95    10    13     1     0     7     1.0   40.365  -89.843    499.3    933.4
     1     1    95    10    13     2     0     2     2.0   40.750  -89.673    491.4    932.2
     1     1    95    10    13     3     0     3     3.0   41.171  -89.493    487.0    931.8
     1     1    95    10    13     4     0     4     4.0   41.631  -89.290    492.1    929.6
     1     1    95    10    13     5     0     5     5.0   42.108  -89.012    496.9    926.5
     1     1    95    10    13     6     0     6     6.0   42.590  -88.628    493.0    926.5
     1     1    95    10    13     7     0     7     7.0   43.052  -88.164    489.3    927.0
     1     1    95    10    13     8     0     8     8.0   43.465  -87.643    491.1    926.8
     1     1    95    10    13     9     0     9     9.0   43.857  -87.094    493.6    926.4
     1     1    95    10    13    10     0    10    10.0   44.258  -86.545    496.1    925.9
     1     1    95    10    13    11     0    11    11.0   44.656  -85.982    503.3    925.2
     1     1    95    10    13    12     0    12    12.0   45.038  -85.402    522.3    922.8
