     1     1
    NGM     95    10     1     0    12
     1 FORWARD  OMEGA   
    95    10     2     0   40.000  -90.000   500.0
     1 PRESSURE
     1     1    95    10     2     0     0    11     0.0   40.000  -90.000    500.0    932.2
     1     1    95    10     2     1     0     7     1.0   39.974  -89.588    492.3    933.1
     1     1    95    10     2     2     0     2     2.0   39.970  -89.169    475.6    935.7
     1     1    95    10     2     3     0     3     3.0   39.955  -88.743    455.4    939.1
     1     1    95    10     2     4     0     4     4.0   39.896  -88.315    441.2    941.8
     1     1    95    10     2     5     0     5     5.0   39.797  -87.910    428.4    941.8
     1     1    95    10     2     6     0     6     6.0   39.664  -87.550    410.7    943.7
     1     1    95    10     2     7     0     7     7.0   39.518  -87.243    391.0    946.7
     1     1    95    10     2     8     0     8     8.0   39.378  -86.996    368.5    949.3
     1     1    95    10     2     9     0     9     9.0   39.240  -86.812    344.5    952.2
     1     1    95    10     2    10     0    10    10.0   39.101  -86.686    321.9    954.7
     1     1    95    10     2    11     0    11    11.0   38.967  -86.606    304.9    957.2
     1     1    95    10     2    12     0    12    12.0   38.843  -86.554    296.6    958.7
