     1     1
    NGM     95    10     1     0    12
     1 FORWARD  OMEGA   
    95    10    11    12   40.000  -90.000   500.0
     1 PRESSURE
     1     1    95    10    11    12     0    11     0.0   40.000  -90.000    500.0    941.6
     1     1    95    10    11    13     0     7     1.0   40.137  -89.785    492.2    941.4
     1     1    95    10    11    14     0     2     2.0   40.263  -89.570    469.7    944.0
     1     1    95    10    11    15     0     3     3.0   40.398  -89.370    442.7    947.1
     1     1    95    10    11    16     0     4     4.0   40.561  -89.188    422.2    948.2
     1     1    95    10    11    17     0     5     5.0   40.735  -89.012    406.7    949.6
     1     1    95    10    11    18     0     6     6.0   40.898  -88.837    392.8    951.4
     1     1    95    10    11    19     0     7     7.0   41.072  -88.654    380.4    952.3
     1     1    95    10    11    20     0     8     8.0   41.285  -88.455    370.3    952.2
     1     1    95    10    11    21     0     9     9.0   41.539  -88.203    360.4    952.4
     1     1    95    10    11    22     0    10    10.0   41.831  -87.855    349.9    953.3
     1     1    95    10    11    23     0    11    11.0   42.127  -87.412    341.2    954.6
     1     1    95    10    12     0     0    12    12.0   42.389  -86.885    336.1    954.8
