     1     1
    NGM     95    10     1     0    12
     1 FORWARD  OMEGA   
    95    10    17    12   40.000  -90.000   500.0
     1 PRESSURE
     1     1    95    10    17    12     0    11     0.0   40.000  -90.000    500.0    934.7
     1     1    95    10    17    13     0     7     1.0   40.634  -89.755    550.4    928.3
     1     1    95    10    17    14     0     2     2.0   41.223  -89.366    590.7    922.4
     1     1    95    10    17    15     0     3     3.0   41.795  -88.902    610.8    916.9
     1     1    95    10    17    16     0     4     4.0   42.387  -88.427    623.9    914.5
     1     1    95    10    17    17     0     5     5.0   43.008  -87.931    657.1    910.6
     1     1    95    10    17    18     0     6     6.0   43.664  -87.393    719.7    902.2
     1     1    95    10    17    19     0     7     7.0   44.343  -86.748    803.3    891.9
     1     1    95    10    17    20     0     8     8.0   45.039  -85.946    911.0    881.9
     1     1    95    10    17    21     0     9     9.0   45.706  -85.063   1057.8    865.1
     1     1    95    10    17    22     0    10    10.0   46.322  -84.133   1222.9    841.6
     1     1    95    10    17    23     0    11    11.0   46.931  -83.124   1348.8    819.7
     1     1    95    10    18     0     0    12    12.0   47.550  -82.023   1434.8    812.5
