     1     1
    NGM     95    10     1     0    12
     1 FORWARD  OMEGA   
    95    10     8     0   40.000  -90.000   500.0
     1 PRESSURE
     1     1    95    10     8     0     0    11     0.0   40.000  -90.000    500.0    934.6
     1     1    95    10     8     1     0     7     1.0   39.926  -89.766    499.1    934.2
     1     1    95    10     8     2     0     2     2.0   39.842  -89.552    483.9    936.5
     1     1    95    10     8     3     0     3     3.0   39.767  -89.350    464.5    940.4
     1     1    95    10     8     4     0     4     4.0   39.717  -89.153    448.5    942.5
     1     1    95    10     8     5     0     5     5.0   39.668  -88.967    434.7    945.0
     1     1    95    10     8     6     0     6     6.0   39.599  -88.797    423.4    947.1
     1     1    95    10     8     7     0     7     7.0   39.527  -88.640    413.1    948.9
     1     1    95    10     8     8     0     8     8.0   39.468  -88.496    402.6    950.9
     1     1    95    10     8     9     0     9     9.0   39.425  -88.368    392.1    952.7
     1     1    95    10     8    10     0    10    10.0   39.399  -88.258    380.9    954.4
     1     1    95    10     8    11     0    11    11.0   39.383  -88.153    368.8    955.7
     1     1    95    10     8    12     0    12    12.0   39.369  -88.039    355.7    957.2
