     1     1
    NGM     95    10     1     0    12
     1 FORWARD  OMEGA   
    95    10    12    12   40.000  -90.000   500.0
     1 PRESSURE
     1     1    95    10    12    12     0    11     0.0   40.000  -90.000    500.0    938.8
     1     1    95    10    12    13     0     7     1.0   40.283  -89.724    529.1    934.3
     1     1    95    10    12    14     0     2     2.0   40.542  -89.411    534.8    933.5
     1     1    95    10    12    15     0     3     3.0   40.786  -89.108    530.5    933.2
     1     1    95    10    12    16     0     4     4.0   41.029  -88.861    523.8    932.5
     1     1    95    10    12    17     0     5     5.0   41.269  -88.640    513.3    933.6
     1     1    95    10    12    18     0     6     6.0   41.505  -88.414    497.9    935.2
     1     1    95    10    12    19     0     7     7.0   41.755  -88.188    476.3    936.9
     1     1    95    10    12    20     0     8     8.0   42.040  -87.964    449.7    939.6
     1     1    95    10    12    21     0     9     9.0   42.367  -87.726    428.6    941.6
     1     1    95    10    12    22     0    10    10.0   42.749  -87.450    420.6    941.2
     1     1    95    10    12    23     0    11    11.0   43.164  -87.112    422.8    939.8
     1     1    95    10    13     0     0    12    12.0   43.584  -86.696    422.7    939.1
