     1     1
    NGM     95    10     1     0    12
     1 FORWARD  OMEGA   
    95    10    27     0   40.000  -90.000   500.0
     1 PRESSURE
     1     1    95    10    27     0     0    11     0.0   40.000  -90.000    500.0    917.2
     1     1    95    10    27     1     0     7     1.0   40.397  -89.988    539.9    911.9
     1     1    95    10    27     2     0     2     2.0   40.788  -90.000    576.2    906.2
     1     1    95    10    27     3     0     3     3.0   41.184  -90.021    621.3    900.7
     1     1    95    10    27     4     0     4     4.0   41.586  -90.020    677.8    891.2
     1     1    95    10    27     5     0     5     5.0   41.954  -90.012    733.5    882.2
     1     1    95    10    27     6     0     6     6.0   42.267  -90.039    780.1    874.7
     1     1    95    10    27     7     0     7     7.0   42.534  -90.095    829.8    868.8
     1     1    95    10    27     8     0     8     8.0   42.764  -90.160    894.7    859.8
     1     1    95    10    27     9     0     9     9.0   42.963  -90.207    961.1    850.3
     1     1    95    10    27    10     0    10    10.0   43.137  -90.223   1028.5    842.3
     1     1    95    10    27    11     0    11    11.0   43.279  -90.234   1108.6    833.1
     1     1    95    10    27    12     0    12    12.0   43.384  -90.245   1206.1    822.3
