     1     1
    NGM     95    10     1     0    12
     1 FORWARD  OMEGA   
    95    10     4    12   40.000  -90.000   500.0
     1 PRESSURE
     1     1    95    10     4    12     0    11     0.0   40.000  -90.000    500.0    929.5
     1     1    95    10     4    13     0     7     1.0   39.923  -90.003    509.3    927.5
     1     1    95    10     4    14     0     2     2.0   39.840  -90.117    501.3    928.0
     1     1    95    10     4    15     0     3     3.0   39.761  -90.297    488.7    931.4
     1     1    95    10     4    16     0     4     4.0   39.694  -90.486    483.0    932.4
     1     1    95    10     4    17     0     5     5.0   39.663  -90.687    482.1    932.2
     1     1    95    10     4    18     0     6     6.0   39.690  -90.902    485.4    931.3
     1     1    95    10     4    19     0     7     7.0   39.767  -91.145    494.6    928.8
     1     1    95    10     4    20     0     8     8.0   39.882  -91.425    509.2    925.3
     1     1    95    10     4    21     0     9     9.0   40.010  -91.725    524.2    922.0
     1     1    95    10     4    22     0    10    10.0   40.124  -92.030    529.8    920.4
     1     1    95    10     4    23     0    11    11.0   40.255  -92.377    536.2    918.2
     1     1    95    10     5     0     0    12    12.0   40.450  -92.811    554.1    912.7
