     1     1
    NGM     95    10     1     0    12
     1 FORWARD  OMEGA   
    95    10    15     0   40.000  -90.000   500.0
     1 PRESSURE
     1     1    95    10    15     0     0    11     0.0   40.000  -90.000    500.0    930.6
     1     1    95    10    15     1     0     7     1.0   39.777  -89.393    491.2    932.4
     1     1    95    10    15     2     0     2     2.0   39.596  -88.769    480.1    933.9
     1     1    95    10    15     3     0     3     3.0   39.421  -88.133    467.5    935.5
     1     1    95    10    15     4     0     4     4.0   39.231  -87.512    458.7    936.1
     1     1    95    10    15     5     0     5     5.0   39.039  -86.917    456.9    935.9
     1     1    95    10    15     6     0     6     6.0   38.846  -86.355    464.1    934.1
     1     1    95    10    15     7     0     7     7.0   38.660  -85.831    474.4    930.6
     1     1    95    10    15     8     0     8     8.0   38.483  -85.348    484.3    927.9
     1     1    95    10    15     9     0     9     9.0   38.321  -84.893    491.9    925.6
     1     1    95    10    15    10     0    10    10.0   38.187  -84.443    494.6    923.2
     1     1    95    10    15    11     0    11    11.0   38.067  -83.963    496.4    921.4
     1     1    95    10    15    12     0    12    12.0   37.942  -83.417    514.4    917.7
