     1     1
    NGM     95    10     1     0    12
     1 FORWARD  OMEGA   
    95    10    10    12   40.000  -90.000   500.0
     1 PRESSURE
     1     1    95    10    10    12     0    11     0.0   40.000  -90.000    500.0    938.2
     1     1    95    10    10    13     0     7     1.0   39.948  -89.943    509.8    936.2
     1     1    95    10    10    14     0     2     2.0   39.892  -89.899    500.9    937.0
     1     1    95    10    10    15     0     3     3.0   39.850  -89.867    485.4    940.8
     1     1    95    10    10    16     0     4     4.0   39.836  -89.840    474.1    942.6
     1     1    95    10    10    17     0     5     5.0   39.838  -89.810    468.0    943.6
     1     1    95    10    10    18     0     6     6.0   39.843  -89.768    468.3    943.6
     1     1    95    10    10    19     0     7     7.0   39.855  -89.718    472.1    942.9
     1     1    95    10    10    20     0     8     8.0   39.877  -89.660    476.3    942.4
     1     1    95    10    10    21     0     9     9.0   39.923  -89.594    480.1    941.6
     1     1    95    10    10    22     0    10    10.0   40.007  -89.517    482.3    940.9
     1     1    95    10    10    23     0    11    11.0   40.109  -89.424    483.0    940.6
     1     1    95    10    11     0     0    12    12.0   40.207  -89.312    479.5    940.8
