     1     1
    NGM     95    10     1     0    12
     1 FORWARD  OMEGA   
    95    10     9    12   40.000  -90.000   500.0
     1 PRESSURE
     1     1    95    10     9    12     0    11     0.0   40.000  -90.000    500.0    933.2
     1     1    95    10     9    13     0     7     1.0   40.157  -89.709    526.9    929.2
     1     1    95    10     9    14     0     2     2.0   40.287  -89.448    538.3    927.6
     1     1    95    10     9    15     0     3     3.0   40.410  -89.237    544.4    928.0
     1     1    95    10     9    16     0     4     4.0   40.544  -89.092    552.7    926.8
     1     1    95    10     9    17     0     5     5.0   40.697  -88.977    566.5    925.2
     1     1    95    10     9    18     0     6     6.0   40.876  -88.853    590.6    922.2
     1     1    95    10     9    19     0     7     7.0   41.063  -88.707    618.9    919.0
     1     1    95    10     9    20     0     8     8.0   41.243  -88.530    644.3    916.4
     1     1    95    10     9    21     0     9     9.0   41.417  -88.324    664.0    913.5
     1     1    95    10     9    22     0    10    10.0   41.586  -88.093    675.1    912.1
     1     1    95    10     9    23     0    11    11.0   41.740  -87.818    678.8    911.9
     1     1    95    10    10     0     0    12    12.0   41.871  -87.477    682.4    912.4
