     1     1
    NGM     95    10     1     0    12
     1 FORWARD  OMEGA   
    95    10    16    12   40.000  -90.000   500.0
     1 PRESSURE
     1     1    95    10    16    12     0    11     0.0   40.000  -90.000    500.0    938.8
     1     1    95    10    16    13     0     7     1.0   39.765  -89.886    476.0    941.6
     1     1    95    10    16    14     0     2     2.0   39.573  -89.790    450.2    945.4
     1     1    95    10    16    15     0     3     3.0   39.423  -89.717    435.6    949.9
     1     1    95    10    16    16     0     4     4.0   39.308  -89.659    444.1    949.9
     1     1    95    10    16    17     0     5     5.0   39.229  -89.612    458.5    946.9
     1     1    95    10    16    18     0     6     6.0   39.190  -89.578    459.0    947.3
     1     1    95    10    16    19     0     7     7.0   39.173  -89.542    448.5    949.6
     1     1    95    10    16    20     0     8     8.0   39.159  -89.490    431.5    952.4
     1     1    95    10    16    21     0     9     9.0   39.162  -89.430    413.5    953.6
     1     1    95    10    16    22     0    10    10.0   39.197  -89.370    399.9    953.4
     1     1    95    10    16    23     0    11    11.0   39.259  -89.309    389.4    954.8
     1     1    95    10    17     0     0    12    12.0   39.340  -89.244    380.3    956.1
