     1     1
    NGM     95    10     1     0    12
     1 FORWARD  OMEGA   
    95    10     6    12   40.000  -90.000   500.0
     1 PRESSURE
     1     1    95    10     6    12     0    11     0.0   40.000  -90.000    500.0    922.2
     1     1    95    10     6    13     0     7     1.0   40.142  -89.832    543.2    917.2
     1     1    95    10     6    14     0     2     2.0   40.314  -89.702    592.3    911.3
     1     1    95    10     6    15     0     3     3.0   40.498  -89.590    644.0    904.2
     1     1    95    10     6    16     0     4     4.0   40.675  -89.458    683.0    898.1
     1     1    95    10     6    17     0     5     5.0   40.842  -89.314    713.7    896.1
     1     1    95    10     6    18     0     6     6.0   40.992  -89.158    744.1    892.7
     1     1    95    10     6    19     0     7     7.0   41.127  -88.981    775.7    889.6
     1     1    95    10     6    20     0     8     8.0   41.245  -88.776    810.9    885.7
     1     1    95    10     6    21     0     9     9.0   41.344  -88.550    852.4    881.7
     1     1    95    10     6    22     0    10    10.0   41.421  -88.313    903.6    876.4
     1     1    95    10     6    23     0    11    11.0   41.492  -88.060    953.9    870.8
     1     1    95    10     7     0     0    12    12.0   41.575  -87.787    992.5    867.1
