     1     1
    CDC1    14     1     1     0     0
     1 FORWARD  OMEGA   
    14     1    13    18   60.000 -175.000   500.0
     1 PRESSURE
     1     1    14     1    13    18     0     0     0.0   60.000 -175.000    500.0    933.8
     1     1    14     1    13    19     0     0     1.0   59.646 -175.411    503.0    933.4
     1     1    14     1    13    20     0     0     2.0   59.302 -175.801    507.8    932.7
     1     1    14     1    13    21     0     0     3.0   58.972 -176.185    514.6    932.0
     1     1    14     1    13    22     0     0     4.0   58.659 -176.575    523.3    931.1
     1     1    14     1    13    23     0     0     5.0   58.363 -176.981    534.1    930.0
     1     1    14     1    14     0     0     0     6.0   58.087 -177.412    546.9    928.7
     1     1    14     1    14     1     0     0     7.0   57.826 -177.860    561.2    926.9
     1     1    14     1    14     2     0     0     8.0   57.572 -178.316    577.1    925.1
     1     1    14     1    14     3     0     0     9.0   57.325 -178.777    595.0    923.0
     1     1    14     1    14     4     0     0    10.0   57.082 -179.239    614.9    920.8
     1     1    14     1    14     5     0     0    11.0   56.845 -179.700    637.5    918.2
     1     1    14     1    14     6     0     0    12.0   56.614  179.849    663.0    914.8
     1     1    14     1    14     7     0     0    13.0   56.392  179.410    685.8    910.8
     1     1    14     1    14     8     0     0    14.0   56.181  178.977    700.5    908.4
     1     1    14     1    14     9     0     0    15.0   55.977  178.550    706.8    907.0
     1     1    14     1    14    10     0     0    16.0   55.773  178.133    705.1    906.5
     1     1    14     1    14    11     0     0    17.0   55.568  177.729    695.3    906.9
     1     1    14     1    14    12     0     0    18.0   55.358  177.346    678.1    907.9
     1     1    14     1    14    13     0     0    19.0   55.148  177.003    661.5    909.8
     1     1    14     1    14    14     0     0    20.0   54.946  176.718    653.7    909.8
     1     1    14     1    14    15     0     0    21.0   54.752  176.485    652.8    909.9
     1     1    14     1    14    16     0     0    22.0   54.566  176.298    657.1    909.5
     1     1    14     1    14    17     0     0    23.0   54.387  176.154    665.1    908.8
     1     1    14     1    14    18     0     0    24.0   54.216  176.052    675.7    907.9
     1     1    14     1    14    19     0     0    25.0   54.046  175.974    686.4    907.2
     1     1    14     1    14    20     0     0    26.0   53.871  175.908    695.2    907.0
     1     1    14     1    14    21     0     0    27.0   53.690  175.858    702.6    907.0
     1     1    14     1    14    22     0     0    28.0   53.504  175.827    708.9    907.3
     1     1    14     1    14    23     0     0    29.0   53.313  175.818    714.5    907.6
     1     1    14     1    15     0     0     0    30.0   53.118  175.835    720.1    907.9
     1     1    14     1    15     1     0     0    31.0   52.918  175.880    723.3    908.2
     1     1    14     1    15     2     0     0    32.0   52.713  175.956    722.4    909.2
     1     1    14     1    15     3     0     0    33.0   52.505  176.065    717.4    910.7
     1     1    14     1    15     4     0     0    34.0   52.294  176.197    708.6    911.8
     1     1    14     1    15     5     0     0    35.0   52.080  176.342    696.6    913.1
     1     1    14     1    15     6     0     0    36.0   51.863  176.503    681.7    914.7
     1     1    14     1    15     7     0     0    37.0   51.645  176.675    666.2    916.5
     1     1    14     1    15     8     0     0    38.0   51.431  176.853    652.0    917.6
     1     1    14     1    15     9     0     0    39.0   51.223  177.045    638.7    918.7
     1     1    14     1    15    10     0     0    40.0   51.022  177.258    625.7    919.5
     1     1    14     1    15    11     0     0    41.0   50.833  177.498    612.9    920.0
     1     1    14     1    15    12     0     0    42.0   50.657  177.766    600.2    920.6
     1     1    14     1    15    13     0     0    43.0   50.500  178.060    587.7    921.1
     1     1    14     1    15    14     0     0    44.0   50.366  178.378    576.3    921.6
     1     1    14     1    15    15     0     0    45.0   50.252  178.718    566.4    922.0
     1     1    14     1    15    16     0     0    46.0   50.156  179.078    558.4    922.2
     1     1    14     1    15    17     0     0    47.0   50.077  179.456    552.7    922.1
     1     1    14     1    15    18     0     0    48.0   50.015  179.851    549.9    921.7
