     1     1
    CDC1    14     1     1     0     0
     1 FORWARD  OMEGA   
    14     1    12    18   60.000 -175.000   500.0
     1 PRESSURE
     1     1    14     1    12    18     0     0     0.0   60.000 -175.000    500.0    928.4
     1     1    14     1    12    19     0     0     1.0   59.440 -175.819    485.6    930.3
     1     1    14     1    12    20     0     0     2.0   58.891 -176.515    475.9    931.6
     1     1    14     1    12    21     0     0     3.0   58.344 -177.112    470.0    932.9
     1     1    14     1    12    22     0     0     4.0   57.795 -177.629    467.0    933.7
     1     1    14     1    12    23     0     0     5.0   57.254 -178.074    465.8    934.0
     1     1    14     1    13     0     0     0     6.0   56.736 -178.454    463.7    934.1
     1     1    14     1    13     1     0     0     7.0   56.250 -178.788    458.5    934.3
     1     1    14     1    13     2     0     0     8.0   55.796 -179.094    449.7    935.3
     1     1    14     1    13     3     0     0     9.0   55.367 -179.390    437.9    936.8
     1     1    14     1    13     4     0     0    10.0   54.959 -179.690    423.7    939.0
     1     1    14     1    13     5     0     0    11.0   54.581 -179.999    408.2    942.0
     1     1    14     1    13     6     0     0    12.0   54.238  179.683    392.9    944.4
     1     1    14     1    13     7     0     0    13.0   53.935  179.354    379.0    946.1
     1     1    14     1    13     8     0     0    14.0   53.669  179.012    366.7    947.8
     1     1    14     1    13     9     0     0    15.0   53.432  178.664    355.3    949.6
     1     1    14     1    13    10     0     0    16.0   53.218  178.312    344.3    951.6
     1     1    14     1    13    11     0     0    17.0   53.020  177.962    333.0    953.8
     1     1    14     1    13    12     0     0    18.0   52.835  177.618    321.0    956.3
     1     1    14     1    13    13     0     0    19.0   52.656  177.296    309.2    958.0
     1     1    14     1    13    14     0     0    20.0   52.478  177.015    299.3    959.0
     1     1    14     1    13    15     0     0    21.0   52.302  176.784    291.2    959.1
     1     1    14     1    13    16     0     0    22.0   52.128  176.606    284.6    959.2
     1     1    14     1    13    17     0     0    23.0   51.955  176.475    279.6    959.1
     1     1    14     1    13    18     0     0    24.0   51.785  176.384    276.0    959.0
     1     1    14     1    13    19     0     0    25.0   51.615  176.305    272.6    958.9
     1     1    14     1    13    20     0     0    26.0   51.441  176.212    268.4    959.0
     1     1    14     1    13    21     0     0    27.0   51.264  176.108    263.4    959.3
     1     1    14     1    13    22     0     0    28.0   51.083  175.992    257.6    959.7
     1     1    14     1    13    23     0     0    29.0   50.898  175.867    251.1    960.3
     1     1    14     1    14     0     0     0    30.0   50.708  175.734    244.1    961.0
     1     1    14     1    14     1     0     0    31.0   50.513  175.606    237.3    961.5
     1     1    14     1    14     2     0     0    32.0   50.316  175.487    231.6    961.7
     1     1    14     1    14     3     0     0    33.0   50.114  175.374    226.9    961.9
     1     1    14     1    14     4     0     0    34.0   49.907  175.259    223.3    962.0
     1     1    14     1    14     5     0     0    35.0   49.696  175.133    221.0    961.9
     1     1    14     1    14     6     0     0    36.0   49.483  174.992    220.2    961.5
     1     1    14     1    14     7     0     0    37.0   49.273  174.854    220.3    961.6
     1     1    14     1    14     8     0     0    38.0   49.072  174.740    220.6    961.7
     1     1    14     1    14     9     0     0    39.0   48.881  174.649    221.2    961.7
     1     1    14     1    14    10     0     0    40.0   48.698  174.582    222.0    961.7
     1     1    14     1    14    11     0     0    41.0   48.524  174.538    223.2    961.7
     1     1    14     1    14    12     0     0    42.0   48.357  174.517    224.6    961.5
     1     1    14     1    14    13     0     0    43.0   48.189  174.503    225.5    961.3
     1     1    14     1    14    14     0     0    44.0   48.007  174.479    224.8    961.5
     1     1    14     1    14    15     0     0    45.0   47.812  174.443    222.7    961.8
     1     1    14     1    14    16     0     0    46.0   47.602  174.390    219.2    962.4
     1     1    14     1    14    17     0     0    47.0   47.375  174.321    214.6    963.3
     1     1    14     1    14    18     0     0    48.0   47.129  174.238    209.3    964.5
