     1     1
    CDC1    14     1     1     0     0
     1 FORWARD  OMEGA   
    14     1    10     6   60.000 -175.000   500.0
     1 PRESSURE
     1     1    14     1    10     6     0     0     0.0   60.000 -175.000    500.0    928.0
     1     1    14     1    10     7     0     0     1.0   59.859 -175.601    517.7    926.7
     1     1    14     1    10     8     0     0     2.0   59.697 -176.181    532.9    925.8
     1     1    14     1    10     9     0     0     3.0   59.520 -176.745    545.8    925.1
     1     1    14     1    10    10     0     0     4.0   59.330 -177.303    556.6    924.6
     1     1    14     1    10    11     0     0     5.0   59.134 -177.861    565.7    923.8
     1     1    14     1    10    12     0     0     6.0   58.937 -178.428    574.2    922.7
     1     1    14     1    10    13     0     0     7.0   58.740 -179.018    582.8    921.2
     1     1    14     1    10    14     0     0     8.0   58.543 -179.644    592.2    919.8
     1     1    14     1    10    15     0     0     9.0   58.346  179.688    603.0    918.3
     1     1    14     1    10    16     0     0    10.0   58.150  178.978    615.6    916.5
     1     1    14     1    10    17     0     0    11.0   57.949  178.224    630.3    914.7
     1     1    14     1    10    18     0     0    12.0   57.741  177.427    647.1    912.6
     1     1    14     1    10    19     0     0    13.0   57.505  176.604    665.8    910.4
     1     1    14     1    10    20     0     0    14.0   57.227  175.784    686.6    906.1
     1     1    14     1    10    21     0     0    15.0   56.905  174.982    709.8    900.9
     1     1    14     1    10    22     0     0    16.0   56.541  174.212    734.2    896.5
     1     1    14     1    10    23     0     0    17.0   56.137  173.483    757.9    891.8
     1     1    14     1    11     0     0     0    18.0   55.689  172.800    780.3    886.7
     1     1    14     1    11     1     0     0    19.0   55.216  172.169    801.2    882.6
     1     1    14     1    11     2     0     0    20.0   54.752  171.615    823.0    881.1
     1     1    14     1    11     3     0     0    21.0   54.312  171.162    845.3    880.1
     1     1    14     1    11     4     0     0    22.0   53.899  170.809    868.1    878.3
     1     1    14     1    11     5     0     0    23.0   53.512  170.544    892.2    875.8
     1     1    14     1    11     6     0     0    24.0   53.151  170.355    918.0    872.9
     1     1    14     1    11     7     0     0    25.0   52.812  170.223    946.0    869.5
     1     1    14     1    11     8     0     0    26.0   52.494  170.128    977.8    865.3
     1     1    14     1    11     9     0     0    27.0   52.203  170.069   1013.0    861.6
     1     1    14     1    11    10     0     0    28.0   51.944  170.043   1051.1    857.6
     1     1    14     1    11    11     0     0    29.0   51.716  170.044   1093.1    853.3
     1     1    14     1    11    12     0     0    30.0   51.517  170.066   1139.7    848.6
     1     1    14     1    11    13     0     0    31.0   51.347  170.116   1186.4    843.3
     1     1    14     1    11    14     0     0    32.0   51.204  170.202   1228.8    838.9
     1     1    14     1    11    15     0     0    33.0   51.083  170.320   1265.9    835.2
     1     1    14     1    11    16     0     0    34.0   50.982  170.470   1297.4    832.2
     1     1    14     1    11    17     0     0    35.0   50.899  170.648   1323.3    829.5
     1     1    14     1    11    18     0     0    36.0   50.833  170.853   1344.1    827.5
     1     1    14     1    11    19     0     0    37.0   50.776  171.069   1364.3    826.3
     1     1    14     1    11    20     0     0    38.0   50.720  171.281   1387.5    824.3
     1     1    14     1    11    21     0     0    39.0   50.664  171.487   1413.4    822.1
     1     1    14     1    11    22     0     0    40.0   50.607  171.685   1442.1    819.6
     1     1    14     1    11    23     0     0    41.0   50.548  171.874   1473.2    816.8
     1     1    14     1    12     0     0     0    42.0   50.488  172.054   1506.8    813.8
     1     1    14     1    12     1     0     0    43.0   50.431  172.234   1540.2    810.8
     1     1    14     1    12     2     0     0    44.0   50.379  172.427   1570.9    808.4
     1     1    14     1    12     3     0     0    45.0   50.332  172.631   1598.8    806.0
     1     1    14     1    12     4     0     0    46.0   50.290  172.849   1624.1    803.7
     1     1    14     1    12     5     0     0    47.0   50.251  173.081   1647.4    801.6
     1     1    14     1    12     6     0     0    48.0   50.213  173.326   1668.8    799.7
