     1     1
    CDC1    14     1     1     0     0
     1 FORWARD  OMEGA   
    14     1    25    12   60.000 -175.000   500.0
     1 PRESSURE
     1     1    14     1    25    12     0     0     0.0   60.000 -175.000    500.0    937.0
     1     1    14     1    25    13     0     0     1.0   59.981 -174.604    485.5    938.4
     1     1    14     1    25    14     0     0     2.0   59.965 -174.259    469.2    940.5
     1     1    14     1    25    15     0     0     3.0   59.942 -173.963    451.6    943.0
     1     1    14     1    25    16     0     0     4.0   59.906 -173.716    433.2    945.7
     1     1    14     1    25    17     0     0     5.0   59.852 -173.514    414.6    948.8
     1     1    14     1    25    18     0     0     6.0   59.774 -173.352    396.2    951.9
     1     1    14     1    25    19     0     0     7.0   59.670 -173.225    379.7    954.0
     1     1    14     1    25    20     0     0     8.0   59.537 -173.126    366.1    955.2
     1     1    14     1    25    21     0     0     9.0   59.371 -173.052    355.1    956.2
     1     1    14     1    25    22     0     0    10.0   59.171 -172.998    346.6    956.9
     1     1    14     1    25    23     0     0    11.0   58.934 -172.963    340.3    957.2
     1     1    14     1    26     0     0     0    12.0   58.659 -172.944    336.0    957.2
     1     1    14     1    26     1     0     0    13.0   58.356 -172.920    333.5    956.9
     1     1    14     1    26     2     0     0    14.0   58.035 -172.868    333.0    956.3
     1     1    14     1    26     3     0     0    15.0   57.697 -172.783    334.4    955.4
     1     1    14     1    26     4     0     0    16.0   57.345 -172.661    337.8    954.3
     1     1    14     1    26     5     0     0    17.0   56.981 -172.499    343.3    952.9
     1     1    14     1    26     6     0     0    18.0   56.610 -172.299    351.7    951.4
     1     1    14     1    26     7     0     0    19.0   56.228 -172.080    361.8    949.4
     1     1    14     1    26     8     0     0    20.0   55.822 -171.851    372.6    947.4
     1     1    14     1    26     9     0     0    21.0   55.385 -171.606    384.0    945.1
     1     1    14     1    26    10     0     0    22.0   54.909 -171.337    396.2    942.4
     1     1    14     1    26    11     0     0    23.0   54.393 -171.028    409.1    939.9
     1     1    14     1    26    12     0     0    24.0   53.838 -170.657    422.8    937.0
     1     1    14     1    26    13     0     0    25.0   53.251 -170.209    439.9    933.3
     1     1    14     1    26    14     0     0    26.0   52.649 -169.682    463.5    927.8
     1     1    14     1    26    15     0     0    27.0   52.059 -169.099    493.4    922.5
     1     1    14     1    26    16     0     0    28.0   51.504 -168.469    527.3    917.5
     1     1    14     1    26    17     0     0    29.0   50.984 -167.774    563.5    912.5
     1     1    14     1    26    18     0     0    30.0   50.508 -167.005    600.0    908.6
     1     1    14     1    26    19     0     0    31.0   50.100 -166.175    635.2    905.8
     1     1    14     1    26    20     0     0    32.0   49.764 -165.323    668.3    902.3
     1     1    14     1    26    21     0     0    33.0   49.495 -164.479    697.6    899.2
     1     1    14     1    26    22     0     0    34.0   49.282 -163.646    721.6    896.9
     1     1    14     1    26    23     0     0    35.0   49.109 -162.818    740.6    894.8
     1     1    14     1    27     0     0     0    36.0   48.951 -161.984    755.4    893.0
     1     1    14     1    27     1     0     0    37.0   48.791 -161.153    769.5    891.2
     1     1    14     1    27     2     0     0    38.0   48.629 -160.335    784.1    889.3
     1     1    14     1    27     3     0     0    39.0   48.468 -159.520    798.9    887.4
     1     1    14     1    27     4     0     0    40.0   48.313 -158.704    813.6    885.5
     1     1    14     1    27     5     0     0    41.0   48.175 -157.880    826.9    883.7
     1     1    14     1    27     6     0     0    42.0   48.067 -157.044    837.5    882.4
     1     1    14     1    27     7     0     0    43.0   48.015 -156.198    845.8    882.0
     1     1    14     1    27     8     0     0    44.0   48.042 -155.357    851.9    881.4
     1     1    14     1    27     9     0     0    45.0   48.157 -154.539    855.0    881.3
     1     1    14     1    27    10     0     0    46.0   48.364 -153.761    854.9    882.0
     1     1    14     1    27    11     0     0    47.0   48.668 -153.038    851.3    883.1
     1     1    14     1    27    12     0     0    48.0   49.072 -152.374    843.6    884.7
