     1     1
    CDC1    14     1     1     0     0
     1 FORWARD  OMEGA   
    14     1    15     6   60.000 -175.000   500.0
     1 PRESSURE
     1     1    14     1    15     6     0     0     0.0   60.000 -175.000    500.0    941.7
     1     1    14     1    15     7     0     0     1.0   59.778 -175.306    466.2    947.4
     1     1    14     1    15     8     0     0     2.0   59.573 -175.664    441.0    951.6
     1     1    14     1    15     9     0     0     3.0   59.386 -176.081    424.2    954.8
     1     1    14     1    15    10     0     0     4.0   59.214 -176.561    415.3    957.0
     1     1    14     1    15    11     0     0     5.0   59.057 -177.108    414.5    958.1
     1     1    14     1    15    12     0     0     6.0   58.912 -177.727    421.7    957.8
     1     1    14     1    15    13     0     0     7.0   58.767 -178.399    432.7    955.5
     1     1    14     1    15    14     0     0     8.0   58.610 -179.104    443.9    953.8
     1     1    14     1    15    15     0     0     9.0   58.445 -179.838    456.3    952.3
     1     1    14     1    15    16     0     0    10.0   58.270  179.413    470.1    950.3
     1     1    14     1    15    17     0     0    11.0   58.085  178.667    485.2    948.2
     1     1    14     1    15    18     0     0    12.0   57.892  177.931    501.7    946.1
     1     1    14     1    15    19     0     0    13.0   57.688  177.208    519.1    944.3
     1     1    14     1    15    20     0     0    14.0   57.471  176.500    535.2    943.1
     1     1    14     1    15    21     0     0    15.0   57.238  175.822    548.7    940.6
     1     1    14     1    15    22     0     0    16.0   56.983  175.180    560.2    938.0
     1     1    14     1    15    23     0     0    17.0   56.706  174.574    570.5    935.6
     1     1    14     1    16     0     0     0    18.0   56.408  174.004    580.6    933.2
     1     1    14     1    16     1     0     0    19.0   56.106  173.460    592.2    930.3
     1     1    14     1    16     2     0     0    20.0   55.814  172.933    607.0    926.8
     1     1    14     1    16     3     0     0    21.0   55.537  172.424    624.6    923.2
     1     1    14     1    16     4     0     0    22.0   55.282  171.936    644.9    920.4
     1     1    14     1    16     5     0     0    23.0   55.053  171.474    666.7    917.7
     1     1    14     1    16     6     0     0    24.0   54.849  171.048    687.9    916.1
     1     1    14     1    16     7     0     0    25.0   54.659  170.678    709.0    915.1
     1     1    14     1    16     8     0     0    26.0   54.473  170.373    731.4    913.4
     1     1    14     1    16     9     0     0    27.0   54.291  170.130    755.8    911.0
     1     1    14     1    16    10     0     0    28.0   54.114  169.942    782.7    908.2
     1     1    14     1    16    11     0     0    29.0   53.942  169.804    812.6    904.9
     1     1    14     1    16    12     0     0    30.0   53.777  169.709    845.9    901.2
     1     1    14     1    16    13     0     0    31.0   53.616  169.636    876.5    896.7
     1     1    14     1    16    14     0     0    32.0   53.460  169.566    900.0    893.8
     1     1    14     1    16    15     0     0    33.0   53.307  169.499    916.0    891.7
     1     1    14     1    16    16     0     0    34.0   53.157  169.435    925.2    890.3
     1     1    14     1    16    17     0     0    35.0   53.010  169.374    928.0    889.5
     1     1    14     1    16    18     0     0    36.0   52.867  169.317    925.1    889.4
     1     1    14     1    16    19     0     0    37.0   52.729  169.250    921.6    890.2
     1     1    14     1    16    20     0     0    38.0   52.600  169.156    922.3    890.1
     1     1    14     1    16    21     0     0    39.0   52.481  169.035    926.6    889.7
     1     1    14     1    16    22     0     0    40.0   52.371  168.887    934.3    889.0
     1     1    14     1    16    23     0     0    41.0   52.273  168.713    945.2    887.9
     1     1    14     1    17     0     0     0    42.0   52.184  168.516    958.6    886.5
     1     1    14     1    17     1     0     0    43.0   52.092  168.296    972.2    884.5
     1     1    14     1    17     2     0     0    44.0   51.987  168.060    984.8    882.8
     1     1    14     1    17     3     0     0    45.0   51.866  167.812    995.7    881.1
     1     1    14     1    17     4     0     0    46.0   51.732  167.557   1004.8    879.5
     1     1    14     1    17     5     0     0    47.0   51.584  167.299   1011.5    878.1
     1     1    14     1    17     6     0     0    48.0   51.424  167.042   1015.7    877.0
