     1     1
    CDC1    14     1     1     0     0
     1 FORWARD  OMEGA   
    14     1     1    18   60.000 -175.000   500.0
     1 PRESSURE
     1     1    14     1     1    18     0     0     0.0   60.000 -175.000    500.0    932.4
     1     1    14     1     1    19     0     0     1.0   59.935 -175.121    501.7    932.5
     1     1    14     1     1    20     0     0     2.0   59.872 -175.224    499.7    933.3
     1     1    14     1     1    21     0     0     3.0   59.811 -175.317    494.5    934.4
     1     1    14     1     1    22     0     0     4.0   59.754 -175.404    486.3    935.9
     1     1    14     1     1    23     0     0     5.0   59.699 -175.489    475.6    937.6
     1     1    14     1     2     0     0     0     6.0   59.648 -175.576    462.7    939.7
     1     1    14     1     2     1     0     0     7.0   59.603 -175.725    450.5    941.8
     1     1    14     1     2     2     0     0     8.0   59.562 -176.001    441.1    943.3
     1     1    14     1     2     3     0     0     9.0   59.521 -176.404    434.4    944.4
     1     1    14     1     2     4     0     0    10.0   59.474 -176.936    430.2    945.2
     1     1    14     1     2     5     0     0    11.0   59.416 -177.593    428.3    945.4
     1     1    14     1     2     6     0     0    12.0   59.340 -178.351    428.5    944.4
     1     1    14     1     2     7     0     0    13.0   59.242 -179.130    429.4    943.4
     1     1    14     1     2     8     0     0    14.0   59.118 -179.865    429.2    943.0
     1     1    14     1     2     9     0     0    15.0   58.975  179.460    427.6    942.8
     1     1    14     1     2    10     0     0    16.0   58.819  178.857    424.3    943.0
     1     1    14     1     2    11     0     0    17.0   58.656  178.326    419.3    943.9
     1     1    14     1     2    12     0     0    18.0   58.487  177.863    412.5    945.2
     1     1    14     1     2    13     0     0    19.0   58.316  177.462    403.6    946.9
     1     1    14     1     2    14     0     0    20.0   58.147  177.115    393.0    949.1
     1     1    14     1     2    15     0     0    21.0   57.988  176.812    380.8    951.3
     1     1    14     1     2    16     0     0    22.0   57.841  176.547    367.1    953.5
     1     1    14     1     2    17     0     0    23.0   57.708  176.312    351.9    955.8
     1     1    14     1     2    18     0     0    24.0   57.593  176.102    335.3    958.2
     1     1    14     1     2    19     0     0    25.0   57.500  175.863    319.0    961.1
     1     1    14     1     2    20     0     0    26.0   57.435  175.534    303.6    963.1
     1     1    14     1     2    21     0     0    27.0   57.399  175.101    290.0    964.8
     1     1    14     1     2    22     0     0    28.0   57.382  174.550    278.6    966.8
     1     1    14     1     2    23     0     0    29.0   57.373  173.875    270.7    968.6
     1     1    14     1     3     0     0     0    30.0   57.367  173.078    267.8    969.7
     1     1    14     1     3     1     0     0    31.0   57.359  172.192    271.2    969.2
     1     1    14     1     3     2     0     0    32.0   57.339  171.262    280.9    967.8
     1     1    14     1     3     3     0     0    33.0   57.303  170.298    296.7    965.4
     1     1    14     1     3     4     0     0    34.0   57.250  169.314    318.1    960.6
     1     1    14     1     3     5     0     0    35.0   57.182  168.322    344.9    954.7
     1     1    14     1     3     6     0     0    36.0   57.098  167.322    378.1    947.7
     1     1    14     1     3     7     0     0    37.0   56.994  166.349    417.5    936.3
     1     1    14     1     3     8     0     0    38.0   56.869  165.441    463.1    924.8
     1     1    14     1     3     9     0     0    39.0   56.724  164.600    512.4    912.9
     1     1    14     1     3    10     0     0    40.0   56.565  163.820    562.5    900.8
     1     1    14     1     3    11     0     0    41.0   56.400  163.097    611.5    889.3
     1     1    14     1     3    12     0     0    42.0   56.234  162.426    658.7    877.9
     1     1    14     1     3    13     0     0    43.0   56.068  161.775    701.1    868.3
     1     1    14     1     3    14     0     0    44.0   55.902  161.121    736.1    859.8
     1     1    14     1     3    15     0     0    45.0   55.732  160.472    763.7    851.9
     1     1    14     1     3    16     0     0    46.0   55.557  159.835    785.2    846.1
     1     1    14     1     3    17     0     0    47.0   55.370  159.222    802.9    844.8
     1     1    14     1     3    18     0     0    48.0   55.165  158.640    817.6    843.8
