     1     1
    CDC1    14     1     1     0     0
     1 FORWARD  OMEGA   
    14     1    13     0   60.000 -175.000   500.0
     1 PRESSURE
     1     1    14     1    13     0     0     0     0.0   60.000 -175.000    500.0    930.8
     1     1    14     1    13     1     0     0     1.0   59.482 -175.554    497.9    930.7
     1     1    14     1    13     2     0     0     2.0   58.978 -176.046    496.6    930.6
     1     1    14     1    13     3     0     0     3.0   58.485 -176.474    495.4    930.7
     1     1    14     1    13     4     0     0     4.0   58.000 -176.835    493.8    930.8
     1     1    14     1    13     5     0     0     5.0   57.523 -177.123    491.3    931.1
     1     1    14     1    13     6     0     0     6.0   57.065 -177.347    486.3    931.0
     1     1    14     1    13     7     0     0     7.0   56.639 -177.539    479.7    931.6
     1     1    14     1    13     8     0     0     8.0   56.249 -177.725    473.7    931.9
     1     1    14     1    13     9     0     0     9.0   55.893 -177.915    468.4    932.3
     1     1    14     1    13    10     0     0    10.0   55.569 -178.118    463.7    932.7
     1     1    14     1    13    11     0     0    11.0   55.275 -178.337    459.3    933.1
     1     1    14     1    13    12     0     0    12.0   55.011 -178.580    455.0    933.7
     1     1    14     1    13    13     0     0    13.0   54.772 -178.836    451.3    934.7
     1     1    14     1    13    14     0     0    14.0   54.556 -179.092    448.0    935.8
     1     1    14     1    13    15     0     0    15.0   54.360 -179.344    445.9    936.6
     1     1    14     1    13    16     0     0    16.0   54.180 -179.586    445.1    937.2
     1     1    14     1    13    17     0     0    17.0   54.014 -179.813    446.2    937.5
     1     1    14     1    13    18     0     0    18.0   53.861  179.980    449.2    937.5
     1     1    14     1    13    19     0     0    19.0   53.713  179.781    452.6    936.9
     1     1    14     1    13    20     0     0    20.0   53.565  179.578    454.8    936.7
     1     1    14     1    13    21     0     0    21.0   53.415  179.369    455.5    936.7
     1     1    14     1    13    22     0     0    22.0   53.261  179.151    454.5    937.0
     1     1    14     1    13    23     0     0    23.0   53.102  178.923    451.6    937.6
     1     1    14     1    14     0     0     0    24.0   52.935  178.682    446.8    938.5
     1     1    14     1    14     1     0     0    25.0   52.763  178.438    441.4    939.4
     1     1    14     1    14     2     0     0    26.0   52.587  178.206    437.5    940.0
     1     1    14     1    14     3     0     0    27.0   52.409  177.989    434.9    940.1
     1     1    14     1    14     4     0     0    28.0   52.229  177.789    434.0    939.4
     1     1    14     1    14     5     0     0    29.0   52.049  177.605    434.9    938.4
     1     1    14     1    14     6     0     0    30.0   51.868  177.437    437.5    937.1
     1     1    14     1    14     7     0     0    31.0   51.687  177.291    439.3    936.0
     1     1    14     1    14     8     0     0    32.0   51.510  177.175    437.8    935.8
     1     1    14     1    14     9     0     0    33.0   51.336  177.089    433.7    936.0
     1     1    14     1    14    10     0     0    34.0   51.166  177.032    427.5    936.5
     1     1    14     1    14    11     0     0    35.0   51.001  177.005    419.5    937.3
     1     1    14     1    14    12     0     0    36.0   50.841  177.007    410.3    938.2
     1     1    14     1    14    13     0     0    37.0   50.683  177.035    399.9    939.4
     1     1    14     1    14    14     0     0    38.0   50.524  177.083    387.5    940.8
     1     1    14     1    14    15     0     0    39.0   50.362  177.149    372.9    942.0
     1     1    14     1    14    16     0     0    40.0   50.194  177.232    355.8    943.4
     1     1    14     1    14    17     0     0    41.0   50.018  177.331    336.2    945.0
     1     1    14     1    14    18     0     0    42.0   49.832  177.439    315.1    947.6
     1     1    14     1    14    19     0     0    43.0   49.640  177.547    296.0    950.6
     1     1    14     1    14    20     0     0    44.0   49.447  177.656    280.4    953.1
     1     1    14     1    14    21     0     0    45.0   49.255  177.765    268.0    955.2
     1     1    14     1    14    22     0     0    46.0   49.064  177.872    258.0    957.1
     1     1    14     1    14    23     0     0    47.0   48.873  177.977    250.1    958.8
     1     1    14     1    15     0     0     0    48.0   48.682  178.080    243.7    960.3
