     1     1
    CDC1    14     1     1     0     0
     1 FORWARD  OMEGA   
    14     1    29    12   60.000 -175.000   500.0
     1 PRESSURE
     1     1    14     1    29    12     0     0     0.0   60.000 -175.000    500.0    927.2
     1     1    14     1    29    13     0     0     1.0   60.373 -175.251    524.0    926.4
     1     1    14     1    29    14     0     0     2.0   60.738 -175.515    548.9    925.1
     1     1    14     1    29    15     0     0     3.0   61.102 -175.789    576.2    923.3
     1     1    14     1    29    16     0     0     4.0   61.474 -176.070    607.7    920.7
     1     1    14     1    29    17     0     0     5.0   61.863 -176.359    645.8    916.8
     1     1    14     1    29    18     0     0     6.0   62.275 -176.656    692.0    911.1
     1     1    14     1    29    19     0     0     7.0   62.712 -176.978    741.7    903.7
     1     1    14     1    29    20     0     0     8.0   63.168 -177.339    787.7    895.7
     1     1    14     1    29    21     0     0     9.0   63.644 -177.747    830.1    887.6
     1     1    14     1    29    22     0     0    10.0   64.145 -178.212    870.3    879.2
     1     1    14     1    29    23     0     0    11.0   64.674 -178.737    910.5    870.5
     1     1    14     1    30     0     0     0    12.0   65.231 -179.320    950.4    860.6
     1     1    14     1    30     1     0     0    13.0   65.803 -179.941    982.0    850.5
     1     1    14     1    30     2     0     0    14.0   66.382  179.421    999.2    842.3
     1     1    14     1    30     3     0     0    15.0   66.968  178.783   1003.1    834.9
     1     1    14     1    30     4     0     0    16.0   67.565  178.159    995.4    829.7
     1     1    14     1    30     5     0     0    17.0   68.161  177.562    982.0    837.7
     1     1    14     1    30     6     0     0    18.0   68.739  176.980    962.2    846.5
     1     1    14     1    30     7     0     0    19.0   69.288  176.380    939.2    855.3
     1     1    14     1    30     8     0     0    20.0   69.804  175.763    915.6    863.2
     1     1    14     1    30     9     0     0    21.0   70.297  175.143    892.4    869.8
     1     1    14     1    30    10     0     0    22.0   70.772  174.504    872.3    876.2
     1     1    14     1    30    11     0     0    23.0   71.235  173.821    857.5    882.0
     1     1    14     1    30    12     0     0    24.0   71.695  173.062    849.9    886.8
     1     1    14     1    30    13     0     0    25.0   72.145  172.252    848.7    891.7
     1     1    14     1    30    14     0     0    26.0   72.574  171.458    849.9    895.8
     1     1    14     1    30    15     0     0    27.0   72.986  170.673    851.1    895.4
     1     1    14     1    30    16     0     0    28.0   73.383  169.865    853.0    894.3
     1     1    14     1    30    17     0     0    29.0   73.771  169.018    856.6    892.7
     1     1    14     1    30    18     0     0    30.0   74.155  168.109    862.7    890.3
     1     1    14     1    30    19     0     0    31.0   74.537  167.127    870.4    888.2
     1     1    14     1    30    20     0     0    32.0   74.922  166.103    877.8    886.4
     1     1    14     1    30    21     0     0    33.0   75.316  165.045    883.9    887.3
     1     1    14     1    30    22     0     0    34.0   75.717  163.914    887.8    889.9
     1     1    14     1    30    23     0     0    35.0   76.128  162.673    889.9    892.2
     1     1    14     1    31     0     0     0    36.0   76.548  161.287    891.6    893.7
     1     1    14     1    31     1     0     0    37.0   76.962  159.722    893.6    895.3
     1     1    14     1    31     2     0     0    38.0   77.362  158.000    894.7    896.7
     1     1    14     1    31     3     0     0    39.0   77.752  156.165    892.2    897.6
     1     1    14     1    31     4     0     0    40.0   78.132  154.228    885.2    898.5
     1     1    14     1    31     5     0     0    41.0   78.501  152.178    874.0    898.9
     1     1    14     1    31     6     0     0    42.0   78.857  149.980    859.2    899.5
     1     1    14     1    31     7     0     0    43.0   79.173  147.583    843.0    900.7
     1     1    14     1    31     8     0     0    44.0   79.434  145.022    827.4    901.8
     1     1    14     1    31     9     0     0    45.0   79.647  142.357    812.8    903.5
     1     1    14     1    31    10     0     0    46.0   79.821  139.627    799.8    904.4
     1     1    14     1    31    11     0     0    47.0   79.960  136.864    789.2    906.5
     1     1    14     1    31    12     0     0    48.0   80.063  134.082    781.5    907.9
