     1     1
    CDC1    14     1     1     0     0
     1 FORWARD  OMEGA   
    14     1     3     6   60.000 -175.000   500.0
     1 PRESSURE
     1     1    14     1     3     6     0     0     0.0   60.000 -175.000    500.0    939.2
     1     1    14     1     3     7     0     0     1.0   59.832 -175.101    489.1    941.1
     1     1    14     1     3     8     0     0     2.0   59.693 -175.180    476.9    943.3
     1     1    14     1     3     9     0     0     3.0   59.581 -175.245    463.6    945.6
     1     1    14     1     3    10     0     0     4.0   59.497 -175.301    449.8    947.9
     1     1    14     1     3    11     0     0     5.0   59.440 -175.354    435.5    950.4
     1     1    14     1     3    12     0     0     6.0   59.408 -175.405    420.9    952.8
     1     1    14     1     3    13     0     0     7.0   59.400 -175.514    407.6    955.1
     1     1    14     1     3    14     0     0     8.0   59.412 -175.754    396.6    957.0
     1     1    14     1     3    15     0     0     9.0   59.441 -176.140    388.5    958.5
     1     1    14     1     3    16     0     0    10.0   59.483 -176.692    384.1    959.4
     1     1    14     1     3    17     0     0    11.0   59.533 -177.434    384.3    959.7
     1     1    14     1     3    18     0     0    12.0   59.585 -178.391    391.0    957.4
     1     1    14     1     3    19     0     0    13.0   59.645 -179.535    406.3    952.6
     1     1    14     1     3    20     0     0    14.0   59.716  179.176    431.2    944.8
     1     1    14     1     3    21     0     0    15.0   59.783  177.747    466.9    934.5
     1     1    14     1     3    22     0     0    16.0   59.829  176.177    515.4    923.1
     1     1    14     1     3    23     0     0    17.0   59.834  174.481    576.2    910.8
     1     1    14     1     4     0     0     0    18.0   59.766  172.688    645.5    898.2
     1     1    14     1     4     1     0     0    19.0   59.616  170.883    717.2    887.6
     1     1    14     1     4     2     0     0    20.0   59.396  169.141    787.4    879.4
     1     1    14     1     4     3     0     0    21.0   59.105  167.473    855.3    872.1
     1     1    14     1     4     4     0     0    22.0   58.750  165.904    919.0    863.8
     1     1    14     1     4     5     0     0    23.0   58.336  164.461    977.3    852.4
     1     1    14     1     4     6     0     0    24.0   57.863  163.158   1029.4    838.9
     1     1    14     1     4     7     0     0    25.0   57.367  162.043   1079.0    827.0
     1     1    14     1     4     8     0     0    26.0   56.887  161.171   1129.7    818.1
     1     1    14     1     4     9     0     0    27.0   56.429  160.539   1174.7    809.6
     1     1    14     1     4    10     0     0    28.0   55.987  160.115   1213.8    801.4
     1     1    14     1     4    11     0     0    29.0   55.563  159.872   1246.7    795.2
     1     1    14     1     4    12     0     0    30.0   55.158  159.793   1272.1    790.2
     1     1    14     1     4    13     0     0    31.0   54.783  159.828   1286.0    789.2
     1     1    14     1     4    14     0     0    32.0   54.451  159.922   1287.1    792.6
     1     1    14     1     4    15     0     0    33.0   54.160  160.051   1277.5    797.1
     1     1    14     1     4    16     0     0    34.0   53.907  160.207   1260.9    802.5
     1     1    14     1     4    17     0     0    35.0   53.687  160.380   1239.8    808.0
     1     1    14     1     4    18     0     0    36.0   53.499  160.562   1216.4    813.4
     1     1    14     1     4    19     0     0    37.0   53.343  160.755   1194.1    819.1
     1     1    14     1     4    20     0     0    38.0   53.224  160.960   1175.7    823.8
     1     1    14     1     4    21     0     0    39.0   53.145  161.172   1160.2    827.8
     1     1    14     1     4    22     0     0    40.0   53.108  161.383   1146.9    831.0
     1     1    14     1     4    23     0     0    41.0   53.117  161.584   1135.7    833.4
     1     1    14     1     5     0     0     0    42.0   53.171  161.765   1126.5    834.9
     1     1    14     1     5     1     0     0    43.0   53.246  161.908   1119.2    835.8
     1     1    14     1     5     2     0     0    44.0   53.316  162.001   1112.4    836.4
     1     1    14     1     5     3     0     0    45.0   53.378  162.043   1105.9    836.8
     1     1    14     1     5     4     0     0    46.0   53.427  162.034   1099.4    836.9
     1     1    14     1     5     5     0     0    47.0   53.462  161.979   1092.7    836.9
     1     1    14     1     5     6     0     0    48.0   53.478  161.881   1085.6    836.9
