     1     1
    CDC1    14     1     1     0     0
     1 FORWARD  OMEGA   
    14     1    20     6   60.000 -175.000   500.0
     1 PRESSURE
     1     1    14     1    20     6     0     0     0.0   60.000 -175.000    500.0    932.3
     1     1    14     1    20     7     0     0     1.0   60.033 -175.328    516.0    930.6
     1     1    14     1    20     8     0     0     2.0   60.033 -175.668    533.4    928.7
     1     1    14     1    20     9     0     0     3.0   60.003 -176.015    552.1    926.6
     1     1    14     1    20    10     0     0     4.0   59.945 -176.360    571.8    924.6
     1     1    14     1    20    11     0     0     5.0   59.857 -176.695    592.0    922.6
     1     1    14     1    20    12     0     0     6.0   59.742 -177.014    612.4    920.7
     1     1    14     1    20    13     0     0     7.0   59.598 -177.291    632.2    917.9
     1     1    14     1    20    14     0     0     8.0   59.425 -177.500    651.2    914.9
     1     1    14     1    20    15     0     0     9.0   59.226 -177.635    669.0    911.9
     1     1    14     1    20    16     0     0    10.0   59.004 -177.690    686.0    909.2
     1     1    14     1    20    17     0     0    11.0   58.761 -177.656    702.7    906.5
     1     1    14     1    20    18     0     0    12.0   58.498 -177.525    719.6    903.8
     1     1    14     1    20    19     0     0    13.0   58.230 -177.309    734.1    901.1
     1     1    14     1    20    20     0     0    14.0   57.968 -177.030    743.0    899.2
     1     1    14     1    20    21     0     0    15.0   57.712 -176.689    746.3    897.9
     1     1    14     1    20    22     0     0    16.0   57.461 -176.289    744.2    897.0
     1     1    14     1    20    23     0     0    17.0   57.216 -175.850    737.5    896.8
     1     1    14     1    21     0     0     0    18.0   56.978 -175.388    726.8    897.0
     1     1    14     1    21     1     0     0    19.0   56.745 -174.891    715.6    898.4
     1     1    14     1    21     2     0     0    20.0   56.520 -174.355    706.1    900.0
     1     1    14     1    21     3     0     0    21.0   56.305 -173.786    698.2    901.6
     1     1    14     1    21     4     0     0    22.0   56.099 -173.182    691.8    903.1
     1     1    14     1    21     5     0     0    23.0   55.904 -172.540    686.6    904.6
     1     1    14     1    21     6     0     0    24.0   55.724 -171.873    682.5    905.9
     1     1    14     1    21     7     0     0    25.0   55.566 -171.191    678.4    906.9
     1     1    14     1    21     8     0     0    26.0   55.426 -170.491    673.2    908.3
     1     1    14     1    21     9     0     0    27.0   55.300 -169.777    667.0    909.6
     1     1    14     1    21    10     0     0    28.0   55.187 -169.061    659.7    910.2
     1     1    14     1    21    11     0     0    29.0   55.082 -168.348    651.5    910.7
     1     1    14     1    21    12     0     0    30.0   54.979 -167.634    642.3    911.2
     1     1    14     1    21    13     0     0    31.0   54.880 -166.947    631.3    911.9
     1     1    14     1    21    14     0     0    32.0   54.788 -166.316    617.1    912.7
     1     1    14     1    21    15     0     0    33.0   54.693 -165.745    598.3    914.2
     1     1    14     1    21    16     0     0    34.0   54.586 -165.236    574.3    916.6
     1     1    14     1    21    17     0     0    35.0   54.461 -164.796    545.1    920.2
     1     1    14     1    21    18     0     0    36.0   54.314 -164.429    511.6    925.0
     1     1    14     1    21    19     0     0    37.0   54.144 -164.148    479.1    930.4
     1     1    14     1    21    20     0     0    38.0   53.951 -163.959    451.9    934.6
     1     1    14     1    21    21     0     0    39.0   53.733 -163.871    430.3    938.1
     1     1    14     1    21    22     0     0    40.0   53.487 -163.889    414.6    940.8
     1     1    14     1    21    23     0     0    41.0   53.210 -164.017    404.9    942.6
     1     1    14     1    22     0     0     0    42.0   52.896 -164.260    401.7    943.3
     1     1    14     1    22     1     0     0    43.0   52.531 -164.610    404.5    942.4
     1     1    14     1    22     2     0     0    44.0   52.100 -165.029    411.9    940.6
     1     1    14     1    22     3     0     0    45.0   51.610 -165.475    422.5    938.6
     1     1    14     1    22     4     0     0    46.0   51.065 -165.931    434.5    936.4
     1     1    14     1    22     5     0     0    47.0   50.460 -166.385    446.2    934.1
     1     1    14     1    22     6     0     0    48.0   49.791 -166.820    455.8    931.4
