     1     1
    CDC1    14     1     1     0     0
     1 FORWARD  OMEGA   
    14     1    24    18   60.000 -175.000   500.0
     1 PRESSURE
     1     1    14     1    24    18     0     0     0.0   60.000 -175.000    500.0    928.2
     1     1    14     1    24    19     0     0     1.0   59.595 -174.781    497.3    927.7
     1     1    14     1    24    20     0     0     2.0   59.232 -174.474    491.5    928.1
     1     1    14     1    24    21     0     0     3.0   58.919 -174.095    483.5    928.8
     1     1    14     1    24    22     0     0     4.0   58.665 -173.659    474.2    930.0
     1     1    14     1    24    23     0     0     5.0   58.477 -173.181    464.0    931.6
     1     1    14     1    25     0     0     0     6.0   58.358 -172.676    452.8    933.4
     1     1    14     1    25     1     0     0     7.0   58.313 -172.169    442.0    936.1
     1     1    14     1    25     2     0     0     8.0   58.342 -171.686    432.9    938.4
     1     1    14     1    25     3     0     0     9.0   58.439 -171.243    425.9    940.3
     1     1    14     1    25     4     0     0    10.0   58.599 -170.848    421.1    941.6
     1     1    14     1    25     5     0     0    11.0   58.815 -170.509    418.9    942.4
     1     1    14     1    25     6     0     0    12.0   59.086 -170.227    419.8    942.5
     1     1    14     1    25     7     0     0    13.0   59.399 -170.010    422.6    941.5
     1     1    14     1    25     8     0     0    14.0   59.740 -169.860    425.6    940.8
     1     1    14     1    25     9     0     0    15.0   60.104 -169.773    428.4    940.4
     1     1    14     1    25    10     0     0    16.0   60.483 -169.748    429.9    941.1
     1     1    14     1    25    11     0     0    17.0   60.871 -169.780    429.1    942.0
     1     1    14     1    25    12     0     0    18.0   61.271 -169.860    426.0    943.1
     1     1    14     1    25    13     0     0    19.0   61.664 -170.001    421.3    944.1
     1     1    14     1    25    14     0     0    20.0   62.018 -170.212    414.6    945.9
     1     1    14     1    25    15     0     0    21.0   62.326 -170.478    405.6    948.2
     1     1    14     1    25    16     0     0    22.0   62.587 -170.780    394.0    951.0
     1     1    14     1    25    17     0     0    23.0   62.800 -171.100    380.6    953.7
     1     1    14     1    25    18     0     0    24.0   62.969 -171.423    365.8    956.1
     1     1    14     1    25    19     0     0    25.0   63.102 -171.753    352.5    958.1
     1     1    14     1    25    20     0     0    26.0   63.200 -172.089    342.3    959.6
     1     1    14     1    25    21     0     0    27.0   63.261 -172.431    335.2    961.0
     1     1    14     1    25    22     0     0    28.0   63.283 -172.774    331.0    962.1
     1     1    14     1    25    23     0     0    29.0   63.268 -173.116    329.2    963.0
     1     1    14     1    26     0     0     0    30.0   63.216 -173.457    329.8    963.8
     1     1    14     1    26     1     0     0    31.0   63.134 -173.807    332.3    963.5
     1     1    14     1    26     2     0     0    32.0   63.025 -174.167    336.3    963.3
     1     1    14     1    26     3     0     0    33.0   62.887 -174.528    341.6    963.4
     1     1    14     1    26     4     0     0    34.0   62.719 -174.880    348.2    963.6
     1     1    14     1    26     5     0     0    35.0   62.519 -175.214    355.9    963.7
     1     1    14     1    26     6     0     0    36.0   62.293 -175.525    364.1    962.5
     1     1    14     1    26     7     0     0    37.0   62.049 -175.796    372.5    960.6
     1     1    14     1    26     8     0     0    38.0   61.793 -176.019    380.7    958.9
     1     1    14     1    26     9     0     0    39.0   61.522 -176.198    387.9    957.1
     1     1    14     1    26    10     0     0    40.0   61.236 -176.334    393.5    955.4
     1     1    14     1    26    11     0     0    41.0   60.931 -176.431    397.0    953.9
     1     1    14     1    26    12     0     0    42.0   60.608 -176.490    397.9    952.6
     1     1    14     1    26    13     0     0    43.0   60.267 -176.519    395.5    952.2
     1     1    14     1    26    14     0     0    44.0   59.908 -176.524    389.7    952.3
     1     1    14     1    26    15     0     0    45.0   59.533 -176.511    382.0    952.7
     1     1    14     1    26    16     0     0    46.0   59.142 -176.477    373.0    953.0
     1     1    14     1    26    17     0     0    47.0   58.737 -176.412    363.1    953.3
     1     1    14     1    26    18     0     0    48.0   58.317 -176.304    352.4    953.5
