     1     1
    CDC1    14     1     1     0     0
     1 FORWARD  OMEGA   
    14     1    13    12   60.000 -175.000   500.0
     1 PRESSURE
     1     1    14     1    13    12     0     0     0.0   60.000 -175.000    500.0    933.5
     1     1    14     1    13    13     0     0     1.0   59.593 -175.387    510.4    931.9
     1     1    14     1    13    14     0     0     2.0   59.204 -175.738    520.9    930.4
     1     1    14     1    13    15     0     0     3.0   58.835 -176.059    531.3    928.9
     1     1    14     1    13    16     0     0     4.0   58.488 -176.356    541.6    927.7
     1     1    14     1    13    17     0     0     5.0   58.164 -176.634    551.9    926.5
     1     1    14     1    13    18     0     0     6.0   57.865 -176.897    562.6    925.4
     1     1    14     1    13    19     0     0     7.0   57.587 -177.163    574.6    924.2
     1     1    14     1    13    20     0     0     8.0   57.325 -177.452    588.0    922.7
     1     1    14     1    13    21     0     0     9.0   57.080 -177.772    602.2    920.9
     1     1    14     1    13    22     0     0    10.0   56.851 -178.118    616.7    919.3
     1     1    14     1    13    23     0     0    11.0   56.637 -178.488    631.3    917.8
     1     1    14     1    14     0     0     0    12.0   56.436 -178.880    645.6    916.1
     1     1    14     1    14     1     0     0    13.0   56.243 -179.278    660.5    914.3
     1     1    14     1    14     2     0     0    14.0   56.053 -179.670    677.2    912.3
     1     1    14     1    14     3     0     0    15.0   55.864  179.947    696.2    910.0
     1     1    14     1    14     4     0     0    16.0   55.678  179.581    717.7    906.7
     1     1    14     1    14     5     0     0    17.0   55.494  179.237    742.0    903.2
     1     1    14     1    14     6     0     0    18.0   55.312  178.920    769.7    899.3
     1     1    14     1    14     7     0     0    19.0   55.132  178.621    795.0    895.0
     1     1    14     1    14     8     0     0    20.0   54.955  178.333    812.3    892.3
     1     1    14     1    14     9     0     0    21.0   54.777  178.059    821.4    891.1
     1     1    14     1    14    10     0     0    22.0   54.594  177.801    822.2    890.9
     1     1    14     1    14    11     0     0    23.0   54.407  177.563    814.9    891.8
     1     1    14     1    14    12     0     0    24.0   54.216  177.350    800.1    893.5
     1     1    14     1    14    13     0     0    25.0   54.028  177.174    784.3    896.4
     1     1    14     1    14    14     0     0    26.0   53.849  177.042    772.6    898.1
     1     1    14     1    14    15     0     0    27.0   53.679  176.952    763.8    899.6
     1     1    14     1    14    16     0     0    28.0   53.519  176.904    757.1    901.0
     1     1    14     1    14    17     0     0    29.0   53.368  176.895    751.5    902.2
     1     1    14     1    14    18     0     0    30.0   53.228  176.924    746.4    903.5
     1     1    14     1    14    19     0     0    31.0   53.091  176.979    741.4    904.7
     1     1    14     1    14    20     0     0    32.0   52.954  177.045    736.4    906.0
     1     1    14     1    14    21     0     0    33.0   52.814  177.125    731.8    907.2
     1     1    14     1    14    22     0     0    34.0   52.674  177.221    727.8    908.3
     1     1    14     1    14    23     0     0    35.0   52.534  177.333    724.8    909.3
     1     1    14     1    15     0     0     0    36.0   52.393  177.456    723.1    909.5
     1     1    14     1    15     1     0     0    37.0   52.252  177.585    720.6    909.1
     1     1    14     1    15     2     0     0    38.0   52.109  177.720    715.9    909.2
     1     1    14     1    15     3     0     0    39.0   51.966  177.864    709.1    909.6
     1     1    14     1    15     4     0     0    40.0   51.824  178.017    700.2    910.2
     1     1    14     1    15     5     0     0    41.0   51.682  178.182    689.5    911.0
     1     1    14     1    15     6     0     0    42.0   51.541  178.359    677.3    912.0
     1     1    14     1    15     7     0     0    43.0   51.405  178.540    665.3    913.0
     1     1    14     1    15     8     0     0    44.0   51.277  178.717    654.9    913.7
     1     1    14     1    15     9     0     0    45.0   51.159  178.892    646.0    914.3
     1     1    14     1    15    10     0     0    46.0   51.051  179.067    638.1    914.8
     1     1    14     1    15    11     0     0    47.0   50.953  179.243    631.2    915.3
     1     1    14     1    15    12     0     0    48.0   50.867  179.423    625.2    915.6
