     1     1
    CDC1    14     1     1     0     0
     1 FORWARD  OMEGA   
    14     1    11     0   60.000 -175.000   500.0
     1 PRESSURE
     1     1    14     1    11     0     0     0     0.0   60.000 -175.000    500.0    931.2
     1     1    14     1    11     1     0     0     1.0   59.902 -175.959    522.5    928.7
     1     1    14     1    11     2     0     0     2.0   59.762 -177.025    543.4    926.4
     1     1    14     1    11     3     0     0     3.0   59.573 -178.182    561.7    923.4
     1     1    14     1    11     4     0     0     4.0   59.330 -179.398    577.0    920.4
     1     1    14     1    11     5     0     0     5.0   59.029  179.359    589.1    917.4
     1     1    14     1    11     6     0     0     6.0   58.676  178.124    598.5    915.2
     1     1    14     1    11     7     0     0     7.0   58.271  176.939    607.7    914.5
     1     1    14     1    11     8     0     0     8.0   57.820  175.831    619.2    914.6
     1     1    14     1    11     9     0     0     9.0   57.328  174.816    633.5    913.7
     1     1    14     1    11    10     0     0    10.0   56.824  173.922    650.4    909.4
     1     1    14     1    11    11     0     0    11.0   56.327  173.150    670.4    904.1
     1     1    14     1    11    12     0     0    12.0   55.837  172.480    693.8    897.9
     1     1    14     1    11    13     0     0    13.0   55.367  171.899    721.8    893.1
     1     1    14     1    11    14     0     0    14.0   54.936  171.399    753.5    889.0
     1     1    14     1    11    15     0     0    15.0   54.548  170.969    787.6    887.1
     1     1    14     1    11    16     0     0    16.0   54.208  170.600    822.0    884.5
     1     1    14     1    11    17     0     0    17.0   53.910  170.279    856.4    881.5
     1     1    14     1    11    18     0     0    18.0   53.649  169.996    890.2    878.2
     1     1    14     1    11    19     0     0    19.0   53.414  169.737    925.0    875.3
     1     1    14     1    11    20     0     0    20.0   53.195  169.489    962.6    871.5
     1     1    14     1    11    21     0     0    21.0   52.990  169.250   1003.9    867.3
     1     1    14     1    11    22     0     0    22.0   52.800  169.020   1049.3    862.6
     1     1    14     1    11    23     0     0    23.0   52.624  168.796   1099.6    857.5
     1     1    14     1    12     0     0     0    24.0   52.460  168.578   1155.1    851.9
     1     1    14     1    12     1     0     0    25.0   52.303  168.365   1210.1    846.0
     1     1    14     1    12     2     0     0    26.0   52.146  168.155   1259.1    841.3
     1     1    14     1    12     3     0     0    27.0   51.987  167.949   1301.6    837.0
     1     1    14     1    12     4     0     0    28.0   51.826  167.748   1337.3    833.0
     1     1    14     1    12     5     0     0    29.0   51.661  167.553   1366.4    829.6
     1     1    14     1    12     6     0     0    30.0   51.490  167.365   1389.5    826.8
     1     1    14     1    12     7     0     0    31.0   51.310  167.200   1413.9    824.8
     1     1    14     1    12     8     0     0    32.0   51.118  167.067   1446.2    821.0
     1     1    14     1    12     9     0     0    33.0   50.916  166.970   1487.0    816.0
     1     1    14     1    12    10     0     0    34.0   50.705  166.908   1536.8    810.1
     1     1    14     1    12    11     0     0    35.0   50.484  166.881   1596.0    803.0
     1     1    14     1    12    12     0     0    36.0   50.255  166.888   1665.0    794.9
     1     1    14     1    12    13     0     0    37.0   50.024  166.932   1737.9    785.8
     1     1    14     1    12    14     0     0    38.0   49.799  167.019   1808.9    778.9
     1     1    14     1    12    15     0     0    39.0   49.580  167.152   1875.7    772.8
     1     1    14     1    12    16     0     0    40.0   49.366  167.327   1938.1    767.3
     1     1    14     1    12    17     0     0    41.0   49.158  167.544   1996.1    762.4
     1     1    14     1    12    18     0     0    42.0   48.960  167.799   2048.9    758.4
     1     1    14     1    12    19     0     0    43.0   48.774  168.092   2092.3    755.1
     1     1    14     1    12    20     0     0    44.0   48.600  168.421   2123.2    753.3
     1     1    14     1    12    21     0     0    45.0   48.437  168.790   2143.8    752.4
     1     1    14     1    12    22     0     0    46.0   48.285  169.199   2156.2    752.2
     1     1    14     1    12    23     0     0    47.0   48.142  169.655   2163.1    752.6
     1     1    14     1    13     0     0     0    48.0   48.008  170.160   2167.1    753.0
