     1     1
    CDC1    14     1     1     0     0
     1 FORWARD  OMEGA   
    14     1    11     6   60.000 -175.000   500.0
     1 PRESSURE
     1     1    14     1    11     6     0     0     0.0   60.000 -175.000    500.0    930.5
     1     1    14     1    11     7     0     0     1.0   59.801 -176.285    505.1    929.7
     1     1    14     1    11     8     0     0     2.0   59.533 -177.608    508.9    929.0
     1     1    14     1    11     9     0     0     3.0   59.201 -178.933    512.1    927.0
     1     1    14     1    11    10     0     0     4.0   58.809  179.777    516.1    925.3
     1     1    14     1    11    11     0     0     5.0   58.366  178.546    522.0    923.7
     1     1    14     1    11    12     0     0     6.0   57.878  177.389    531.0    923.4
     1     1    14     1    11    13     0     0     7.0   57.363  176.327    543.7    922.7
     1     1    14     1    11    14     0     0     8.0   56.856  175.393    559.2    918.6
     1     1    14     1    11    15     0     0     9.0   56.375  174.587    577.7    914.4
     1     1    14     1    11    16     0     0    10.0   55.928  173.891    599.9    909.6
     1     1    14     1    11    17     0     0    11.0   55.519  173.288    626.3    904.4
     1     1    14     1    11    18     0     0    12.0   55.150  172.763    657.4    898.2
     1     1    14     1    11    19     0     0    13.0   54.814  172.293    692.6    894.1
     1     1    14     1    11    20     0     0    14.0   54.503  171.861    730.1    892.0
     1     1    14     1    11    21     0     0    15.0   54.216  171.460    769.0    889.4
     1     1    14     1    11    22     0     0    16.0   53.952  171.082    810.5    886.0
     1     1    14     1    11    23     0     0    17.0   53.711  170.720    855.7    881.9
     1     1    14     1    12     0     0     0    18.0   53.492  170.368    905.7    877.1
     1     1    14     1    12     1     0     0    19.0   53.291  170.028    957.8    871.3
     1     1    14     1    12     2     0     0    20.0   53.100  169.705   1007.7    866.2
     1     1    14     1    12     3     0     0    21.0   52.917  169.396   1053.9    861.7
     1     1    14     1    12     4     0     0    22.0   52.737  169.093   1095.6    857.8
     1     1    14     1    12     5     0     0    23.0   52.557  168.792   1132.4    854.5
     1     1    14     1    12     6     0     0    24.0   52.375  168.491   1163.1    851.9
     1     1    14     1    12     7     0     0    25.0   52.188  168.204   1192.3    850.2
     1     1    14     1    12     8     0     0    26.0   51.990  167.943   1225.0    847.3
     1     1    14     1    12     9     0     0    27.0   51.783  167.712   1263.5    843.4
     1     1    14     1    12    10     0     0    28.0   51.566  167.514   1309.8    838.3
     1     1    14     1    12    11     0     0    29.0   51.337  167.354   1364.6    831.6
     1     1    14     1    12    12     0     0    30.0   51.098  167.235   1428.2    823.9
     1     1    14     1    12    13     0     0    31.0   50.858  167.160   1495.7    814.9
     1     1    14     1    12    14     0     0    32.0   50.624  167.129   1561.7    806.9
     1     1    14     1    12    15     0     0    33.0   50.395  167.140   1625.9    799.1
     1     1    14     1    12    16     0     0    34.0   50.173  167.193   1688.4    791.7
     1     1    14     1    12    17     0     0    35.0   49.957  167.284   1749.5    784.6
     1     1    14     1    12    18     0     0    36.0   49.748  167.416   1808.9    779.1
     1     1    14     1    12    19     0     0    37.0   49.546  167.588   1861.8    774.5
     1     1    14     1    12    20     0     0    38.0   49.352  167.800   1902.0    771.7
     1     1    14     1    12    21     0     0    39.0   49.167  168.050   1930.4    770.2
     1     1    14     1    12    22     0     0    40.0   48.992  168.341   1947.9    769.6
     1     1    14     1    12    23     0     0    41.0   48.825  168.673   1956.5    769.9
     1     1    14     1    13     0     0     0    42.0   48.667  169.049   1958.1    770.9
     1     1    14     1    13     1     0     0    43.0   48.515  169.455   1955.8    772.3
     1     1    14     1    13     2     0     0    44.0   48.363  169.877   1951.1    773.6
     1     1    14     1    13     3     0     0    45.0   48.205  170.311   1942.7    775.1
     1     1    14     1    13     4     0     0    46.0   48.035  170.754   1930.3    776.7
     1     1    14     1    13     5     0     0    47.0   47.849  171.209   1913.7    778.6
     1     1    14     1    13     6     0     0    48.0   47.640  171.679   1892.3    780.7
