     1     1
    CDC1    14     1     1     0     0
     1 FORWARD  OMEGA   
    14     1    17     6   60.000 -175.000   500.0
     1 PRESSURE
     1     1    14     1    17     6     0     0     0.0   60.000 -175.000    500.0    938.5
     1     1    14     1    17     7     0     0     1.0   59.520 -175.323    503.5    936.9
     1     1    14     1    17     8     0     0     2.0   59.032 -175.603    506.1    935.1
     1     1    14     1    17     9     0     0     3.0   58.535 -175.834    506.7    933.4
     1     1    14     1    17    10     0     0     4.0   58.025 -176.007    504.2    931.9
     1     1    14     1    17    11     0     0     5.0   57.499 -176.113    497.9    930.5
     1     1    14     1    17    12     0     0     6.0   56.957 -176.167    487.7    930.2
     1     1    14     1    17    13     0     0     7.0   56.412 -176.174    476.8    930.0
     1     1    14     1    17    14     0     0     8.0   55.877 -176.107    468.5    929.0
     1     1    14     1    17    15     0     0     9.0   55.360 -175.947    462.8    927.7
     1     1    14     1    17    16     0     0    10.0   54.872 -175.676    460.4    926.5
     1     1    14     1    17    17     0     0    11.0   54.422 -175.292    462.0    926.2
     1     1    14     1    17    18     0     0    12.0   54.016 -174.797    467.6    925.5
     1     1    14     1    17    19     0     0    13.0   53.653 -174.196    474.0    924.6
     1     1    14     1    17    20     0     0    14.0   53.337 -173.489    477.8    924.4
     1     1    14     1    17    21     0     0    15.0   53.071 -172.659    478.9    924.3
     1     1    14     1    17    22     0     0    16.0   52.858 -171.702    476.9    923.8
     1     1    14     1    17    23     0     0    17.0   52.697 -170.617    471.7    923.4
     1     1    14     1    18     0     0     0    18.0   52.589 -169.395    462.8    923.2
     1     1    14     1    18     1     0     0    19.0   52.525 -168.080    451.3    922.6
     1     1    14     1    18     2     0     0    20.0   52.497 -166.741    440.2    923.4
     1     1    14     1    18     3     0     0    21.0   52.504 -165.415    430.2    925.6
     1     1    14     1    18     4     0     0    22.0   52.543 -164.132    421.9    928.8
     1     1    14     1    18     5     0     0    23.0   52.607 -162.910    415.2    932.3
     1     1    14     1    18     6     0     0    24.0   52.686 -161.743    408.8    935.1
     1     1    14     1    18     7     0     0    25.0   52.783 -160.645    402.1    936.9
     1     1    14     1    18     8     0     0    26.0   52.912 -159.629    395.7    938.8
     1     1    14     1    18     9     0     0    27.0   53.074 -158.679    389.3    940.8
     1     1    14     1    18    10     0     0    28.0   53.270 -157.777    382.9    942.9
     1     1    14     1    18    11     0     0    29.0   53.493 -156.905    376.7    945.5
     1     1    14     1    18    12     0     0    30.0   53.738 -156.042    370.4    948.2
     1     1    14     1    18    13     0     0    31.0   53.994 -155.211    364.5    949.7
     1     1    14     1    18    14     0     0    32.0   54.254 -154.437    358.7    949.8
     1     1    14     1    18    15     0     0    33.0   54.519 -153.700    352.5    949.2
     1     1    14     1    18    16     0     0    34.0   54.786 -152.977    345.6    948.3
     1     1    14     1    18    17     0     0    35.0   55.050 -152.251    338.0    947.7
     1     1    14     1    18    18     0     0    36.0   55.304 -151.534    331.0    950.2
     1     1    14     1    18    19     0     0    37.0   55.549 -150.882    325.9    952.7
     1     1    14     1    18    20     0     0    38.0   55.787 -150.327    323.2    955.6
     1     1    14     1    18    21     0     0    39.0   56.019 -149.858    322.2    959.2
     1     1    14     1    18    22     0     0    40.0   56.244 -149.460    322.2    963.3
     1     1    14     1    18    23     0     0    41.0   56.461 -149.117    322.8    967.5
     1     1    14     1    19     0     0     0    42.0   56.669 -148.817    323.3    971.7
     1     1    14     1    19     1     0     0    43.0   56.868 -148.573    324.5    975.0
     1     1    14     1    19     2     0     0    44.0   57.059 -148.401    326.5    978.0
     1     1    14     1    19     3     0     0    45.0   57.242 -148.292    328.9    980.7
     1     1    14     1    19     4     0     0    46.0   57.413 -148.237    330.9    983.2
     1     1    14     1    19     5     0     0    47.0   57.573 -148.236    331.7    983.0
     1     1    14     1    19     6     0     0    48.0   57.723 -148.291    331.1    979.8
