     1     1
    CDC1    14     1     1     0     0
     1 FORWARD  OMEGA   
    14     1    28    18   60.000 -175.000   500.0
     1 PRESSURE
     1     1    14     1    28    18     0     0     0.0   60.000 -175.000    500.0    926.9
     1     1    14     1    28    19     0     0     1.0   60.233 -175.547    519.2    926.3
     1     1    14     1    28    20     0     0     2.0   60.466 -176.102    543.0    924.6
     1     1    14     1    28    21     0     0     3.0   60.699 -176.676    572.1    922.2
     1     1    14     1    28    22     0     0     4.0   60.936 -177.279    607.2    918.8
     1     1    14     1    28    23     0     0     5.0   61.179 -177.924    648.4    913.6
     1     1    14     1    29     0     0     0     6.0   61.429 -178.621    694.1    906.6
     1     1    14     1    29     1     0     0     7.0   61.678 -179.359    742.8    899.0
     1     1    14     1    29     2     0     0     8.0   61.922  179.874    793.6    890.9
     1     1    14     1    29     3     0     0     9.0   62.162  179.076    846.8    881.5
     1     1    14     1    29     4     0     0    10.0   62.400  178.246    903.0    871.6
     1     1    14     1    29     5     0     0    11.0   62.640  177.389    962.0    860.6
     1     1    14     1    29     6     0     0    12.0   62.882  176.518   1021.5    849.1
     1     1    14     1    29     7     0     0    13.0   63.124  175.636   1080.2    838.4
     1     1    14     1    29     8     0     0    14.0   63.358  174.738   1136.9    828.5
     1     1    14     1    29     9     0     0    15.0   63.584  173.812   1191.9    818.9
     1     1    14     1    29    10     0     0    16.0   63.801  172.854   1245.5    809.7
     1     1    14     1    29    11     0     0    17.0   64.010  171.859   1298.0    799.9
     1     1    14     1    29    12     0     0    18.0   64.211  170.830   1349.8    789.4
     1     1    14     1    29    13     0     0    19.0   64.402  169.796   1406.0    779.2
     1     1    14     1    29    14     0     0    20.0   64.580  168.780   1470.6    767.5
     1     1    14     1    29    15     0     0    21.0   64.743  167.770   1545.5    754.6
     1     1    14     1    29    16     0     0    22.0   64.890  166.761   1631.9    741.3
     1     1    14     1    29    17     0     0    23.0   65.024  165.745   1728.8    727.1
     1     1    14     1    29    18     0     0    24.0   65.149  164.731   1834.3    713.9
     1     1    14     1    29    19     0     0    25.0   65.273  163.734   1941.0    703.3
     1     1    14     1    29    20     0     0    26.0   65.395  162.758   2042.9    694.4
     1     1    14     1    29    21     0     0    27.0   65.515  161.794   2143.8    687.4
     1     1    14     1    29    22     0     0    28.0   65.628  160.834   2244.1    680.9
     1     1    14     1    29    23     0     0    29.0   65.734  159.864   2346.2    674.6
     1     1    14     1    30     0     0     0    30.0   65.831  158.877   2452.8    669.3
     1     1    14     1    30     1     0     0    31.0   65.935  157.905   2555.2    663.9
     1     1    14     1    30     2     0     0    32.0   66.058  156.977   2642.7    660.5
     1     1    14     1    30     3     0     0    33.0   66.195  156.084   2717.4    658.3
     1     1    14     1    30     4     0     0    34.0   66.342  155.217   2781.3    657.0
     1     1    14     1    30     5     0     0    35.0   66.493  154.366   2834.5    655.1
     1     1    14     1    30     6     0     0    36.0   66.642  153.519   2880.8    653.1
     1     1    14     1    30     7     0     0    37.0   66.790  152.662   2925.0    651.2
     1     1    14     1    30     8     0     0    38.0   66.935  151.778   2970.3    646.7
     1     1    14     1    30     9     0     0    39.0   67.072  150.848   3020.3    641.0
     1     1    14     1    30    10     0     0    40.0   67.192  149.854   3077.6    633.9
     1     1    14     1    30    11     0     0    41.0   67.291  148.770   3141.7    623.4
     1     1    14     1    30    12     0     0    42.0   67.361  147.565   3219.1    611.1
     1     1    14     1    30    13     0     0    43.0   67.409  146.263   3301.5    596.3
     1     1    14     1    30    14     0     0    44.0   67.439  144.909   3377.7    582.1
     1     1    14     1    30    15     0     0    45.0   67.436  143.519   3451.1    568.8
     1     1    14     1    30    16     0     0    46.0   67.390  142.124   3520.7    556.0
     1     1    14     1    30    17     0     0    47.0   67.293  140.749   3589.0    545.3
     1     1    14     1    30    18     0     0    48.0   67.140  139.423   3653.3    535.9
