     1     1
    CDC1    14     1     1     0     0
     1 FORWARD  OMEGA   
    14     1     7     6   60.000 -175.000   500.0
     1 PRESSURE
     1     1    14     1     7     6     0     0     0.0   60.000 -175.000    500.0    923.9
     1     1    14     1     7     7     0     0     1.0   59.830 -176.129    504.3    924.6
     1     1    14     1     7     8     0     0     2.0   59.644 -177.208    509.3    924.6
     1     1    14     1     7     9     0     0     3.0   59.448 -178.235    513.3    923.1
     1     1    14     1     7    10     0     0     4.0   59.247 -179.212    514.9    921.9
     1     1    14     1     7    11     0     0     5.0   59.043  179.860    513.4    921.5
     1     1    14     1     7    12     0     0     6.0   58.836  178.980    508.2    921.1
     1     1    14     1     7    13     0     0     7.0   58.624  178.152    501.9    921.8
     1     1    14     1     7    14     0     0     8.0   58.399  177.380    496.9    922.4
     1     1    14     1     7    15     0     0     9.0   58.160  176.659    493.3    923.2
     1     1    14     1     7    16     0     0    10.0   57.908  175.981    490.7    924.3
     1     1    14     1     7    17     0     0    11.0   57.642  175.336    488.4    925.8
     1     1    14     1     7    18     0     0    12.0   57.365  174.722    485.6    927.0
     1     1    14     1     7    19     0     0    13.0   57.091  174.160    481.6    927.3
     1     1    14     1     7    20     0     0    14.0   56.831  173.657    477.3    927.3
     1     1    14     1     7    21     0     0    15.0   56.584  173.202    473.8    926.9
     1     1    14     1     7    22     0     0    16.0   56.349  172.788    471.7    926.0
     1     1    14     1     7    23     0     0    17.0   56.125  172.410    471.9    924.9
     1     1    14     1     8     0     0     0    18.0   55.910  172.070    474.9    923.8
     1     1    14     1     8     1     0     0    19.0   55.696  171.781    479.6    922.6
     1     1    14     1     8     2     0     0    20.0   55.476  171.553    484.0    921.6
     1     1    14     1     8     3     0     0    21.0   55.250  171.385    488.1    920.3
     1     1    14     1     8     4     0     0    22.0   55.016  171.277    492.0    918.9
     1     1    14     1     8     5     0     0    23.0   54.776  171.229    495.8    919.1
     1     1    14     1     8     6     0     0    24.0   54.534  171.238    499.3    919.2
     1     1    14     1     8     7     0     0    25.0   54.299  171.292    503.4    919.2
     1     1    14     1     8     8     0     0    26.0   54.082  171.374    509.1    918.8
     1     1    14     1     8     9     0     0    27.0   53.881  171.482    516.1    918.2
     1     1    14     1     8    10     0     0    28.0   53.695  171.612    524.5    917.5
     1     1    14     1     8    11     0     0    29.0   53.525  171.764    533.9    916.6
     1     1    14     1     8    12     0     0    30.0   53.368  171.933    544.2    915.7
     1     1    14     1     8    13     0     0    31.0   53.216  172.140    554.5    914.7
     1     1    14     1     8    14     0     0    32.0   53.062  172.405    564.7    913.7
     1     1    14     1     8    15     0     0    33.0   52.907  172.731    574.7    913.3
     1     1    14     1     8    16     0     0    34.0   52.757  173.120    584.5    913.3
     1     1    14     1     8    17     0     0    35.0   52.614  173.572    594.3    913.7
     1     1    14     1     8    18     0     0    36.0   52.482  174.085    604.2    914.3
     1     1    14     1     8    19     0     0    37.0   52.369  174.632    613.6    915.1
     1     1    14     1     8    20     0     0    38.0   52.280  175.183    621.2    915.5
     1     1    14     1     8    21     0     0    39.0   52.214  175.739    626.5    915.4
     1     1    14     1     8    22     0     0    40.0   52.172  176.298    629.3    915.2
     1     1    14     1     8    23     0     0    41.0   52.152  176.861    629.4    915.2
     1     1    14     1     9     0     0     0    42.0   52.154  177.427    626.9    915.3
     1     1    14     1     9     1     0     0    43.0   52.166  178.024    622.1    915.8
     1     1    14     1     9     2     0     0    44.0   52.177  178.680    616.3    916.0
     1     1    14     1     9     3     0     0    45.0   52.187  179.392    609.9    916.1
     1     1    14     1     9     4     0     0    46.0   52.197 -179.846    603.8    915.9
     1     1    14     1     9     5     0     0    47.0   52.213 -179.044    599.1    916.1
     1     1    14     1     9     6     0     0    48.0   52.241 -178.220    596.8    915.8
