     1     1
    CDC1    14     1     1     0     0
     1 FORWARD  OMEGA   
    14     1    25    18   60.000 -175.000   500.0
     1 PRESSURE
     1     1    14     1    25    18     0     0     0.0   60.000 -175.000    500.0    940.7
     1     1    14     1    25    19     0     0     1.0   59.851 -174.765    472.1    944.2
     1     1    14     1    25    20     0     0     2.0   59.674 -174.569    448.5    946.9
     1     1    14     1    25    21     0     0     3.0   59.469 -174.406    428.9    949.1
     1     1    14     1    25    22     0     0     4.0   59.231 -174.271    413.1    950.8
     1     1    14     1    25    23     0     0     5.0   58.960 -174.162    400.5    952.0
     1     1    14     1    26     0     0     0     6.0   58.653 -174.077    390.9    952.7
     1     1    14     1    26     1     0     0     7.0   58.321 -173.991    383.8    952.8
     1     1    14     1    26     2     0     0     8.0   57.975 -173.882    379.1    952.4
     1     1    14     1    26     3     0     0     9.0   57.615 -173.745    376.4    951.9
     1     1    14     1    26     4     0     0    10.0   57.247 -173.576    375.8    951.2
     1     1    14     1    26     5     0     0    11.0   56.873 -173.373    377.5    950.2
     1     1    14     1    26     6     0     0    12.0   56.493 -173.133    382.0    948.9
     1     1    14     1    26     7     0     0    13.0   56.096 -172.865    388.2    947.0
     1     1    14     1    26     8     0     0    14.0   55.667 -172.575    395.1    945.0
     1     1    14     1    26     9     0     0    15.0   55.203 -172.261    402.7    942.9
     1     1    14     1    26    10     0     0    16.0   54.704 -171.923    410.8    941.2
     1     1    14     1    26    11     0     0    17.0   54.172 -171.546    419.5    939.6
     1     1    14     1    26    12     0     0    18.0   53.603 -171.111    429.3    937.3
     1     1    14     1    26    13     0     0    19.0   53.005 -170.598    443.0    934.1
     1     1    14     1    26    14     0     0    20.0   52.388 -169.996    463.1    929.1
     1     1    14     1    26    15     0     0    21.0   51.783 -169.331    488.9    924.6
     1     1    14     1    26    16     0     0    22.0   51.219 -168.622    518.7    919.9
     1     1    14     1    26    17     0     0    23.0   50.691 -167.845    551.1    915.1
     1     1    14     1    26    18     0     0    24.0   50.208 -166.987    584.1    911.3
     1     1    14     1    26    19     0     0    25.0   49.799 -166.087    615.9    908.8
     1     1    14     1    26    20     0     0    26.0   49.468 -165.191    645.9    905.5
     1     1    14     1    26    21     0     0    27.0   49.205 -164.311    672.4    902.6
     1     1    14     1    26    22     0     0    28.0   49.001 -163.444    694.0    900.3
     1     1    14     1    26    23     0     0    29.0   48.833 -162.579    711.1    898.3
     1     1    14     1    27     0     0     0    30.0   48.679 -161.708    724.7    896.7
     1     1    14     1    27     1     0     0    31.0   48.522 -160.836    737.9    895.3
     1     1    14     1    27     2     0     0    32.0   48.365 -159.976    751.7    893.7
     1     1    14     1    27     3     0     0    33.0   48.213 -159.120    765.9    891.9
     1     1    14     1    27     4     0     0    34.0   48.071 -158.262    779.7    890.1
     1     1    14     1    27     5     0     0    35.0   47.953 -157.397    791.8    888.7
     1     1    14     1    27     6     0     0    36.0   47.873 -156.523    800.5    887.5
     1     1    14     1    27     7     0     0    37.0   47.855 -155.643    806.1    887.1
     1     1    14     1    27     8     0     0    38.0   47.922 -154.777    808.8    886.8
     1     1    14     1    27     9     0     0    39.0   48.078 -153.944    808.5    887.4
     1     1    14     1    27    10     0     0    40.0   48.330 -153.163    805.1    888.4
     1     1    14     1    27    11     0     0    41.0   48.681 -152.448    798.4    889.9
     1     1    14     1    27    12     0     0    42.0   49.127 -151.798    788.1    891.5
     1     1    14     1    27    13     0     0    43.0   49.651 -151.212    775.2    893.8
     1     1    14     1    27    14     0     0    44.0   50.238 -150.714    761.2    897.1
     1     1    14     1    27    15     0     0    45.0   50.878 -150.353    749.1    900.7
     1     1    14     1    27    16     0     0    46.0   51.560 -150.143    739.1    903.6
     1     1    14     1    27    17     0     0    47.0   52.284 -150.056    727.3    906.8
     1     1    14     1    27    18     0     0    48.0   53.031 -150.086    712.3    906.6
