     1     1
    CDC1    14     1     1     0     0
     1 FORWARD  OMEGA   
    14     1    25     0   60.000 -175.000   500.0
     1 PRESSURE
     1     1    14     1    25     0     0     0     0.0   60.000 -175.000    500.0    928.4
     1     1    14     1    25     1     0     0     1.0   59.718 -174.658    488.7    930.2
     1     1    14     1    25     2     0     0     2.0   59.501 -174.281    479.3    931.7
     1     1    14     1    25     3     0     0     3.0   59.349 -173.884    471.6    933.1
     1     1    14     1    25     4     0     0     4.0   59.260 -173.480    465.5    934.3
     1     1    14     1    25     5     0     0     5.0   59.234 -173.080    461.2    935.2
     1     1    14     1    25     6     0     0     6.0   59.270 -172.695    459.0    935.7
     1     1    14     1    25     7     0     0     7.0   59.360 -172.339    457.0    935.8
     1     1    14     1    25     8     0     0     8.0   59.490 -172.022    454.1    936.6
     1     1    14     1    25     9     0     0     9.0   59.658 -171.748    450.1    937.3
     1     1    14     1    25    10     0     0    10.0   59.863 -171.517    445.2    938.1
     1     1    14     1    25    11     0     0    11.0   60.102 -171.331    439.2    939.2
     1     1    14     1    25    12     0     0    12.0   60.370 -171.197    431.9    941.2
     1     1    14     1    25    13     0     0    13.0   60.638 -171.131    424.1    943.3
     1     1    14     1    25    14     0     0    14.0   60.874 -171.139    415.5    945.3
     1     1    14     1    25    15     0     0    15.0   61.075 -171.206    405.8    947.4
     1     1    14     1    25    16     0     0    16.0   61.238 -171.320    394.6    949.9
     1     1    14     1    25    17     0     0    17.0   61.362 -171.470    381.6    952.6
     1     1    14     1    25    18     0     0    18.0   61.445 -171.645    366.8    955.2
     1     1    14     1    25    19     0     0    19.0   61.491 -171.837    352.0    957.4
     1     1    14     1    25    20     0     0    20.0   61.504 -172.039    339.2    959.2
     1     1    14     1    25    21     0     0    21.0   61.480 -172.247    328.4    960.8
     1     1    14     1    25    22     0     0    22.0   61.419 -172.460    319.7    962.1
     1     1    14     1    25    23     0     0    23.0   61.317 -172.672    312.7    963.2
     1     1    14     1    26     0     0     0    24.0   61.176 -172.881    307.5    964.0
     1     1    14     1    26     1     0     0    25.0   61.004 -173.078    303.7    963.8
     1     1    14     1    26     2     0     0    26.0   60.813 -173.255    300.9    963.5
     1     1    14     1    26     3     0     0    27.0   60.603 -173.408    298.8    963.0
     1     1    14     1    26     4     0     0    28.0   60.375 -173.531    297.3    962.4
     1     1    14     1    26     5     0     0    29.0   60.131 -173.621    296.2    961.7
     1     1    14     1    26     6     0     0    30.0   59.872 -173.677    295.7    961.1
     1     1    14     1    26     7     0     0    31.0   59.600 -173.710    295.7    960.1
     1     1    14     1    26     8     0     0    32.0   59.316 -173.728    296.1    959.2
     1     1    14     1    26     9     0     0    33.0   59.016 -173.730    296.5    958.2
     1     1    14     1    26    10     0     0    34.0   58.697 -173.715    296.2    957.3
     1     1    14     1    26    11     0     0    35.0   58.357 -173.683    295.0    956.4
     1     1    14     1    26    12     0     0    36.0   57.993 -173.632    292.3    955.8
     1     1    14     1    26    13     0     0    37.0   57.603 -173.556    288.2    955.6
     1     1    14     1    26    14     0     0    38.0   57.193 -173.444    283.7    955.3
     1     1    14     1    26    15     0     0    39.0   56.766 -173.289    279.8    954.8
     1     1    14     1    26    16     0     0    40.0   56.323 -173.084    277.0    954.1
     1     1    14     1    26    17     0     0    41.0   55.863 -172.823    275.4    953.2
     1     1    14     1    26    18     0     0    42.0   55.382 -172.497    275.5    952.0
     1     1    14     1    26    19     0     0    43.0   54.894 -172.111    278.1    951.5
     1     1    14     1    26    20     0     0    44.0   54.421 -171.684    283.8    951.2
     1     1    14     1    26    21     0     0    45.0   53.969 -171.218    292.5    950.0
     1     1    14     1    26    22     0     0    46.0   53.533 -170.704    304.2    947.9
     1     1    14     1    26    23     0     0    47.0   53.108 -170.136    319.2    944.9
     1     1    14     1    27     0     0     0    48.0   52.696 -169.518    337.7    941.3
