     1     1
    CDC1    14     1     1     0     0
     1 FORWARD  OMEGA   
    14     1    15    12   60.000 -175.000   500.0
     1 PRESSURE
     1     1    14     1    15    12     0     0     0.0   60.000 -175.000    500.0    948.3
     1     1    14     1    15    13     0     0     1.0   59.855 -175.394    495.1    948.8
     1     1    14     1    15    14     0     0     2.0   59.707 -175.840    489.4    949.6
     1     1    14     1    15    15     0     0     3.0   59.557 -176.338    483.6    950.7
     1     1    14     1    15    16     0     0     4.0   59.407 -176.884    478.6    951.8
     1     1    14     1    15    17     0     0     5.0   59.259 -177.476    475.1    953.0
     1     1    14     1    15    18     0     0     6.0   59.112 -178.101    473.1    952.8
     1     1    14     1    15    19     0     0     7.0   58.968 -178.747    473.7    952.0
     1     1    14     1    15    20     0     0     8.0   58.830 -179.409    477.8    950.9
     1     1    14     1    15    21     0     0     9.0   58.698  179.916    484.6    949.6
     1     1    14     1    15    22     0     0    10.0   58.567  179.238    492.6    947.5
     1     1    14     1    15    23     0     0    11.0   58.429  178.565    500.9    945.8
     1     1    14     1    16     0     0     0    12.0   58.280  177.897    509.0    944.3
     1     1    14     1    16     1     0     0    13.0   58.118  177.228    516.7    943.5
     1     1    14     1    16     2     0     0    14.0   57.945  176.556    524.7    943.2
     1     1    14     1    16     3     0     0    15.0   57.765  175.881    533.5    943.0
     1     1    14     1    16     4     0     0    16.0   57.586  175.200    544.6    942.6
     1     1    14     1    16     5     0     0    17.0   57.413  174.517    558.5    941.5
     1     1    14     1    16     6     0     0    18.0   57.253  173.846    575.0    939.3
     1     1    14     1    16     7     0     0    19.0   57.103  173.202    594.5    936.6
     1     1    14     1    16     8     0     0    20.0   56.957  172.600    618.0    933.3
     1     1    14     1    16     9     0     0    21.0   56.817  172.046    645.7    929.6
     1     1    14     1    16    10     0     0    22.0   56.680  171.550    677.7    925.3
     1     1    14     1    16    11     0     0    23.0   56.547  171.117    714.3    920.5
     1     1    14     1    16    12     0     0    24.0   56.414  170.751    756.5    915.3
     1     1    14     1    16    13     0     0    25.0   56.283  170.425    799.2    909.9
     1     1    14     1    16    14     0     0    26.0   56.152  170.113    835.9    905.8
     1     1    14     1    16    15     0     0    27.0   56.024  169.809    865.5    902.3
     1     1    14     1    16    16     0     0    28.0   55.901  169.506    887.0    899.6
     1     1    14     1    16    17     0     0    29.0   55.785  169.202    900.0    898.0
     1     1    14     1    16    18     0     0    30.0   55.674  168.891    904.4    897.3
     1     1    14     1    16    19     0     0    31.0   55.572  168.568    907.3    898.3
     1     1    14     1    16    20     0     0    32.0   55.481  168.226    916.4    897.9
     1     1    14     1    16    21     0     0    33.0   55.406  167.864    931.4    897.1
     1     1    14     1    16    22     0     0    34.0   55.347  167.478    952.4    895.4
     1     1    14     1    16    23     0     0    35.0   55.310  167.065    978.2    890.6
     1     1    14     1    17     0     0     0    36.0   55.298  166.620   1008.8    885.2
     1     1    14     1    17     1     0     0    37.0   55.296  166.148   1039.9    879.0
     1     1    14     1    17     2     0     0    38.0   55.290  165.661   1067.5    873.6
     1     1    14     1    17     3     0     0    39.0   55.281  165.164   1091.0    868.8
     1     1    14     1    17     4     0     0    40.0   55.270  164.661   1109.1    862.5
     1     1    14     1    17     5     0     0    41.0   55.261  164.154   1121.8    855.6
     1     1    14     1    17     6     0     0    42.0   55.254  163.644   1129.5    849.3
     1     1    14     1    17     7     0     0    43.0   55.250  163.112   1137.8    843.6
     1     1    14     1    17     8     0     0    44.0   55.246  162.535   1151.5    836.2
     1     1    14     1    17     9     0     0    45.0   55.241  161.911   1171.8    829.8
     1     1    14     1    17    10     0     0    46.0   55.232  161.236   1197.1    822.7
     1     1    14     1    17    11     0     0    47.0   55.225  160.513   1225.9    814.9
     1     1    14     1    17    12     0     0    48.0   55.224  159.744   1257.4    808.8
