     1     1
    CDC1    14     1     1     0     0
     1 FORWARD  OMEGA   
    14     1    14    18   60.000 -175.000   500.0
     1 PRESSURE
     1     1    14     1    14    18     0     0     0.0   60.000 -175.000    500.0    933.5
     1     1    14     1    14    19     0     0     1.0   59.656 -175.397    482.3    937.0
     1     1    14     1    14    20     0     0     2.0   59.344 -175.804    466.4    940.1
     1     1    14     1    14    21     0     0     3.0   59.060 -176.232    452.2    942.9
     1     1    14     1    14    22     0     0     4.0   58.802 -176.691    439.5    945.4
     1     1    14     1    14    23     0     0     5.0   58.566 -177.193    428.1    947.7
     1     1    14     1    15     0     0     0     6.0   58.349 -177.745    417.8    949.5
     1     1    14     1    15     1     0     0     7.0   58.143 -178.334    408.1    950.9
     1     1    14     1    15     2     0     0     8.0   57.938 -178.945    399.2    952.6
     1     1    14     1    15     3     0     0     9.0   57.728 -179.577    391.3    954.3
     1     1    14     1    15     4     0     0    10.0   57.510  179.777    384.9    956.0
     1     1    14     1    15     5     0     0    11.0   57.279  179.137    380.4    956.7
     1     1    14     1    15     6     0     0    12.0   57.033  178.528    377.7    956.9
     1     1    14     1    15     7     0     0    13.0   56.774  177.927    378.9    956.6
     1     1    14     1    15     8     0     0    14.0   56.500  177.314    385.6    955.1
     1     1    14     1    15     9     0     0    15.0   56.212  176.695    397.2    952.1
     1     1    14     1    15    10     0     0    16.0   55.905  176.075    413.1    948.1
     1     1    14     1    15    11     0     0    17.0   55.571  175.457    433.4    943.2
     1     1    14     1    15    12     0     0    18.0   55.205  174.842    458.3    937.5
     1     1    14     1    15    13     0     0    19.0   54.831  174.266    484.9    933.4
     1     1    14     1    15    14     0     0    20.0   54.478  173.769    507.7    932.0
     1     1    14     1    15    15     0     0    21.0   54.144  173.347    524.5    931.2
     1     1    14     1    15    16     0     0    22.0   53.827  172.989    534.9    931.0
     1     1    14     1    15    17     0     0    23.0   53.525  172.685    538.8    931.4
     1     1    14     1    15    18     0     0    24.0   53.238  172.426    536.3    932.5
     1     1    14     1    15    19     0     0    25.0   52.961  172.212    531.9    934.1
     1     1    14     1    15    20     0     0    26.0   52.685  172.042    529.4    934.8
     1     1    14     1    15    21     0     0    27.0   52.411  171.917    529.0    935.3
     1     1    14     1    15    22     0     0    28.0   52.140  171.839    530.4    935.6
     1     1    14     1    15    23     0     0    29.0   51.875  171.811    533.3    935.7
     1     1    14     1    16     0     0     0    30.0   51.616  171.832    537.4    935.7
     1     1    14     1    16     1     0     0    31.0   51.367  171.908    540.2    935.5
     1     1    14     1    16     2     0     0    32.0   51.131  172.045    539.5    936.0
     1     1    14     1    16     3     0     0    33.0   50.904  172.243    535.6    937.0
     1     1    14     1    16     4     0     0    34.0   50.685  172.504    528.9    938.5
     1     1    14     1    16     5     0     0    35.0   50.475  172.826    520.3    939.8
     1     1    14     1    16     6     0     0    36.0   50.280  173.202    511.3    941.1
     1     1    14     1    16     7     0     0    37.0   50.108  173.609    502.3    942.1
     1     1    14     1    16     8     0     0    38.0   49.965  174.015    493.8    942.8
     1     1    14     1    16     9     0     0    39.0   49.851  174.408    485.6    943.3
     1     1    14     1    16    10     0     0    40.0   49.764  174.781    477.4    943.8
     1     1    14     1    16    11     0     0    41.0   49.702  175.129    469.0    944.1
     1     1    14     1    16    12     0     0    42.0   49.663  175.451    460.3    944.2
     1     1    14     1    16    13     0     0    43.0   49.633  175.759    452.9    944.5
     1     1    14     1    16    14     0     0    44.0   49.598  176.069    447.8    944.3
     1     1    14     1    16    15     0     0    45.0   49.560  176.380    444.8    943.8
     1     1    14     1    16    16     0     0    46.0   49.517  176.691    443.8    943.1
     1     1    14     1    16    17     0     0    47.0   49.469  177.000    444.5    942.2
     1     1    14     1    16    18     0     0    48.0   49.418  177.305    446.9    941.2
