     1     1
    CDC1    14     1     1     0     0
     1 FORWARD  OMEGA   
    14     1     7     0   60.000 -175.000   500.0
     1 PRESSURE
     1     1    14     1     7     0     0     0     0.0   60.000 -175.000    500.0    925.9
     1     1    14     1     7     1     0     0     1.0   59.954 -175.798    515.3    924.3
     1     1    14     1     7     2     0     0     2.0   59.875 -176.648    529.9    923.0
     1     1    14     1     7     3     0     0     3.0   59.764 -177.532    543.8    922.0
     1     1    14     1     7     4     0     0     4.0   59.627 -178.431    556.6    919.1
     1     1    14     1     7     5     0     0     5.0   59.476 -179.328    568.5    916.7
     1     1    14     1     7     6     0     0     6.0   59.318  179.794    579.8    914.5
     1     1    14     1     7     7     0     0     7.0   59.160  178.946    589.1    912.0
     1     1    14     1     7     8     0     0     8.0   59.007  178.130    595.2    910.4
     1     1    14     1     7     9     0     0     9.0   58.855  177.344    598.0    909.5
     1     1    14     1     7    10     0     0    10.0   58.700  176.587    597.1    909.4
     1     1    14     1     7    11     0     0    11.0   58.539  175.860    592.8    909.9
     1     1    14     1     7    12     0     0    12.0   58.373  175.163    585.7    911.0
     1     1    14     1     7    13     0     0    13.0   58.193  174.502    578.3    913.6
     1     1    14     1     7    14     0     0    14.0   57.988  173.880    572.5    916.4
     1     1    14     1     7    15     0     0    15.0   57.764  173.291    567.9    919.4
     1     1    14     1     7    16     0     0    16.0   57.521  172.729    564.1    922.8
     1     1    14     1     7    17     0     0    17.0   57.267  172.200    559.2    923.1
     1     1    14     1     7    18     0     0    18.0   57.007  171.715    552.7    923.2
     1     1    14     1     7    19     0     0    19.0   56.749  171.284    545.7    923.6
     1     1    14     1     7    20     0     0    20.0   56.500  170.907    540.2    923.7
     1     1    14     1     7    21     0     0    21.0   56.260  170.579    536.7    923.6
     1     1    14     1     7    22     0     0    22.0   56.027  170.294    535.9    923.2
     1     1    14     1     7    23     0     0    23.0   55.802  170.050    538.3    922.2
     1     1    14     1     8     0     0     0    24.0   55.584  169.844    544.2    920.8
     1     1    14     1     8     1     0     0    25.0   55.364  169.681    552.0    919.3
     1     1    14     1     8     2     0     0    26.0   55.132  169.568    559.0    918.1
     1     1    14     1     8     3     0     0    27.0   54.891  169.503    565.5    917.3
     1     1    14     1     8     4     0     0    28.0   54.641  169.483    571.2    916.8
     1     1    14     1     8     5     0     0    29.0   54.385  169.511    576.2    916.4
     1     1    14     1     8     6     0     0    30.0   54.126  169.588    580.8    915.7
     1     1    14     1     8     7     0     0    31.0   53.875  169.708    586.0    914.9
     1     1    14     1     8     8     0     0    32.0   53.643  169.858    593.1    913.5
     1     1    14     1     8     9     0     0    33.0   53.428  170.034    601.9    911.9
     1     1    14     1     8    10     0     0    34.0   53.229  170.235    612.0    910.4
     1     1    14     1     8    11     0     0    35.0   53.046  170.461    623.0    909.0
     1     1    14     1     8    12     0     0    36.0   52.879  170.708    634.7    907.6
     1     1    14     1     8    13     0     0    37.0   52.717  170.997    646.2    906.2
     1     1    14     1     8    14     0     0    38.0   52.555  171.347    657.1    905.0
     1     1    14     1     8    15     0     0    39.0   52.393  171.757    667.5    904.1
     1     1    14     1     8    16     0     0    40.0   52.233  172.219    677.7    903.4
     1     1    14     1     8    17     0     0    41.0   52.077  172.730    687.8    903.2
     1     1    14     1     8    18     0     0    42.0   51.928  173.292    698.1    903.5
     1     1    14     1     8    19     0     0    43.0   51.799  173.882    707.9    904.1
     1     1    14     1     8    20     0     0    44.0   51.695  174.479    715.8    904.5
     1     1    14     1     8    21     0     0    45.0   51.615  175.082    721.2    904.7
     1     1    14     1     8    22     0     0    46.0   51.558  175.689    723.3    904.3
     1     1    14     1     8    23     0     0    47.0   51.524  176.301    721.8    904.1
     1     1    14     1     9     0     0     0    48.0   51.512  176.915    716.6    904.3
