     1     1
    CDC1    14     1     1     0     0
     1 FORWARD  OMEGA   
    14     1     3    12   60.000 -175.000   500.0
     1 PRESSURE
     1     1    14     1     3    12     0     0     0.0   60.000 -175.000    500.0    943.5
     1     1    14     1     3    13     0     0     1.0   59.930 -175.031    480.4    946.4
     1     1    14     1     3    14     0     0     2.0   59.887 -175.178    463.4    949.0
     1     1    14     1     3    15     0     0     3.0   59.868 -175.457    449.1    951.3
     1     1    14     1     3    16     0     0     4.0   59.868 -175.886    438.2    953.3
     1     1    14     1     3    17     0     0     5.0   59.882 -176.486    431.5    954.6
     1     1    14     1     3    18     0     0     6.0   59.905 -177.286    430.6    955.1
     1     1    14     1     3    19     0     0     7.0   59.943 -178.266    437.6    952.2
     1     1    14     1     3    20     0     0     8.0   60.004 -179.400    455.0    947.0
     1     1    14     1     3    21     0     0     9.0   60.081  179.309    482.7    939.0
     1     1    14     1     3    22     0     0    10.0   60.162  177.878    522.0    928.3
     1     1    14     1     3    23     0     0    11.0   60.229  176.315    573.6    916.5
     1     1    14     1     4     0     0     0    12.0   60.258  174.623    635.4    903.7
     1     1    14     1     4     1     0     0    13.0   60.224  172.850    701.9    890.2
     1     1    14     1     4     2     0     0    14.0   60.120  171.047    770.0    879.5
     1     1    14     1     4     3     0     0    15.0   59.939  169.219    838.6    871.4
     1     1    14     1     4     4     0     0    16.0   59.674  167.411    903.4    865.1
     1     1    14     1     4     5     0     0    17.0   59.324  165.702    960.0    859.6
     1     1    14     1     4     6     0     0    18.0   58.899  164.143   1006.8    851.7
     1     1    14     1     4     7     0     0    19.0   58.430  162.758   1049.8    842.1
     1     1    14     1     4     8     0     0    20.0   57.961  161.572   1098.6    830.4
     1     1    14     1     4     9     0     0    21.0   57.497  160.587   1154.2    818.0
     1     1    14     1     4    10     0     0    22.0   57.041  159.819   1212.0    808.6
     1     1    14     1     4    11     0     0    23.0   56.601  159.262   1265.5    802.4
     1     1    14     1     4    12     0     0    24.0   56.178  158.882   1312.7    796.0
     1     1    14     1     4    13     0     0    25.0   55.776  158.633   1345.4    789.3
     1     1    14     1     4    14     0     0    26.0   55.396  158.477   1359.1    785.3
     1     1    14     1     4    15     0     0    27.0   55.037  158.405   1355.0    782.9
     1     1    14     1     4    16     0     0    28.0   54.699  158.389   1339.8    786.7
     1     1    14     1     4    17     0     0    29.0   54.385  158.397   1316.4    791.6
     1     1    14     1     4    18     0     0    30.0   54.089  158.418   1287.4    797.0
     1     1    14     1     4    19     0     0    31.0   53.809  158.455   1258.3    802.9
     1     1    14     1     4    20     0     0    32.0   53.548  158.519   1233.7    807.7
     1     1    14     1     4    21     0     0    33.0   53.310  158.614   1211.7    812.1
     1     1    14     1     4    22     0     0    34.0   53.095  158.739   1191.3    816.3
     1     1    14     1     4    23     0     0    35.0   52.907  158.897   1171.6    820.2
     1     1    14     1     5     0     0     0    36.0   52.750  159.083   1152.2    824.0
     1     1    14     1     5     1     0     0    37.0   52.609  159.281   1132.6    827.6
     1     1    14     1     5     2     0     0    38.0   52.469  159.474   1114.1    831.2
     1     1    14     1     5     3     0     0    39.0   52.324  159.653   1097.0    834.4
     1     1    14     1     5     4     0     0    40.0   52.173  159.813   1082.1    837.4
     1     1    14     1     5     5     0     0    41.0   52.011  159.955   1069.2    840.2
     1     1    14     1     5     6     0     0    42.0   51.834  160.080   1058.1    843.4
     1     1    14     1     5     7     0     0    43.0   51.649  160.206   1050.0    847.0
     1     1    14     1     5     8     0     0    44.0   51.465  160.346   1048.1    849.6
     1     1    14     1     5     9     0     0    45.0   51.277  160.497   1051.7    851.4
     1     1    14     1     5    10     0     0    46.0   51.083  160.657   1060.6    852.5
     1     1    14     1     5    11     0     0    47.0   50.880  160.824   1074.7    852.8
     1     1    14     1     5    12     0     0    48.0   50.663  160.995   1093.9    852.4
