     1     1
    CDC1    14     1     1     0     0
     1 FORWARD  OMEGA   
    14     1    22     6   60.000 -175.000   500.0
     1 PRESSURE
     1     1    14     1    22     6     0     0     0.0   60.000 -175.000    500.0    925.8
     1     1    14     1    22     7     0     0     1.0   60.231 -174.718    511.1    924.9
     1     1    14     1    22     8     0     0     2.0   60.481 -174.508    521.6    924.3
     1     1    14     1    22     9     0     0     3.0   60.748 -174.371    531.5    923.8
     1     1    14     1    22    10     0     0     4.0   61.032 -174.300    541.0    923.6
     1     1    14     1    22    11     0     0     5.0   61.332 -174.290    550.1    923.5
     1     1    14     1    22    12     0     0     6.0   61.649 -174.335    559.0    923.5
     1     1    14     1    22    13     0     0     7.0   61.969 -174.429    569.8    923.4
     1     1    14     1    22    14     0     0     8.0   62.281 -174.561    584.4    922.5
     1     1    14     1    22    15     0     0     9.0   62.588 -174.723    602.4    920.7
     1     1    14     1    22    16     0     0    10.0   62.887 -174.904    623.2    917.2
     1     1    14     1    22    17     0     0    11.0   63.177 -175.096    646.6    912.7
     1     1    14     1    22    18     0     0    12.0   63.465 -175.294    671.8    907.7
     1     1    14     1    22    19     0     0    13.0   63.747 -175.521    697.3    903.0
     1     1    14     1    22    20     0     0    14.0   64.019 -175.798    721.8    898.5
     1     1    14     1    22    21     0     0    15.0   64.288 -176.119    746.4    893.9
     1     1    14     1    22    22     0     0    16.0   64.559 -176.478    772.2    888.9
     1     1    14     1    22    23     0     0    17.0   64.838 -176.869    800.0    883.4
     1     1    14     1    23     0     0     0    18.0   65.132 -177.287    830.5    877.4
     1     1    14     1    23     1     0     0    19.0   65.419 -177.753    862.5    870.7
     1     1    14     1    23     2     0     0    20.0   65.682 -178.273    893.7    864.2
     1     1    14     1    23     3     0     0    21.0   65.933 -178.838    923.2    857.6
     1     1    14     1    23     4     0     0    22.0   66.180 -179.437    950.4    850.5
     1     1    14     1    23     5     0     0    23.0   66.434  179.940    974.9    843.4
     1     1    14     1    23     6     0     0    24.0   66.700  179.299    996.5    837.1
     1     1    14     1    23     7     0     0    25.0   66.966  178.644   1019.3    831.4
     1     1    14     1    23     8     0     0    26.0   67.226  177.977   1045.4    824.7
     1     1    14     1    23     9     0     0    27.0   67.485  177.302   1074.6    817.8
     1     1    14     1    23    10     0     0    28.0   67.740  176.615   1107.1    816.7
     1     1    14     1    23    11     0     0    29.0   67.988  175.912   1138.8    815.9
     1     1    14     1    23    12     0     0    30.0   68.238  175.200   1169.1    815.2
     1     1    14     1    23    13     0     0    31.0   68.491  174.460   1197.9    815.0
     1     1    14     1    23    14     0     0    32.0   68.740  173.672   1225.3    815.0
     1     1    14     1    23    15     0     0    33.0   68.989  172.840   1251.6    815.1
     1     1    14     1    23    16     0     0    34.0   69.242  171.970   1277.9    815.8
     1     1    14     1    23    17     0     0    35.0   69.496  171.071   1305.2    816.8
     1     1    14     1    23    18     0     0    36.0   69.758  170.147   1334.0    817.8
     1     1    14     1    23    19     0     0    37.0   70.011  169.195   1365.5    819.3
     1     1    14     1    23    20     0     0    38.0   70.238  168.200   1397.0    819.2
     1     1    14     1    23    21     0     0    39.0   70.438  167.161   1428.7    819.0
     1     1    14     1    23    22     0     0    40.0   70.614  166.107   1461.1    818.6
     1     1    14     1    23    23     0     0    41.0   70.770  165.063   1493.9    817.6
     1     1    14     1    24     0     0     0    42.0   70.912  164.050   1526.5    816.0
     1     1    14     1    24     1     0     0    43.0   71.044  163.065   1560.1    814.3
     1     1    14     1    24     2     0     0    44.0   71.172  162.098   1595.0    811.8
     1     1    14     1    24     3     0     0    45.0   71.301  161.146   1631.8    808.7
     1     1    14     1    24     4     0     0    46.0   71.436  160.210   1670.9    805.1
     1     1    14     1    24     5     0     0    47.0   71.583  159.287   1712.1    800.4
     1     1    14     1    24     6     0     0    48.0   71.747  158.376   1756.1    794.9
