     1     1
    CDC1    14     1     1     0     0
     1 FORWARD  OMEGA   
    14     1     1     0   60.000 -175.000   500.0
     1 PRESSURE
     1     1    14     1     1     0     0     0     0.0   60.000 -175.000    500.0    929.2
     1     1    14     1     1     1     0     0     1.0   60.030 -175.410    511.5    928.3
     1     1    14     1     1     2     0     0     2.0   60.030 -175.849    519.6    927.9
     1     1    14     1     1     3     0     0     3.0   60.005 -176.315    524.6    927.8
     1     1    14     1     1     4     0     0     4.0   59.958 -176.801    526.8    928.1
     1     1    14     1     1     5     0     0     5.0   59.893 -177.297    526.7    928.6
     1     1    14     1     1     6     0     0     6.0   59.813 -177.795    524.2    928.8
     1     1    14     1     1     7     0     0     7.0   59.723 -178.249    519.9    928.9
     1     1    14     1     1     8     0     0     8.0   59.630 -178.624    514.1    929.3
     1     1    14     1     1     9     0     0     9.0   59.536 -178.923    506.8    930.1
     1     1    14     1     1    10     0     0    10.0   59.445 -179.151    497.9    931.2
     1     1    14     1     1    11     0     0    11.0   59.357 -179.313    487.4    932.6
     1     1    14     1     1    12     0     0    12.0   59.276 -179.413    475.3    934.3
     1     1    14     1     1    13     0     0    13.0   59.200 -179.497    462.8    936.0
     1     1    14     1     1    14     0     0    14.0   59.132 -179.613    451.3    937.4
     1     1    14     1     1    15     0     0    15.0   59.072 -179.763    440.5    938.7
     1     1    14     1     1    16     0     0    16.0   59.018 -179.953    430.5    939.9
     1     1    14     1     1    17     0     0    17.0   58.973  179.817    420.9    940.9
     1     1    14     1     1    18     0     0    18.0   58.935  179.544    411.8    941.7
     1     1    14     1     1    19     0     0    19.0   58.899  179.239    402.8    942.9
     1     1    14     1     1    20     0     0    20.0   58.860  178.915    392.8    944.2
     1     1    14     1     1    21     0     0    21.0   58.818  178.573    382.4    945.4
     1     1    14     1     1    22     0     0    22.0   58.773  178.215    371.8    946.3
     1     1    14     1     1    23     0     0    23.0   58.723  177.843    361.1    947.1
     1     1    14     1     2     0     0     0    24.0   58.671  177.461    350.6    947.9
     1     1    14     1     2     1     0     0    25.0   58.608  177.070    341.2    949.2
     1     1    14     1     2     2     0     0    26.0   58.528  176.676    332.7    950.3
     1     1    14     1     2     3     0     0    27.0   58.433  176.286    325.0    951.6
     1     1    14     1     2     4     0     0    28.0   58.322  175.909    317.8    953.1
     1     1    14     1     2     5     0     0    29.0   58.196  175.554    310.6    954.8
     1     1    14     1     2     6     0     0    30.0   58.056  175.228    303.3    956.7
     1     1    14     1     2     7     0     0    31.0   57.911  174.942    295.2    959.0
     1     1    14     1     2     8     0     0    32.0   57.775  174.698    286.1    961.5
     1     1    14     1     2     9     0     0    33.0   57.647  174.488    275.7    964.2
     1     1    14     1     2    10     0     0    34.0   57.527  174.307    264.4    967.1
     1     1    14     1     2    11     0     0    35.0   57.417  174.153    252.3    969.0
     1     1    14     1     2    12     0     0    36.0   57.316  174.024    239.8    970.7
     1     1    14     1     2    13     0     0    37.0   57.228  173.904    226.9    972.1
     1     1    14     1     2    14     0     0    38.0   57.154  173.776    213.6    973.8
     1     1    14     1     2    15     0     0    39.0   57.097  173.632    199.9    975.6
     1     1    14     1     2    16     0     0    40.0   57.055  173.463    186.0    977.1
     1     1    14     1     2    17     0     0    41.0   57.031  173.260    171.8    978.7
     1     1    14     1     2    18     0     0    42.0   57.024  173.011    157.5    980.6
     1     1    14     1     2    19     0     0    43.0   57.024  172.679    144.3    982.5
     1     1    14     1     2    20     0     0    44.0   57.022  172.231    133.6    984.2
     1     1    14     1     2    21     0     0    45.0   57.014  171.677    126.8    985.6
     1     1    14     1     2    22     0     0    46.0   56.996  171.027    124.7    986.3
     1     1    14     1     2    23     0     0    47.0   56.962  170.289    127.6    986.4
     1     1    14     1     3     0     0     0    48.0   56.910  169.491    135.1    984.6
