     1     1
    CDC1    14     1     1     0     0
     1 FORWARD  OMEGA   
    14     1    26     0   60.000 -175.000   500.0
     1 PRESSURE
     1     1    14     1    26     0     0     0     0.0   60.000 -175.000    500.0    941.7
     1     1    14     1    26     1     0     0     1.0   59.710 -174.946    483.3    943.2
     1     1    14     1    26     2     0     0     2.0   59.408 -174.880    470.0    944.0
     1     1    14     1    26     3     0     0     3.0   59.093 -174.799    459.7    944.4
     1     1    14     1    26     4     0     0     4.0   58.767 -174.699    451.9    944.5
     1     1    14     1    26     5     0     0     5.0   58.431 -174.575    446.2    944.2
     1     1    14     1    26     6     0     0     6.0   58.087 -174.424    442.3    943.7
     1     1    14     1    26     7     0     0     7.0   57.729 -174.254    438.7    942.6
     1     1    14     1    26     8     0     0     8.0   57.350 -174.074    434.6    941.9
     1     1    14     1    26     9     0     0     9.0   56.950 -173.885    430.0    941.4
     1     1    14     1    26    10     0     0    10.0   56.528 -173.682    425.0    940.9
     1     1    14     1    26    11     0     0    11.0   56.076 -173.457    419.6    940.5
     1     1    14     1    26    12     0     0    12.0   55.587 -173.198    413.8    940.0
     1     1    14     1    26    13     0     0    13.0   55.063 -172.890    409.1    939.7
     1     1    14     1    26    14     0     0    14.0   54.518 -172.513    407.5    940.4
     1     1    14     1    26    15     0     0    15.0   53.969 -172.068    409.9    940.2
     1     1    14     1    26    16     0     0    16.0   53.423 -171.566    417.5    938.5
     1     1    14     1    26    17     0     0    17.0   52.875 -170.998    431.0    935.2
     1     1    14     1    26    18     0     0    18.0   52.324 -170.355    450.2    930.4
     1     1    14     1    26    19     0     0    19.0   51.788 -169.651    473.7    926.4
     1     1    14     1    26    20     0     0    20.0   51.291 -168.903    499.6    922.8
     1     1    14     1    26    21     0     0    21.0   50.838 -168.111    526.9    919.3
     1     1    14     1    26    22     0     0    22.0   50.426 -167.264    554.7    916.2
     1     1    14     1    26    23     0     0    23.0   50.066 -166.367    581.2    914.4
     1     1    14     1    27     0     0     0    24.0   49.765 -165.452    604.1    912.7
     1     1    14     1    27     1     0     0    25.0   49.499 -164.559    624.8    910.5
     1     1    14     1    27     2     0     0    26.0   49.243 -163.698    645.2    907.6
     1     1    14     1    27     3     0     0    27.0   48.990 -162.859    665.2    904.6
     1     1    14     1    27     4     0     0    28.0   48.738 -162.030    684.9    901.5
     1     1    14     1    27     5     0     0    29.0   48.489 -161.202    704.3    898.9
     1     1    14     1    27     6     0     0    30.0   48.248 -160.369    723.4    896.7
     1     1    14     1    27     7     0     0    31.0   48.035 -159.517    743.4    895.0
     1     1    14     1    27     8     0     0    32.0   47.876 -158.644    764.2    893.0
     1     1    14     1    27     9     0     0    33.0   47.785 -157.761    784.4    891.0
     1     1    14     1    27    10     0     0    34.0   47.774 -156.878    802.2    889.1
     1     1    14     1    27    11     0     0    35.0   47.852 -156.015    815.8    887.4
     1     1    14     1    27    12     0     0    36.0   48.029 -155.190    824.2    886.0
     1     1    14     1    27    13     0     0    37.0   48.294 -154.419    828.1    885.8
     1     1    14     1    27    14     0     0    38.0   48.637 -153.709    828.5    886.3
     1     1    14     1    27    15     0     0    39.0   49.061 -153.065    824.8    887.5
     1     1    14     1    27    16     0     0    40.0   49.569 -152.491    816.0    889.9
     1     1    14     1    27    17     0     0    41.0   50.155 -151.994    801.4    892.9
     1     1    14     1    27    18     0     0    42.0   50.800 -151.609    782.2    897.5
     1     1    14     1    27    19     0     0    43.0   51.487 -151.387    762.4    902.0
     1     1    14     1    27    20     0     0    44.0   52.204 -151.348    747.4    905.5
     1     1    14     1    27    21     0     0    45.0   52.935 -151.492    739.0    905.3
     1     1    14     1    27    22     0     0    46.0   53.658 -151.812    741.4    901.9
     1     1    14     1    27    23     0     0    47.0   54.367 -152.282    755.6    897.5
     1     1    14     1    28     0     0     0    48.0   55.064 -152.879    781.0    893.2
