     1     1
    CDC1    14     1     1     0     0
     1 FORWARD  OMEGA   
    14     1    18    18   60.000 -175.000   500.0
     1 PRESSURE
     1     1    14     1    18    18     0     0     0.0   60.000 -175.000    500.0    905.0
     1     1    14     1    18    19     0     0     1.0   59.736 -175.158    525.6    903.3
     1     1    14     1    18    20     0     0     2.0   59.508 -175.218    544.2    902.7
     1     1    14     1    18    21     0     0     3.0   59.321 -175.193    556.1    902.7
     1     1    14     1    18    22     0     0     4.0   59.174 -175.096    561.6    903.3
     1     1    14     1    18    23     0     0     5.0   59.071 -174.940    560.8    904.5
     1     1    14     1    19     0     0     0     6.0   59.013 -174.736    553.9    906.4
     1     1    14     1    19     1     0     0     7.0   58.994 -174.502    545.1    908.6
     1     1    14     1    19     2     0     0     8.0   59.011 -174.255    539.8    910.0
     1     1    14     1    19     3     0     0     9.0   59.060 -174.003    537.8    911.0
     1     1    14     1    19     4     0     0    10.0   59.142 -173.756    539.4    911.6
     1     1    14     1    19     5     0     0    11.0   59.253 -173.521    544.9    911.7
     1     1    14     1    19     6     0     0    12.0   59.391 -173.303    555.0    911.5
     1     1    14     1    19     7     0     0    13.0   59.563 -173.105    567.5    910.3
     1     1    14     1    19     8     0     0    14.0   59.773 -172.930    580.3    909.1
     1     1    14     1    19     9     0     0    15.0   60.019 -172.780    593.5    907.8
     1     1    14     1    19    10     0     0    16.0   60.285 -172.666    607.4    907.3
     1     1    14     1    19    11     0     0    17.0   60.558 -172.598    622.1    906.9
     1     1    14     1    19    12     0     0    18.0   60.833 -172.575    638.0    906.2
     1     1    14     1    19    13     0     0    19.0   61.098 -172.619    657.6    905.6
     1     1    14     1    19    14     0     0    20.0   61.345 -172.740    681.8    904.3
     1     1    14     1    19    15     0     0    21.0   61.576 -172.923    710.2    902.6
     1     1    14     1    19    16     0     0    22.0   61.792 -173.154    742.5    900.5
     1     1    14     1    19    17     0     0    23.0   61.998 -173.421    778.2    898.0
     1     1    14     1    19    18     0     0    24.0   62.197 -173.715    816.8    895.2
     1     1    14     1    19    19     0     0    25.0   62.388 -174.054    855.2    891.7
     1     1    14     1    19    20     0     0    26.0   62.567 -174.462    891.3    888.7
     1     1    14     1    19    21     0     0    27.0   62.734 -174.937    925.9    885.3
     1     1    14     1    19    22     0     0    28.0   62.890 -175.469    958.7    880.8
     1     1    14     1    19    23     0     0    29.0   63.034 -176.054    989.7    876.2
     1     1    14     1    20     0     0     0    30.0   63.169 -176.690   1019.8    871.6
     1     1    14     1    20     1     0     0    31.0   63.279 -177.378   1051.0    866.9
     1     1    14     1    20     2     0     0    32.0   63.352 -178.115   1082.9    861.4
     1     1    14     1    20     3     0     0    33.0   63.393 -178.894   1114.3    855.9
     1     1    14     1    20     4     0     0    34.0   63.410 -179.708   1145.5    850.3
     1     1    14     1    20     5     0     0    35.0   63.410  179.449   1176.2    844.8
     1     1    14     1    20     6     0     0    36.0   63.396  178.584   1205.8    839.5
     1     1    14     1    20     7     0     0    37.0   63.367  177.687   1234.9    834.3
     1     1    14     1    20     8     0     0    38.0   63.319  176.757   1263.8    828.6
     1     1    14     1    20     9     0     0    39.0   63.258  175.810   1292.0    822.8
     1     1    14     1    20    10     0     0    40.0   63.186  174.860   1319.7    816.4
     1     1    14     1    20    11     0     0    41.0   63.109  173.928   1346.3    809.5
     1     1    14     1    20    12     0     0    42.0   63.030  173.030   1372.1    802.8
     1     1    14     1    20    13     0     0    43.0   62.946  172.182   1394.9    796.6
     1     1    14     1    20    14     0     0    44.0   62.853  171.394   1412.4    791.7
     1     1    14     1    20    15     0     0    45.0   62.761  170.662   1425.6    787.6
     1     1    14     1    20    16     0     0    46.0   62.674  169.980   1435.5    784.1
     1     1    14     1    20    17     0     0    47.0   62.597  169.343   1443.6    782.0
     1     1    14     1    20    18     0     0    48.0   62.533  168.741   1450.7    780.1
