     1     1
    CDC1    14     1     1     0     0
     1 FORWARD  OMEGA   
    14     1    28    12   60.000 -175.000   500.0
     1 PRESSURE
     1     1    14     1    28    12     0     0     0.0   60.000 -175.000    500.0    930.5
     1     1    14     1    28    13     0     0     1.0   60.158 -175.405    533.5    926.8
     1     1    14     1    28    14     0     0     2.0   60.329 -175.853    566.6    923.1
     1     1    14     1    28    15     0     0     3.0   60.509 -176.337    599.4    919.6
     1     1    14     1    28    16     0     0     4.0   60.694 -176.852    632.1    916.2
     1     1    14     1    28    17     0     0     5.0   60.880 -177.390    664.3    912.1
     1     1    14     1    28    18     0     0     6.0   61.067 -177.947    695.3    907.0
     1     1    14     1    28    19     0     0     7.0   61.261 -178.529    728.1    902.3
     1     1    14     1    28    20     0     0     8.0   61.460 -179.145    765.8    896.5
     1     1    14     1    28    21     0     0     9.0   61.663 -179.798    808.1    890.2
     1     1    14     1    28    22     0     0    10.0   61.873  179.507    854.2    882.9
     1     1    14     1    28    23     0     0    11.0   62.090  178.768    903.4    874.9
     1     1    14     1    29     0     0     0    12.0   62.315  177.987    955.2    866.0
     1     1    14     1    29     1     0     0    13.0   62.543  177.173   1009.3    855.5
     1     1    14     1    29     2     0     0    14.0   62.775  176.343   1065.5    844.6
     1     1    14     1    29     3     0     0    15.0   63.012  175.503   1122.3    834.4
     1     1    14     1    29     4     0     0    16.0   63.251  174.649   1178.8    824.9
     1     1    14     1    29     5     0     0    17.0   63.486  173.774   1234.2    815.9
     1     1    14     1    29     6     0     0    18.0   63.715  172.873   1287.6    807.1
     1     1    14     1    29     7     0     0    19.0   63.932  171.942   1339.1    797.4
     1     1    14     1    29     8     0     0    20.0   64.138  170.977   1389.5    787.3
     1     1    14     1    29     9     0     0    21.0   64.333  169.977   1439.8    777.1
     1     1    14     1    29    10     0     0    22.0   64.519  168.944   1490.2    766.8
     1     1    14     1    29    11     0     0    23.0   64.699  167.883   1541.7    755.9
     1     1    14     1    29    12     0     0    24.0   64.874  166.799   1596.1    745.2
     1     1    14     1    29    13     0     0    25.0   65.040  165.711   1657.8    734.7
     1     1    14     1    29    14     0     0    26.0   65.195  164.648   1730.0    725.3
     1     1    14     1    29    15     0     0    27.0   65.343  163.616   1809.4    717.8
     1     1    14     1    29    16     0     0    28.0   65.487  162.609   1891.8    710.7
     1     1    14     1    29    17     0     0    29.0   65.629  161.624   1975.6    705.8
     1     1    14     1    29    18     0     0    30.0   65.773  160.661   2055.6    701.9
     1     1    14     1    29    19     0     0    31.0   65.918  159.721   2131.5    699.0
     1     1    14     1    29    20     0     0    32.0   66.060  158.802   2206.3    697.1
     1     1    14     1    29    21     0     0    33.0   66.196  157.896   2281.1    695.1
     1     1    14     1    29    22     0     0    34.0   66.324  156.993   2357.5    692.6
     1     1    14     1    29    23     0     0    35.0   66.445  156.081   2436.5    689.5
     1     1    14     1    30     0     0     0    36.0   66.559  155.152   2519.4    686.1
     1     1    14     1    30     1     0     0    37.0   66.679  154.223   2597.1    680.7
     1     1    14     1    30     2     0     0    38.0   66.813  153.313   2661.4    677.1
     1     1    14     1    30     3     0     0    39.0   66.954  152.413   2716.3    673.9
     1     1    14     1    30     4     0     0    40.0   67.097  151.508   2761.4    668.7
     1     1    14     1    30     5     0     0    41.0   67.235  150.585   2802.6    663.6
     1     1    14     1    30     6     0     0    42.0   67.363  149.634   2841.7    657.6
     1     1    14     1    30     7     0     0    43.0   67.478  148.639   2882.4    649.8
     1     1    14     1    30     8     0     0    44.0   67.580  147.578   2928.8    640.3
     1     1    14     1    30     9     0     0    45.0   67.663  146.435   2982.5    629.2
     1     1    14     1    30    10     0     0    46.0   67.721  145.187   3046.3    617.2
     1     1    14     1    30    11     0     0    47.0   67.749  143.818   3123.1    604.6
     1     1    14     1    30    12     0     0    48.0   67.745  142.317   3213.5    590.8
