     1     1
    CDC1    14     1     1     0     0
     1 FORWARD  OMEGA   
    14     1     6    18   60.000 -175.000   500.0
     1 PRESSURE
     1     1    14     1     6    18     0     0     0.0   60.000 -175.000    500.0    923.4
     1     1    14     1     6    19     0     0     1.0   60.095 -175.743    519.0    922.1
     1     1    14     1     6    20     0     0     2.0   60.136 -176.494    540.2    920.3
     1     1    14     1     6    21     0     0     3.0   60.132 -177.252    562.9    918.5
     1     1    14     1     6    22     0     0     4.0   60.091 -178.017    585.8    915.8
     1     1    14     1     6    23     0     0     5.0   60.022 -178.791    608.0    912.7
     1     1    14     1     7     0     0     0     6.0   59.934 -179.573    629.0    909.9
     1     1    14     1     7     1     0     0     7.0   59.833  179.633    648.4    906.0
     1     1    14     1     7     2     0     0     8.0   59.724  178.829    665.6    902.2
     1     1    14     1     7     3     0     0     9.0   59.613  178.027    681.0    898.9
     1     1    14     1     7     4     0     0    10.0   59.507  177.240    694.8    896.0
     1     1    14     1     7     5     0     0    11.0   59.406  176.476    706.6    893.6
     1     1    14     1     7     6     0     0    12.0   59.313  175.743    716.4    891.5
     1     1    14     1     7     7     0     0    13.0   59.222  175.032    723.7    890.0
     1     1    14     1     7     8     0     0    14.0   59.120  174.336    727.0    890.4
     1     1    14     1     7     9     0     0    15.0   59.000  173.658    726.6    891.6
     1     1    14     1     7    10     0     0    16.0   58.866  173.002    723.1    893.5
     1     1    14     1     7    11     0     0    17.0   58.718  172.371    717.3    895.8
     1     1    14     1     7    12     0     0    18.0   58.555  171.773    709.4    898.7
     1     1    14     1     7    13     0     0    19.0   58.373  171.212    701.1    902.1
     1     1    14     1     7    14     0     0    20.0   58.167  170.687    693.8    905.5
     1     1    14     1     7    15     0     0    21.0   57.943  170.192    687.2    909.1
     1     1    14     1     7    16     0     0    22.0   57.703  169.724    680.6    911.9
     1     1    14     1     7    17     0     0    23.0   57.454  169.279    673.5    913.7
     1     1    14     1     7    18     0     0    24.0   57.202  168.865    664.7    913.6
     1     1    14     1     7    19     0     0    25.0   56.955  168.494    656.4    914.4
     1     1    14     1     7    20     0     0    26.0   56.714  168.173    650.8    915.0
     1     1    14     1     7    21     0     0    27.0   56.480  167.899    648.3    915.4
     1     1    14     1     7    22     0     0    28.0   56.250  167.667    649.3    915.7
     1     1    14     1     7    23     0     0    29.0   56.024  167.476    654.1    915.4
     1     1    14     1     8     0     0     0    30.0   55.802  167.324    662.8    914.0
     1     1    14     1     8     1     0     0    31.0   55.575  167.206    672.9    912.2
     1     1    14     1     8     2     0     0    32.0   55.333  167.118    681.7    911.0
     1     1    14     1     8     3     0     0    33.0   55.076  167.060    689.2    910.2
     1     1    14     1     8     4     0     0    34.0   54.806  167.031    695.3    909.6
     1     1    14     1     8     5     0     0    35.0   54.527  167.035    699.6    909.4
     1     1    14     1     8     6     0     0    36.0   54.243  167.075    702.5    909.5
     1     1    14     1     8     7     0     0    37.0   53.965  167.155    705.3    910.0
     1     1    14     1     8     8     0     0    38.0   53.706  167.271    710.1    909.9
     1     1    14     1     8     9     0     0    39.0   53.464  167.420    716.8    909.3
     1     1    14     1     8    10     0     0    40.0   53.238  167.600    725.4    907.9
     1     1    14     1     8    11     0     0    41.0   53.029  167.809    735.9    905.7
     1     1    14     1     8    12     0     0    42.0   52.836  168.045    748.2    903.1
     1     1    14     1     8    13     0     0    43.0   52.649  168.321    760.8    900.4
     1     1    14     1     8    14     0     0    44.0   52.460  168.650    772.6    897.7
     1     1    14     1     8    15     0     0    45.0   52.270  169.030    783.5    895.0
     1     1    14     1     8    16     0     0    46.0   52.080  169.457    793.7    892.7
     1     1    14     1     8    17     0     0    47.0   51.889  169.937    803.5    890.5
     1     1    14     1     8    18     0     0    48.0   51.699  170.470    813.3    889.9
