     1     1
    CDC1    14     1     1     0     0
     1 FORWARD  OMEGA   
    14     1    24     0   60.000 -175.000   500.0
     1 PRESSURE
     1     1    14     1    24     0     0     0     0.0   60.000 -175.000    500.0    937.7
     1     1    14     1    24     1     0     0     1.0   59.621 -174.864    498.7    936.5
     1     1    14     1    24     2     0     0     2.0   59.193 -174.720    496.8    935.4
     1     1    14     1    24     3     0     0     3.0   58.721 -174.551    494.2    934.3
     1     1    14     1    24     4     0     0     4.0   58.210 -174.343    490.6    933.4
     1     1    14     1    24     5     0     0     5.0   57.666 -174.077    485.8    932.7
     1     1    14     1    24     6     0     0     6.0   57.106 -173.764    478.9    932.4
     1     1    14     1    24     7     0     0     7.0   56.547 -173.413    468.1    932.7
     1     1    14     1    24     8     0     0     8.0   55.999 -173.007    454.4    934.0
     1     1    14     1    24     9     0     0     9.0   55.464 -172.528    439.3    935.8
     1     1    14     1    24    10     0     0    10.0   54.968 -171.974    425.1    938.2
     1     1    14     1    24    11     0     0    11.0   54.551 -171.378    414.9    941.1
     1     1    14     1    24    12     0     0    12.0   54.223 -170.764    410.3    942.8
     1     1    14     1    24    13     0     0    13.0   53.989 -170.151    408.9    943.9
     1     1    14     1    24    14     0     0    14.0   53.853 -169.561    406.6    944.7
     1     1    14     1    24    15     0     0    15.0   53.810 -168.996    402.1    945.6
     1     1    14     1    24    16     0     0    16.0   53.850 -168.454    395.0    947.0
     1     1    14     1    24    17     0     0    17.0   53.970 -167.928    385.2    948.6
     1     1    14     1    24    18     0     0    18.0   54.170 -167.413    372.7    950.3
     1     1    14     1    24    19     0     0    19.0   54.431 -166.915    359.4    952.8
     1     1    14     1    24    20     0     0    20.0   54.730 -166.444    346.7    954.8
     1     1    14     1    24    21     0     0    21.0   55.063 -165.999    333.8    956.8
     1     1    14     1    24    22     0     0    22.0   55.429 -165.601    321.6    959.3
     1     1    14     1    24    23     0     0    23.0   55.829 -165.261    310.6    961.7
     1     1    14     1    25     0     0     0    24.0   56.264 -164.966    300.1    964.3
     1     1    14     1    25     1     0     0    25.0   56.719 -164.712    292.3    966.5
     1     1    14     1    25     2     0     0    26.0   57.179 -164.502    289.4    967.9
     1     1    14     1    25     3     0     0    27.0   57.638 -164.342    291.7    968.3
     1     1    14     1    25     4     0     0    28.0   58.087 -164.256    299.7    967.6
     1     1    14     1    25     5     0     0    29.0   58.522 -164.249    313.3    966.2
     1     1    14     1    25     6     0     0    30.0   58.951 -164.307    331.9    964.5
     1     1    14     1    25     7     0     0    31.0   59.380 -164.425    353.4    961.9
     1     1    14     1    25     8     0     0    32.0   59.813 -164.600    374.5    959.9
     1     1    14     1    25     9     0     0    33.0   60.250 -164.823    393.7    957.9
     1     1    14     1    25    10     0     0    34.0   60.687 -165.079    408.9    956.2
     1     1    14     1    25    11     0     0    35.0   61.122 -165.358    418.7    954.7
     1     1    14     1    25    12     0     0    36.0   61.555 -165.654    423.0    954.1
     1     1    14     1    25    13     0     0    37.0   61.982 -165.987    422.6    953.0
     1     1    14     1    25    14     0     0    38.0   62.396 -166.378    417.8    952.7
     1     1    14     1    25    15     0     0    39.0   62.787 -166.809    409.7    952.9
     1     1    14     1    25    16     0     0    40.0   63.146 -167.257    399.7    953.6
     1     1    14     1    25    17     0     0    41.0   63.469 -167.710    388.8    954.9
     1     1    14     1    25    18     0     0    42.0   63.753 -168.153    377.6    956.3
     1     1    14     1    25    19     0     0    43.0   64.002 -168.586    367.5    957.2
     1     1    14     1    25    20     0     0    44.0   64.220 -169.020    360.3    957.9
     1     1    14     1    25    21     0     0    45.0   64.406 -169.460    356.0    958.5
     1     1    14     1    25    22     0     0    46.0   64.561 -169.909    354.9    958.9
     1     1    14     1    25    23     0     0    47.0   64.682 -170.370    356.9    958.9
     1     1    14     1    26     0     0     0    48.0   64.767 -170.841    362.0    958.6
