     1     1
    CDC1    14     1     1     0     0
     1 FORWARD  OMEGA   
    14     1     9     6   60.000 -175.000   500.0
     1 PRESSURE
     1     1    14     1     9     6     0     0     0.0   60.000 -175.000    500.0    924.9
     1     1    14     1     9     7     0     0     1.0   59.805 -175.618    517.6    923.2
     1     1    14     1     9     8     0     0     2.0   59.590 -176.187    530.5    922.0
     1     1    14     1     9     9     0     0     3.0   59.356 -176.700    538.0    921.4
     1     1    14     1     9    10     0     0     4.0   59.106 -177.151    539.4    921.4
     1     1    14     1     9    11     0     0     5.0   58.844 -177.534    534.0    922.1
     1     1    14     1     9    12     0     0     6.0   58.574 -177.848    521.3    923.5
     1     1    14     1     9    13     0     0     7.0   58.307 -178.116    504.9    925.7
     1     1    14     1     9    14     0     0     8.0   58.045 -178.364    487.6    927.7
     1     1    14     1     9    15     0     0     9.0   57.787 -178.586    470.2    929.9
     1     1    14     1     9    16     0     0    10.0   57.534 -178.777    452.9    932.1
     1     1    14     1     9    17     0     0    11.0   57.283 -178.927    436.4    934.2
     1     1    14     1     9    18     0     0    12.0   57.036 -179.022    421.2    936.2
     1     1    14     1     9    19     0     0    13.0   56.792 -179.048    407.1    938.2
     1     1    14     1     9    20     0     0    14.0   56.552 -178.995    393.6    940.1
     1     1    14     1     9    21     0     0    15.0   56.319 -178.870    380.4    941.6
     1     1    14     1     9    22     0     0    16.0   56.096 -178.675    367.5    942.6
     1     1    14     1     9    23     0     0    17.0   55.882 -178.415    354.8    943.4
     1     1    14     1    10     0     0     0    18.0   55.677 -178.087    342.3    943.9
     1     1    14     1    10     1     0     0    19.0   55.491 -177.717    329.5    944.2
     1     1    14     1    10     2     0     0    20.0   55.333 -177.340    315.9    945.1
     1     1    14     1    10     3     0     0    21.0   55.203 -176.965    302.0    946.6
     1     1    14     1    10     4     0     0    22.0   55.099 -176.596    287.7    948.2
     1     1    14     1    10     5     0     0    23.0   55.017 -176.234    272.7    949.9
     1     1    14     1    10     6     0     0    24.0   54.954 -175.883    257.0    952.1
     1     1    14     1    10     7     0     0    25.0   54.919 -175.556    242.6    954.3
     1     1    14     1    10     8     0     0    26.0   54.916 -175.264    230.7    956.0
     1     1    14     1    10     9     0     0    27.0   54.943 -175.006    220.9    957.3
     1     1    14     1    10    10     0     0    28.0   54.993 -174.784    212.9    958.9
     1     1    14     1    10    11     0     0    29.0   55.065 -174.599    206.6    960.4
     1     1    14     1    10    12     0     0    30.0   55.153 -174.458    201.9    961.6
     1     1    14     1    10    13     0     0    31.0   55.248 -174.373    198.5    961.5
     1     1    14     1    10    14     0     0    32.0   55.343 -174.361    196.2    961.2
     1     1    14     1    10    15     0     0    33.0   55.437 -174.423    194.6    960.7
     1     1    14     1    10    16     0     0    34.0   55.529 -174.559    193.9    960.1
     1     1    14     1    10    17     0     0    35.0   55.620 -174.771    194.0    959.2
     1     1    14     1    10    18     0     0    36.0   55.712 -175.056    194.7    958.3
     1     1    14     1    10    19     0     0    37.0   55.802 -175.400    196.5    957.5
     1     1    14     1    10    20     0     0    38.0   55.890 -175.791    199.8    956.6
     1     1    14     1    10    21     0     0    39.0   55.973 -176.233    204.7    955.4
     1     1    14     1    10    22     0     0    40.0   56.049 -176.732    211.8    953.9
     1     1    14     1    10    23     0     0    41.0   56.116 -177.292    221.6    952.0
     1     1    14     1    11     0     0     0    42.0   56.160 -177.908    234.6    950.1
     1     1    14     1    11     1     0     0    43.0   56.160 -178.558    249.2    948.1
     1     1    14     1    11     2     0     0    44.0   56.104 -179.226    263.1    946.3
     1     1    14     1    11     3     0     0    45.0   55.992 -179.903    276.3    944.5
     1     1    14     1    11     4     0     0    46.0   55.823  179.430    288.5    942.3
     1     1    14     1    11     5     0     0    47.0   55.601  178.796    299.9    940.0
     1     1    14     1    11     6     0     0    48.0   55.330  178.206    311.0    937.6
