     1     1
    CDC1    14     1     1     0     0
     1 FORWARD  OMEGA   
    14     1    11    12   60.000 -175.000   500.0
     1 PRESSURE
     1     1    14     1    11    12     0     0     0.0   60.000 -175.000    500.0    928.4
     1     1    14     1    11    13     0     0     1.0   59.630 -176.402    503.4    928.3
     1     1    14     1    11    14     0     0     2.0   59.216 -177.742    509.2    927.1
     1     1    14     1    11    15     0     0     3.0   58.766 -179.006    517.0    924.5
     1     1    14     1    11    16     0     0     4.0   58.285  179.812    527.1    922.7
     1     1    14     1    11    17     0     0     5.0   57.785  178.710    539.8    921.4
     1     1    14     1    11    18     0     0     6.0   57.282  177.701    554.7    920.0
     1     1    14     1    11    19     0     0     7.0   56.795  176.808    569.4    917.3
     1     1    14     1    11    20     0     0     8.0   56.331  176.028    583.6    914.1
     1     1    14     1    11    21     0     0     9.0   55.888  175.333    599.2    910.0
     1     1    14     1    11    22     0     0    10.0   55.464  174.703    618.2    905.3
     1     1    14     1    11    23     0     0    11.0   55.065  174.125    642.4    900.2
     1     1    14     1    12     0     0     0    12.0   54.697  173.592    672.4    897.3
     1     1    14     1    12     1     0     0    13.0   54.363  173.109    706.4    894.5
     1     1    14     1    12     2     0     0    14.0   54.062  172.677    743.2    891.1
     1     1    14     1    12     3     0     0    15.0   53.788  172.286    782.1    887.7
     1     1    14     1    12     4     0     0    16.0   53.539  171.929    821.7    884.5
     1     1    14     1    12     5     0     0    17.0   53.310  171.599    860.5    881.0
     1     1    14     1    12     6     0     0    18.0   53.098  171.287    897.7    877.5
     1     1    14     1    12     7     0     0    19.0   52.896  170.987    933.6    874.2
     1     1    14     1    12     8     0     0    20.0   52.697  170.694    968.6    870.3
     1     1    14     1    12     9     0     0    21.0   52.497  170.406   1003.9    866.5
     1     1    14     1    12    10     0     0    22.0   52.293  170.129   1040.0    862.9
     1     1    14     1    12    11     0     0    23.0   52.084  169.871   1077.9    859.6
     1     1    14     1    12    12     0     0    24.0   51.867  169.638   1118.9    856.0
     1     1    14     1    12    13     0     0    25.0   51.654  169.436   1163.1    851.3
     1     1    14     1    12    14     0     0    26.0   51.454  169.270   1208.3    846.4
     1     1    14     1    12    15     0     0    27.0   51.266  169.139   1254.5    841.4
     1     1    14     1    12    16     0     0    28.0   51.089  169.040   1301.3    836.3
     1     1    14     1    12    17     0     0    29.0   50.921  168.974   1348.2    830.7
     1     1    14     1    12    18     0     0    30.0   50.761  168.941   1395.2    825.2
     1     1    14     1    12    19     0     0    31.0   50.605  168.938   1441.0    819.9
     1     1    14     1    12    20     0     0    32.0   50.448  168.964   1483.5    815.3
     1     1    14     1    12    21     0     0    33.0   50.292  169.021   1522.2    811.1
     1     1    14     1    12    22     0     0    34.0   50.135  169.109   1556.7    807.5
     1     1    14     1    12    23     0     0    35.0   49.980  169.230   1587.0    804.5
     1     1    14     1    13     0     0     0    36.0   49.826  169.387   1612.9    802.8
     1     1    14     1    13     1     0     0    37.0   49.672  169.574   1634.1    801.7
     1     1    14     1    13     2     0     0    38.0   49.519  169.779   1650.4    801.1
     1     1    14     1    13     3     0     0    39.0   49.363  170.003   1661.7    800.9
     1     1    14     1    13     4     0     0    40.0   49.200  170.242   1667.5    801.3
     1     1    14     1    13     5     0     0    41.0   49.028  170.497   1667.7    802.2
     1     1    14     1    13     6     0     0    42.0   48.844  170.767   1662.2    803.5
     1     1    14     1    13     7     0     0    43.0   48.660  171.058   1651.0    805.1
     1     1    14     1    13     8     0     0    44.0   48.489  171.366   1634.9    807.1
     1     1    14     1    13     9     0     0    45.0   48.331  171.690   1612.9    809.6
     1     1    14     1    13    10     0     0    46.0   48.184  172.026   1583.9    812.6
     1     1    14     1    13    11     0     0    47.0   48.049  172.376   1546.5    816.4
     1     1    14     1    13    12     0     0    48.0   47.925  172.738   1499.7    821.0
