     1     1
    CDC1    14     1     1     0     0
     1 FORWARD  OMEGA   
    14     1     3    18   60.000 -175.000   500.0
     1 PRESSURE
     1     1    14     1     3    18     0     0     0.0   60.000 -175.000    500.0    946.6
     1     1    14     1     3    19     0     0     1.0   60.060 -175.641    491.8    947.7
     1     1    14     1     3    20     0     0     2.0   60.147 -176.387    492.4    947.3
     1     1    14     1     3    21     0     0     3.0   60.259 -177.248    502.5    945.5
     1     1    14     1     3    22     0     0     4.0   60.396 -178.233    522.4    941.1
     1     1    14     1     3    23     0     0     5.0   60.552 -179.353    552.3    934.8
     1     1    14     1     4     0     0     0     6.0   60.722  179.386    593.0    926.2
     1     1    14     1     4     1     0     0     7.0   60.886  178.019    641.6    914.9
     1     1    14     1     4     2     0     0     8.0   61.025  176.593    694.1    902.6
     1     1    14     1     4     3     0     0     9.0   61.133  175.114    749.4    889.9
     1     1    14     1     4     4     0     0    10.0   61.204  173.578    807.6    877.1
     1     1    14     1     4     5     0     0    11.0   61.230  171.971    867.4    864.9
     1     1    14     1     4     6     0     0    12.0   61.199  170.273    926.5    853.9
     1     1    14     1     4     7     0     0    13.0   61.102  168.508    981.5    845.8
     1     1    14     1     4     8     0     0    14.0   60.943  166.728   1032.5    841.3
     1     1    14     1     4     9     0     0    15.0   60.723  164.964   1084.0    840.3
     1     1    14     1     4    10     0     0    16.0   60.447  163.262   1139.8    840.9
     1     1    14     1     4    11     0     0    17.0   60.129  161.657   1204.4    839.7
     1     1    14     1     4    12     0     0    18.0   59.770  160.187   1277.9    831.4
     1     1    14     1     4    13     0     0    19.0   59.398  158.907   1348.7    816.1
     1     1    14     1     4    14     0     0    20.0   59.031  157.809   1408.6    805.3
     1     1    14     1     4    15     0     0    21.0   58.671  156.860   1456.1    798.4
     1     1    14     1     4    16     0     0    22.0   58.315  156.035   1489.8    795.9
     1     1    14     1     4    17     0     0    23.0   57.952  155.315   1508.6    797.3
     1     1    14     1     4    18     0     0    24.0   57.568  154.691   1511.6    802.1
     1     1    14     1     4    19     0     0    25.0   57.167  154.176   1506.9    806.9
     1     1    14     1     4    20     0     0    26.0   56.758  153.776   1504.4    809.2
     1     1    14     1     4    21     0     0    27.0   56.344  153.479   1503.8    810.8
     1     1    14     1     4    22     0     0    28.0   55.924  153.275   1502.9    812.0
     1     1    14     1     4    23     0     0    29.0   55.503  153.158   1499.2    812.9
     1     1    14     1     5     0     0     0    30.0   55.080  153.121   1490.3    813.7
     1     1    14     1     5     1     0     0    31.0   54.649  153.151   1476.8    815.1
     1     1    14     1     5     2     0     0    32.0   54.201  153.236   1460.6    816.5
     1     1    14     1     5     3     0     0    33.0   53.734  153.375   1443.6    817.6
     1     1    14     1     5     4     0     0    34.0   53.248  153.570   1426.9    818.3
     1     1    14     1     5     5     0     0    35.0   52.742  153.821   1411.6    818.7
     1     1    14     1     5     6     0     0    36.0   52.219  154.117   1399.4    819.1
     1     1    14     1     5     7     0     0    37.0   51.698  154.438   1389.7    820.0
     1     1    14     1     5     8     0     0    38.0   51.191  154.779   1379.3    821.7
     1     1    14     1     5     9     0     0    39.0   50.693  155.143   1368.4    823.8
     1     1    14     1     5    10     0     0    40.0   50.199  155.528   1357.5    826.6
     1     1    14     1     5    11     0     0    41.0   49.713  155.931   1346.9    828.9
     1     1    14     1     5    12     0     0    42.0   49.240  156.344   1337.8    830.6
     1     1    14     1     5    13     0     0    43.0   48.785  156.767   1330.9    832.3
     1     1    14     1     5    14     0     0    44.0   48.348  157.206   1325.3    834.0
     1     1    14     1     5    15     0     0    45.0   47.929  157.673   1320.9    835.9
     1     1    14     1     5    16     0     0    46.0   47.526  158.179   1316.8    838.1
     1     1    14     1     5    17     0     0    47.0   47.146  158.734   1311.1    839.8
     1     1    14     1     5    18     0     0    48.0   46.791  159.343   1301.8    841.4
