     1     1
    CDC1    14     1     1     0     0
     1 FORWARD  OMEGA   
    14     1     7    18   60.000 -175.000   500.0
     1 PRESSURE
     1     1    14     1     7    18     0     0     0.0   60.000 -175.000    500.0    921.4
     1     1    14     1     7    19     0     0     1.0   59.810 -176.160    520.7    919.9
     1     1    14     1     7    20     0     0     2.0   59.568 -177.220    535.5    919.2
     1     1    14     1     7    21     0     0     3.0   59.293 -178.177    544.3    918.3
     1     1    14     1     7    22     0     0     4.0   59.003 -179.036    548.0    918.1
     1     1    14     1     7    23     0     0     5.0   58.704 -179.809    547.1    918.7
     1     1    14     1     8     0     0     0     6.0   58.405  179.492    542.3    919.4
     1     1    14     1     8     1     0     0     7.0   58.115  178.837    535.9    920.4
     1     1    14     1     8     2     0     0     8.0   57.833  178.201    530.6    921.6
     1     1    14     1     8     3     0     0     9.0   57.556  177.580    526.0    923.2
     1     1    14     1     8     4     0     0    10.0   57.286  176.986    521.9    923.5
     1     1    14     1     8     5     0     0    11.0   57.024  176.437    518.8    923.0
     1     1    14     1     8     6     0     0    12.0   56.769  175.939    516.3    922.1
     1     1    14     1     8     7     0     0    13.0   56.521  175.494    514.7    920.9
     1     1    14     1     8     8     0     0    14.0   56.281  175.098    514.6    919.5
     1     1    14     1     8     9     0     0    15.0   56.052  174.745    516.1    918.4
     1     1    14     1     8    10     0     0    16.0   55.835  174.433    519.5    917.3
     1     1    14     1     8    11     0     0    17.0   55.631  174.154    524.8    915.9
     1     1    14     1     8    12     0     0    18.0   55.439  173.902    532.1    914.2
     1     1    14     1     8    13     0     0    19.0   55.251  173.689    541.0    912.1
     1     1    14     1     8    14     0     0    20.0   55.058  173.529    550.9    909.9
     1     1    14     1     8    15     0     0    21.0   54.858  173.427    561.7    909.0
     1     1    14     1     8    16     0     0    22.0   54.653  173.386    573.1    908.6
     1     1    14     1     8    17     0     0    23.0   54.445  173.408    584.7    908.2
     1     1    14     1     8    18     0     0    24.0   54.235  173.496    596.7    907.8
     1     1    14     1     8    19     0     0    25.0   54.032  173.639    609.3    907.7
     1     1    14     1     8    20     0     0    26.0   53.846  173.817    622.1    907.5
     1     1    14     1     8    21     0     0    27.0   53.678  174.028    634.9    907.3
     1     1    14     1     8    22     0     0    28.0   53.527  174.267    647.3    907.0
     1     1    14     1     8    23     0     0    29.0   53.395  174.531    659.1    906.8
     1     1    14     1     9     0     0     0    30.0   53.282  174.815    669.6    906.7
     1     1    14     1     9     1     0     0    31.0   53.179  175.144    677.7    906.8
     1     1    14     1     9     2     0     0    32.0   53.079  175.547    681.7    907.4
     1     1    14     1     9     3     0     0    33.0   52.982  176.029    682.1    908.2
     1     1    14     1     9     4     0     0    34.0   52.885  176.592    679.3    909.3
     1     1    14     1     9     5     0     0    35.0   52.786  177.241    673.6    910.5
     1     1    14     1     9     6     0     0    36.0   52.685  177.977    666.0    911.3
     1     1    14     1     9     7     0     0    37.0   52.603  178.754    657.6    912.0
     1     1    14     1     9     8     0     0    38.0   52.554  179.530    647.3    912.5
     1     1    14     1     9     9     0     0    39.0   52.537 -179.695    634.8    913.3
     1     1    14     1     9    10     0     0    40.0   52.553 -178.919    620.3    914.3
     1     1    14     1     9    11     0     0    41.0   52.600 -178.143    603.7    915.1
     1     1    14     1     9    12     0     0    42.0   52.673 -177.357    584.7    916.3
     1     1    14     1     9    13     0     0    43.0   52.767 -176.565    567.5    919.3
     1     1    14     1     9    14     0     0    44.0   52.879 -175.774    554.1    921.2
     1     1    14     1     9    15     0     0    45.0   53.011 -174.992    544.0    922.6
     1     1    14     1     9    16     0     0    46.0   53.165 -174.234    535.5    924.0
     1     1    14     1     9    17     0     0    47.0   53.336 -173.514    526.8    925.3
     1     1    14     1     9    18     0     0    48.0   53.527 -172.839    516.6    926.4
