     1     1
    CDC1    14     1     1     0     0
     1 FORWARD  OMEGA   
    14     1     7    12   60.000 -175.000   500.0
     1 PRESSURE
     1     1    14     1     7    12     0     0     0.0   60.000 -175.000    500.0    923.9
     1     1    14     1     7    13     0     0     1.0   59.825 -176.217    504.6    923.5
     1     1    14     1     7    14     0     0     2.0   59.613 -177.358    509.6    923.2
     1     1    14     1     7    15     0     0     3.0   59.370 -178.417    514.6    922.1
     1     1    14     1     7    16     0     0     4.0   59.103 -179.395    519.9    921.4
     1     1    14     1     7    17     0     0     5.0   58.815  179.705    525.1    920.8
     1     1    14     1     7    18     0     0     6.0   58.510  178.875    529.9    919.6
     1     1    14     1     7    19     0     0     7.0   58.202  178.114    532.8    919.1
     1     1    14     1     7    20     0     0     8.0   57.901  177.414    532.4    919.8
     1     1    14     1     7    21     0     0     9.0   57.610  176.762    529.8    921.2
     1     1    14     1     7    22     0     0    10.0   57.334  176.156    525.9    921.8
     1     1    14     1     7    23     0     0    11.0   57.075  175.593    521.8    921.5
     1     1    14     1     8     0     0     0    12.0   56.832  175.068    518.8    920.7
     1     1    14     1     8     1     0     0    13.0   56.599  174.583    517.3    920.4
     1     1    14     1     8     2     0     0    14.0   56.370  174.148    516.7    919.7
     1     1    14     1     8     3     0     0    15.0   56.140  173.766    516.8    918.8
     1     1    14     1     8     4     0     0    16.0   55.908  173.441    517.2    917.6
     1     1    14     1     8     5     0     0    17.0   55.672  173.176    517.6    916.2
     1     1    14     1     8     6     0     0    18.0   55.430  172.975    517.9    914.7
     1     1    14     1     8     7     0     0    19.0   55.192  172.829    519.2    913.2
     1     1    14     1     8     8     0     0    20.0   54.967  172.721    522.6    911.7
     1     1    14     1     8     9     0     0    21.0   54.757  172.644    528.4    911.9
     1     1    14     1     8    10     0     0    22.0   54.560  172.591    536.1    911.9
     1     1    14     1     8    11     0     0    23.0   54.378  172.561    545.5    911.6
     1     1    14     1     8    12     0     0    24.0   54.208  172.551    556.4    911.1
     1     1    14     1     8    13     0     0    25.0   54.041  172.579    567.8    910.5
     1     1    14     1     8    14     0     0    26.0   53.868  172.664    579.0    909.9
     1     1    14     1     8    15     0     0    27.0   53.693  172.811    590.0    909.5
     1     1    14     1     8    16     0     0    28.0   53.516  173.021    600.9    909.1
     1     1    14     1     8    17     0     0    29.0   53.341  173.296    611.8    908.9
     1     1    14     1     8    18     0     0    30.0   53.171  173.636    622.8    908.9
     1     1    14     1     8    19     0     0    31.0   53.017  174.024    634.0    909.2
     1     1    14     1     8    20     0     0    32.0   52.884  174.439    644.4    909.5
     1     1    14     1     8    21     0     0    33.0   52.775  174.874    653.6    910.0
     1     1    14     1     8    22     0     0    34.0   52.690  175.327    660.8    910.1
     1     1    14     1     8    23     0     0    35.0   52.628  175.794    665.8    910.1
     1     1    14     1     9     0     0     0    36.0   52.590  176.273    668.3    910.2
     1     1    14     1     9     1     0     0    37.0   52.562  176.788    668.1    910.7
     1     1    14     1     9     2     0     0    38.0   52.533  177.371    665.0    911.4
     1     1    14     1     9     3     0     0    39.0   52.502  178.023    659.6    911.9
     1     1    14     1     9     4     0     0    40.0   52.470  178.740    653.4    912.0
     1     1    14     1     9     5     0     0    41.0   52.437  179.516    647.2    911.8
     1     1    14     1     9     6     0     0    42.0   52.406 -179.660    642.0    911.5
     1     1    14     1     9     7     0     0    43.0   52.399 -178.824    637.2    911.7
     1     1    14     1     9     8     0     0    44.0   52.431 -178.000    631.3    911.8
     1     1    14     1     9     9     0     0    45.0   52.499 -177.179    623.9    912.5
     1     1    14     1     9    10     0     0    46.0   52.600 -176.361    615.1    914.0
     1     1    14     1     9    11     0     0    47.0   52.731 -175.548    605.4    915.3
     1     1    14     1     9    12     0     0    48.0   52.888 -174.734    595.6    916.5
