     1     1
    CDC1    14     1     1     0     0
     1 FORWARD  OMEGA   
    14     1    25     6   60.000 -175.000   500.0
     1 PRESSURE
     1     1    14     1    25     6     0     0     0.0   60.000 -175.000    500.0    933.4
     1     1    14     1    25     7     0     0     1.0   59.892 -174.600    497.2    933.5
     1     1    14     1    25     8     0     0     2.0   59.838 -174.210    492.7    934.0
     1     1    14     1    25     9     0     0     3.0   59.833 -173.837    486.4    934.5
     1     1    14     1    25    10     0     0     4.0   59.874 -173.485    478.5    935.3
     1     1    14     1    25    11     0     0     5.0   59.958 -173.158    468.8    936.1
     1     1    14     1    25    12     0     0     6.0   60.085 -172.861    457.5    937.5
     1     1    14     1    25    13     0     0     7.0   60.228 -172.622    445.7    939.7
     1     1    14     1    25    14     0     0     8.0   60.356 -172.453    433.2    942.2
     1     1    14     1    25    15     0     0     9.0   60.462 -172.345    420.5    945.0
     1     1    14     1    25    16     0     0    10.0   60.542 -172.290    407.2    947.7
     1     1    14     1    25    17     0     0    11.0   60.591 -172.278    393.2    950.5
     1     1    14     1    25    18     0     0    12.0   60.609 -172.301    378.4    953.3
     1     1    14     1    25    19     0     0    13.0   60.595 -172.349    364.4    955.0
     1     1    14     1    25    20     0     0    14.0   60.552 -172.416    352.2    956.3
     1     1    14     1    25    21     0     0    15.0   60.476 -172.497    341.8    957.4
     1     1    14     1    25    22     0     0    16.0   60.365 -172.588    333.0    958.2
     1     1    14     1    25    23     0     0    17.0   60.218 -172.686    325.6    958.8
     1     1    14     1    26     0     0     0    18.0   60.032 -172.785    319.2    959.1
     1     1    14     1    26     1     0     0    19.0   59.818 -172.875    314.2    959.3
     1     1    14     1    26     2     0     0    20.0   59.584 -172.944    310.9    959.2
     1     1    14     1    26     3     0     0    21.0   59.331 -172.991    309.2    958.9
     1     1    14     1    26     4     0     0    22.0   59.061 -173.012    309.2    958.4
     1     1    14     1    26     5     0     0    23.0   58.775 -173.005    310.7    957.6
     1     1    14     1    26     6     0     0    24.0   58.474 -172.966    313.6    956.6
     1     1    14     1    26     7     0     0    25.0   58.157 -172.903    317.2    955.2
     1     1    14     1    26     8     0     0    26.0   57.822 -172.824    320.4    954.1
     1     1    14     1    26     9     0     0    27.0   57.464 -172.730    322.7    953.2
     1     1    14     1    26    10     0     0    28.0   57.083 -172.615    324.2    952.2
     1     1    14     1    26    11     0     0    29.0   56.676 -172.474    325.2    951.2
     1     1    14     1    26    12     0     0    30.0   56.237 -172.305    325.6    950.2
     1     1    14     1    26    13     0     0    31.0   55.770 -172.099    326.5    949.0
     1     1    14     1    26    14     0     0    32.0   55.283 -171.852    329.4    947.5
     1     1    14     1    26    15     0     0    33.0   54.779 -171.558    334.8    946.2
     1     1    14     1    26    16     0     0    34.0   54.270 -171.215    343.5    944.8
     1     1    14     1    26    17     0     0    35.0   53.762 -170.814    355.9    942.4
     1     1    14     1    26    18     0     0    36.0   53.251 -170.349    372.7    939.0
     1     1    14     1    26    19     0     0    37.0   52.738 -169.808    394.3    934.8
     1     1    14     1    26    20     0     0    38.0   52.243 -169.208    420.2    930.4
     1     1    14     1    26    21     0     0    39.0   51.788 -168.573    448.8    926.5
     1     1    14     1    26    22     0     0    40.0   51.377 -167.904    478.1    922.8
     1     1    14     1    26    23     0     0    41.0   51.010 -167.194    507.0    919.8
     1     1    14     1    27     0     0     0    42.0   50.692 -166.448    533.9    917.9
     1     1    14     1    27     1     0     0    43.0   50.403 -165.686    559.4    916.2
     1     1    14     1    27     2     0     0    44.0   50.116 -164.910    585.5    914.1
     1     1    14     1    27     3     0     0    45.0   49.827 -164.125    611.4    911.5
     1     1    14     1    27     4     0     0    46.0   49.538 -163.349    636.7    908.4
     1     1    14     1    27     5     0     0    47.0   49.249 -162.581    661.2    904.9
     1     1    14     1    27     6     0     0    48.0   48.960 -161.813    684.5    901.0
