     1     1
    CDC1    14     1     1     0     0
     1 FORWARD  OMEGA   
    14     1    14    12   60.000 -175.000   500.0
     1 PRESSURE
     1     1    14     1    14    12     0     0     0.0   60.000 -175.000    500.0    935.1
     1     1    14     1    14    13     0     0     1.0   59.644 -175.431    477.1    937.7
     1     1    14     1    14    14     0     0     2.0   59.309 -175.882    456.3    940.4
     1     1    14     1    14    15     0     0     3.0   58.995 -176.350    438.9    942.9
     1     1    14     1    14    16     0     0     4.0   58.700 -176.833    425.7    944.9
     1     1    14     1    14    17     0     0     5.0   58.424 -177.327    418.0    946.3
     1     1    14     1    14    18     0     0     6.0   58.167 -177.827    417.0    946.6
     1     1    14     1    14    19     0     0     7.0   57.930 -178.345    420.4    946.4
     1     1    14     1    14    20     0     0     8.0   57.712 -178.897    425.4    946.3
     1     1    14     1    14    21     0     0     9.0   57.508 -179.488    431.4    946.3
     1     1    14     1    14    22     0     0    10.0   57.310  179.894    437.2    945.6
     1     1    14     1    14    23     0     0    11.0   57.114  179.271    442.6    944.8
     1     1    14     1    15     0     0     0    12.0   56.917  178.652    448.0    944.0
     1     1    14     1    15     1     0     0    13.0   56.710  178.054    454.2    943.4
     1     1    14     1    15     2     0     0    14.0   56.488  177.491    461.6    942.2
     1     1    14     1    15     3     0     0    15.0   56.251  176.971    469.9    940.3
     1     1    14     1    15     4     0     0    16.0   56.000  176.494    478.5    938.2
     1     1    14     1    15     5     0     0    17.0   55.735  176.058    486.5    936.0
     1     1    14     1    15     6     0     0    18.0   55.453  175.660    493.3    933.6
     1     1    14     1    15     7     0     0    19.0   55.154  175.277    501.1    930.8
     1     1    14     1    15     8     0     0    20.0   54.836  174.895    512.5    928.8
     1     1    14     1    15     9     0     0    21.0   54.504  174.527    526.4    928.4
     1     1    14     1    15    10     0     0    22.0   54.164  174.185    542.0    927.9
     1     1    14     1    15    11     0     0    23.0   53.817  173.873    559.3    927.1
     1     1    14     1    15    12     0     0    24.0   53.461  173.595    578.2    926.2
     1     1    14     1    15    13     0     0    25.0   53.111  173.369    595.0    925.0
     1     1    14     1    15    14     0     0    26.0   52.779  173.203    605.5    924.8
     1     1    14     1    15    15     0     0    27.0   52.463  173.091    609.7    925.2
     1     1    14     1    15    16     0     0    28.0   52.164  173.030    608.3    926.2
     1     1    14     1    15    17     0     0    29.0   51.885  173.017    602.1    927.7
     1     1    14     1    15    18     0     0    30.0   51.622  173.055    592.3    929.6
     1     1    14     1    15    19     0     0    31.0   51.372  173.144    581.7    931.5
     1     1    14     1    15    20     0     0    32.0   51.131  173.282    572.6    932.8
     1     1    14     1    15    21     0     0    33.0   50.902  173.465    564.5    933.9
     1     1    14     1    15    22     0     0    34.0   50.687  173.691    557.1    934.8
     1     1    14     1    15    23     0     0    35.0   50.488  173.955    550.0    935.6
     1     1    14     1    16     0     0     0    36.0   50.306  174.251    543.0    936.2
     1     1    14     1    16     1     0     0    37.0   50.141  174.587    536.1    936.8
     1     1    14     1    16     2     0     0    38.0   49.987  174.974    529.4    937.4
     1     1    14     1    16     3     0     0    39.0   49.846  175.398    524.1    937.1
     1     1    14     1    16     4     0     0    40.0   49.717  175.849    521.9    936.4
     1     1    14     1    16     5     0     0    41.0   49.602  176.325    523.5    935.3
     1     1    14     1    16     6     0     0    42.0   49.500  176.824    529.7    933.7
     1     1    14     1    16     7     0     0    43.0   49.421  177.319    538.4    931.3
     1     1    14     1    16     8     0     0    44.0   49.365  177.780    547.7    929.8
     1     1    14     1    16     9     0     0    45.0   49.329  178.203    556.8    928.6
     1     1    14     1    16    10     0     0    46.0   49.308  178.585    565.7    927.6
     1     1    14     1    16    11     0     0    47.0   49.300  178.928    574.7    926.7
     1     1    14     1    16    12     0     0    48.0   49.305  179.233    583.7    925.7
