     1     1
    CDC1    14     1     1     0     0
     1 FORWARD  OMEGA   
    14     1    12    12   60.000 -175.000   500.0
     1 PRESSURE
     1     1    14     1    12    12     0     0     0.0   60.000 -175.000    500.0    929.5
     1     1    14     1    12    13     0     0     1.0   59.454 -175.986    479.8    931.5
     1     1    14     1    12    14     0     0     2.0   58.905 -176.893    462.3    933.1
     1     1    14     1    12    15     0     0     3.0   58.348 -177.719    447.3    934.6
     1     1    14     1    12    16     0     0     4.0   57.791 -178.458    435.1    936.2
     1     1    14     1    12    17     0     0     5.0   57.252 -179.093    425.7    937.8
     1     1    14     1    12    18     0     0     6.0   56.744 -179.608    418.8    938.7
     1     1    14     1    12    19     0     0     7.0   56.266  179.970    413.2    939.5
     1     1    14     1    12    20     0     0     8.0   55.811  179.590    407.6    940.0
     1     1    14     1    12    21     0     0     9.0   55.378  179.220    401.1    940.4
     1     1    14     1    12    22     0     0    10.0   54.965  178.832    392.7    941.3
     1     1    14     1    12    23     0     0    11.0   54.580  178.421    382.0    943.6
     1     1    14     1    13     0     0     0    12.0   54.225  177.986    368.5    946.0
     1     1    14     1    13     1     0     0    13.0   53.898  177.533    354.3    948.6
     1     1    14     1    13     2     0     0    14.0   53.601  177.084    341.7    950.1
     1     1    14     1    13     3     0     0    15.0   53.328  176.643    332.1    951.5
     1     1    14     1    13     4     0     0    16.0   53.075  176.212    326.2    952.8
     1     1    14     1    13     5     0     0    17.0   52.836  175.790    324.3    953.9
     1     1    14     1    13     6     0     0    18.0   52.606  175.380    327.1    954.6
     1     1    14     1    13     7     0     0    19.0   52.386  174.999    331.9    953.9
     1     1    14     1    13     8     0     0    20.0   52.177  174.672    335.6    952.7
     1     1    14     1    13     9     0     0    21.0   51.978  174.403    337.2    952.1
     1     1    14     1    13    10     0     0    22.0   51.786  174.188    336.1    952.1
     1     1    14     1    13    11     0     0    23.0   51.601  174.021    331.7    952.7
     1     1    14     1    13    12     0     0    24.0   51.422  173.897    323.7    953.8
     1     1    14     1    13    13     0     0    25.0   51.248  173.810    314.6    955.0
     1     1    14     1    13    14     0     0    26.0   51.074  173.755    306.9    955.8
     1     1    14     1    13    15     0     0    27.0   50.903  173.726    300.6    956.4
     1     1    14     1    13    16     0     0    28.0   50.733  173.715    295.6    956.7
     1     1    14     1    13    17     0     0    29.0   50.566  173.719    292.1    956.8
     1     1    14     1    13    18     0     0    30.0   50.402  173.732    290.0    956.7
     1     1    14     1    13    19     0     0    31.0   50.237  173.742    288.2    956.9
     1     1    14     1    13    20     0     0    32.0   50.067  173.742    285.3    957.4
     1     1    14     1    13    21     0     0    33.0   49.892  173.730    281.6    957.9
     1     1    14     1    13    22     0     0    34.0   49.713  173.705    277.7    958.4
     1     1    14     1    13    23     0     0    35.0   49.530  173.664    273.8    958.9
     1     1    14     1    14     0     0     0    36.0   49.341  173.609    270.0    959.3
     1     1    14     1    14     1     0     0    37.0   49.151  173.540    267.2    959.2
     1     1    14     1    14     2     0     0    38.0   48.962  173.457    265.9    958.8
     1     1    14     1    14     3     0     0    39.0   48.775  173.358    266.1    958.3
     1     1    14     1    14     4     0     0    40.0   48.588  173.241    267.5    957.6
     1     1    14     1    14     5     0     0    41.0   48.403  173.105    270.2    956.9
     1     1    14     1    14     6     0     0    42.0   48.218  172.947    273.9    956.1
     1     1    14     1    14     7     0     0    43.0   48.037  172.788    278.2    955.9
     1     1    14     1    14     8     0     0    44.0   47.865  172.650    282.3    955.8
     1     1    14     1    14     9     0     0    45.0   47.701  172.531    285.9    955.8
     1     1    14     1    14    10     0     0    46.0   47.546  172.432    289.0    955.7
     1     1    14     1    14    11     0     0    47.0   47.400  172.355    291.5    955.7
     1     1    14     1    14    12     0     0    48.0   47.260  172.306    293.2    955.5
