     1     1
    CDC1    14     1     1     0     0
     1 FORWARD  OMEGA   
    14     1     5     6   60.000 -175.000   500.0
     1 PRESSURE
     1     1    14     1     5     6     0     0     0.0   60.000 -175.000    500.0    939.0
     1     1    14     1     5     7     0     0     1.0   59.625 -175.846    519.9    936.7
     1     1    14     1     5     8     0     0     2.0   59.263 -176.561    542.7    933.6
     1     1    14     1     5     9     0     0     3.0   58.912 -177.155    565.1    930.6
     1     1    14     1     5    10     0     0     4.0   58.570 -177.643    584.7    927.5
     1     1    14     1     5    11     0     0     5.0   58.237 -178.038    600.0    924.6
     1     1    14     1     5    12     0     0     6.0   57.913 -178.355    610.2    922.5
     1     1    14     1     5    13     0     0     7.0   57.601 -178.618    617.1    920.9
     1     1    14     1     5    14     0     0     8.0   57.307 -178.872    623.0    919.3
     1     1    14     1     5    15     0     0     9.0   57.036 -179.148    629.1    917.9
     1     1    14     1     5    16     0     0    10.0   56.788 -179.465    636.1    916.3
     1     1    14     1     5    17     0     0    11.0   56.561 -179.829    644.6    914.7
     1     1    14     1     5    18     0     0    12.0   56.354  179.756    654.9    912.6
     1     1    14     1     5    19     0     0    13.0   56.166  179.307    664.0    910.1
     1     1    14     1     5    20     0     0    14.0   55.995  178.845    668.4    908.6
     1     1    14     1     5    21     0     0    15.0   55.834  178.370    668.1    907.7
     1     1    14     1     5    22     0     0    16.0   55.677  177.883    663.2    907.4
     1     1    14     1     5    23     0     0    17.0   55.518  177.386    653.5    907.5
     1     1    14     1     6     0     0     0    18.0   55.354  176.880    639.6    907.4
     1     1    14     1     6     1     0     0    19.0   55.183  176.361    625.7    907.3
     1     1    14     1     6     2     0     0    20.0   55.006  175.825    616.9    905.7
     1     1    14     1     6     3     0     0    21.0   54.820  175.280    614.5    904.5
     1     1    14     1     6     4     0     0    22.0   54.626  174.738    619.1    903.4
     1     1    14     1     6     5     0     0    23.0   54.423  174.206    630.8    902.2
     1     1    14     1     6     6     0     0    24.0   54.209  173.690    649.1    899.8
     1     1    14     1     6     7     0     0    25.0   53.988  173.196    671.1    897.0
     1     1    14     1     6     8     0     0    26.0   53.764  172.726    693.6    894.3
     1     1    14     1     6     9     0     0    27.0   53.535  172.276    716.5    892.1
     1     1    14     1     6    10     0     0    28.0   53.296  171.842    739.3    890.5
     1     1    14     1     6    11     0     0    29.0   53.045  171.420    761.3    888.8
     1     1    14     1     6    12     0     0    30.0   52.779  171.004    782.4    886.9
     1     1    14     1     6    13     0     0    31.0   52.492  170.603    801.5    884.9
     1     1    14     1     6    14     0     0    32.0   52.183  170.250    817.0    883.3
     1     1    14     1     6    15     0     0    33.0   51.850  169.963    827.9    882.3
     1     1    14     1     6    16     0     0    34.0   51.497  169.742    834.3    882.3
     1     1    14     1     6    17     0     0    35.0   51.123  169.586    836.3    882.5
     1     1    14     1     6    18     0     0    36.0   50.729  169.485    834.2    883.0
     1     1    14     1     6    19     0     0    37.0   50.330  169.438    828.9    883.5
     1     1    14     1     6    20     0     0    38.0   49.939  169.448    821.9    884.6
     1     1    14     1     6    21     0     0    39.0   49.557  169.532    814.1    887.5
     1     1    14     1     6    22     0     0    40.0   49.183  169.695    806.3    890.4
     1     1    14     1     6    23     0     0    41.0   48.816  169.925    799.1    893.5
     1     1    14     1     7     0     0     0    42.0   48.452  170.211    793.0    896.3
     1     1    14     1     7     1     0     0    43.0   48.101  170.551    790.5    898.1
     1     1    14     1     7     2     0     0    44.0   47.771  170.947    793.1    898.8
     1     1    14     1     7     3     0     0    45.0   47.463  171.393    799.9    898.6
     1     1    14     1     7     4     0     0    46.0   47.174  171.892    808.6    897.5
     1     1    14     1     7     5     0     0    47.0   46.899  172.444    817.1    896.7
     1     1    14     1     7     6     0     0    48.0   46.632  173.047    824.2    895.8
