     1     1
    CDC1    14     1     1     0     0
     1 FORWARD  OMEGA   
    14     1     3     0   60.000 -175.000   500.0
     1 PRESSURE
     1     1    14     1     3     0     0     0     0.0   60.000 -175.000    500.0    937.0
     1     1    14     1     3     1     0     0     1.0   59.689 -175.336    482.8    939.4
     1     1    14     1     3     2     0     0     2.0   59.415 -175.593    466.7    941.8
     1     1    14     1     3     3     0     0     3.0   59.180 -175.792    451.9    944.2
     1     1    14     1     3     4     0     0     4.0   58.988 -175.951    438.3    946.5
     1     1    14     1     3     5     0     0     5.0   58.837 -176.084    426.1    948.7
     1     1    14     1     3     6     0     0     6.0   58.728 -176.202    415.3    950.8
     1     1    14     1     3     7     0     0     7.0   58.654 -176.324    405.4    952.5
     1     1    14     1     3     8     0     0     8.0   58.610 -176.472    395.8    954.3
     1     1    14     1     3     9     0     0     9.0   58.595 -176.653    386.9    955.9
     1     1    14     1     3    10     0     0    10.0   58.606 -176.875    378.6    957.2
     1     1    14     1     3    11     0     0    11.0   58.641 -177.143    371.1    958.4
     1     1    14     1     3    12     0     0    12.0   58.698 -177.465    364.3    959.5
     1     1    14     1     3    13     0     0    13.0   58.771 -177.894    359.9    959.8
     1     1    14     1     3    14     0     0    14.0   58.853 -178.496    359.6    959.2
     1     1    14     1     3    15     0     0    15.0   58.941 -179.288    364.6    957.5
     1     1    14     1     3    16     0     0    16.0   59.027  179.709    376.3    954.0
     1     1    14     1     3    17     0     0    17.0   59.093  178.499    396.2    947.5
     1     1    14     1     3    18     0     0    18.0   59.124  177.088    426.8    938.7
     1     1    14     1     3    19     0     0    19.0   59.119  175.539    470.3    928.5
     1     1    14     1     3    20     0     0    20.0   59.077  173.932    525.7    918.4
     1     1    14     1     3    21     0     0    21.0   58.974  172.296    590.1    908.7
     1     1    14     1     3    22     0     0    22.0   58.793  170.673    660.2    899.9
     1     1    14     1     3    23     0     0    23.0   58.526  169.098    733.6    891.2
     1     1    14     1     4     0     0     0    24.0   58.175  167.582    811.2    882.8
     1     1    14     1     4     1     0     0    25.0   57.776  166.161    890.7    869.7
     1     1    14     1     4     2     0     0    26.0   57.359  164.864    972.4    853.7
     1     1    14     1     4     3     0     0    27.0   56.925  163.752   1049.0    838.0
     1     1    14     1     4     4     0     0    28.0   56.476  162.863   1114.1    825.1
     1     1    14     1     4     5     0     0    29.0   56.008  162.198   1167.2    814.8
     1     1    14     1     4     6     0     0    30.0   55.526  161.755   1207.7    807.0
     1     1    14     1     4     7     0     0    31.0   55.054  161.531   1239.1    801.4
     1     1    14     1     4     8     0     0    32.0   54.618  161.490   1266.4    802.6
     1     1    14     1     4     9     0     0    33.0   54.222  161.590   1284.6    806.3
     1     1    14     1     4    10     0     0    34.0   53.867  161.817   1294.3    811.1
     1     1    14     1     4    11     0     0    35.0   53.552  162.162   1296.7    816.8
     1     1    14     1     4    12     0     0    36.0   53.278  162.621   1292.3    823.3
     1     1    14     1     4    13     0     0    37.0   53.052  163.157   1283.5    829.4
     1     1    14     1     4    14     0     0    38.0   52.875  163.728   1273.3    835.0
     1     1    14     1     4    15     0     0    39.0   52.744  164.325   1263.9    840.1
     1     1    14     1     4    16     0     0    40.0   52.658  164.939   1256.7    844.6
     1     1    14     1     4    17     0     0    41.0   52.617  165.556   1249.9    845.1
     1     1    14     1     4    18     0     0    42.0   52.620  166.159   1243.5    845.0
     1     1    14     1     4    19     0     0    43.0   52.679  166.727   1237.7    844.8
     1     1    14     1     4    20     0     0    44.0   52.809  167.229   1233.5    844.8
     1     1    14     1     4    21     0     0    45.0   53.010  167.649   1231.4    844.8
     1     1    14     1     4    22     0     0    46.0   53.279  167.980   1231.8    844.5
     1     1    14     1     4    23     0     0    47.0   53.611  168.224   1235.4    844.1
     1     1    14     1     5     0     0     0    48.0   54.001  168.389   1242.8    843.7
