     1     1
    CDC1    14     1     1     0     0
     1 FORWARD  OMEGA   
    14     1    16    12   60.000 -175.000   500.0
     1 PRESSURE
     1     1    14     1    16    12     0     0     0.0   60.000 -175.000    500.0    944.3
     1     1    14     1    16    13     0     0     1.0   59.597 -175.296    481.2    946.6
     1     1    14     1    16    14     0     0     2.0   59.201 -175.625    467.1    948.2
     1     1    14     1    16    15     0     0     3.0   58.819 -175.983    457.6    949.4
     1     1    14     1    16    16     0     0     4.0   58.459 -176.372    452.3    950.1
     1     1    14     1    16    17     0     0     5.0   58.124 -176.791    451.2    950.4
     1     1    14     1    16    18     0     0     6.0   57.819 -177.242    454.1    950.2
     1     1    14     1    16    19     0     0     7.0   57.539 -177.717    458.1    949.4
     1     1    14     1    16    20     0     0     8.0   57.275 -178.203    460.5    949.2
     1     1    14     1    16    21     0     0     9.0   57.024 -178.693    461.0    949.4
     1     1    14     1    16    22     0     0    10.0   56.785 -179.189    459.9    949.9
     1     1    14     1    16    23     0     0    11.0   56.555 -179.692    457.4    950.8
     1     1    14     1    17     0     0     0    12.0   56.333  179.793    453.9    951.5
     1     1    14     1    17     1     0     0    13.0   56.121  179.275    450.7    950.6
     1     1    14     1    17     2     0     0    14.0   55.920  178.756    449.2    949.4
     1     1    14     1    17     3     0     0    15.0   55.728  178.226    449.0    948.1
     1     1    14     1    17     4     0     0    16.0   55.544  177.672    450.2    946.8
     1     1    14     1    17     5     0     0    17.0   55.363  177.086    452.7    944.7
     1     1    14     1    17     6     0     0    18.0   55.180  176.466    456.9    942.1
     1     1    14     1    17     7     0     0    19.0   54.989  175.814    462.2    938.9
     1     1    14     1    17     8     0     0    20.0   54.791  175.142    468.3    936.9
     1     1    14     1    17     9     0     0    21.0   54.588  174.466    475.8    935.5
     1     1    14     1    17    10     0     0    22.0   54.383  173.790    485.5    933.9
     1     1    14     1    17    11     0     0    23.0   54.178  173.112    498.4    931.7
     1     1    14     1    17    12     0     0    24.0   53.978  172.425    515.7    929.0
     1     1    14     1    17    13     0     0    25.0   53.785  171.768    538.2    927.4
     1     1    14     1    17    14     0     0    26.0   53.598  171.173    563.6    925.1
     1     1    14     1    17    15     0     0    27.0   53.415  170.635    589.8    922.4
     1     1    14     1    17    16     0     0    28.0   53.237  170.148    614.9    919.8
     1     1    14     1    17    17     0     0    29.0   53.063  169.712    636.9    917.9
     1     1    14     1    17    18     0     0    30.0   52.892  169.325    653.2    916.5
     1     1    14     1    17    19     0     0    31.0   52.723  168.978    665.3    915.7
     1     1    14     1    17    20     0     0    32.0   52.555  168.663    675.9    914.8
     1     1    14     1    17    21     0     0    33.0   52.388  168.382    685.7    913.9
     1     1    14     1    17    22     0     0    34.0   52.221  168.136    695.1    912.8
     1     1    14     1    17    23     0     0    35.0   52.053  167.926    704.4    911.6
     1     1    14     1    18     0     0     0    36.0   51.886  167.750    713.7    910.2
     1     1    14     1    18     1     0     0    37.0   51.723  167.608    722.8    908.9
     1     1    14     1    18     2     0     0    38.0   51.570  167.501    729.5    907.7
     1     1    14     1    18     3     0     0    39.0   51.428  167.425    734.6    906.7
     1     1    14     1    18     4     0     0    40.0   51.296  167.379    738.0    905.8
     1     1    14     1    18     5     0     0    41.0   51.176  167.362    739.8    905.2
     1     1    14     1    18     6     0     0    42.0   51.069  167.370    740.2    904.6
     1     1    14     1    18     7     0     0    43.0   50.968  167.399    740.5    904.2
     1     1    14     1    18     8     0     0    44.0   50.867  167.444    742.0    903.4
     1     1    14     1    18     9     0     0    45.0   50.768  167.505    744.8    902.5
     1     1    14     1    18    10     0     0    46.0   50.667  167.580    749.0    901.6
     1     1    14     1    18    11     0     0    47.0   50.566  167.668    754.3    900.7
     1     1    14     1    18    12     0     0    48.0   50.465  167.770    760.9    899.6
