     1     1
    CDC1    14     1     1     0     0
     1 FORWARD  OMEGA   
    14     1     5    18   60.000 -175.000   500.0
     1 PRESSURE
     1     1    14     1     5    18     0     0     0.0   60.000 -175.000    500.0    929.5
     1     1    14     1     5    19     0     0     1.0   59.611 -175.801    532.5    925.4
     1     1    14     1     5    20     0     0     2.0   59.242 -176.492    566.7    921.0
     1     1    14     1     5    21     0     0     3.0   58.896 -177.088    601.3    916.7
     1     1    14     1     5    22     0     0     4.0   58.573 -177.604    634.8    912.4
     1     1    14     1     5    23     0     0     5.0   58.279 -178.051    665.3    907.5
     1     1    14     1     6     0     0     0     6.0   58.011 -178.445    691.5    903.5
     1     1    14     1     6     1     0     0     7.0   57.768 -178.807    712.9    900.5
     1     1    14     1     6     2     0     0     8.0   57.545 -179.157    729.8    898.2
     1     1    14     1     6     3     0     0     9.0   57.337 -179.512    743.3    896.3
     1     1    14     1     6     4     0     0    10.0   57.140 -179.888    754.9    894.7
     1     1    14     1     6     5     0     0    11.0   56.948  179.716    765.8    892.9
     1     1    14     1     6     6     0     0    12.0   56.760  179.303    777.1    891.0
     1     1    14     1     6     7     0     0    13.0   56.569  178.903    789.1    889.1
     1     1    14     1     6     8     0     0    14.0   56.376  178.546    802.1    887.1
     1     1    14     1     6     9     0     0    15.0   56.180  178.235    815.6    884.9
     1     1    14     1     6    10     0     0    16.0   55.981  177.974    829.7    882.6
     1     1    14     1     6    11     0     0    17.0   55.781  177.765    844.1    880.3
     1     1    14     1     6    12     0     0    18.0   55.582  177.610    858.7    877.8
     1     1    14     1     6    13     0     0    19.0   55.385  177.490    874.4    875.8
     1     1    14     1     6    14     0     0    20.0   55.191  177.388    891.3    873.4
     1     1    14     1     6    15     0     0    21.0   54.999  177.307    909.7    871.0
     1     1    14     1     6    16     0     0    22.0   54.807  177.245    929.8    869.2
     1     1    14     1     6    17     0     0    23.0   54.615  177.196    950.9    867.1
     1     1    14     1     6    18     0     0    24.0   54.423  177.161    972.9    864.9
     1     1    14     1     6    19     0     0    25.0   54.238  177.136    993.2    862.8
     1     1    14     1     6    20     0     0    26.0   54.071  177.118   1009.4    861.4
     1     1    14     1     6    21     0     0    27.0   53.919  177.110   1021.0    860.6
     1     1    14     1     6    22     0     0    28.0   53.782  177.115   1027.6    860.2
     1     1    14     1     6    23     0     0    29.0   53.660  177.135   1029.2    860.5
     1     1    14     1     7     0     0     0    30.0   53.551  177.172   1025.6    861.3
     1     1    14     1     7     1     0     0    31.0   53.444  177.231   1017.7    862.8
     1     1    14     1     7     2     0     0    32.0   53.326  177.320   1006.8    864.7
     1     1    14     1     7     3     0     0    33.0   53.196  177.440    992.6    867.0
     1     1    14     1     7     4     0     0    34.0   53.053  177.593    974.7    869.6
     1     1    14     1     7     5     0     0    35.0   52.893  177.782    953.3    872.4
     1     1    14     1     7     6     0     0    36.0   52.713  178.011    928.0    875.6
     1     1    14     1     7     7     0     0    37.0   52.526  178.282    901.4    878.8
     1     1    14     1     7     8     0     0    38.0   52.349  178.591    876.8    880.9
     1     1    14     1     7     9     0     0    39.0   52.185  178.932    855.5    882.4
     1     1    14     1     7    10     0     0    40.0   52.036  179.304    837.5    883.6
     1     1    14     1     7    11     0     0    41.0   51.903  179.709    822.4    884.6
     1     1    14     1     7    12     0     0    42.0   51.788 -179.854    810.0    885.5
     1     1    14     1     7    13     0     0    43.0   51.689 -179.381    799.2    886.9
     1     1    14     1     7    14     0     0    44.0   51.605 -178.872    787.5    888.5
     1     1    14     1     7    15     0     0    45.0   51.534 -178.324    774.5    890.4
     1     1    14     1     7    16     0     0    46.0   51.474 -177.732    759.5    892.5
     1     1    14     1     7    17     0     0    47.0   51.425 -177.098    742.0    895.2
     1     1    14     1     7    18     0     0    48.0   51.381 -176.421    721.4    898.8
