     1     1
    CDC1    14     1     1     0     0
     1 FORWARD  OMEGA   
    14     1    10     0   60.000 -175.000   500.0
     1 PRESSURE
     1     1    14     1    10     0     0     0     0.0   60.000 -175.000    500.0    927.7
     1     1    14     1    10     1     0     0     1.0   59.831 -175.589    528.3    924.8
     1     1    14     1    10     2     0     0     2.0   59.641 -176.142    552.3    922.4
     1     1    14     1    10     3     0     0     3.0   59.432 -176.652    571.1    920.6
     1     1    14     1    10     4     0     0     4.0   59.205 -177.117    584.1    919.4
     1     1    14     1    10     5     0     0     5.0   58.964 -177.535    590.5    918.8
     1     1    14     1    10     6     0     0     6.0   58.715 -177.909    590.3    918.6
     1     1    14     1    10     7     0     0     7.0   58.468 -178.253    585.9    919.5
     1     1    14     1    10     8     0     0     8.0   58.228 -178.591    580.2    920.4
     1     1    14     1    10     9     0     0     9.0   57.996 -178.935    574.1    921.4
     1     1    14     1    10    10     0     0    10.0   57.773 -179.297    568.6    922.3
     1     1    14     1    10    11     0     0    11.0   57.559 -179.691    564.9    922.9
     1     1    14     1    10    12     0     0    12.0   57.354  179.865    564.8    922.8
     1     1    14     1    10    13     0     0    13.0   57.161  179.362    569.9    922.0
     1     1    14     1    10    14     0     0    14.0   56.978  178.804    579.2    920.5
     1     1    14     1    10    15     0     0    15.0   56.799  178.197    593.2    918.1
     1     1    14     1    10    16     0     0    16.0   56.620  177.547    611.8    915.2
     1     1    14     1    10    17     0     0    17.0   56.438  176.867    633.8    911.0
     1     1    14     1    10    18     0     0    18.0   56.249  176.176    657.6    905.7
     1     1    14     1    10    19     0     0    19.0   56.032  175.485    683.0    900.1
     1     1    14     1    10    20     0     0    20.0   55.765  174.805    710.2    894.3
     1     1    14     1    10    21     0     0    21.0   55.451  174.148    737.5    889.2
     1     1    14     1    10    22     0     0    22.0   55.091  173.521    763.1    884.1
     1     1    14     1    10    23     0     0    23.0   54.688  172.950    786.9    881.2
     1     1    14     1    11     0     0     0    24.0   54.255  172.472    807.5    879.5
     1     1    14     1    11     1     0     0    25.0   53.821  172.103    826.4    878.9
     1     1    14     1    11     2     0     0    26.0   53.413  171.839    846.7    877.4
     1     1    14     1    11     3     0     0    27.0   53.029  171.672    868.6    875.3
     1     1    14     1    11     4     0     0    28.0   52.669  171.594    892.8    872.8
     1     1    14     1    11     5     0     0    29.0   52.335  171.602    919.0    870.4
     1     1    14     1    11     6     0     0    30.0   52.030  171.693    945.9    868.3
     1     1    14     1    11     7     0     0    31.0   51.756  171.852    972.7    866.1
     1     1    14     1    11     8     0     0    32.0   51.513  172.058    999.2    864.0
     1     1    14     1    11     9     0     0    33.0   51.299  172.308   1025.2    862.0
     1     1    14     1    11    10     0     0    34.0   51.113  172.597   1050.1    860.1
     1     1    14     1    11    11     0     0    35.0   50.956  172.923   1072.9    858.2
     1     1    14     1    11    12     0     0    36.0   50.826  173.283   1092.7    856.5
     1     1    14     1    11    13     0     0    37.0   50.723  173.686   1108.6    855.1
     1     1    14     1    11    14     0     0    38.0   50.643  174.140   1120.0    854.2
     1     1    14     1    11    15     0     0    39.0   50.587  174.644   1127.9    853.5
     1     1    14     1    11    16     0     0    40.0   50.550  175.192   1132.8    852.8
     1     1    14     1    11    17     0     0    41.0   50.531  175.780   1134.7    851.6
     1     1    14     1    11    18     0     0    42.0   50.524  176.403   1133.4    850.8
     1     1    14     1    11    19     0     0    43.0   50.526  177.044   1129.8    850.5
     1     1    14     1    11    20     0     0    44.0   50.538  177.691   1124.7    850.2
     1     1    14     1    11    21     0     0    45.0   50.563  178.343   1118.2    850.2
     1     1    14     1    11    22     0     0    46.0   50.605  179.002   1110.4    850.3
     1     1    14     1    11    23     0     0    47.0   50.668  179.674   1101.0    850.6
     1     1    14     1    12     0     0     0    48.0   50.752 -179.640   1090.1    851.8
