     1     1
    CDC1    14     1     1     0     0
     1 FORWARD  OMEGA   
    14     1     9    18   60.000 -175.000   500.0
     1 PRESSURE
     1     1    14     1     9    18     0     0     0.0   60.000 -175.000    500.0    926.0
     1     1    14     1     9    19     0     0     1.0   59.840 -175.547    506.3    926.1
     1     1    14     1     9    20     0     0     2.0   59.651 -176.085    514.4    925.8
     1     1    14     1     9    21     0     0     3.0   59.435 -176.596    524.0    925.2
     1     1    14     1     9    22     0     0     4.0   59.195 -177.063    534.5    924.4
     1     1    14     1     9    23     0     0     5.0   58.935 -177.469    545.3    923.5
     1     1    14     1    10     0     0     0     6.0   58.661 -177.795    555.7    922.4
     1     1    14     1    10     1     0     0     7.0   58.385 -178.046    562.6    921.2
     1     1    14     1    10     2     0     0     8.0   58.113 -178.240    563.6    921.0
     1     1    14     1    10     3     0     0     9.0   57.845 -178.385    558.6    921.6
     1     1    14     1    10     4     0     0    10.0   57.583 -178.489    547.6    922.8
     1     1    14     1    10     5     0     0    11.0   57.330 -178.569    531.7    924.7
     1     1    14     1    10     6     0     0    12.0   57.088 -178.651    512.4    926.9
     1     1    14     1    10     7     0     0    13.0   56.866 -178.756    493.5    929.4
     1     1    14     1    10     8     0     0    14.0   56.669 -178.902    478.0    931.2
     1     1    14     1    10     9     0     0    15.0   56.495 -179.097    466.3    932.6
     1     1    14     1    10    10     0     0    16.0   56.343 -179.350    458.8    933.5
     1     1    14     1    10    11     0     0    17.0   56.210 -179.670    456.1    933.8
     1     1    14     1    10    12     0     0    18.0   56.092  179.934    459.0    933.3
     1     1    14     1    10    13     0     0    19.0   55.984  179.474    467.3    931.3
     1     1    14     1    10    14     0     0    20.0   55.879  178.973    479.7    928.9
     1     1    14     1    10    15     0     0    21.0   55.772  178.435    496.3    925.8
     1     1    14     1    10    16     0     0    22.0   55.662  177.866    517.1    922.3
     1     1    14     1    10    17     0     0    23.0   55.544  177.274    541.4    918.0
     1     1    14     1    10    18     0     0    24.0   55.414  176.674    568.0    912.7
     1     1    14     1    10    19     0     0    25.0   55.250  176.077    596.2    906.9
     1     1    14     1    10    20     0     0    26.0   55.033  175.490    626.7    900.6
     1     1    14     1    10    21     0     0    27.0   54.766  174.936    658.0    895.2
     1     1    14     1    10    22     0     0    28.0   54.459  174.449    688.0    891.8
     1     1    14     1    10    23     0     0    29.0   54.120  174.045    714.8    889.0
     1     1    14     1    11     0     0     0    30.0   53.754  173.735    738.0    886.8
     1     1    14     1    11     1     0     0    31.0   53.382  173.524    759.3    885.2
     1     1    14     1    11     2     0     0    32.0   53.025  173.412    781.4    883.3
     1     1    14     1    11     3     0     0    33.0   52.686  173.398    805.1    881.2
     1     1    14     1    11     4     0     0    34.0   52.369  173.482    830.0    879.3
     1     1    14     1    11     5     0     0    35.0   52.081  173.661    854.8    877.7
     1     1    14     1    11     6     0     0    36.0   51.821  173.932    878.3    876.3
     1     1    14     1    11     7     0     0    37.0   51.592  174.276    899.2    875.1
     1     1    14     1    11     8     0     0    38.0   51.395  174.674    916.1    874.3
     1     1    14     1    11     9     0     0    39.0   51.229  175.124    928.1    873.5
     1     1    14     1    11    10     0     0    40.0   51.095  175.619    934.2    872.5
     1     1    14     1    11    11     0     0    41.0   50.993  176.155    934.4    871.8
     1     1    14     1    11    12     0     0    42.0   50.917  176.729    928.4    871.8
     1     1    14     1    11    13     0     0    43.0   50.864  177.346    917.4    872.1
     1     1    14     1    11    14     0     0    44.0   50.835  178.011    903.2    873.0
     1     1    14     1    11    15     0     0    45.0   50.824  178.717    886.3    874.1
     1     1    14     1    11    16     0     0    46.0   50.825  179.461    866.1    875.3
     1     1    14     1    11    17     0     0    47.0   50.829 -179.758    842.3    877.3
     1     1    14     1    11    18     0     0    48.0   50.831 -178.945    816.7    880.8
