     1     1
    CDC1    14     1     1     0     0
     1 FORWARD  OMEGA   
    14     1    27     0   60.000 -175.000   500.0
     1 PRESSURE
     1     1    14     1    27     0     0     0     0.0   60.000 -175.000    500.0    930.8
     1     1    14     1    27     1     0     0     1.0   59.863 -175.320    517.3    929.6
     1     1    14     1    27     2     0     0     2.0   59.730 -175.597    532.9    928.7
     1     1    14     1    27     3     0     0     3.0   59.606 -175.837    547.1    927.9
     1     1    14     1    27     4     0     0     4.0   59.494 -176.044    560.0    927.2
     1     1    14     1    27     5     0     0     5.0   59.394 -176.224    571.6    926.6
     1     1    14     1    27     6     0     0     6.0   59.311 -176.380    582.1    926.1
     1     1    14     1    27     7     0     0     7.0   59.233 -176.500    590.0    925.3
     1     1    14     1    27     8     0     0     8.0   59.149 -176.567    593.4    925.0
     1     1    14     1    27     9     0     0     9.0   59.061 -176.583    592.4    925.2
     1     1    14     1    27    10     0     0    10.0   58.972 -176.549    587.3    925.7
     1     1    14     1    27    11     0     0    11.0   58.884 -176.471    578.5    926.5
     1     1    14     1    27    12     0     0    12.0   58.796 -176.350    566.6    927.7
     1     1    14     1    27    13     0     0    13.0   58.710 -176.203    554.4    929.3
     1     1    14     1    27    14     0     0    14.0   58.621 -176.040    543.4    930.4
     1     1    14     1    27    15     0     0    15.0   58.528 -175.859    533.7    931.4
     1     1    14     1    27    16     0     0    16.0   58.430 -175.660    524.7    932.2
     1     1    14     1    27    17     0     0    17.0   58.324 -175.438    516.2    932.9
     1     1    14     1    27    18     0     0    18.0   58.204 -175.188    507.6    933.5
     1     1    14     1    27    19     0     0    19.0   58.072 -174.929    498.5    933.7
     1     1    14     1    27    20     0     0    20.0   57.932 -174.687    489.2    934.2
     1     1    14     1    27    21     0     0    21.0   57.786 -174.469    479.4    934.8
     1     1    14     1    27    22     0     0    22.0   57.633 -174.275    469.2    935.6
     1     1    14     1    27    23     0     0    23.0   57.475 -174.106    458.5    936.5
     1     1    14     1    28     0     0     0    24.0   57.313 -173.963    447.5    937.6
     1     1    14     1    28     1     0     0    25.0   57.159 -173.842    436.8    938.6
     1     1    14     1    28     2     0     0    26.0   57.020 -173.741    426.3    939.5
     1     1    14     1    28     3     0     0    27.0   56.894 -173.656    416.3    940.4
     1     1    14     1    28     4     0     0    28.0   56.782 -173.589    406.6    941.2
     1     1    14     1    28     5     0     0    29.0   56.685 -173.539    397.2    942.1
     1     1    14     1    28     6     0     0    30.0   56.603 -173.508    388.2    942.9
     1     1    14     1    28     7     0     0    31.0   56.541 -173.481    380.7    943.7
     1     1    14     1    28     8     0     0    32.0   56.500 -173.443    376.0    944.0
     1     1    14     1    28     9     0     0    33.0   56.482 -173.398    373.9    944.0
     1     1    14     1    28    10     0     0    34.0   56.487 -173.350    374.4    943.7
     1     1    14     1    28    11     0     0    35.0   56.517 -173.303    377.6    943.2
     1     1    14     1    28    12     0     0    36.0   56.572 -173.259    383.7    942.5
     1     1    14     1    28    13     0     0    37.0   56.646 -173.234    391.5    940.8
     1     1    14     1    28    14     0     0    38.0   56.731 -173.240    399.6    939.1
     1     1    14     1    28    15     0     0    39.0   56.828 -173.279    408.0    937.5
     1     1    14     1    28    16     0     0    40.0   56.937 -173.351    416.2    935.8
     1     1    14     1    28    17     0     0    41.0   57.057 -173.455    424.1    934.1
     1     1    14     1    28    18     0     0    42.0   57.186 -173.592    431.4    932.5
     1     1    14     1    28    19     0     0    43.0   57.323 -173.736    439.4    931.9
     1     1    14     1    28    20     0     0    44.0   57.464 -173.865    449.1    931.1
     1     1    14     1    28    21     0     0    45.0   57.614 -173.983    460.9    930.1
     1     1    14     1    28    22     0     0    46.0   57.775 -174.099    475.4    928.8
     1     1    14     1    28    23     0     0    47.0   57.948 -174.219    492.8    927.2
     1     1    14     1    29     0     0     0    48.0   58.135 -174.348    513.6    925.3
