     1     1
    CDC1    14     1     1     0     0
     1 FORWARD  OMEGA   
    14     1    19    18   60.000 -175.000   500.0
     1 PRESSURE
     1     1    14     1    19    18     0     0     0.0   60.000 -175.000    500.0    930.0
     1     1    14     1    19    19     0     0     1.0   60.206 -175.148    530.6    927.0
     1     1    14     1    19    20     0     0     2.0   60.393 -175.353    559.5    924.4
     1     1    14     1    19    21     0     0     3.0   60.564 -175.612    586.5    922.0
     1     1    14     1    19    22     0     0     4.0   60.719 -175.924    611.6    919.8
     1     1    14     1    19    23     0     0     5.0   60.863 -176.284    635.0    917.6
     1     1    14     1    20     0     0     0     6.0   60.997 -176.687    656.8    915.2
     1     1    14     1    20     1     0     0     7.0   61.108 -177.129    678.3    912.8
     1     1    14     1    20     2     0     0     8.0   61.180 -177.597    700.5    909.9
     1     1    14     1    20     3     0     0     9.0   61.218 -178.085    721.9    906.4
     1     1    14     1    20     4     0     0    10.0   61.227 -178.585    742.1    903.1
     1     1    14     1    20     5     0     0    11.0   61.211 -179.090    760.6    900.0
     1     1    14     1    20     6     0     0    12.0   61.178 -179.593    777.2    897.0
     1     1    14     1    20     7     0     0    13.0   61.125  179.902    792.8    894.4
     1     1    14     1    20     8     0     0    14.0   61.050  179.397    808.2    891.2
     1     1    14     1    20     9     0     0    15.0   60.956  178.897    823.0    888.1
     1     1    14     1    20    10     0     0    16.0   60.846  178.408    836.9    885.2
     1     1    14     1    20    11     0     0    17.0   60.724  177.934    849.3    882.6
     1     1    14     1    20    12     0     0    18.0   60.592  177.481    859.8    880.3
     1     1    14     1    20    13     0     0    19.0   60.442  177.066    868.3    878.7
     1     1    14     1    20    14     0     0    20.0   60.267  176.712    873.8    877.7
     1     1    14     1    20    15     0     0    21.0   60.067  176.428    876.5    877.3
     1     1    14     1    20    16     0     0    22.0   59.845  176.211    877.1    878.0
     1     1    14     1    20    17     0     0    23.0   59.601  176.055    876.0    879.3
     1     1    14     1    20    18     0     0    24.0   59.338  175.957    873.2    881.1
     1     1    14     1    20    19     0     0    25.0   59.066  175.895    867.3    882.9
     1     1    14     1    20    20     0     0    26.0   58.799  175.842    857.5    885.3
     1     1    14     1    20    21     0     0    27.0   58.535  175.792    843.5    888.3
     1     1    14     1    20    22     0     0    28.0   58.276  175.740    825.3    891.7
     1     1    14     1    20    23     0     0    29.0   58.021  175.679    802.9    895.6
     1     1    14     1    21     0     0     0    30.0   57.769  175.603    776.5    900.1
     1     1    14     1    21     1     0     0    31.0   57.523  175.538    749.6    905.2
     1     1    14     1    21     2     0     0    32.0   57.286  175.505    726.8    907.7
     1     1    14     1    21     3     0     0    33.0   57.061  175.489    709.0    909.1
     1     1    14     1    21     4     0     0    34.0   56.850  175.491    695.9    910.1
     1     1    14     1    21     5     0     0    35.0   56.652  175.513    686.9    910.6
     1     1    14     1    21     6     0     0    36.0   56.467  175.556    681.4    910.7
     1     1    14     1    21     7     0     0    37.0   56.291  175.609    674.3    910.3
     1     1    14     1    21     8     0     0    38.0   56.119  175.659    660.7    911.4
     1     1    14     1    21     9     0     0    39.0   55.949  175.705    640.5    913.5
     1     1    14     1    21    10     0     0    40.0   55.782  175.748    613.4    916.2
     1     1    14     1    21    11     0     0    41.0   55.618  175.791    579.6    919.5
     1     1    14     1    21    12     0     0    42.0   55.456  175.838    539.8    923.6
     1     1    14     1    21    13     0     0    43.0   55.296  175.917    500.5    928.5
     1     1    14     1    21    14     0     0    44.0   55.137  176.060    467.7    932.1
     1     1    14     1    21    15     0     0    45.0   54.980  176.271    440.9    935.3
     1     1    14     1    21    16     0     0    46.0   54.825  176.547    420.1    938.9
     1     1    14     1    21    17     0     0    47.0   54.672  176.881    405.2    941.7
     1     1    14     1    21    18     0     0    48.0   54.519  177.272    395.6    943.9
