     1     1
    CDC1    14     1     1     0     0
     1 FORWARD  OMEGA   
    14     1    28     0   60.000 -175.000   500.0
     1 PRESSURE
     1     1    14     1    28     0     0     0     0.0   60.000 -175.000    500.0    935.3
     1     1    14     1    28     1     0     0     1.0   59.885 -175.131    490.5    936.0
     1     1    14     1    28     2     0     0     2.0   59.790 -175.298    482.8    936.4
     1     1    14     1    28     3     0     0     3.0   59.715 -175.508    476.9    936.7
     1     1    14     1    28     4     0     0     4.0   59.663 -175.767    473.1    936.9
     1     1    14     1    28     5     0     0     5.0   59.635 -176.085    471.6    936.8
     1     1    14     1    28     6     0     0     6.0   59.633 -176.474    472.9    936.6
     1     1    14     1    28     7     0     0     7.0   59.663 -176.907    478.8    936.1
     1     1    14     1    28     8     0     0     8.0   59.723 -177.344    490.8    934.7
     1     1    14     1    28     9     0     0     9.0   59.813 -177.785    508.9    932.1
     1     1    14     1    28    10     0     0    10.0   59.932 -178.233    533.7    928.4
     1     1    14     1    28    11     0     0    11.0   60.077 -178.685    565.4    924.0
     1     1    14     1    28    12     0     0    12.0   60.244 -179.129    603.6    918.7
     1     1    14     1    28    13     0     0    13.0   60.418 -179.584    644.8    912.3
     1     1    14     1    28    14     0     0    14.0   60.588  179.935    685.9    905.6
     1     1    14     1    28    15     0     0    15.0   60.757  179.428    726.1    898.5
     1     1    14     1    28    16     0     0    16.0   60.928  178.896    765.9    891.5
     1     1    14     1    28    17     0     0    17.0   61.103  178.345    805.9    884.5
     1     1    14     1    28    18     0     0    18.0   61.281  177.782    846.8    877.4
     1     1    14     1    28    19     0     0    19.0   61.467  177.196    890.8    870.7
     1     1    14     1    28    20     0     0    20.0   61.664  176.570    939.6    862.7
     1     1    14     1    28    21     0     0    21.0   61.872  175.901    992.8    853.2
     1     1    14     1    28    22     0     0    22.0   62.085  175.191   1049.4    843.0
     1     1    14     1    28    23     0     0    23.0   62.302  174.442   1108.6    832.5
     1     1    14     1    29     0     0     0    24.0   62.520  173.657   1169.0    821.9
     1     1    14     1    29     1     0     0    25.0   62.738  172.850   1230.3    812.3
     1     1    14     1    29     2     0     0    26.0   62.954  172.027   1291.3    802.8
     1     1    14     1    29     3     0     0    27.0   63.164  171.184   1351.8    792.5
     1     1    14     1    29     4     0     0    28.0   63.365  170.319   1411.8    782.2
     1     1    14     1    29     5     0     0    29.0   63.556  169.430   1471.8    772.4
     1     1    14     1    29     6     0     0    30.0   63.733  168.512   1531.8    762.6
     1     1    14     1    29     7     0     0    31.0   63.899  167.564   1591.8    752.4
     1     1    14     1    29     8     0     0    32.0   64.060  166.590   1652.2    743.3
     1     1    14     1    29     9     0     0    33.0   64.218  165.594   1712.7    733.8
     1     1    14     1    29    10     0     0    34.0   64.375  164.578   1775.3    724.3
     1     1    14     1    29    11     0     0    35.0   64.534  163.550   1841.3    715.5
     1     1    14     1    29    12     0     0    36.0   64.698  162.511   1911.2    706.4
     1     1    14     1    29    13     0     0    37.0   64.866  161.465   1987.4    699.0
     1     1    14     1    29    14     0     0    38.0   65.036  160.417   2067.7    692.3
     1     1    14     1    29    15     0     0    39.0   65.211  159.388   2148.8    689.3
     1     1    14     1    29    16     0     0    40.0   65.391  158.396   2222.4    687.7
     1     1    14     1    29    17     0     0    41.0   65.576  157.440   2285.7    687.4
     1     1    14     1    29    18     0     0    42.0   65.766  156.520   2337.2    687.9
     1     1    14     1    29    19     0     0    43.0   65.956  155.632   2382.0    689.3
     1     1    14     1    29    20     0     0    44.0   66.138  154.763   2427.1    689.7
     1     1    14     1    29    21     0     0    45.0   66.313  153.899   2472.4    688.4
     1     1    14     1    29    22     0     0    46.0   66.480  153.031   2519.9    686.7
     1     1    14     1    29    23     0     0    47.0   66.643  152.148   2568.3    683.6
     1     1    14     1    30     0     0     0    48.0   66.803  151.238   2616.2    678.5
