     1     1
    CDC1    14     1     1     0     0
     1 FORWARD  OMEGA   
    14     1     1    12   60.000 -175.000   500.0
     1 PRESSURE
     1     1    14     1     1    12     0     0     0.0   60.000 -175.000    500.0    932.4
     1     1    14     1     1    13     0     0     1.0   59.941 -175.122    488.5    934.0
     1     1    14     1     1    14     0     0     2.0   59.882 -175.242    479.7    935.0
     1     1    14     1     1    15     0     0     3.0   59.825 -175.364    473.5    935.8
     1     1    14     1     1    16     0     0     4.0   59.770 -175.490    469.5    936.4
     1     1    14     1     1    17     0     0     5.0   59.718 -175.625    467.6    936.7
     1     1    14     1     1    18     0     0     6.0   59.670 -175.771    467.5    936.8
     1     1    14     1     1    19     0     0     7.0   59.624 -175.922    467.0    937.1
     1     1    14     1     1    20     0     0     8.0   59.580 -176.074    463.7    938.0
     1     1    14     1     1    21     0     0     9.0   59.537 -176.231    458.0    939.2
     1     1    14     1     1    22     0     0    10.0   59.498 -176.398    450.0    940.8
     1     1    14     1     1    23     0     0    11.0   59.460 -176.580    440.2    942.6
     1     1    14     1     2     0     0     0    12.0   59.424 -176.779    428.8    944.6
     1     1    14     1     2     1     0     0    13.0   59.388 -177.045    418.2    946.5
     1     1    14     1     2     2     0     0    14.0   59.348 -177.429    410.1    947.7
     1     1    14     1     2     3     0     0    15.0   59.299 -177.924    404.3    948.0
     1     1    14     1     2     4     0     0    16.0   59.237 -178.514    400.5    947.8
     1     1    14     1     2     5     0     0    17.0   59.158 -179.183    398.6    947.3
     1     1    14     1     2     6     0     0    18.0   59.054 -179.914    398.4    946.6
     1     1    14     1     2     7     0     0    19.0   58.928  179.368    398.2    945.9
     1     1    14     1     2     8     0     0    20.0   58.786  178.724    396.3    946.0
     1     1    14     1     2     9     0     0    21.0   58.635  178.155    392.7    946.6
     1     1    14     1     2    10     0     0    22.0   58.475  177.658    387.4    947.8
     1     1    14     1     2    11     0     0    23.0   58.314  177.227    380.5    949.3
     1     1    14     1     2    12     0     0    24.0   58.155  176.855    372.4    951.1
     1     1    14     1     2    13     0     0    25.0   58.004  176.531    362.9    952.8
     1     1    14     1     2    14     0     0    26.0   57.863  176.246    352.1    954.8
     1     1    14     1     2    15     0     0    27.0   57.736  175.992    339.9    956.8
     1     1    14     1     2    16     0     0    28.0   57.625  175.763    326.4    959.0
     1     1    14     1     2    17     0     0    29.0   57.532  175.554    311.8    961.1
     1     1    14     1     2    18     0     0    30.0   57.461  175.360    296.2    963.0
     1     1    14     1     2    19     0     0    31.0   57.410  175.123    281.1    965.2
     1     1    14     1     2    20     0     0    32.0   57.380  174.783    267.5    967.3
     1     1    14     1     2    21     0     0    33.0   57.362  174.326    255.8    969.5
     1     1    14     1     2    22     0     0    34.0   57.349  173.747    246.7    971.4
     1     1    14     1     2    23     0     0    35.0   57.340  173.046    241.3    972.8
     1     1    14     1     3     0     0     0    36.0   57.329  172.231    241.6    973.4
     1     1    14     1     3     1     0     0    37.0   57.308  171.347    248.1    972.4
     1     1    14     1     3     2     0     0    38.0   57.272  170.429    260.4    970.4
     1     1    14     1     3     3     0     0    39.0   57.220  169.488    277.7    966.4
     1     1    14     1     3     4     0     0    40.0   57.153  168.540    299.5    960.9
     1     1    14     1     3     5     0     0    41.0   57.068  167.585    326.4    955.3
     1     1    14     1     3     6     0     0    42.0   56.970  166.621    359.4    945.3
     1     1    14     1     3     7     0     0    43.0   56.857  165.685    399.2    934.7
     1     1    14     1     3     8     0     0    44.0   56.723  164.816    444.6    923.1
     1     1    14     1     3     9     0     0    45.0   56.573  164.011    492.1    910.5
     1     1    14     1     3    10     0     0    46.0   56.416  163.265    539.4    898.6
     1     1    14     1     3    11     0     0    47.0   56.255  162.575    585.6    887.3
     1     1    14     1     3    12     0     0    48.0   56.094  161.936    629.1    878.4
