     1     1
    CDC1    14     1     1     0     0
     1 FORWARD  OMEGA   
    14     1     4     6   60.000 -175.000   500.0
     1 PRESSURE
     1     1    14     1     4     6     0     0     0.0   60.000 -175.000    500.0    946.2
     1     1    14     1     4     7     0     0     1.0   60.286 -175.791    518.2    944.7
     1     1    14     1     4     8     0     0     2.0   60.565 -176.630    544.5    941.8
     1     1    14     1     4     9     0     0     3.0   60.842 -177.514    579.9    938.0
     1     1    14     1     4    10     0     0     4.0   61.121 -178.449    625.0    931.3
     1     1    14     1     4    11     0     0     5.0   61.400 -179.434    681.1    922.3
     1     1    14     1     4    12     0     0     6.0   61.675  179.547    748.0    910.8
     1     1    14     1     4    13     0     0     7.0   61.940  178.497    821.1    897.1
     1     1    14     1     4    14     0     0     8.0   62.194  177.413    895.6    883.8
     1     1    14     1     4    15     0     0     9.0   62.444  176.282    969.0    869.6
     1     1    14     1     4    16     0     0    10.0   62.696  175.099   1038.2    855.6
     1     1    14     1     4    17     0     0    11.0   62.950  173.865   1099.5    843.4
     1     1    14     1     4    18     0     0    12.0   63.198  172.568   1151.8    832.3
     1     1    14     1     4    19     0     0    13.0   63.438  171.213   1197.4    822.4
     1     1    14     1     4    20     0     0    14.0   63.671  169.817   1238.2    812.4
     1     1    14     1     4    21     0     0    15.0   63.897  168.401   1275.4    802.6
     1     1    14     1     4    22     0     0    16.0   64.115  166.986   1310.7    792.7
     1     1    14     1     4    23     0     0    17.0   64.326  165.583   1345.7    784.1
     1     1    14     1     5     0     0     0    18.0   64.525  164.203   1381.5    776.4
     1     1    14     1     5     1     0     0    19.0   64.714  162.865   1416.1    769.7
     1     1    14     1     5     2     0     0    20.0   64.893  161.583   1447.1    765.4
     1     1    14     1     5     3     0     0    21.0   65.063  160.360   1475.9    763.7
     1     1    14     1     5     4     0     0    22.0   65.218  159.197   1504.0    765.9
     1     1    14     1     5     5     0     0    23.0   65.355  158.091   1530.1    768.6
     1     1    14     1     5     6     0     0    24.0   65.474  157.031   1554.4    771.3
     1     1    14     1     5     7     0     0    25.0   65.575  156.037   1579.7    774.3
     1     1    14     1     5     8     0     0    26.0   65.664  155.128   1607.6    776.4
     1     1    14     1     5     9     0     0    27.0   65.746  154.299   1638.1    776.1
     1     1    14     1     5    10     0     0    28.0   65.830  153.546   1672.4    775.0
     1     1    14     1     5    11     0     0    29.0   65.915  152.866   1711.0    773.5
     1     1    14     1     5    12     0     0    30.0   66.005  152.252   1753.0    770.2
     1     1    14     1     5    13     0     0    31.0   66.105  151.669   1791.7    765.4
     1     1    14     1     5    14     0     0    32.0   66.213  151.083   1821.2    762.3
     1     1    14     1     5    15     0     0    33.0   66.331  150.495   1840.4    760.4
     1     1    14     1     5    16     0     0    34.0   66.461  149.906   1848.6    759.3
     1     1    14     1     5    17     0     0    35.0   66.606  149.315   1844.2    757.7
     1     1    14     1     5    18     0     0    36.0   66.769  148.725   1829.2    757.7
     1     1    14     1     5    19     0     0    37.0   66.946  148.149   1810.5    759.5
     1     1    14     1     5    20     0     0    38.0   67.129  147.595   1794.4    760.9
     1     1    14     1     5    21     0     0    39.0   67.317  147.062   1780.2    761.8
     1     1    14     1     5    22     0     0    40.0   67.511  146.549   1768.2    762.8
     1     1    14     1     5    23     0     0    41.0   67.709  146.056   1757.1    762.7
     1     1    14     1     6     0     0     0    42.0   67.913  145.583   1748.6    763.0
     1     1    14     1     6     1     0     0    43.0   68.118  145.131   1739.8    763.7
     1     1    14     1     6     2     0     0    44.0   68.319  144.703   1728.9    765.9
     1     1    14     1     6     3     0     0    45.0   68.515  144.300   1715.5    769.0
     1     1    14     1     6     4     0     0    46.0   68.705  143.925   1699.5    772.7
     1     1    14     1     6     5     0     0    47.0   68.892  143.580   1680.7    776.9
     1     1    14     1     6     6     0     0    48.0   69.077  143.265   1658.6    781.7
