     1     1
    CDC1    14     1     1     0     0
     1 FORWARD  OMEGA   
    14     1     9     0   60.000 -175.000   500.0
     1 PRESSURE
     1     1    14     1     9     0     0     0     0.0   60.000 -175.000    500.0    923.5
     1     1    14     1     9     1     0     0     1.0   59.803 -175.603    517.4    922.2
     1     1    14     1     9     2     0     0     2.0   59.587 -176.202    534.4    920.8
     1     1    14     1     9     3     0     0     3.0   59.356 -176.796    550.8    919.5
     1     1    14     1     9     4     0     0     4.0   59.110 -177.380    566.3    918.1
     1     1    14     1     9     5     0     0     5.0   58.856 -177.948    580.4    916.2
     1     1    14     1     9     6     0     0     6.0   58.598 -178.492    592.9    914.5
     1     1    14     1     9     7     0     0     7.0   58.332 -178.988    601.2    913.6
     1     1    14     1     9     8     0     0     8.0   58.055 -179.414    602.4    913.9
     1     1    14     1     9     9     0     0     9.0   57.769 -179.775    595.9    915.2
     1     1    14     1     9    10     0     0    10.0   57.479  179.925    581.6    917.4
     1     1    14     1     9    11     0     0    11.0   57.189  179.687    560.3    920.2
     1     1    14     1     9    12     0     0    12.0   56.905  179.512    533.6    923.4
     1     1    14     1     9    13     0     0    13.0   56.631  179.400    506.0    927.0
     1     1    14     1     9    14     0     0    14.0   56.367  179.359    480.6    929.8
     1     1    14     1     9    15     0     0    15.0   56.113  179.395    457.4    932.4
     1     1    14     1     9    16     0     0    16.0   55.870  179.511    435.9    935.0
     1     1    14     1     9    17     0     0    17.0   55.638  179.710    416.3    937.4
     1     1    14     1     9    18     0     0    18.0   55.419  179.991    398.5    939.8
     1     1    14     1     9    19     0     0    19.0   55.216 -179.664    381.4    941.4
     1     1    14     1     9    20     0     0    20.0   55.033 -179.273    364.1    942.6
     1     1    14     1     9    21     0     0    21.0   54.868 -178.846    347.2    944.0
     1     1    14     1     9    22     0     0    22.0   54.720 -178.388    331.2    945.3
     1     1    14     1     9    23     0     0    23.0   54.589 -177.896    316.4    946.3
     1     1    14     1    10     0     0     0    24.0   54.474 -177.363    303.1    947.3
     1     1    14     1    10     1     0     0    25.0   54.389 -176.822    292.3    948.9
     1     1    14     1    10     2     0     0    26.0   54.337 -176.306    283.0    950.2
     1     1    14     1    10     3     0     0    27.0   54.313 -175.812    274.5    951.4
     1     1    14     1    10     4     0     0    28.0   54.309 -175.335    265.8    952.5
     1     1    14     1    10     5     0     0    29.0   54.322 -174.874    256.3    954.0
     1     1    14     1    10     6     0     0    30.0   54.350 -174.434    245.7    956.1
     1     1    14     1    10     7     0     0    31.0   54.399 -174.028    235.8    958.1
     1     1    14     1    10     8     0     0    32.0   54.474 -173.661    228.0    959.5
     1     1    14     1    10     9     0     0    33.0   54.569 -173.326    221.7    960.8
     1     1    14     1    10    10     0     0    34.0   54.678 -173.013    216.7    961.9
     1     1    14     1    10    11     0     0    35.0   54.798 -172.712    212.7    962.9
     1     1    14     1    10    12     0     0    36.0   54.925 -172.413    209.6    963.8
     1     1    14     1    10    13     0     0    37.0   55.055 -172.146    207.4    964.0
     1     1    14     1    10    14     0     0    38.0   55.186 -171.957    206.3    964.1
     1     1    14     1    10    15     0     0    39.0   55.316 -171.851    206.2    963.8
     1     1    14     1    10    16     0     0    40.0   55.444 -171.826    206.8    963.4
     1     1    14     1    10    17     0     0    41.0   55.568 -171.877    208.1    962.7
     1     1    14     1    10    18     0     0    42.0   55.688 -172.000    210.0    962.0
     1     1    14     1    10    19     0     0    43.0   55.803 -172.173    211.9    960.7
     1     1    14     1    10    20     0     0    44.0   55.915 -172.379    213.9    959.6
     1     1    14     1    10    21     0     0    45.0   56.023 -172.620    216.1    958.4
     1     1    14     1    10    22     0     0    46.0   56.129 -172.902    218.9    957.2
     1     1    14     1    10    23     0     0    47.0   56.235 -173.232    222.4    955.9
     1     1    14     1    11     0     0     0    48.0   56.340 -173.618    227.3    954.5
