     1     1
    CDC1    14     1     1     0     0
     1 FORWARD  OMEGA   
    14     1    10    12   60.000 -175.000   500.0
     1 PRESSURE
     1     1    14     1    10    12     0     0     0.0   60.000 -175.000    500.0    930.0
     1     1    14     1    10    13     0     0     1.0   59.887 -175.636    516.8    928.7
     1     1    14     1    10    14     0     0     2.0   59.759 -176.294    532.2    927.6
     1     1    14     1    10    15     0     0     3.0   59.619 -176.983    546.6    926.4
     1     1    14     1    10    16     0     0     4.0   59.471 -177.709    560.6    924.7
     1     1    14     1    10    17     0     0     5.0   59.319 -178.473    574.9    922.1
     1     1    14     1    10    18     0     0     6.0   59.164 -179.281    590.4    919.4
     1     1    14     1    10    19     0     0     7.0   58.994  179.864    608.9    917.0
     1     1    14     1    10    20     0     0     8.0   58.796  178.971    630.1    913.3
     1     1    14     1    10    21     0     0     9.0   58.563  178.055    654.4    909.1
     1     1    14     1    10    22     0     0    10.0   58.289  177.126    681.4    905.2
     1     1    14     1    10    23     0     0    11.0   57.967  176.199    710.2    902.1
     1     1    14     1    11     0     0     0    12.0   57.586  175.280    740.1    899.8
     1     1    14     1    11     1     0     0    13.0   57.160  174.394    768.3    895.9
     1     1    14     1    11     2     0     0    14.0   56.718  173.573    793.1    891.4
     1     1    14     1    11     3     0     0    15.0   56.268  172.823    816.8    886.5
     1     1    14     1    11     4     0     0    16.0   55.817  172.143    841.0    882.1
     1     1    14     1    11     5     0     0    17.0   55.374  171.534    866.8    878.6
     1     1    14     1    11     6     0     0    18.0   54.944  170.996    894.3    875.5
     1     1    14     1    11     7     0     0    19.0   54.531  170.536    922.3    873.8
     1     1    14     1    11     8     0     0    20.0   54.140  170.154    951.5    871.3
     1     1    14     1    11     9     0     0    21.0   53.771  169.832    982.7    868.0
     1     1    14     1    11    10     0     0    22.0   53.425  169.557   1017.0    864.5
     1     1    14     1    11    11     0     0    23.0   53.101  169.317   1055.3    860.6
     1     1    14     1    11    12     0     0    24.0   52.797  169.104   1098.9    856.1
     1     1    14     1    11    13     0     0    25.0   52.517  168.916   1145.4    850.9
     1     1    14     1    11    14     0     0    26.0   52.271  168.759   1189.8    846.2
     1     1    14     1    11    15     0     0    27.0   52.057  168.635   1230.5    841.7
     1     1    14     1    11    16     0     0    28.0   51.870  168.540   1266.1    837.7
     1     1    14     1    11    17     0     0    29.0   51.703  168.471   1295.8    834.2
     1     1    14     1    11    18     0     0    30.0   51.554  168.426   1318.7    831.1
     1     1    14     1    11    19     0     0    31.0   51.417  168.398   1340.1    829.1
     1     1    14     1    11    20     0     0    32.0   51.286  168.378   1365.3    826.1
     1     1    14     1    11    21     0     0    33.0   51.161  168.366   1394.2    822.7
     1     1    14     1    11    22     0     0    34.0   51.040  168.362   1426.7    819.0
     1     1    14     1    11    23     0     0    35.0   50.922  168.365   1462.6    815.0
     1     1    14     1    12     0     0     0    36.0   50.804  168.377   1501.6    810.6
     1     1    14     1    12     1     0     0    37.0   50.687  168.396   1539.2    806.0
     1     1    14     1    12     2     0     0    38.0   50.570  168.423   1571.9    802.4
     1     1    14     1    12     3     0     0    39.0   50.454  168.458   1599.7    799.4
     1     1    14     1    12     4     0     0    40.0   50.340  168.502   1622.7    796.8
     1     1    14     1    12     5     0     0    41.0   50.229  168.554   1641.2    794.8
     1     1    14     1    12     6     0     0    42.0   50.120  168.616   1655.3    793.3
     1     1    14     1    12     7     0     0    43.0   50.008  168.687   1670.6    792.3
     1     1    14     1    12     8     0     0    44.0   49.885  168.770   1692.5    790.9
     1     1    14     1    12     9     0     0    45.0   49.751  168.868   1720.6    788.9
     1     1    14     1    12    10     0     0    46.0   49.606  168.981   1754.6    786.2
     1     1    14     1    12    11     0     0    47.0   49.451  169.110   1794.7    782.9
     1     1    14     1    12    12     0     0    48.0   49.285  169.255   1840.8    779.1
