     1     1
    CDC1    14     1     1     0     0
     1 FORWARD  OMEGA   
    14     1     2    12   60.000 -175.000   500.0
     1 PRESSURE
     1     1    14     1     2    12     0     0     0.0   60.000 -175.000    500.0    937.4
     1     1    14     1     2    13     0     0     1.0   59.889 -175.695    501.4    937.4
     1     1    14     1     2    14     0     0     2.0   59.748 -176.386    503.5    937.2
     1     1    14     1     2    15     0     0     3.0   59.571 -177.045    505.3    937.2
     1     1    14     1     2    16     0     0     4.0   59.357 -177.646    505.9    937.0
     1     1    14     1     2    17     0     0     5.0   59.113 -178.167    504.4    936.7
     1     1    14     1     2    18     0     0     6.0   58.848 -178.594    500.3    936.9
     1     1    14     1     2    19     0     0     7.0   58.576 -178.944    492.1    937.9
     1     1    14     1     2    20     0     0     8.0   58.318 -179.252    479.7    939.9
     1     1    14     1     2    21     0     0     9.0   58.080 -179.544    463.5    942.7
     1     1    14     1     2    22     0     0    10.0   57.872 -179.844    444.3    946.0
     1     1    14     1     2    23     0     0    11.0   57.701  179.822    422.6    949.8
     1     1    14     1     3     0     0     0    12.0   57.574  179.434    399.6    953.9
     1     1    14     1     3     1     0     0    13.0   57.490  178.977    378.6    957.4
     1     1    14     1     3     2     0     0    14.0   57.447  178.445    362.1    959.3
     1     1    14     1     3     3     0     0    15.0   57.439  177.827    350.5    960.4
     1     1    14     1     3     4     0     0    16.0   57.458  177.113    344.1    960.4
     1     1    14     1     3     5     0     0    17.0   57.493  176.294    343.4    959.2
     1     1    14     1     3     6     0     0    18.0   57.538  175.357    348.9    956.7
     1     1    14     1     3     7     0     0    19.0   57.582  174.318    360.6    954.3
     1     1    14     1     3     8     0     0    20.0   57.608  173.217    378.7    951.9
     1     1    14     1     3     9     0     0    21.0   57.605  172.079    404.0    948.2
     1     1    14     1     3    10     0     0    22.0   57.561  170.933    437.4    943.8
     1     1    14     1     3    11     0     0    23.0   57.465  169.806    479.6    938.1
     1     1    14     1     3    12     0     0    24.0   57.315  168.739    530.0    928.4
     1     1    14     1     3    13     0     0    25.0   57.111  167.736    587.8    919.3
     1     1    14     1     3    14     0     0    26.0   56.870  166.784    648.1    907.8
     1     1    14     1     3    15     0     0    27.0   56.612  165.883    707.2    895.5
     1     1    14     1     3    16     0     0    28.0   56.344  165.034    762.8    884.7
     1     1    14     1     3    17     0     0    29.0   56.077  164.231    811.8    872.3
     1     1    14     1     3    18     0     0    30.0   55.818  163.468    853.1    860.8
     1     1    14     1     3    19     0     0    31.0   55.556  162.763    892.0    850.8
     1     1    14     1     3    20     0     0    32.0   55.281  162.142    932.8    841.7
     1     1    14     1     3    21     0     0    33.0   54.989  161.627    977.6    832.7
     1     1    14     1     3    22     0     0    34.0   54.684  161.231   1027.3    828.4
     1     1    14     1     3    23     0     0    35.0   54.371  160.955   1080.3    824.8
     1     1    14     1     4     0     0     0    36.0   54.051  160.800   1137.5    821.8
     1     1    14     1     4     1     0     0    37.0   53.723  160.762   1191.3    818.7
     1     1    14     1     4     2     0     0    38.0   53.388  160.840   1231.4    818.7
     1     1    14     1     4     3     0     0    39.0   53.047  161.042   1257.3    821.0
     1     1    14     1     4     4     0     0    40.0   52.699  161.379   1268.2    825.8
     1     1    14     1     4     5     0     0    41.0   52.350  161.853   1263.5    832.0
     1     1    14     1     4     6     0     0    42.0   52.005  162.453   1244.1    838.4
     1     1    14     1     4     7     0     0    43.0   51.693  163.155   1216.9    843.5
     1     1    14     1     4     8     0     0    44.0   51.441  163.932   1191.1    847.1
     1     1    14     1     4     9     0     0    45.0   51.239  164.780   1166.4    850.0
     1     1    14     1     4    10     0     0    46.0   51.084  165.685   1142.1    851.2
     1     1    14     1     4    11     0     0    47.0   50.976  166.621   1119.5    851.6
     1     1    14     1     4    12     0     0    48.0   50.901  167.579   1098.2    852.1
