     1     1
    CDC1    14     1     1     0     0
     1 FORWARD  OMEGA   
    14     1     2    18   60.000 -175.000   500.0
     1 PRESSURE
     1     1    14     1     2    18     0     0     0.0   60.000 -175.000    500.0    936.9
     1     1    14     1     2    19     0     0     1.0   59.796 -175.691    506.1    936.0
     1     1    14     1     2    20     0     0     2.0   59.556 -176.252    505.6    936.3
     1     1    14     1     2    21     0     0     3.0   59.292 -176.700    498.8    937.3
     1     1    14     1     2    22     0     0     4.0   59.017 -177.053    486.6    939.1
     1     1    14     1     2    23     0     0     5.0   58.740 -177.332    469.8    941.6
     1     1    14     1     3     0     0     0     6.0   58.474 -177.555    449.4    944.7
     1     1    14     1     3     1     0     0     7.0   58.242 -177.755    428.9    948.1
     1     1    14     1     3     2     0     0     8.0   58.060 -177.966    410.7    951.0
     1     1    14     1     3     3     0     0     9.0   57.928 -178.203    394.8    953.8
     1     1    14     1     3     4     0     0    10.0   57.842 -178.479    381.3    956.2
     1     1    14     1     3     5     0     0    11.0   57.798 -178.805    370.0    958.1
     1     1    14     1     3     6     0     0    12.0   57.793 -179.194    361.3    959.8
     1     1    14     1     3     7     0     0    13.0   57.817 -179.664    355.2    960.3
     1     1    14     1     3     8     0     0    14.0   57.866  179.769    351.7    960.1
     1     1    14     1     3     9     0     0    15.0   57.936  179.101    351.1    958.7
     1     1    14     1     3    10     0     0    16.0   58.023  178.328    353.5    956.6
     1     1    14     1     3    11     0     0    17.0   58.121  177.442    358.6    953.8
     1     1    14     1     3    12     0     0    18.0   58.216  176.453    367.6    950.2
     1     1    14     1     3    13     0     0    19.0   58.285  175.345    384.3    945.3
     1     1    14     1     3    14     0     0    20.0   58.303  174.105    411.8    939.7
     1     1    14     1     3    15     0     0    21.0   58.252  172.771    450.7    933.6
     1     1    14     1     3    16     0     0    22.0   58.123  171.384    500.6    927.6
     1     1    14     1     3    17     0     0    23.0   57.911  169.990    559.7    922.1
     1     1    14     1     3    18     0     0    24.0   57.623  168.620    625.3    913.8
     1     1    14     1     3    19     0     0    25.0   57.290  167.340    692.8    902.1
     1     1    14     1     3    20     0     0    26.0   56.940  166.203    758.8    888.0
     1     1    14     1     3    21     0     0    27.0   56.581  165.196    824.8    876.3
     1     1    14     1     3    22     0     0    28.0   56.213  164.311    892.0    863.6
     1     1    14     1     3    23     0     0    29.0   55.838  163.550    963.0    850.2
     1     1    14     1     4     0     0     0    30.0   55.448  162.931   1040.6    836.5
     1     1    14     1     4     1     0     0    31.0   55.045  162.478   1119.2    822.3
     1     1    14     1     4     2     0     0    32.0   54.640  162.196   1190.4    816.2
     1     1    14     1     4     3     0     0    33.0   54.240  162.074   1247.0    813.8
     1     1    14     1     4     4     0     0    34.0   53.841  162.110   1287.8    814.2
     1     1    14     1     4     5     0     0    35.0   53.444  162.306   1312.0    817.0
     1     1    14     1     4     6     0     0    36.0   53.051  162.673   1319.4    822.4
     1     1    14     1     4     7     0     0    37.0   52.691  163.203   1314.6    829.3
     1     1    14     1     4     8     0     0    38.0   52.387  163.859   1305.5    834.4
     1     1    14     1     4     9     0     0    39.0   52.138  164.607   1294.1    837.5
     1     1    14     1     4    10     0     0    40.0   51.942  165.417   1281.8    838.6
     1     1    14     1     4    11     0     0    41.0   51.800  166.263   1269.5    838.0
     1     1    14     1     4    12     0     0    42.0   51.702  167.125   1258.8    837.2
     1     1    14     1     4    13     0     0    43.0   51.651  167.971   1252.7    837.1
     1     1    14     1     4    14     0     0    44.0   51.653  168.766   1250.8    836.9
     1     1    14     1     4    15     0     0    45.0   51.703  169.511   1250.0    836.6
     1     1    14     1     4    16     0     0    46.0   51.794  170.213   1246.6    837.2
     1     1    14     1     4    17     0     0    47.0   51.921  170.876   1237.6    839.7
     1     1    14     1     4    18     0     0    48.0   52.080  171.507   1219.8    842.9
