     1     1
    CDC1    14     1     1     0     0
     1 FORWARD  OMEGA   
    14     1    17    18   60.000 -175.000   500.0
     1 PRESSURE
     1     1    14     1    17    18     0     0     0.0   60.000 -175.000    500.0    924.7
     1     1    14     1    17    19     0     0     1.0   59.256 -175.457    543.2    917.1
     1     1    14     1    17    20     0     0     2.0   58.547 -175.722    582.2    910.2
     1     1    14     1    17    21     0     0     3.0   57.876 -175.796    616.7    903.7
     1     1    14     1    17    22     0     0     4.0   57.253 -175.689    646.4    897.6
     1     1    14     1    17    23     0     0     5.0   56.685 -175.421    670.7    892.9
     1     1    14     1    18     0     0     0     6.0   56.180 -175.001    689.7    888.8
     1     1    14     1    18     1     0     0     7.0   55.755 -174.419    705.1    886.9
     1     1    14     1    18     2     0     0     8.0   55.427 -173.677    716.8    885.9
     1     1    14     1    18     3     0     0     9.0   55.195 -172.774    724.3    885.8
     1     1    14     1    18     4     0     0    10.0   55.062 -171.723    726.9    886.0
     1     1    14     1    18     5     0     0    11.0   55.032 -170.552    724.8    886.5
     1     1    14     1    18     6     0     0    12.0   55.104 -169.287    719.2    886.8
     1     1    14     1    18     7     0     0    13.0   55.262 -168.005    712.3    887.4
     1     1    14     1    18     8     0     0    14.0   55.485 -166.778    704.4    888.3
     1     1    14     1    18     9     0     0    15.0   55.764 -165.631    694.4    889.5
     1     1    14     1    18    10     0     0    16.0   56.091 -164.572    681.7    891.8
     1     1    14     1    18    11     0     0    17.0   56.457 -163.599    666.8    894.6
     1     1    14     1    18    12     0     0    18.0   56.853 -162.698    650.1    897.3
     1     1    14     1    18    13     0     0    19.0   57.274 -161.872    634.2    899.1
     1     1    14     1    18    14     0     0    20.0   57.715 -161.134    623.0    899.1
     1     1    14     1    18    15     0     0    21.0   58.169 -160.489    615.5    898.1
     1     1    14     1    18    16     0     0    22.0   58.633 -159.919    612.1    896.3
     1     1    14     1    18    17     0     0    23.0   59.108 -159.402    614.6    893.1
     1     1    14     1    18    18     0     0    24.0   59.594 -158.910    625.3    887.9
     1     1    14     1    18    19     0     0    25.0   60.094 -158.446    643.5    880.8
     1     1    14     1    18    20     0     0    26.0   60.602 -158.015    664.7    876.1
     1     1    14     1    18    21     0     0    27.0   61.114 -157.599    683.9    872.0
     1     1    14     1    18    22     0     0    28.0   61.635 -157.190    700.0    868.5
     1     1    14     1    18    23     0     0    29.0   62.171 -156.780    711.6    865.0
     1     1    14     1    19     0     0     0    30.0   62.718 -156.360    716.7    862.7
     1     1    14     1    19     1     0     0    31.0   63.241 -155.923    717.5    863.6
     1     1    14     1    19     2     0     0    32.0   63.719 -155.451    716.2    864.8
     1     1    14     1    19     3     0     0    33.0   64.160 -154.913    713.1    866.6
     1     1    14     1    19     4     0     0    34.0   64.568 -154.283    708.5    868.8
     1     1    14     1    19     5     0     0    35.0   64.946 -153.531    703.3    870.9
     1     1    14     1    19     6     0     0    36.0   65.289 -152.637    696.8    867.0
     1     1    14     1    19     7     0     0    37.0   65.593 -151.623    690.5    861.0
     1     1    14     1    19     8     0     0    38.0   65.860 -150.518    685.3    855.4
     1     1    14     1    19     9     0     0    39.0   66.089 -149.330    682.7    850.4
     1     1    14     1    19    10     0     0    40.0   66.282 -148.078    683.6    846.1
     1     1    14     1    19    11     0     0    41.0   66.442 -146.784    688.8    842.6
     1     1    14     1    19    12     0     0    42.0   66.573 -145.470    698.3    839.5
     1     1    14     1    19    13     0     0    43.0   66.678 -144.142    705.4    838.5
     1     1    14     1    19    14     0     0    44.0   66.752 -142.794    701.0    840.9
     1     1    14     1    19    15     0     0    45.0   66.791 -141.436    683.5    847.0
     1     1    14     1    19    16     0     0    46.0   66.795 -140.086    651.7    855.4
     1     1    14     1    19    17     0     0    47.0   66.769 -138.758    607.2    865.1
     1     1    14     1    19    18     0     0    48.0   66.726 -137.477    553.2    874.6
