     1     1
    CDC1    14     1     1     0     0
     1 FORWARD  OMEGA   
    14     1    18     0   60.000 -175.000   500.0
     1 PRESSURE
     1     1    14     1    18     0     0     0     0.0   60.000 -175.000    500.0    915.7
     1     1    14     1    18     1     0     0     1.0   59.190 -175.304    532.3    909.5
     1     1    14     1    18     2     0     0     2.0   58.487 -175.372    562.9    903.6
     1     1    14     1    18     3     0     0     3.0   57.888 -175.217    592.8    897.8
     1     1    14     1    18     4     0     0     4.0   57.397 -174.857    621.9    892.4
     1     1    14     1    18     5     0     0     5.0   57.019 -174.330    649.2    888.6
     1     1    14     1    18     6     0     0     6.0   56.755 -173.670    673.5    885.4
     1     1    14     1    18     7     0     0     7.0   56.599 -172.909    694.4    883.4
     1     1    14     1    18     8     0     0     8.0   56.539 -172.089    711.0    882.3
     1     1    14     1    18     9     0     0     9.0   56.572 -171.235    723.1    882.1
     1     1    14     1    18    10     0     0    10.0   56.695 -170.364    730.1    882.6
     1     1    14     1    18    11     0     0    11.0   56.904 -169.496    730.8    883.4
     1     1    14     1    18    12     0     0    12.0   57.188 -168.651    724.5    885.2
     1     1    14     1    18    13     0     0    13.0   57.542 -167.839    713.2    888.2
     1     1    14     1    18    14     0     0    14.0   57.955 -167.105    701.2    889.7
     1     1    14     1    18    15     0     0    15.0   58.409 -166.487    690.9    890.8
     1     1    14     1    18    16     0     0    16.0   58.900 -165.981    683.5    891.8
     1     1    14     1    18    17     0     0    17.0   59.427 -165.576    680.3    892.6
     1     1    14     1    18    18     0     0    18.0   59.991 -165.263    682.9    892.9
     1     1    14     1    18    19     0     0    19.0   60.568 -165.038    688.8    892.8
     1     1    14     1    18    20     0     0    20.0   61.131 -164.902    695.1    892.7
     1     1    14     1    18    21     0     0    21.0   61.684 -164.853    701.5    892.5
     1     1    14     1    18    22     0     0    22.0   62.229 -164.892    707.3    892.5
     1     1    14     1    18    23     0     0    23.0   62.757 -165.019    711.8    892.2
     1     1    14     1    19     0     0     0    24.0   63.250 -165.224    714.7    891.6
     1     1    14     1    19     1     0     0    25.0   63.685 -165.505    719.1    890.9
     1     1    14     1    19     2     0     0    26.0   64.056 -165.855    728.2    889.8
     1     1    14     1    19     3     0     0    27.0   64.369 -166.265    740.5    888.8
     1     1    14     1    19     4     0     0    28.0   64.629 -166.730    755.5    888.0
     1     1    14     1    19     5     0     0    29.0   64.841 -167.247    772.3    887.5
     1     1    14     1    19     6     0     0    30.0   65.008 -167.812    790.1    886.8
     1     1    14     1    19     7     0     0    31.0   65.135 -168.430    810.4    885.6
     1     1    14     1    19     8     0     0    32.0   65.227 -169.109    835.1    883.9
     1     1    14     1    19     9     0     0    33.0   65.284 -169.853    865.5    881.4
     1     1    14     1    19    10     0     0    34.0   65.309 -170.658    902.3    877.8
     1     1    14     1    19    11     0     0    35.0   65.301 -171.519    946.1    873.1
     1     1    14     1    19    12     0     0    36.0   65.260 -172.437    997.5    866.9
     1     1    14     1    19    13     0     0    37.0   65.193 -173.371   1053.4    858.9
     1     1    14     1    19    14     0     0    38.0   65.108 -174.280   1111.2    851.1
     1     1    14     1    19    15     0     0    39.0   65.012 -175.174   1169.9    843.3
     1     1    14     1    19    16     0     0    40.0   64.909 -176.055   1227.5    835.8
     1     1    14     1    19    17     0     0    41.0   64.803 -176.934   1281.8    829.2
     1     1    14     1    19    18     0     0    42.0   64.688 -177.821   1331.7    822.9
     1     1    14     1    19    19     0     0    43.0   64.568 -178.730   1375.5    817.6
     1     1    14     1    19    20     0     0    44.0   64.444 -179.676   1412.1    813.2
     1     1    14     1    19    21     0     0    45.0   64.314  179.346   1442.8    809.3
     1     1    14     1    19    22     0     0    46.0   64.174  178.345   1468.4    805.7
     1     1    14     1    19    23     0     0    47.0   64.022  177.327   1489.9    802.1
     1     1    14     1    20     0     0     0    48.0   63.858  176.307   1507.5    798.3
