     1     1
    CDC1    14     1     1     0     0
     1 FORWARD  OMEGA   
    14     1    26    12   60.000 -175.000   500.0
     1 PRESSURE
     1     1    14     1    26    12     0     0     0.0   60.000 -175.000    500.0    935.8
     1     1    14     1    26    13     0     0     1.0   59.669 -175.061    498.2    935.3
     1     1    14     1    26    14     0     0     2.0   59.313 -175.108    493.7    935.2
     1     1    14     1    26    15     0     0     3.0   58.936 -175.134    486.7    935.4
     1     1    14     1    26    16     0     0     4.0   58.538 -175.132    477.5    935.7
     1     1    14     1    26    17     0     0     5.0   58.122 -175.093    466.6    936.1
     1     1    14     1    26    18     0     0     6.0   57.689 -175.009    454.2    936.5
     1     1    14     1    26    19     0     0     7.0   57.254 -174.867    442.2    936.8
     1     1    14     1    26    20     0     0     8.0   56.835 -174.661    433.3    936.9
     1     1    14     1    26    21     0     0     9.0   56.428 -174.396    427.3    936.8
     1     1    14     1    26    22     0     0    10.0   56.027 -174.074    423.9    936.6
     1     1    14     1    26    23     0     0    11.0   55.626 -173.696    423.1    936.1
     1     1    14     1    27     0     0     0    12.0   55.219 -173.261    425.0    935.2
     1     1    14     1    27     1     0     0    13.0   54.807 -172.781    430.5    935.3
     1     1    14     1    27     2     0     0    14.0   54.399 -172.277    440.4    935.4
     1     1    14     1    27     3     0     0    15.0   53.999 -171.769    454.6    934.6
     1     1    14     1    27     4     0     0    16.0   53.603 -171.259    473.6    932.7
     1     1    14     1    27     5     0     0    17.0   53.198 -170.741    498.2    929.9
     1     1    14     1    27     6     0     0    18.0   52.773 -170.208    529.5    925.9
     1     1    14     1    27     7     0     0    19.0   52.313 -169.649    566.9    920.7
     1     1    14     1    27     8     0     0    20.0   51.820 -169.067    607.7    915.8
     1     1    14     1    27     9     0     0    21.0   51.295 -168.461    650.9    910.7
     1     1    14     1    27    10     0     0    22.0   50.735 -167.809    696.0    905.2
     1     1    14     1    27    11     0     0    23.0   50.136 -167.092    743.3    900.4
     1     1    14     1    27    12     0     0    24.0   49.521 -166.326    793.4    895.7
     1     1    14     1    27    13     0     0    25.0   48.926 -165.541    842.2    889.6
     1     1    14     1    27    14     0     0    26.0   48.366 -164.736    885.5    884.2
     1     1    14     1    27    15     0     0    27.0   47.846 -163.906    924.3    879.6
     1     1    14     1    27    16     0     0    28.0   47.368 -163.056    961.1    875.3
     1     1    14     1    27    17     0     0    29.0   46.933 -162.214    997.6    872.0
     1     1    14     1    27    18     0     0    30.0   46.551 -161.406   1033.6    869.6
     1     1    14     1    27    19     0     0    31.0   46.236 -160.622   1071.1    867.3
     1     1    14     1    27    20     0     0    32.0   45.993 -159.843   1110.4    864.1
     1     1    14     1    27    21     0     0    33.0   45.821 -159.070   1148.6    860.7
     1     1    14     1    27    22     0     0    34.0   45.718 -158.300   1184.2    857.6
     1     1    14     1    27    23     0     0    35.0   45.674 -157.534   1217.7    854.6
     1     1    14     1    28     0     0     0    36.0   45.690 -156.777   1249.8    851.6
     1     1    14     1    28     1     0     0    37.0   45.772 -156.035   1277.5    848.8
     1     1    14     1    28     2     0     0    38.0   45.919 -155.312   1297.2    847.2
     1     1    14     1    28     3     0     0    39.0   46.126 -154.614   1309.1    846.9
     1     1    14     1    28     4     0     0    40.0   46.387 -153.948   1313.1    847.9
     1     1    14     1    28     5     0     0    41.0   46.700 -153.318   1309.8    849.5
     1     1    14     1    28     6     0     0    42.0   47.066 -152.722   1300.2    851.6
     1     1    14     1    28     7     0     0    43.0   47.490 -152.158   1290.4    853.5
     1     1    14     1    28     8     0     0    44.0   47.971 -151.652   1286.7    854.1
     1     1    14     1    28     9     0     0    45.0   48.503 -151.225   1288.3    854.3
     1     1    14     1    28    10     0     0    46.0   49.084 -150.864   1295.2    854.0
     1     1    14     1    28    11     0     0    47.0   49.714 -150.554   1307.6    853.2
     1     1    14     1    28    12     0     0    48.0   50.388 -150.300   1325.3    852.2
