     1     1
    CDC1    14     1     1     0     0
     1 FORWARD  OMEGA   
    14     1    13     6   60.000 -175.000   500.0
     1 PRESSURE
     1     1    14     1    13     6     0     0     0.0   60.000 -175.000    500.0    930.1
     1     1    14     1    13     7     0     0     1.0   59.559 -175.537    496.8    931.5
     1     1    14     1    13     8     0     0     2.0   59.124 -175.978    496.8    932.0
     1     1    14     1    13     9     0     0     3.0   58.698 -176.344    500.0    931.9
     1     1    14     1    13    10     0     0     4.0   58.285 -176.652    506.4    931.3
     1     1    14     1    13    11     0     0     5.0   57.891 -176.919    516.3    930.2
     1     1    14     1    13    12     0     0     6.0   57.520 -177.156    529.7    928.7
     1     1    14     1    13    13     0     0     7.0   57.175 -177.384    543.5    926.4
     1     1    14     1    13    14     0     0     8.0   56.860 -177.616    554.8    924.8
     1     1    14     1    13    15     0     0     9.0   56.573 -177.854    564.8    923.5
     1     1    14     1    13    16     0     0    10.0   56.314 -178.096    574.2    922.3
     1     1    14     1    13    17     0     0    11.0   56.080 -178.341    584.0    921.2
     1     1    14     1    13    18     0     0    12.0   55.870 -178.587    594.8    920.1
     1     1    14     1    13    19     0     0    13.0   55.677 -178.843    606.3    918.9
     1     1    14     1    13    20     0     0    14.0   55.495 -179.119    617.5    917.8
     1     1    14     1    13    21     0     0    15.0   55.323 -179.414    628.2    916.8
     1     1    14     1    13    22     0     0    16.0   55.158 -179.724    638.3    915.9
     1     1    14     1    13    23     0     0    17.0   54.998  179.952    647.3    915.0
     1     1    14     1    14     0     0     0    18.0   54.838  179.622    654.5    913.9
     1     1    14     1    14     1     0     0    19.0   54.676  179.301    661.7    913.0
     1     1    14     1    14     2     0     0    20.0   54.512  179.002    671.0    911.6
     1     1    14     1    14     3     0     0    21.0   54.344  178.724    682.3    910.0
     1     1    14     1    14     4     0     0    22.0   54.174  178.469    695.8    908.2
     1     1    14     1    14     5     0     0    23.0   54.002  178.238    711.5    906.2
     1     1    14     1    14     6     0     0    24.0   53.828  178.031    729.5    903.9
     1     1    14     1    14     7     0     0    25.0   53.654  177.849    744.8    901.6
     1     1    14     1    14     8     0     0    26.0   53.478  177.689    752.7    900.8
     1     1    14     1    14     9     0     0    27.0   53.302  177.557    753.4    901.0
     1     1    14     1    14    10     0     0    28.0   53.125  177.455    747.4    901.9
     1     1    14     1    14    11     0     0    29.0   52.949  177.388    735.1    903.6
     1     1    14     1    14    12     0     0    30.0   52.776  177.357    716.9    906.1
     1     1    14     1    14    13     0     0    31.0   52.610  177.367    696.5    909.6
     1     1    14     1    14    14     0     0    32.0   52.455  177.417    676.1    912.6
     1     1    14     1    14    15     0     0    33.0   52.312  177.497    656.0    915.0
     1     1    14     1    14    16     0     0    34.0   52.179  177.598    636.4    917.1
     1     1    14     1    14    17     0     0    35.0   52.057  177.721    617.2    919.0
     1     1    14     1    14    18     0     0    36.0   51.943  177.863    598.3    920.6
     1     1    14     1    14    19     0     0    37.0   51.835  178.012    580.9    922.3
     1     1    14     1    14    20     0     0    38.0   51.727  178.158    565.6    923.6
     1     1    14     1    14    21     0     0    39.0   51.619  178.304    552.3    924.8
     1     1    14     1    14    22     0     0    40.0   51.514  178.449    540.8    925.8
     1     1    14     1    14    23     0     0    41.0   51.411  178.596    530.9    926.6
     1     1    14     1    15     0     0     0    42.0   51.311  178.745    522.6    927.4
     1     1    14     1    15     1     0     0    43.0   51.211  178.900    514.4    927.9
     1     1    14     1    15     2     0     0    44.0   51.109  179.065    505.5    928.6
     1     1    14     1    15     3     0     0    45.0   51.006  179.241    496.1    929.3
     1     1    14     1    15     4     0     0    46.0   50.902  179.431    486.2    930.1
     1     1    14     1    15     5     0     0    47.0   50.797  179.635    476.0    931.0
     1     1    14     1    15     6     0     0    48.0   50.691  179.857    465.7    931.8
