     1     1
    CDC1    14     1     1     0     0
     1 FORWARD  OMEGA   
    14     1     4    12   60.000 -175.000   500.0
     1 PRESSURE
     1     1    14     1     4    12     0     0     0.0   60.000 -175.000    500.0    946.1
     1     1    14     1     4    13     0     0     1.0   60.270 -175.753    530.9    943.1
     1     1    14     1     4    14     0     0     2.0   60.516 -176.544    563.7    939.9
     1     1    14     1     4    15     0     0     3.0   60.749 -177.363    598.8    936.3
     1     1    14     1     4    16     0     0     4.0   60.977 -178.214    636.1    930.9
     1     1    14     1     4    17     0     0     5.0   61.205 -179.097    675.9    923.7
     1     1    14     1     4    18     0     0     6.0   61.438  179.997    718.1    916.1
     1     1    14     1     4    19     0     0     7.0   61.674  179.058    762.9    907.2
     1     1    14     1     4    20     0     0     8.0   61.912  178.073    810.3    897.9
     1     1    14     1     4    21     0     0     9.0   62.160  177.040    860.6    887.7
     1     1    14     1     4    22     0     0    10.0   62.426  175.951    913.0    875.9
     1     1    14     1     4    23     0     0    11.0   62.719  174.812    967.0    863.7
     1     1    14     1     5     0     0     0    12.0   63.043  173.635   1022.0    852.4
     1     1    14     1     5     1     0     0    13.0   63.386  172.434   1077.2    842.0
     1     1    14     1     5     2     0     0    14.0   63.739  171.229   1129.0    831.2
     1     1    14     1     5     3     0     0    15.0   64.109  170.034   1175.0    820.7
     1     1    14     1     5     4     0     0    16.0   64.496  168.866   1213.8    810.7
     1     1    14     1     5     5     0     0    17.0   64.901  167.731   1244.1    800.7
     1     1    14     1     5     6     0     0    18.0   65.320  166.647   1268.0    794.6
     1     1    14     1     5     7     0     0    19.0   65.730  165.632   1285.7    792.0
     1     1    14     1     5     8     0     0    20.0   66.115  164.687   1297.3    792.4
     1     1    14     1     5     9     0     0    21.0   66.480  163.812   1305.6    795.4
     1     1    14     1     5    10     0     0    22.0   66.832  163.004   1311.4    799.2
     1     1    14     1     5    11     0     0    23.0   67.176  162.260   1316.2    804.2
     1     1    14     1     5    12     0     0    24.0   67.516  161.576   1321.5    810.6
     1     1    14     1     5    13     0     0    25.0   67.836  160.939   1328.3    817.9
     1     1    14     1     5    14     0     0    26.0   68.126  160.336   1334.5    823.9
     1     1    14     1     5    15     0     0    27.0   68.394  159.773   1339.9    829.2
     1     1    14     1     5    16     0     0    28.0   68.644  159.254   1344.2    833.5
     1     1    14     1     5    17     0     0    29.0   68.882  158.782   1347.3    837.0
     1     1    14     1     5    18     0     0    30.0   69.115  158.362   1349.0    840.0
     1     1    14     1     5    19     0     0    31.0   69.338  157.971   1350.0    842.6
     1     1    14     1     5    20     0     0    32.0   69.547  157.582   1349.2    845.0
     1     1    14     1     5    21     0     0    33.0   69.744  157.189   1346.8    846.8
     1     1    14     1     5    22     0     0    34.0   69.929  156.785   1342.3    848.5
     1     1    14     1     5    23     0     0    35.0   70.105  156.363   1335.7    849.6
     1     1    14     1     6     0     0     0    36.0   70.271  155.920   1327.7    850.6
     1     1    14     1     6     1     0     0    37.0   70.434  155.482   1320.9    851.3
     1     1    14     1     6     2     0     0    38.0   70.601  155.080   1318.0    851.3
     1     1    14     1     6     3     0     0    39.0   70.774  154.710   1319.0    850.9
     1     1    14     1     6     4     0     0    40.0   70.951  154.372   1324.0    850.1
     1     1    14     1     6     5     0     0    41.0   71.135  154.066   1333.0    848.9
     1     1    14     1     6     6     0     0    42.0   71.323  153.791   1346.2    847.2
     1     1    14     1     6     7     0     0    43.0   71.513  153.514   1361.9    845.2
     1     1    14     1     6     8     0     0    44.0   71.699  153.203   1378.1    843.4
     1     1    14     1     6     9     0     0    45.0   71.882  152.855   1394.6    841.5
     1     1    14     1     6    10     0     0    46.0   72.061  152.469   1410.9    839.6
     1     1    14     1     6    11     0     0    47.0   72.235  152.041   1426.9    838.2
     1     1    14     1     6    12     0     0    48.0   72.404  151.570   1442.0    837.0
