     1     1
    CDC1    14     1     1     0     0
     1 FORWARD  OMEGA   
    14     1    29     0   60.000 -175.000   500.0
     1 PRESSURE
     1     1    14     1    29     0     0     0     0.0   60.000 -175.000    500.0    929.0
     1     1    14     1    29     1     0     0     1.0   60.273 -175.546    533.2    926.0
     1     1    14     1    29     2     0     0     2.0   60.552 -176.115    569.4    922.5
     1     1    14     1    29     3     0     0     3.0   60.835 -176.717    609.1    918.8
     1     1    14     1    29     4     0     0     4.0   61.121 -177.358    653.0    914.1
     1     1    14     1    29     5     0     0     5.0   61.405 -178.046    700.1    907.2
     1     1    14     1    29     6     0     0     6.0   61.684 -178.783    750.2    899.4
     1     1    14     1    29     7     0     0     7.0   61.956 -179.563    803.4    890.5
     1     1    14     1    29     8     0     0     8.0   62.219  179.619    858.7    880.8
     1     1    14     1    29     9     0     0     9.0   62.472  178.761    916.2    870.5
     1     1    14     1    29    10     0     0    10.0   62.716  177.878    974.6    859.1
     1     1    14     1    29    11     0     0    11.0   62.951  176.980   1032.2    847.9
     1     1    14     1    29    12     0     0    12.0   63.177  176.058   1089.2    837.2
     1     1    14     1    29    13     0     0    13.0   63.402  175.151   1148.5    827.7
     1     1    14     1    29    14     0     0    14.0   63.635  174.286   1211.4    818.0
     1     1    14     1    29    15     0     0    15.0   63.872  173.439   1279.9    808.0
     1     1    14     1    29    16     0     0    16.0   64.105  172.593   1356.2    796.8
     1     1    14     1    29    17     0     0    17.0   64.328  171.737   1442.0    784.2
     1     1    14     1    29    18     0     0    18.0   64.534  170.862   1539.7    770.4
     1     1    14     1    29    19     0     0    19.0   64.728  169.976   1643.2    755.3
     1     1    14     1    29    20     0     0    20.0   64.919  169.088   1746.1    740.3
     1     1    14     1    29    21     0     0    21.0   65.107  168.197   1847.8    725.1
     1     1    14     1    29    22     0     0    22.0   65.287  167.305   1947.5    711.4
     1     1    14     1    29    23     0     0    23.0   65.458  166.403   2045.7    699.5
     1     1    14     1    30     0     0     0    24.0   65.614  165.479   2144.0    688.4
     1     1    14     1    30     1     0     0    25.0   65.765  164.562   2237.9    678.5
     1     1    14     1    30     2     0     0    26.0   65.925  163.689   2321.7    672.0
     1     1    14     1    30     3     0     0    27.0   66.093  162.862   2393.9    667.2
     1     1    14     1    30     4     0     0    28.0   66.266  162.075   2455.9    664.5
     1     1    14     1    30     5     0     0    29.0   66.445  161.322   2508.5    663.6
     1     1    14     1    30     6     0     0    30.0   66.628  160.595   2552.4    663.8
     1     1    14     1    30     7     0     0    31.0   66.816  159.892   2590.3    665.0
     1     1    14     1    30     8     0     0    32.0   67.018  159.219   2627.3    666.7
     1     1    14     1    30     9     0     0    33.0   67.231  158.575   2663.6    668.6
     1     1    14     1    30    10     0     0    34.0   67.453  157.957   2701.3    670.5
     1     1    14     1    30    11     0     0    35.0   67.680  157.348   2740.1    670.6
     1     1    14     1    30    12     0     0    36.0   67.906  156.718   2782.1    669.1
     1     1    14     1    30    13     0     0    37.0   68.135  156.044   2823.1    667.3
     1     1    14     1    30    14     0     0    38.0   68.376  155.327   2857.5    666.3
     1     1    14     1    30    15     0     0    39.0   68.626  154.579   2882.8    664.8
     1     1    14     1    30    16     0     0    40.0   68.881  153.808   2898.9    663.3
     1     1    14     1    30    17     0     0    41.0   69.137  153.022   2906.8    662.3
     1     1    14     1    30    18     0     0    42.0   69.389  152.226   2907.3    661.3
     1     1    14     1    30    19     0     0    43.0   69.649  151.414   2907.6    660.8
     1     1    14     1    30    20     0     0    44.0   69.930  150.585   2911.4    659.3
     1     1    14     1    30    21     0     0    45.0   70.233  149.746   2917.5    658.1
     1     1    14     1    30    22     0     0    46.0   70.555  148.892   2924.6    657.6
     1     1    14     1    30    23     0     0    47.0   70.889  148.027   2930.9    657.3
     1     1    14     1    31     0     0     0    48.0   71.230  147.151   2935.4    657.5
