     1     1
    CDC1    14     1     1     0     0
     1 FORWARD  OMEGA   
    14     1    19    12   60.000 -175.000   500.0
     1 PRESSURE
     1     1    14     1    19    12     0     0     0.0   60.000 -175.000    500.0    923.8
     1     1    14     1    19    13     0     0     1.0   60.130 -175.008    518.7    923.1
     1     1    14     1    19    14     0     0     2.0   60.261 -175.071    541.1    921.8
     1     1    14     1    19    15     0     0     3.0   60.389 -175.186    567.3    920.1
     1     1    14     1    19    16     0     0     4.0   60.513 -175.352    597.5    917.9
     1     1    14     1    19    17     0     0     5.0   60.633 -175.566    631.8    915.3
     1     1    14     1    19    18     0     0     6.0   60.749 -175.818    669.4    911.5
     1     1    14     1    19    19     0     0     7.0   60.863 -176.104    706.6    906.9
     1     1    14     1    19    20     0     0     8.0   60.969 -176.428    741.1    903.1
     1     1    14     1    19    21     0     0     9.0   61.069 -176.788    773.1    899.7
     1     1    14     1    19    22     0     0    10.0   61.165 -177.184    803.0    896.5
     1     1    14     1    19    23     0     0    11.0   61.257 -177.613    831.0    893.3
     1     1    14     1    20     0     0     0    12.0   61.347 -178.073    856.9    889.9
     1     1    14     1    20     1     0     0    13.0   61.418 -178.565    881.2    886.6
     1     1    14     1    20     2     0     0    14.0   61.456 -179.084    904.6    883.1
     1     1    14     1    20     3     0     0    15.0   61.468 -179.622    926.8    879.6
     1     1    14     1    20     4     0     0    16.0   61.459  179.828    947.3    875.9
     1     1    14     1    20     5     0     0    17.0   61.434  179.274    965.6    872.0
     1     1    14     1    20     6     0     0    18.0   61.397  178.720    981.6    868.5
     1     1    14     1    20     7     0     0    19.0   61.344  178.165    995.9    865.4
     1     1    14     1    20     8     0     0    20.0   61.272  177.608   1010.0    862.1
     1     1    14     1    20     9     0     0    21.0   61.186  177.056   1023.2    859.1
     1     1    14     1    20    10     0     0    22.0   61.088  176.517   1035.1    856.5
     1     1    14     1    20    11     0     0    23.0   60.983  175.995   1045.4    854.2
     1     1    14     1    20    12     0     0    24.0   60.871  175.496   1053.7    852.3
     1     1    14     1    20    13     0     0    25.0   60.745  175.036   1059.6    851.0
     1     1    14     1    20    14     0     0    26.0   60.599  174.639   1062.1    850.6
     1     1    14     1    20    15     0     0    27.0   60.435  174.310   1061.5    851.0
     1     1    14     1    20    16     0     0    28.0   60.253  174.053   1058.2    851.9
     1     1    14     1    20    17     0     0    29.0   60.053  173.871   1052.1    853.4
     1     1    14     1    20    18     0     0    30.0   59.836  173.755   1044.1    855.9
     1     1    14     1    20    19     0     0    31.0   59.613  173.667   1034.1    858.5
     1     1    14     1    20    20     0     0    32.0   59.394  173.574   1022.0    861.5
     1     1    14     1    20    21     0     0    33.0   59.179  173.472   1007.5    864.9
     1     1    14     1    20    22     0     0    34.0   58.968  173.357    990.5    868.6
     1     1    14     1    20    23     0     0    35.0   58.763  173.225    970.7    872.7
     1     1    14     1    21     0     0     0    36.0   58.562  173.070    948.2    877.3
     1     1    14     1    21     1     0     0    37.0   58.362  172.920    925.7    882.2
     1     1    14     1    21     2     0     0    38.0   58.160  172.808    905.7    886.3
     1     1    14     1    21     3     0     0    39.0   57.955  172.733    888.3    890.3
     1     1    14     1    21     4     0     0    40.0   57.750  172.695    873.5    893.9
     1     1    14     1    21     5     0     0    41.0   57.545  172.694    861.6    897.2
     1     1    14     1    21     6     0     0    42.0   57.343  172.723    852.3    897.9
     1     1    14     1    21     7     0     0    43.0   57.143  172.759    842.7    897.2
     1     1    14     1    21     8     0     0    44.0   56.944  172.781    829.9    897.4
     1     1    14     1    21     9     0     0    45.0   56.744  172.788    812.9    898.1
     1     1    14     1    21    10     0     0    46.0   56.546  172.778    791.3    899.4
     1     1    14     1    21    11     0     0    47.0   56.350  172.750    764.7    901.4
     1     1    14     1    21    12     0     0    48.0   56.155  172.701    732.7    904.1
