     1     1
    CDC1    14     1     1     0     0
     1 FORWARD  OMEGA   
    14     1    20    18   60.000 -175.000   500.0
     1 PRESSURE
     1     1    14     1    20    18     0     0     0.0   60.000 -175.000    500.0    927.0
     1     1    14     1    20    19     0     0     1.0   59.738 -175.230    529.0    923.2
     1     1    14     1    20    20     0     0     2.0   59.476 -175.370    554.9    919.8
     1     1    14     1    20    21     0     0     3.0   59.217 -175.426    577.1    916.8
     1     1    14     1    20    22     0     0     4.0   58.960 -175.403    595.0    914.2
     1     1    14     1    20    23     0     0     5.0   58.706 -175.304    608.2    911.9
     1     1    14     1    21     0     0     0     6.0   58.457 -175.133    616.4    910.1
     1     1    14     1    21     1     0     0     7.0   58.213 -174.887    621.5    909.4
     1     1    14     1    21     2     0     0     8.0   57.976 -174.572    625.0    908.8
     1     1    14     1    21     3     0     0     9.0   57.749 -174.191    627.7    908.6
     1     1    14     1    21     4     0     0    10.0   57.534 -173.751    630.0    908.5
     1     1    14     1    21     5     0     0    11.0   57.336 -173.267    632.2    908.6
     1     1    14     1    21     6     0     0    12.0   57.157 -172.760    634.7    908.7
     1     1    14     1    21     7     0     0    13.0   57.004 -172.227    637.0    908.7
     1     1    14     1    21     8     0     0    14.0   56.881 -171.671    638.7    909.1
     1     1    14     1    21     9     0     0    15.0   56.787 -171.096    640.3    909.6
     1     1    14     1    21    10     0     0    16.0   56.717 -170.503    642.0    910.2
     1     1    14     1    21    11     0     0    17.0   56.666 -169.890    644.2    910.6
     1     1    14     1    21    12     0     0    18.0   56.630 -169.265    647.0    910.5
     1     1    14     1    21    13     0     0    19.0   56.615 -168.644    650.3    910.3
     1     1    14     1    21    14     0     0    20.0   56.627 -168.041    652.6    910.3
     1     1    14     1    21    15     0     0    21.0   56.664 -167.453    652.8    910.5
     1     1    14     1    21    16     0     0    22.0   56.725 -166.883    649.9    910.4
     1     1    14     1    21    17     0     0    23.0   56.806 -166.331    642.9    910.8
     1     1    14     1    21    18     0     0    24.0   56.905 -165.789    631.2    911.9
     1     1    14     1    21    19     0     0    25.0   57.016 -165.249    615.5    913.8
     1     1    14     1    21    20     0     0    26.0   57.131 -164.701    596.9    916.0
     1     1    14     1    21    21     0     0    27.0   57.252 -164.141    575.7    918.5
     1     1    14     1    21    22     0     0    28.0   57.377 -163.563    552.1    921.3
     1     1    14     1    21    23     0     0    29.0   57.502 -162.959    526.1    924.3
     1     1    14     1    22     0     0     0    30.0   57.625 -162.341    498.7    927.4
     1     1    14     1    22     1     0     0    31.0   57.730 -161.796    474.5    930.2
     1     1    14     1    22     2     0     0    32.0   57.804 -161.390    455.7    931.9
     1     1    14     1    22     3     0     0    33.0   57.846 -161.112    440.8    933.5
     1     1    14     1    22     4     0     0    34.0   57.853 -160.955    428.8    935.2
     1     1    14     1    22     5     0     0    35.0   57.823 -160.913    419.4    936.9
     1     1    14     1    22     6     0     0    36.0   57.751 -160.983    412.5    938.7
     1     1    14     1    22     7     0     0    37.0   57.647 -161.138    408.8    939.7
     1     1    14     1    22     8     0     0    38.0   57.521 -161.350    407.9    940.3
     1     1    14     1    22     9     0     0    39.0   57.373 -161.617    409.8    940.4
     1     1    14     1    22    10     0     0    40.0   57.207 -161.932    414.3    940.1
     1     1    14     1    22    11     0     0    41.0   57.021 -162.289    420.9    939.4
     1     1    14     1    22    12     0     0    42.0   56.816 -162.680    429.3    938.3
     1     1    14     1    22    13     0     0    43.0   56.589 -163.100    438.5    936.4
     1     1    14     1    22    14     0     0    44.0   56.331 -163.544    448.2    934.4
     1     1    14     1    22    15     0     0    45.0   56.035 -164.003    457.9    932.3
     1     1    14     1    22    16     0     0    46.0   55.692 -164.469    467.5    929.9
     1     1    14     1    22    17     0     0    47.0   55.292 -164.934    476.8    927.1
     1     1    14     1    22    18     0     0    48.0   54.834 -165.383    486.3    924.9
