     1     1
    CDC1    14     1     1     0     0
     1 FORWARD  OMEGA   
    14     1     8    12   60.000 -175.000   500.0
     1 PRESSURE
     1     1    14     1     8    12     0     0     0.0   60.000 -175.000    500.0    924.4
     1     1    14     1     8    13     0     0     1.0   59.782 -175.824    512.0    923.6
     1     1    14     1     8    14     0     0     2.0   59.552 -176.625    525.8    922.5
     1     1    14     1     8    15     0     0     3.0   59.307 -177.406    541.4    921.2
     1     1    14     1     8    16     0     0     4.0   59.054 -178.161    558.7    918.9
     1     1    14     1     8    17     0     0     5.0   58.795 -178.889    578.0    916.6
     1     1    14     1     8    18     0     0     6.0   58.529 -179.590    599.3    914.2
     1     1    14     1     8    19     0     0     7.0   58.254  179.745    620.7    911.7
     1     1    14     1     8    20     0     0     8.0   57.973  179.133    640.3    909.6
     1     1    14     1     8    21     0     0     9.0   57.688  178.572    658.6    908.0
     1     1    14     1     8    22     0     0    10.0   57.401  178.060    676.3    906.4
     1     1    14     1     8    23     0     0    11.0   57.115  177.602    693.2    904.3
     1     1    14     1     9     0     0     0    12.0   56.835  177.200    709.8    902.3
     1     1    14     1     9     1     0     0    13.0   56.563  176.865    725.0    900.1
     1     1    14     1     9     2     0     0    14.0   56.297  176.609    737.6    898.0
     1     1    14     1     9     3     0     0    15.0   56.036  176.439    747.4    896.2
     1     1    14     1     9     4     0     0    16.0   55.780  176.361    754.1    894.7
     1     1    14     1     9     5     0     0    17.0   55.526  176.380    757.3    893.8
     1     1    14     1     9     6     0     0    18.0   55.276  176.504    756.9    893.4
     1     1    14     1     9     7     0     0    19.0   55.039  176.702    752.4    893.9
     1     1    14     1     9     8     0     0    20.0   54.825  176.931    744.3    896.1
     1     1    14     1     9     9     0     0    21.0   54.631  177.180    731.9    899.0
     1     1    14     1     9    10     0     0    22.0   54.458  177.443    715.0    902.4
     1     1    14     1     9    11     0     0    23.0   54.305  177.718    693.7    905.8
     1     1    14     1     9    12     0     0    24.0   54.174  178.002    668.3    909.5
     1     1    14     1     9    13     0     0    25.0   54.051  178.326    641.0    913.4
     1     1    14     1     9    14     0     0    26.0   53.926  178.725    614.0    916.7
     1     1    14     1     9    15     0     0    27.0   53.803  179.197    587.9    919.7
     1     1    14     1     9    16     0     0    28.0   53.685  179.737    563.4    922.4
     1     1    14     1     9    17     0     0    29.0   53.576 -179.665    541.5    924.6
     1     1    14     1     9    18     0     0    30.0   53.485 -179.020    522.9    926.2
     1     1    14     1     9    19     0     0    31.0   53.419 -178.361    506.5    927.2
     1     1    14     1     9    20     0     0    32.0   53.376 -177.704    491.2    928.1
     1     1    14     1     9    21     0     0    33.0   53.352 -177.043    477.3    929.8
     1     1    14     1     9    22     0     0    34.0   53.348 -176.373    465.6    931.7
     1     1    14     1     9    23     0     0    35.0   53.363 -175.685    457.3    933.1
     1     1    14     1    10     0     0     0    36.0   53.394 -174.967    453.8    934.0
     1     1    14     1    10     1     0     0    37.0   53.451 -174.258    454.6    934.4
     1     1    14     1    10     2     0     0    38.0   53.539 -173.599    456.6    934.5
     1     1    14     1    10     3     0     0    39.0   53.653 -172.983    458.4    934.7
     1     1    14     1    10     4     0     0    40.0   53.788 -172.406    458.3    934.9
     1     1    14     1    10     5     0     0    41.0   53.941 -171.869    454.6    935.0
     1     1    14     1    10     6     0     0    42.0   54.107 -171.369    446.6    935.8
     1     1    14     1    10     7     0     0    43.0   54.289 -170.904    437.9    937.4
     1     1    14     1    10     8     0     0    44.0   54.486 -170.474    431.7    938.5
     1     1    14     1    10     9     0     0    45.0   54.696 -170.070    427.9    939.6
     1     1    14     1    10    10     0     0    46.0   54.910 -169.688    426.2    940.1
     1     1    14     1    10    11     0     0    47.0   55.123 -169.337    426.6    940.4
     1     1    14     1    10    12     0     0    48.0   55.333 -169.027    429.4    940.3
