     1     1
    CDC1    14     1     1     0     0
     1 FORWARD  OMEGA   
    14     1     2     6   60.000 -175.000   500.0
     1 PRESSURE
     1     1    14     1     2     6     0     0     0.0   60.000 -175.000    500.0    938.1
     1     1    14     1     2     7     0     0     1.0   59.956 -175.715    497.5    938.3
     1     1    14     1     2     8     0     0     2.0   59.890 -176.455    495.8    938.4
     1     1    14     1     2     9     0     0     3.0   59.799 -177.210    494.6    938.6
     1     1    14     1     2    10     0     0     4.0   59.684 -177.959    493.4    938.1
     1     1    14     1     2    11     0     0     5.0   59.551 -178.675    491.8    937.3
     1     1    14     1     2    12     0     0     6.0   59.399 -179.342    489.3    937.1
     1     1    14     1     2    13     0     0     7.0   59.226 -179.952    485.6    937.6
     1     1    14     1     2    14     0     0     8.0   59.035  179.504    479.8    938.0
     1     1    14     1     2    15     0     0     9.0   58.834  179.032    471.9    938.9
     1     1    14     1     2    16     0     0    10.0   58.628  178.629    461.7    940.3
     1     1    14     1     2    17     0     0    11.0   58.422  178.290    448.9    942.2
     1     1    14     1     2    18     0     0    12.0   58.218  178.009    433.5    944.7
     1     1    14     1     2    19     0     0    13.0   58.030  177.738    416.4    948.0
     1     1    14     1     2    20     0     0    14.0   57.875  177.420    398.5    951.5
     1     1    14     1     2    21     0     0    15.0   57.755  177.032    380.7    954.7
     1     1    14     1     2    22     0     0    16.0   57.671  176.557    363.9    957.1
     1     1    14     1     2    23     0     0    17.0   57.620  175.975    349.0    959.2
     1     1    14     1     3     0     0     0    18.0   57.598  175.263    336.9    960.6
     1     1    14     1     3     1     0     0    19.0   57.594  174.442    330.0    961.2
     1     1    14     1     3     2     0     0    20.0   57.596  173.549    330.1    961.3
     1     1    14     1     3     3     0     0    21.0   57.596  172.587    337.2    960.6
     1     1    14     1     3     4     0     0    22.0   57.587  171.569    351.4    958.8
     1     1    14     1     3     5     0     0    23.0   57.560  170.508    372.6    956.2
     1     1    14     1     3     6     0     0    24.0   57.516  169.414    401.1    951.1
     1     1    14     1     3     7     0     0    25.0   57.446  168.328    436.8    943.1
     1     1    14     1     3     8     0     0    26.0   57.345  167.295    480.2    933.7
     1     1    14     1     3     9     0     0    27.0   57.214  166.327    529.7    921.5
     1     1    14     1     3    10     0     0    28.0   57.058  165.430    584.0    909.9
     1     1    14     1     3    11     0     0    29.0   56.883  164.602    640.6    898.1
     1     1    14     1     3    12     0     0    30.0   56.698  163.834    696.4    885.3
     1     1    14     1     3    13     0     0    31.0   56.514  163.088    748.3    872.7
     1     1    14     1     3    14     0     0    32.0   56.335  162.338    794.2    861.3
     1     1    14     1     3    15     0     0    33.0   56.158  161.592    833.2    852.6
     1     1    14     1     3    16     0     0    34.0   55.979  160.859    864.0    844.6
     1     1    14     1     3    17     0     0    35.0   55.796  160.148    887.3    837.3
     1     1    14     1     3    18     0     0    36.0   55.604  159.465    906.5    835.0
     1     1    14     1     3    19     0     0    37.0   55.396  158.847    924.7    834.1
     1     1    14     1     3    20     0     0    38.0   55.173  158.326    943.3    832.0
     1     1    14     1     3    21     0     0    39.0   54.939  157.908    962.2    830.4
     1     1    14     1     3    22     0     0    40.0   54.700  157.597    981.1    831.1
     1     1    14     1     3    23     0     0    41.0   54.461  157.395    999.0    832.5
     1     1    14     1     4     0     0     0    42.0   54.222  157.294   1016.4    833.5
     1     1    14     1     4     1     0     0    43.0   53.975  157.265   1030.6    833.9
     1     1    14     1     4     2     0     0    44.0   53.713  157.282   1036.6    835.0
     1     1    14     1     4     3     0     0    45.0   53.438  157.348   1034.1    836.8
     1     1    14     1     4     4     0     0    46.0   53.151  157.467   1021.8    839.4
     1     1    14     1     4     5     0     0    47.0   52.855  157.641    999.0    844.0
     1     1    14     1     4     6     0     0    48.0   52.551  157.880    964.8    850.4
