     1     1
    CDC1    14     1     1     0     0
     1 FORWARD  OMEGA   
    14     1     4     0   60.000 -175.000   500.0
     1 PRESSURE
     1     1    14     1     4     0     0     0     0.0   60.000 -175.000    500.0    944.9
     1     1    14     1     4     1     0     0     1.0   60.270 -175.762    517.8    943.5
     1     1    14     1     4     2     0     0     2.0   60.520 -176.606    540.4    941.1
     1     1    14     1     4     3     0     0     3.0   60.760 -177.532    568.2    938.0
     1     1    14     1     4     4     0     0     4.0   60.995 -178.542    601.7    932.2
     1     1    14     1     4     5     0     0     5.0   61.230 -179.639    642.6    925.0
     1     1    14     1     4     6     0     0     6.0   61.458  179.187    691.6    914.6
     1     1    14     1     4     7     0     0     7.0   61.670  177.960    748.8    902.8
     1     1    14     1     4     8     0     0     8.0   61.867  176.690    814.0    889.4
     1     1    14     1     4     9     0     0     9.0   62.053  175.370    885.1    875.0
     1     1    14     1     4    10     0     0    10.0   62.235  173.983    959.0    859.9
     1     1    14     1     4    11     0     0    11.0   62.416  172.505   1031.8    844.2
     1     1    14     1     4    12     0     0    12.0   62.589  170.940   1099.9    829.5
     1     1    14     1     4    13     0     0    13.0   62.733  169.315   1157.6    817.0
     1     1    14     1     4    14     0     0    14.0   62.830  167.651   1204.1    807.3
     1     1    14     1     4    15     0     0    15.0   62.877  165.959   1243.1    802.3
     1     1    14     1     4    16     0     0    16.0   62.876  164.249   1277.5    798.6
     1     1    14     1     4    17     0     0    17.0   62.833  162.527   1310.6    795.6
     1     1    14     1     4    18     0     0    18.0   62.761  160.817   1343.5    790.9
     1     1    14     1     4    19     0     0    19.0   62.671  159.191   1378.2    783.8
     1     1    14     1     4    20     0     0    20.0   62.564  157.712   1415.8    774.0
     1     1    14     1     4    21     0     0    21.0   62.447  156.402   1458.8    763.6
     1     1    14     1     4    22     0     0    22.0   62.321  155.269   1508.3    754.5
     1     1    14     1     4    23     0     0    23.0   62.188  154.296   1564.7    746.6
     1     1    14     1     5     0     0     0    24.0   62.053  153.458   1628.2    739.1
     1     1    14     1     5     1     0     0    25.0   61.922  152.715   1690.6    731.0
     1     1    14     1     5     2     0     0    26.0   61.803  152.029   1742.7    725.0
     1     1    14     1     5     3     0     0    27.0   61.697  151.391   1781.6    720.8
     1     1    14     1     5     4     0     0    28.0   61.599  150.797   1806.2    718.2
     1     1    14     1     5     5     0     0    29.0   61.508  150.245   1815.8    717.3
     1     1    14     1     5     6     0     0    30.0   61.420  149.731   1810.1    717.4
     1     1    14     1     5     7     0     0    31.0   61.346  149.252   1801.0    718.8
     1     1    14     1     5     8     0     0    32.0   61.296  148.805   1800.3    718.0
     1     1    14     1     5     9     0     0    33.0   61.270  148.385   1808.1    716.1
     1     1    14     1     5    10     0     0    34.0   61.268  147.987   1824.4    713.0
     1     1    14     1     5    11     0     0    35.0   61.291  147.605   1849.3    708.7
     1     1    14     1     5    12     0     0    36.0   61.337  147.234   1882.1    702.2
     1     1    14     1     5    13     0     0    37.0   61.405  146.863   1912.2    694.4
     1     1    14     1     5    14     0     0    38.0   61.490  146.486   1927.0    688.6
     1     1    14     1     5    15     0     0    39.0   61.593  146.107   1927.6    683.7
     1     1    14     1     5    16     0     0    40.0   61.711  145.726   1914.5    679.5
     1     1    14     1     5    17     0     0    41.0   61.846  145.346   1888.1    676.0
     1     1    14     1     5    18     0     0    42.0   61.997  144.969   1848.5    673.2
     1     1    14     1     5    19     0     0    43.0   62.160  144.576   1807.6    671.5
     1     1    14     1     5    20     0     0    44.0   62.330  144.152   1774.9    667.5
     1     1    14     1     5    21     0     0    45.0   62.512  143.699   1749.9    662.7
     1     1    14     1     5    22     0     0    46.0   62.704  143.222   1735.5    662.3
     1     1    14     1     5    23     0     0    47.0   62.904  142.726   1725.6    661.4
     1     1    14     1     6     0     0     0    48.0   63.113  142.216   1721.1    662.8
