     1     1
    CDC1    14     1     1     0     0
     1 FORWARD  OMEGA   
    14     1    27    18   60.000 -175.000   500.0
     1 PRESSURE
     1     1    14     1    27    18     0     0     0.0   60.000 -175.000    500.0    935.6
     1     1    14     1    27    19     0     0     1.0   59.954 -175.062    506.6    934.6
     1     1    14     1    27    20     0     0     2.0   59.892 -175.123    509.6    934.2
     1     1    14     1    27    21     0     0     3.0   59.817 -175.183    509.2    934.2
     1     1    14     1    27    22     0     0     4.0   59.729 -175.243    505.5    934.4
     1     1    14     1    27    23     0     0     5.0   59.631 -175.305    499.0    935.0
     1     1    14     1    28     0     0     0     6.0   59.526 -175.370    489.9    935.8
     1     1    14     1    28     1     0     0     7.0   59.427 -175.455    480.6    936.7
     1     1    14     1    28     2     0     0     8.0   59.348 -175.582    472.6    937.2
     1     1    14     1    28     3     0     0     9.0   59.290 -175.753    466.2    937.6
     1     1    14     1    28     4     0     0    10.0   59.255 -175.977    461.5    937.8
     1     1    14     1    28     5     0     0    11.0   59.245 -176.262    458.7    938.0
     1     1    14     1    28     6     0     0    12.0   59.261 -176.619    458.3    937.8
     1     1    14     1    28     7     0     0    13.0   59.306 -177.015    462.1    937.6
     1     1    14     1    28     8     0     0    14.0   59.379 -177.410    471.2    936.5
     1     1    14     1    28     9     0     0    15.0   59.478 -177.804    485.7    934.3
     1     1    14     1    28    10     0     0    16.0   59.602 -178.199    506.1    931.3
     1     1    14     1    28    11     0     0    17.0   59.750 -178.592    532.7    927.6
     1     1    14     1    28    12     0     0    18.0   59.920 -178.979    566.0    923.1
     1     1    14     1    28    13     0     0    19.0   60.101 -179.381    603.2    917.5
     1     1    14     1    28    14     0     0    20.0   60.280 -179.813    641.1    911.9
     1     1    14     1    28    15     0     0    21.0   60.453  179.729    678.5    905.4
     1     1    14     1    28    16     0     0    22.0   60.625  179.247    715.2    898.8
     1     1    14     1    28    17     0     0    23.0   60.797  178.744    751.6    892.2
     1     1    14     1    28    18     0     0    24.0   60.970  178.229    788.3    885.6
     1     1    14     1    28    19     0     0    25.0   61.148  177.693    827.7    879.6
     1     1    14     1    28    20     0     0    26.0   61.335  177.125    871.9    872.6
     1     1    14     1    28    21     0     0    27.0   61.533  176.520    920.5    864.9
     1     1    14     1    28    22     0     0    28.0   61.740  175.878    972.9    855.8
     1     1    14     1    28    23     0     0    29.0   61.951  175.200   1028.2    846.0
     1     1    14     1    29     0     0     0    30.0   62.165  174.489   1085.6    835.9
     1     1    14     1    29     1     0     0    31.0   62.379  173.741   1144.9    825.3
     1     1    14     1    29     2     0     0    32.0   62.592  172.959   1206.6    814.8
     1     1    14     1    29     3     0     0    33.0   62.801  172.155   1269.3    805.1
     1     1    14     1    29     4     0     0    34.0   63.005  171.333   1331.5    794.8
     1     1    14     1    29     5     0     0    35.0   63.201  170.488   1393.4    784.5
     1     1    14     1    29     6     0     0    36.0   63.387  169.620   1455.4    774.4
     1     1    14     1    29     7     0     0    37.0   63.562  168.724   1517.2    764.6
     1     1    14     1    29     8     0     0    38.0   63.730  167.800   1577.8    754.6
     1     1    14     1    29     9     0     0    39.0   63.893  166.850   1638.5    745.4
     1     1    14     1    29    10     0     0    40.0   64.052  165.880   1699.6    736.2
     1     1    14     1    29    11     0     0    41.0   64.209  164.891   1762.1    726.3
     1     1    14     1    29    12     0     0    42.0   64.367  163.890   1828.5    717.6
     1     1    14     1    29    13     0     0    43.0   64.524  162.887   1899.7    708.9
     1     1    14     1    29    14     0     0    44.0   64.679  161.884   1978.0    700.4
     1     1    14     1    29    15     0     0    45.0   64.836  160.874   2059.7    692.7
     1     1    14     1    29    16     0     0    46.0   64.998  159.852   2141.8    685.6
     1     1    14     1    29    17     0     0    47.0   65.168  158.838   2222.1    682.9
     1     1    14     1    29    18     0     0    48.0   65.344  157.858   2291.1    681.8
