     1     1
    CDC1    14     1     1     0     0
     1 FORWARD  OMEGA   
    14     1    11    18   60.000 -175.000   500.0
     1 PRESSURE
     1     1    14     1    11    18     0     0     0.0   60.000 -175.000    500.0    926.6
     1     1    14     1    11    19     0     0     1.0   59.544 -176.304    509.8    926.0
     1     1    14     1    11    20     0     0     2.0   59.070 -177.521    518.0    925.2
     1     1    14     1    11    21     0     0     3.0   58.576 -178.662    523.7    923.1
     1     1    14     1    11    22     0     0     4.0   58.058 -179.738    526.6    922.8
     1     1    14     1    11    23     0     0     5.0   57.510  179.241    527.2    923.6
     1     1    14     1    12     0     0     0     6.0   56.958  178.311    525.5    923.3
     1     1    14     1    12     1     0     0     7.0   56.420  177.506    524.0    922.7
     1     1    14     1    12     2     0     0     8.0   55.904  176.812    526.5    920.5
     1     1    14     1    12     3     0     0     9.0   55.416  176.206    535.0    916.9
     1     1    14     1    12     4     0     0    10.0   54.950  175.671    550.2    912.7
     1     1    14     1    12     5     0     0    11.0   54.516  175.207    571.7    911.3
     1     1    14     1    12     6     0     0    12.0   54.119  174.812    597.5    909.9
     1     1    14     1    12     7     0     0    13.0   53.763  174.471    624.5    907.9
     1     1    14     1    12     8     0     0    14.0   53.446  174.164    649.3    905.8
     1     1    14     1    12     9     0     0    15.0   53.160  173.883    671.2    903.8
     1     1    14     1    12    10     0     0    16.0   52.898  173.616    689.7    902.0
     1     1    14     1    12    11     0     0    17.0   52.653  173.355    704.6    900.6
     1     1    14     1    12    12     0     0    18.0   52.422  173.092    715.6    899.6
     1     1    14     1    12    13     0     0    19.0   52.214  172.842    725.4    899.0
     1     1    14     1    12    14     0     0    20.0   52.037  172.615    736.8    897.9
     1     1    14     1    12    15     0     0    21.0   51.887  172.411    750.2    896.7
     1     1    14     1    12    16     0     0    22.0   51.759  172.228    766.1    895.3
     1     1    14     1    12    17     0     0    23.0   51.650  172.067    784.3    893.5
     1     1    14     1    12    18     0     0    24.0   51.558  171.925    804.9    891.4
     1     1    14     1    12    19     0     0    25.0   51.469  171.789    826.7    889.3
     1     1    14     1    12    20     0     0    26.0   51.369  171.651    848.7    887.3
     1     1    14     1    12    21     0     0    27.0   51.259  171.515    871.1    885.3
     1     1    14     1    12    22     0     0    28.0   51.138  171.389    893.7    883.2
     1     1    14     1    12    23     0     0    29.0   51.007  171.278    916.7    881.1
     1     1    14     1    13     0     0     0    30.0   50.865  171.187    940.0    879.0
     1     1    14     1    13     1     0     0    31.0   50.715  171.128    964.2    876.5
     1     1    14     1    13     2     0     0    32.0   50.562  171.105    989.5    873.8
     1     1    14     1    13     3     0     0    33.0   50.403  171.116   1015.2    871.2
     1     1    14     1    13     4     0     0    34.0   50.239  171.157   1040.4    868.8
     1     1    14     1    13     5     0     0    35.0   50.068  171.225   1064.7    866.6
     1     1    14     1    13     6     0     0    36.0   49.890  171.318   1087.0    864.7
     1     1    14     1    13     7     0     0    37.0   49.708  171.440   1103.1    863.1
     1     1    14     1    13     8     0     0    38.0   49.532  171.592   1110.4    862.9
     1     1    14     1    13     9     0     0    39.0   49.361  171.769   1108.6    863.6
     1     1    14     1    13    10     0     0    40.0   49.196  171.968   1098.0    865.3
     1     1    14     1    13    11     0     0    41.0   49.035  172.186   1078.3    867.9
     1     1    14     1    13    12     0     0    42.0   48.879  172.420   1049.1    871.5
     1     1    14     1    13    13     0     0    43.0   48.725  172.658   1018.4    875.3
     1     1    14     1    13    14     0     0    44.0   48.576  172.883    994.6    877.3
     1     1    14     1    13    15     0     0    45.0   48.436  173.090    978.0    878.6
     1     1    14     1    13    16     0     0    46.0   48.305  173.273    968.6    879.0
     1     1    14     1    13    17     0     0    47.0   48.186  173.426    966.8    878.6
     1     1    14     1    13    18     0     0    48.0   48.081  173.545    972.9    877.3
