     1     1
    CDC1    14     1     1     0     0
     1 FORWARD  OMEGA   
    14     1    21    12   60.000 -175.000   500.0
     1 PRESSURE
     1     1    14     1    21    12     0     0     0.0   60.000 -175.000    500.0    920.6
     1     1    14     1    21    13     0     0     1.0   59.857 -174.964    518.3    918.7
     1     1    14     1    21    14     0     0     2.0   59.740 -174.901    538.1    916.6
     1     1    14     1    21    15     0     0     3.0   59.649 -174.817    559.8    914.2
     1     1    14     1    21    16     0     0     4.0   59.587 -174.719    584.1    911.6
     1     1    14     1    21    17     0     0     5.0   59.553 -174.616    611.4    908.7
     1     1    14     1    21    18     0     0     6.0   59.548 -174.512    642.0    905.3
     1     1    14     1    21    19     0     0     7.0   59.572 -174.392    672.2    901.3
     1     1    14     1    21    20     0     0     8.0   59.623 -174.243    697.1    898.4
     1     1    14     1    21    21     0     0     9.0   59.703 -174.069    717.1    896.1
     1     1    14     1    21    22     0     0    10.0   59.810 -173.875    732.3    894.3
     1     1    14     1    21    23     0     0    11.0   59.945 -173.665    743.0    892.9
     1     1    14     1    22     0     0     0    12.0   60.106 -173.446    749.4    892.4
     1     1    14     1    22     1     0     0    13.0   60.289 -173.245    755.3    892.5
     1     1    14     1    22     2     0     0    14.0   60.492 -173.080    764.7    892.0
     1     1    14     1    22     3     0     0    15.0   60.712 -172.951    778.1    891.0
     1     1    14     1    22     4     0     0    16.0   60.948 -172.855    795.9    889.5
     1     1    14     1    22     5     0     0    17.0   61.200 -172.790    818.7    887.5
     1     1    14     1    22     6     0     0    18.0   61.469 -172.753    846.9    884.9
     1     1    14     1    22     7     0     0    19.0   61.756 -172.762    878.0    882.0
     1     1    14     1    22     8     0     0    20.0   62.060 -172.835    909.1    879.6
     1     1    14     1    22     9     0     0    21.0   62.382 -172.967    940.8    877.2
     1     1    14     1    22    10     0     0    22.0   62.713 -173.150    972.7    873.7
     1     1    14     1    22    11     0     0    23.0   63.042 -173.377   1004.4    869.7
     1     1    14     1    22    12     0     0    24.0   63.365 -173.643   1036.1    865.5
     1     1    14     1    22    13     0     0    25.0   63.675 -173.945   1068.9    860.9
     1     1    14     1    22    14     0     0    26.0   63.968 -174.279   1103.6    855.6
     1     1    14     1    22    15     0     0    27.0   64.255 -174.641   1139.4    850.0
     1     1    14     1    22    16     0     0    28.0   64.542 -175.031   1175.9    843.8
     1     1    14     1    22    17     0     0    29.0   64.833 -175.449   1212.3    837.3
     1     1    14     1    22    18     0     0    30.0   65.127 -175.905   1248.1    830.9
     1     1    14     1    22    19     0     0    31.0   65.411 -176.428   1285.0    825.4
     1     1    14     1    22    20     0     0    32.0   65.678 -177.036   1324.7    818.4
     1     1    14     1    22    21     0     0    33.0   65.932 -177.716   1368.0    810.4
     1     1    14     1    22    22     0     0    34.0   66.176 -178.446   1415.1    801.8
     1     1    14     1    22    23     0     0    35.0   66.415 -179.211   1465.9    792.3
     1     1    14     1    23     0     0     0    36.0   66.652  179.999   1520.5    781.9
     1     1    14     1    23     1     0     0    37.0   66.884  179.174   1575.5    772.4
     1     1    14     1    23     2     0     0    38.0   67.106  178.306   1626.2    763.6
     1     1    14     1    23     3     0     0    39.0   67.324  177.400   1672.6    755.1
     1     1    14     1    23     4     0     0    40.0   67.540  176.460   1715.5    748.7
     1     1    14     1    23     5     0     0    41.0   67.748  175.487   1754.6    746.0
     1     1    14     1    23     6     0     0    42.0   67.942  174.481   1787.2    743.9
     1     1    14     1    23     7     0     0    43.0   68.115  173.459   1815.3    742.8
     1     1    14     1    23     8     0     0    44.0   68.267  172.438   1840.3    741.5
     1     1    14     1    23     9     0     0    45.0   68.404  171.426   1862.2    740.6
     1     1    14     1    23    10     0     0    46.0   68.531  170.427   1882.1    739.8
     1     1    14     1    23    11     0     0    47.0   68.651  169.436   1901.5    739.6
     1     1    14     1    23    12     0     0    48.0   68.765  168.452   1922.2    739.9
