     1     1
    CDC1    14     1     1     0     0
     1 FORWARD  OMEGA   
    14     1     8     0   60.000 -175.000   500.0
     1 PRESSURE
     1     1    14     1     8     0     0     0     0.0   60.000 -175.000    500.0    922.0
     1     1    14     1     8     1     0     0     1.0   59.794 -175.986    504.6    922.3
     1     1    14     1     8     2     0     0     2.0   59.558 -176.912    508.2    922.8
     1     1    14     1     8     3     0     0     3.0   59.301 -177.788    511.3    922.9
     1     1    14     1     8     4     0     0     4.0   59.035 -178.620    514.1    922.6
     1     1    14     1     8     5     0     0     5.0   58.765 -179.418    517.0    922.4
     1     1    14     1     8     6     0     0     6.0   58.493  179.810    519.9    922.2
     1     1    14     1     8     7     0     0     7.0   58.221  179.074    522.4    921.9
     1     1    14     1     8     8     0     0     8.0   57.949  178.381    524.2    922.4
     1     1    14     1     8     9     0     0     9.0   57.678  177.723    525.9    923.2
     1     1    14     1     8    10     0     0    10.0   57.411  177.099    528.1    923.4
     1     1    14     1     8    11     0     0    11.0   57.155  176.517    531.3    922.5
     1     1    14     1     8    12     0     0    12.0   56.912  175.979    536.3    921.2
     1     1    14     1     8    13     0     0    13.0   56.675  175.483    543.0    919.2
     1     1    14     1     8    14     0     0    14.0   56.438  175.036    551.7    916.8
     1     1    14     1     8    15     0     0    15.0   56.199  174.646    561.8    914.7
     1     1    14     1     8    16     0     0    16.0   55.959  174.319    572.9    912.5
     1     1    14     1     8    17     0     0    17.0   55.716  174.057    584.9    910.1
     1     1    14     1     8    18     0     0    18.0   55.469  173.864    597.5    907.6
     1     1    14     1     8    19     0     0    19.0   55.223  173.728    611.1    905.3
     1     1    14     1     8    20     0     0    20.0   54.986  173.638    625.6    903.0
     1     1    14     1     8    21     0     0    21.0   54.760  173.590    641.5    902.3
     1     1    14     1     8    22     0     0    22.0   54.548  173.581    658.2    901.4
     1     1    14     1     8    23     0     0    23.0   54.349  173.609    675.6    900.4
     1     1    14     1     9     0     0     0    24.0   54.166  173.670    693.4    899.4
     1     1    14     1     9     1     0     0    25.0   53.994  173.785    709.5    898.4
     1     1    14     1     9     2     0     0    26.0   53.826  173.976    721.0    898.2
     1     1    14     1     9     3     0     0    27.0   53.662  174.248    728.1    898.7
     1     1    14     1     9     4     0     0    28.0   53.502  174.603    730.8    899.9
     1     1    14     1     9     5     0     0    29.0   53.344  175.049    729.4    901.7
     1     1    14     1     9     6     0     0    30.0   53.187  175.589    724.2    903.6
     1     1    14     1     9     7     0     0    31.0   53.045  176.184    716.8    905.6
     1     1    14     1     9     8     0     0    32.0   52.926  176.790    707.2    907.7
     1     1    14     1     9     9     0     0    33.0   52.830  177.404    695.0    910.1
     1     1    14     1     9    10     0     0    34.0   52.761  178.021    680.0    911.8
     1     1    14     1     9    11     0     0    35.0   52.720  178.641    662.3    913.5
     1     1    14     1     9    12     0     0    36.0   52.705  179.266    641.3    915.3
     1     1    14     1     9    13     0     0    37.0   52.698  179.922    618.3    917.2
     1     1    14     1     9    14     0     0    38.0   52.691 -179.373    595.8    919.0
     1     1    14     1     9    15     0     0    39.0   52.691 -178.630    575.9    920.5
     1     1    14     1     9    16     0     0    40.0   52.706 -177.856    559.5    921.5
     1     1    14     1     9    17     0     0    41.0   52.739 -177.063    547.2    922.9
     1     1    14     1     9    18     0     0    42.0   52.796 -176.268    538.1    924.6
     1     1    14     1     9    19     0     0    43.0   52.875 -175.486    530.7    925.7
     1     1    14     1     9    20     0     0    44.0   52.974 -174.719    525.0    926.7
     1     1    14     1     9    21     0     0    45.0   53.088 -173.965    522.1    927.5
     1     1    14     1     9    22     0     0    46.0   53.220 -173.221    523.9    927.9
     1     1    14     1     9    23     0     0    47.0   53.372 -172.480    533.3    927.3
     1     1    14     1    10     0     0     0    48.0   53.545 -171.752    551.6    925.0
