     1     1
    CDC1    14     1     1     0     0
     1 FORWARD  OMEGA   
    14     1     3     0   50.000  175.000  1000.0
     1 PRESSURE
     1     1    14     1     3     0     0     0     0.0   50.000  175.000   1000.0    871.6
     1     1    14     1     3     1     0     0     1.0   50.533  175.055   1039.0    867.9
     1     1    14     1     3     2     0     0     2.0   51.048  175.059   1084.3    863.1
     1     1    14     1     3     3     0     0     3.0   51.546  175.017   1137.7    857.4
     1     1    14     1     3     4     0     0     4.0   52.026  174.934   1200.9    850.5
     1     1    14     1     3     5     0     0     5.0   52.489  174.814   1275.5    842.4
     1     1    14     1     3     6     0     0     6.0   52.926  174.656   1359.6    830.9
     1     1    14     1     3     7     0     0     7.0   53.327  174.432   1446.6    818.1
     1     1    14     1     3     8     0     0     8.0   53.685  174.115   1529.9    807.1
     1     1    14     1     3     9     0     0     9.0   53.995  173.707   1611.5    796.7
     1     1    14     1     3    10     0     0    10.0   54.255  173.212   1692.8    787.0
     1     1    14     1     3    11     0     0    11.0   54.457  172.640   1775.9    777.2
     1     1    14     1     3    12     0     0    12.0   54.597  172.011   1862.7    768.7
     1     1    14     1     3    13     0     0    13.0   54.690  171.382   1954.5    759.7
     1     1    14     1     3    14     0     0    14.0   54.749  170.793   2056.9    749.9
     1     1    14     1     3    15     0     0    15.0   54.770  170.245   2166.3    739.8
     1     1    14     1     3    16     0     0    16.0   54.756  169.741   2280.0    729.4
     1     1    14     1     3    17     0     0    17.0   54.711  169.283   2395.5    718.9
     1     1    14     1     3    18     0     0    18.0   54.636  168.875   2510.3    708.6
     1     1    14     1     3    19     0     0    19.0   54.538  168.518   2617.8    698.8
     1     1    14     1     3    20     0     0    20.0   54.421  168.209   2719.4    690.1
     1     1    14     1     3    21     0     0    21.0   54.288  167.951   2815.9    681.7
     1     1    14     1     3    22     0     0    22.0   54.140  167.748   2909.5    673.3
     1     1    14     1     3    23     0     0    23.0   53.980  167.603   3002.0    664.9
     1     1    14     1     4     0     0     0    24.0   53.812  167.525   3094.0    656.5
     1     1    14     1     4     1     0     0    25.0   53.656  167.538   3184.0    648.2
     1     1    14     1     4     2     0     0    26.0   53.533  167.657   3273.2    640.0
     1     1    14     1     4     3     0     0    27.0   53.447  167.866   3361.5    631.8
     1     1    14     1     4     4     0     0    28.0   53.400  168.150   3450.8    623.5
     1     1    14     1     4     5     0     0    29.0   53.395  168.490   3543.9    614.9
     1     1    14     1     4     6     0     0    30.0   53.433  168.869   3644.3    605.9
     1     1    14     1     4     7     0     0    31.0   53.510  169.245   3742.7    596.2
     1     1    14     1     4     8     0     0    32.0   53.616  169.587   3831.7    588.3
     1     1    14     1     4     9     0     0    33.0   53.753  169.891   3910.0    581.3
     1     1    14     1     4    10     0     0    34.0   53.922  170.149   3976.5    575.6
     1     1    14     1     4    11     0     0    35.0   54.124  170.354   4029.6    571.1
     1     1    14     1     4    12     0     0    36.0   54.360  170.499   4068.9    567.8
     1     1    14     1     4    13     0     0    37.0   54.625  170.588   4096.4    566.0
     1     1    14     1     4    14     0     0    38.0   54.915  170.629   4108.7    565.4
     1     1    14     1     4    15     0     0    39.0   55.225  170.612   4112.4    566.7
     1     1    14     1     4    16     0     0    40.0   55.553  170.526   4110.8    569.0
     1     1    14     1     4    17     0     0    41.0   55.898  170.365   4106.2    571.5
     1     1    14     1     4    18     0     0    42.0   56.262  170.127   4100.9    574.0
     1     1    14     1     4    19     0     0    43.0   56.646  169.801   4099.8    575.9
     1     1    14     1     4    20     0     0    44.0   57.043  169.384   4101.6    576.3
     1     1    14     1     4    21     0     0    45.0   57.443  168.887   4107.8    575.6
     1     1    14     1     4    22     0     0    46.0   57.838  168.328   4115.1    572.3
     1     1    14     1     4    23     0     0    47.0   58.226  167.722   4131.0    568.1
     1     1    14     1     5     0     0     0    48.0   58.610  167.081   4157.3    563.0
