     1     1
    CDC1    14     1     1     0     0
     1 FORWARD  OMEGA   
    14     1     1     6   50.000  175.000  1000.0
     1 PRESSURE
     1     1    14     1     1     6     0     0     0.0   50.000  175.000   1000.0    878.6
     1     1    14     1     1     7     0     0     1.0   50.148  174.982   1050.3    872.1
     1     1    14     1     1     8     0     0     2.0   50.253  174.987   1100.6    865.8
     1     1    14     1     1     9     0     0     3.0   50.321  175.005   1151.8    859.5
     1     1    14     1     1    10     0     0     4.0   50.353  175.031   1204.6    853.1
     1     1    14     1     1    11     0     0     5.0   50.351  175.063   1260.0    846.4
     1     1    14     1     1    12     0     0     6.0   50.317  175.098   1319.0    839.2
     1     1    14     1     1    13     0     0     7.0   50.256  175.169   1378.4    831.8
     1     1    14     1     1    14     0     0     8.0   50.174  175.306   1432.5    825.3
     1     1    14     1     1    15     0     0     9.0   50.075  175.511   1481.4    819.1
     1     1    14     1     1    16     0     0    10.0   49.963  175.785   1523.9    813.4
     1     1    14     1     1    17     0     0    11.0   49.840  176.134   1558.4    808.4
     1     1    14     1     1    18     0     0    12.0   49.711  176.557   1583.7    804.3
     1     1    14     1     1    19     0     0    13.0   49.577  177.054   1605.9    802.5
     1     1    14     1     1    20     0     0    14.0   49.440  177.625   1625.2    800.8
     1     1    14     1     1    21     0     0    15.0   49.309  178.267   1643.9    799.9
     1     1    14     1     1    22     0     0    16.0   49.191  178.977   1662.1    798.9
     1     1    14     1     1    23     0     0    17.0   49.082  179.753   1678.6    797.8
     1     1    14     1     2     0     0     0    18.0   48.990 -179.406   1691.5    797.6
     1     1    14     1     2     1     0     0    19.0   48.939 -178.528   1698.6    798.2
     1     1    14     1     2     2     0     0    20.0   48.932 -177.630   1694.6    799.6
     1     1    14     1     2     3     0     0    21.0   48.963 -176.715   1681.0    802.5
     1     1    14     1     2     4     0     0    22.0   49.033 -175.789   1658.6    805.8
     1     1    14     1     2     5     0     0    23.0   49.137 -174.850   1628.4    809.7
     1     1    14     1     2     6     0     0    24.0   49.281 -173.905   1591.1    814.4
     1     1    14     1     2     7     0     0    25.0   49.492 -172.976   1554.2    820.3
     1     1    14     1     2     8     0     0    26.0   49.779 -172.075   1521.6    825.3
     1     1    14     1     2     9     0     0    27.0   50.135 -171.191   1492.9    829.2
     1     1    14     1     2    10     0     0    28.0   50.561 -170.338   1472.0    831.3
     1     1    14     1     2    11     0     0    29.0   51.056 -169.517   1460.9    831.9
     1     1    14     1     2    12     0     0    30.0   51.619 -168.709   1458.6    831.4
     1     1    14     1     2    13     0     0    31.0   52.246 -167.910   1464.1    830.3
     1     1    14     1     2    14     0     0    32.0   52.910 -167.139   1474.5    829.5
     1     1    14     1     2    15     0     0    33.0   53.577 -166.417   1489.6    828.0
     1     1    14     1     2    16     0     0    34.0   54.244 -165.743   1509.0    825.0
     1     1    14     1     2    17     0     0    35.0   54.929 -165.104   1533.6    820.8
     1     1    14     1     2    18     0     0    36.0   55.618 -164.523   1563.0    818.8
     1     1    14     1     2    19     0     0    37.0   56.288 -164.026   1596.7    817.1
     1     1    14     1     2    20     0     0    38.0   56.945 -163.608   1636.8    813.8
     1     1    14     1     2    21     0     0    39.0   57.600 -163.250   1685.2    808.7
     1     1    14     1     2    22     0     0    40.0   58.250 -162.933   1738.2    802.1
     1     1    14     1     2    23     0     0    41.0   58.896 -162.650   1791.4    795.4
     1     1    14     1     3     0     0     0    42.0   59.545 -162.414   1841.9    788.6
     1     1    14     1     3     1     0     0    43.0   60.171 -162.198   1885.5    782.5
     1     1    14     1     3     2     0     0    44.0   60.745 -161.966   1923.0    777.9
     1     1    14     1     3     3     0     0    45.0   61.271 -161.725   1957.5    773.8
     1     1    14     1     3     4     0     0    46.0   61.760 -161.499   1992.0    769.6
     1     1    14     1     3     5     0     0    47.0   62.219 -161.311   2028.9    765.4
     1     1    14     1     3     6     0     0    48.0   62.650 -161.177   2069.5    760.7
