     1     1
    CDC1    14     1     1     0     0
     1 FORWARD  OMEGA   
    14     1    13     0   50.000  175.000  1000.0
     1 PRESSURE
     1     1    14     1    13     0     0     0     0.0   50.000  175.000   1000.0    871.8
     1     1    14     1    13     1     0     0     1.0   49.906  175.052   1004.8    871.6
     1     1    14     1    13     2     0     0     2.0   49.806  175.113   1014.5    870.5
     1     1    14     1    13     3     0     0     3.0   49.702  175.182   1028.5    868.8
     1     1    14     1    13     4     0     0     4.0   49.592  175.260   1046.6    866.7
     1     1    14     1    13     5     0     0     5.0   49.476  175.349   1068.2    864.2
     1     1    14     1    13     6     0     0     6.0   49.355  175.447   1093.1    861.3
     1     1    14     1    13     7     0     0     7.0   49.229  175.571   1114.0    858.3
     1     1    14     1    13     8     0     0     8.0   49.098  175.739   1123.3    857.3
     1     1    14     1    13     9     0     0     9.0   48.964  175.950   1121.3    857.6
     1     1    14     1    13    10     0     0    10.0   48.827  176.205   1108.7    859.1
     1     1    14     1    13    11     0     0    11.0   48.687  176.505   1086.1    861.8
     1     1    14     1    13    12     0     0    12.0   48.542  176.855   1054.7    865.6
     1     1    14     1    13    13     0     0    13.0   48.400  177.230   1021.8    869.7
     1     1    14     1    13    14     0     0    14.0   48.271  177.600    995.3    872.6
     1     1    14     1    13    15     0     0    15.0   48.158  177.960    974.8    875.5
     1     1    14     1    13    16     0     0    16.0   48.061  178.306    959.6    877.7
     1     1    14     1    13    17     0     0    17.0   47.979  178.636    949.0    879.5
     1     1    14     1    13    18     0     0    18.0   47.909  178.952    942.1    881.0
     1     1    14     1    13    19     0     0    19.0   47.850  179.247    938.0    882.0
     1     1    14     1    13    20     0     0    20.0   47.804  179.513    935.8    882.7
     1     1    14     1    13    21     0     0    21.0   47.772  179.749    935.5    883.1
     1     1    14     1    13    22     0     0    22.0   47.753  179.950    937.0    883.0
     1     1    14     1    13    23     0     0    23.0   47.749 -179.884    940.0    882.5
     1     1    14     1    14     0     0     0    24.0   47.759 -179.757    944.3    881.7
     1     1    14     1    14     1     0     0    25.0   47.775 -179.667    948.1    880.4
     1     1    14     1    14     2     0     0    26.0   47.789 -179.611    949.8    879.6
     1     1    14     1    14     3     0     0    27.0   47.800 -179.590    949.6    879.0
     1     1    14     1    14     4     0     0    28.0   47.807 -179.604    947.6    878.7
     1     1    14     1    14     5     0     0    29.0   47.810 -179.655    943.8    878.5
     1     1    14     1    14     6     0     0    30.0   47.807 -179.744    938.6    878.6
     1     1    14     1    14     7     0     0    31.0   47.798 -179.852    935.7    879.6
     1     1    14     1    14     8     0     0    32.0   47.784 -179.962    938.2    879.7
     1     1    14     1    14     9     0     0    33.0   47.766  179.929    946.5    878.9
     1     1    14     1    14    10     0     0    34.0   47.742  179.822    960.6    877.4
     1     1    14     1    14    11     0     0    35.0   47.714  179.719    980.5    875.3
     1     1    14     1    14    12     0     0    36.0   47.681  179.621   1006.4    872.5
     1     1    14     1    14    13     0     0    37.0   47.640  179.521   1033.1    868.9
     1     1    14     1    14    14     0     0    38.0   47.583  179.412   1056.4    866.4
     1     1    14     1    14    15     0     0    39.0   47.510  179.292   1075.7    864.3
     1     1    14     1    14    16     0     0    40.0   47.420  179.161   1090.9    862.5
     1     1    14     1    14    17     0     0    41.0   47.311  179.022   1102.1    861.1
     1     1    14     1    14    18     0     0    42.0   47.181  178.874   1109.7    860.2
     1     1    14     1    14    19     0     0    43.0   47.034  178.738   1115.9    859.8
     1     1    14     1    14    20     0     0    44.0   46.880  178.635   1122.9    859.1
     1     1    14     1    14    21     0     0    45.0   46.717  178.565   1130.9    858.4
     1     1    14     1    14    22     0     0    46.0   46.549  178.526   1139.8    857.5
     1     1    14     1    14    23     0     0    47.0   46.375  178.519   1149.7    856.6
     1     1    14     1    15     0     0     0    48.0   46.197  178.543   1160.4    855.6
