     1     1
    CDC1    14     1     1     0     0
     1 FORWARD  OMEGA   
    14     1    10     6   50.000  175.000  1000.0
     1 PRESSURE
     1     1    14     1    10     6     0     0     0.0   50.000  175.000   1000.0    868.1
     1     1    14     1    10     7     0     0     1.0   50.288  175.064   1029.4    864.7
     1     1    14     1    10     8     0     0     2.0   50.548  175.138   1067.4    860.1
     1     1    14     1    10     9     0     0     3.0   50.784  175.221   1115.7    854.4
     1     1    14     1    10    10     0     0     4.0   50.997  175.308   1175.9    847.5
     1     1    14     1    10    11     0     0     5.0   51.192  175.399   1250.0    839.4
     1     1    14     1    10    12     0     0     6.0   51.373  175.491   1340.1    829.6
     1     1    14     1    10    13     0     0     7.0   51.541  175.589   1436.1    817.6
     1     1    14     1    10    14     0     0     8.0   51.697  175.700   1527.7    807.5
     1     1    14     1    10    15     0     0     9.0   51.842  175.826   1613.1    798.2
     1     1    14     1    10    16     0     0    10.0   51.978  175.971   1691.4    789.7
     1     1    14     1    10    17     0     0    11.0   52.105  176.135   1762.0    781.9
     1     1    14     1    10    18     0     0    12.0   52.227  176.321   1824.8    774.7
     1     1    14     1    10    19     0     0    13.0   52.333  176.518   1882.5    768.9
     1     1    14     1    10    20     0     0    14.0   52.416  176.722   1938.7    762.9
     1     1    14     1    10    21     0     0    15.0   52.477  176.940   1992.8    757.2
     1     1    14     1    10    22     0     0    16.0   52.522  177.179   2044.4    751.6
     1     1    14     1    10    23     0     0    17.0   52.554  177.446   2093.0    746.4
     1     1    14     1    11     0     0     0    18.0   52.579  177.745   2138.9    741.3
     1     1    14     1    11     1     0     0    19.0   52.608  178.067   2182.7    737.3
     1     1    14     1    11     2     0     0    20.0   52.644  178.398   2219.9    733.5
     1     1    14     1    11     3     0     0    21.0   52.687  178.732   2251.1    730.1
     1     1    14     1    11     4     0     0    22.0   52.734  179.067   2275.6    727.2
     1     1    14     1    11     5     0     0    23.0   52.783  179.400   2292.5    725.0
     1     1    14     1    11     6     0     0    24.0   52.832  179.728   2300.9    723.4
     1     1    14     1    11     7     0     0    25.0   52.877 -179.940   2306.3    723.4
     1     1    14     1    11     8     0     0    26.0   52.915 -179.591   2311.1    723.1
     1     1    14     1    11     9     0     0    27.0   52.946 -179.224   2316.4    722.5
     1     1    14     1    11    10     0     0    28.0   52.970 -178.832   2321.2    721.9
     1     1    14     1    11    11     0     0    29.0   52.986 -178.411   2324.4    721.3
     1     1    14     1    11    12     0     0    30.0   52.993 -177.956   2324.6    720.8
     1     1    14     1    11    13     0     0    31.0   53.006 -177.466   2318.9    720.9
     1     1    14     1    11    14     0     0    32.0   53.038 -176.952   2304.9    722.6
     1     1    14     1    11    15     0     0    33.0   53.085 -176.421   2283.4    725.0
     1     1    14     1    11    16     0     0    34.0   53.145 -175.876   2254.9    728.0
     1     1    14     1    11    17     0     0    35.0   53.214 -175.322   2219.9    731.4
     1     1    14     1    11    18     0     0    36.0   53.288 -174.758   2179.6    735.5
     1     1    14     1    11    19     0     0    37.0   53.373 -174.181   2140.4    740.4
     1     1    14     1    11    20     0     0    38.0   53.477 -173.594   2105.6    744.3
     1     1    14     1    11    21     0     0    39.0   53.599 -173.004   2075.8    747.6
     1     1    14     1    11    22     0     0    40.0   53.736 -172.420   2051.2    750.2
     1     1    14     1    11    23     0     0    41.0   53.888 -171.852   2032.9    752.2
     1     1    14     1    12     0     0     0    42.0   54.050 -171.309   2021.8    753.3
     1     1    14     1    12     1     0     0    43.0   54.225 -170.790   2018.9    753.9
     1     1    14     1    12     2     0     0    44.0   54.415 -170.288   2025.2    753.5
     1     1    14     1    12     3     0     0    45.0   54.622 -169.799   2040.1    752.1
     1     1    14     1    12     4     0     0    46.0   54.844 -169.322   2062.9    749.6
     1     1    14     1    12     5     0     0    47.0   55.077 -168.857   2092.9    746.6
     1     1    14     1    12     6     0     0    48.0   55.319 -168.410   2129.0    743.6
