     1     1
    CDC1    14     1     1     0     0
     1 FORWARD  OMEGA   
    14     1     4     6   50.000  175.000  1000.0
     1 PRESSURE
     1     1    14     1     4     6     0     0     0.0   50.000  175.000   1000.0    871.4
     1     1    14     1     4     7     0     0     1.0   50.349  175.630   1009.3    870.3
     1     1    14     1     4     8     0     0     2.0   50.718  176.174   1015.4    870.2
     1     1    14     1     4     9     0     0     3.0   51.108  176.630   1020.0    870.8
     1     1    14     1     4    10     0     0     4.0   51.520  176.994   1024.7    871.6
     1     1    14     1     4    11     0     0     5.0   51.951  177.264   1030.8    872.6
     1     1    14     1     4    12     0     0     6.0   52.397  177.436   1039.6    873.5
     1     1    14     1     4    13     0     0     7.0   52.851  177.541   1046.2    872.2
     1     1    14     1     4    14     0     0     8.0   53.309  177.608   1047.9    871.5
     1     1    14     1     4    15     0     0     9.0   53.774  177.630   1046.1    871.1
     1     1    14     1     4    16     0     0    10.0   54.251  177.599   1041.9    871.0
     1     1    14     1     4    17     0     0    11.0   54.745  177.507   1036.4    870.9
     1     1    14     1     4    18     0     0    12.0   55.255  177.347   1031.4    871.4
     1     1    14     1     4    19     0     0    13.0   55.751  177.109   1030.1    872.6
     1     1    14     1     4    20     0     0    14.0   56.216  176.797   1036.1    872.7
     1     1    14     1     4    21     0     0    15.0   56.658  176.420   1049.8    872.1
     1     1    14     1     4    22     0     0    16.0   57.088  175.987   1072.5    870.7
     1     1    14     1     4    23     0     0    17.0   57.515  175.508   1105.8    868.3
     1     1    14     1     5     0     0     0    18.0   57.942  174.996   1148.6    861.6
     1     1    14     1     5     1     0     0    19.0   58.356  174.440   1197.2    854.1
     1     1    14     1     5     2     0     0    20.0   58.751  173.819   1248.0    846.7
     1     1    14     1     5     3     0     0    21.0   59.139  173.133   1301.4    838.7
     1     1    14     1     5     4     0     0    22.0   59.532  172.377   1357.4    829.2
     1     1    14     1     5     5     0     0    23.0   59.934  171.545   1416.0    819.1
     1     1    14     1     5     6     0     0    24.0   60.349  170.651   1473.8    808.0
     1     1    14     1     5     7     0     0    25.0   60.777  169.711   1526.0    796.9
     1     1    14     1     5     8     0     0    26.0   61.198  168.736   1570.9    787.2
     1     1    14     1     5     9     0     0    27.0   61.611  167.740   1608.8    777.9
     1     1    14     1     5    10     0     0    28.0   62.015  166.738   1641.1    770.2
     1     1    14     1     5    11     0     0    29.0   62.406  165.746   1668.1    763.2
     1     1    14     1     5    12     0     0    30.0   62.792  164.793   1691.0    758.1
     1     1    14     1     5    13     0     0    31.0   63.162  163.889   1714.6    754.3
     1     1    14     1     5    14     0     0    32.0   63.510  163.019   1744.0    748.9
     1     1    14     1     5    15     0     0    33.0   63.838  162.173   1778.4    742.9
     1     1    14     1     5    16     0     0    34.0   64.145  161.343   1817.2    737.1
     1     1    14     1     5    17     0     0    35.0   64.429  160.519   1859.0    731.7
     1     1    14     1     5    18     0     0    36.0   64.692  159.689   1901.9    727.0
     1     1    14     1     5    19     0     0    37.0   64.937  158.864   1942.4    724.0
     1     1    14     1     5    20     0     0    38.0   65.168  158.071   1980.2    725.0
     1     1    14     1     5    21     0     0    39.0   65.389  157.322   2014.6    727.4
     1     1    14     1     5    22     0     0    40.0   65.602  156.618   2045.7    730.2
     1     1    14     1     5    23     0     0    41.0   65.811  155.957   2074.7    733.1
     1     1    14     1     6     0     0     0    42.0   66.021  155.336   2102.7    736.0
     1     1    14     1     6     1     0     0    43.0   66.227  154.748   2127.5    738.0
     1     1    14     1     6     2     0     0    44.0   66.428  154.190   2147.7    739.7
     1     1    14     1     6     3     0     0    45.0   66.623  153.660   2163.8    741.6
     1     1    14     1     6     4     0     0    46.0   66.809  153.161   2175.8    743.8
     1     1    14     1     6     5     0     0    47.0   66.986  152.693   2184.0    746.1
     1     1    14     1     6     6     0     0    48.0   67.155  152.255   2187.6    747.7
