     1     1
    CDC1    14     1     1     0     0
     1 FORWARD  OMEGA   
    14     1    23    12   50.000  175.000  1000.0
     1 PRESSURE
     1     1    14     1    23    12     0     0     0.0   50.000  175.000   1000.0    882.8
     1     1    14     1    23    13     0     0     1.0   50.129  174.934   1017.6    880.7
     1     1    14     1    23    14     0     0     2.0   50.257  174.890   1036.0    878.4
     1     1    14     1    23    15     0     0     3.0   50.384  174.865   1055.2    876.1
     1     1    14     1    23    16     0     0     4.0   50.508  174.857   1075.4    873.6
     1     1    14     1    23    17     0     0     5.0   50.631  174.865   1096.8    871.0
     1     1    14     1    23    18     0     0     6.0   50.751  174.887   1119.8    868.3
     1     1    14     1    23    19     0     0     7.0   50.880  174.899   1143.2    865.9
     1     1    14     1    23    20     0     0     8.0   51.031  174.879   1163.9    864.0
     1     1    14     1    23    21     0     0     9.0   51.208  174.827   1182.5    862.3
     1     1    14     1    23    22     0     0    10.0   51.413  174.740   1199.3    860.8
     1     1    14     1    23    23     0     0    11.0   51.650  174.614   1214.9    859.3
     1     1    14     1    24     0     0     0    12.0   51.923  174.444   1230.4    857.7
     1     1    14     1    24     1     0     0    13.0   52.216  174.255   1246.8    855.7
     1     1    14     1    24     2     0     0    14.0   52.513  174.073   1263.6    853.5
     1     1    14     1    24     3     0     0    15.0   52.804  173.918   1278.3    850.5
     1     1    14     1    24     4     0     0    16.0   53.085  173.808   1288.8    848.2
     1     1    14     1    24     5     0     0    17.0   53.354  173.736   1294.2    846.8
     1     1    14     1    24     6     0     0    18.0   53.612  173.701   1293.8    846.1
     1     1    14     1    24     7     0     0    19.0   53.867  173.692   1291.7    845.8
     1     1    14     1    24     8     0     0    20.0   54.126  173.701   1294.5    844.7
     1     1    14     1    24     9     0     0    21.0   54.387  173.726   1302.1    842.9
     1     1    14     1    24    10     0     0    22.0   54.649  173.768   1315.4    840.5
     1     1    14     1    24    11     0     0    23.0   54.909  173.825   1335.0    837.4
     1     1    14     1    24    12     0     0    24.0   55.164  173.899   1361.7    834.7
     1     1    14     1    24    13     0     0    25.0   55.404  173.997   1385.7    832.1
     1     1    14     1    24    14     0     0    26.0   55.621  174.123   1398.5    831.8
     1     1    14     1    24    15     0     0    27.0   55.816  174.279   1400.6    832.7
     1     1    14     1    24    16     0     0    28.0   55.986  174.467   1393.0    834.5
     1     1    14     1    24    17     0     0    29.0   56.129  174.691   1377.0    837.3
     1     1    14     1    24    18     0     0    30.0   56.244  174.952   1353.6    840.8
     1     1    14     1    24    19     0     0    31.0   56.334  175.242   1329.9    845.3
     1     1    14     1    24    20     0     0    32.0   56.405  175.549   1311.4    848.5
     1     1    14     1    24    21     0     0    33.0   56.456  175.871   1298.0    851.0
     1     1    14     1    24    22     0     0    34.0   56.490  176.205   1289.7    852.7
     1     1    14     1    24    23     0     0    35.0   56.507  176.547   1286.4    853.9
     1     1    14     1    25     0     0     0    36.0   56.511  176.896   1288.4    854.4
     1     1    14     1    25     1     0     0    37.0   56.488  177.265   1291.8    854.4
     1     1    14     1    25     2     0     0    38.0   56.428  177.668   1293.1    854.7
     1     1    14     1    25     3     0     0    39.0   56.331  178.103   1292.7    854.9
     1     1    14     1    25     4     0     0    40.0   56.200  178.565   1291.1    855.3
     1     1    14     1    25     5     0     0    41.0   56.038  179.052   1288.7    855.9
     1     1    14     1    25     6     0     0    42.0   55.846  179.561   1286.0    856.6
     1     1    14     1    25     7     0     0    43.0   55.639 -179.943   1284.3    857.2
     1     1    14     1    25     8     0     0    44.0   55.437 -179.496   1283.4    856.7
     1     1    14     1    25     9     0     0    45.0   55.246 -179.102   1282.0    856.2
     1     1    14     1    25    10     0     0    46.0   55.064 -178.762   1279.0    855.9
     1     1    14     1    25    11     0     0    47.0   54.890 -178.474   1273.6    855.9
     1     1    14     1    25    12     0     0    48.0   54.726 -178.236   1265.5    856.4
