     1     1
    CDC1    14     1     1     0     0
     1 FORWARD  OMEGA   
    14     1    21     0   50.000  175.000  1000.0
     1 PRESSURE
     1     1    14     1    21     0     0     0     0.0   50.000  175.000   1000.0    873.6
     1     1    14     1    21     1     0     0     1.0   50.139  175.114   1066.0    866.0
     1     1    14     1    21     2     0     0     2.0   50.258  175.219   1125.7    859.6
     1     1    14     1    21     3     0     0     3.0   50.362  175.319   1178.8    854.1
     1     1    14     1    21     4     0     0     4.0   50.451  175.415   1225.2    849.4
     1     1    14     1    21     5     0     0     5.0   50.528  175.511   1264.8    845.4
     1     1    14     1    21     6     0     0     6.0   50.595  175.608   1297.7    842.1
     1     1    14     1    21     7     0     0     7.0   50.647  175.703   1323.4    839.3
     1     1    14     1    21     8     0     0     8.0   50.682  175.799   1341.2    837.4
     1     1    14     1    21     9     0     0     9.0   50.699  175.896   1351.2    836.4
     1     1    14     1    21    10     0     0    10.0   50.699  175.996   1353.5    836.2
     1     1    14     1    21    11     0     0    11.0   50.683  176.099   1348.6    836.7
     1     1    14     1    21    12     0     0    12.0   50.649  176.206   1337.0    838.1
     1     1    14     1    21    13     0     0    13.0   50.608  176.321   1325.4    840.4
     1     1    14     1    21    14     0     0    14.0   50.572  176.448   1318.1    841.4
     1     1    14     1    21    15     0     0    15.0   50.540  176.585   1315.7    841.9
     1     1    14     1    21    16     0     0    16.0   50.514  176.731   1318.1    841.7
     1     1    14     1    21    17     0     0    17.0   50.495  176.886   1325.4    841.0
     1     1    14     1    21    18     0     0    18.0   50.481  177.048   1337.7    839.7
     1     1    14     1    21    19     0     0    19.0   50.464  177.212   1351.2    837.7
     1     1    14     1    21    20     0     0    20.0   50.436  177.373   1361.3    836.5
     1     1    14     1    21    21     0     0    21.0   50.395  177.532   1368.4    835.7
     1     1    14     1    21    22     0     0    22.0   50.342  177.690   1372.6    835.4
     1     1    14     1    21    23     0     0    23.0   50.277  177.847   1374.0    835.3
     1     1    14     1    22     0     0     0    24.0   50.200  178.005   1373.0    835.5
     1     1    14     1    22     1     0     0    25.0   50.115  178.148   1370.0    835.8
     1     1    14     1    22     2     0     0    26.0   50.021  178.260   1364.7    836.2
     1     1    14     1    22     3     0     0    27.0   49.917  178.341   1356.6    837.3
     1     1    14     1    22     4     0     0    28.0   49.802  178.393   1344.9    838.9
     1     1    14     1    22     5     0     0    29.0   49.676  178.415   1329.2    841.0
     1     1    14     1    22     6     0     0    30.0   49.538  178.405   1309.3    843.7
     1     1    14     1    22     7     0     0    31.0   49.406  178.368   1286.1    846.5
     1     1    14     1    22     8     0     0    32.0   49.292  178.306   1262.5    849.1
     1     1    14     1    22     9     0     0    33.0   49.200  178.214   1238.5    851.6
     1     1    14     1    22    10     0     0    34.0   49.127  178.088   1214.4    854.1
     1     1    14     1    22    11     0     0    35.0   49.074  177.923   1190.8    856.5
     1     1    14     1    22    12     0     0    36.0   49.042  177.713   1168.2    858.7
     1     1    14     1    22    13     0     0    37.0   49.010  177.465   1147.8    860.9
     1     1    14     1    22    14     0     0    38.0   48.964  177.190   1130.2    863.1
     1     1    14     1    22    15     0     0    39.0   48.907  176.895   1115.5    865.0
     1     1    14     1    22    16     0     0    40.0   48.840  176.580   1103.5    866.6
     1     1    14     1    22    17     0     0    41.0   48.764  176.251   1093.8    867.9
     1     1    14     1    22    18     0     0    42.0   48.679  175.909   1086.1    869.0
     1     1    14     1    22    19     0     0    43.0   48.596  175.568   1081.9    870.0
     1     1    14     1    22    20     0     0    44.0   48.524  175.239   1082.7    870.1
     1     1    14     1    22    21     0     0    45.0   48.464  174.933   1088.7    869.6
     1     1    14     1    22    22     0     0    46.0   48.419  174.659   1100.0    868.7
     1     1    14     1    22    23     0     0    47.0   48.389  174.422   1116.4    867.2
     1     1    14     1    23     0     0     0    48.0   48.375  174.222   1137.7    865.2
