     1     1
    CDC1    14     1     1     0     0
     1 FORWARD  OMEGA   
    14     1    26    18   50.000  175.000  1000.0
     1 PRESSURE
     1     1    14     1    26    18     0     0     0.0   50.000  175.000   1000.0    889.7
     1     1    14     1    26    19     0     0     1.0   49.864  175.607    965.8    892.7
     1     1    14     1    26    20     0     0     2.0   49.749  176.149    933.0    895.6
     1     1    14     1    26    21     0     0     3.0   49.643  176.633    898.7    898.7
     1     1    14     1    26    22     0     0     4.0   49.538  177.064    861.2    902.6
     1     1    14     1    26    23     0     0     5.0   49.428  177.445    819.4    907.4
     1     1    14     1    27     0     0     0     6.0   49.309  177.784    774.2    913.1
     1     1    14     1    27     1     0     0     7.0   49.191  178.119    731.4    918.7
     1     1    14     1    27     2     0     0     8.0   49.084  178.481    693.5    923.2
     1     1    14     1    27     3     0     0     9.0   48.982  178.860    658.7    927.6
     1     1    14     1    27     4     0     0    10.0   48.882  179.249    625.2    932.0
     1     1    14     1    27     5     0     0    11.0   48.776  179.639    591.3    936.1
     1     1    14     1    27     6     0     0    12.0   48.661 -179.976    556.1    940.7
     1     1    14     1    27     7     0     0    13.0   48.557 -179.591    523.0    945.5
     1     1    14     1    27     8     0     0    14.0   48.480 -179.193    495.4    949.2
     1     1    14     1    27     9     0     0    15.0   48.426 -178.787    472.9    952.4
     1     1    14     1    27    10     0     0    16.0   48.389 -178.373    455.0    955.1
     1     1    14     1    27    11     0     0    17.0   48.363 -177.956    441.5    957.3
     1     1    14     1    27    12     0     0    18.0   48.343 -177.536    432.2    959.0
     1     1    14     1    27    13     0     0    19.0   48.319 -177.105    425.1    958.7
     1     1    14     1    27    14     0     0    20.0   48.283 -176.657    418.4    958.6
     1     1    14     1    27    15     0     0    21.0   48.234 -176.192    411.2    958.6
     1     1    14     1    27    16     0     0    22.0   48.170 -175.714    402.7    958.8
     1     1    14     1    27    17     0     0    23.0   48.092 -175.227    392.2    959.3
     1     1    14     1    27    18     0     0    24.0   48.002 -174.731    378.8    960.2
     1     1    14     1    27    19     0     0    25.0   47.909 -174.218    365.0    961.3
     1     1    14     1    27    20     0     0    26.0   47.816 -173.678    353.8    961.9
     1     1    14     1    27    21     0     0    27.0   47.725 -173.112    344.8    962.4
     1     1    14     1    27    22     0     0    28.0   47.632 -172.517    337.9    962.9
     1     1    14     1    27    23     0     0    29.0   47.542 -171.886    333.9    963.7
     1     1    14     1    28     0     0     0    30.0   47.454 -171.212    333.6    964.4
     1     1    14     1    28     1     0     0    31.0   47.360 -170.504    336.0    964.6
     1     1    14     1    28     2     0     0    32.0   47.256 -169.776    340.0    964.4
     1     1    14     1    28     3     0     0    33.0   47.136 -169.030    345.0    963.0
     1     1    14     1    28     4     0     0    34.0   46.994 -168.268    350.2    961.7
     1     1    14     1    28     5     0     0    35.0   46.818 -167.497    354.5    960.8
     1     1    14     1    28     6     0     0    36.0   46.616 -166.731    356.8    959.9
     1     1    14     1    28     7     0     0    37.0   46.415 -165.983    357.5    959.7
     1     1    14     1    28     8     0     0    38.0   46.221 -165.251    357.0    959.3
     1     1    14     1    28     9     0     0    39.0   46.035 -164.532    355.6    959.6
     1     1    14     1    28    10     0     0    40.0   45.866 -163.827    353.4    960.2
     1     1    14     1    28    11     0     0    41.0   45.711 -163.134    350.7    960.9
     1     1    14     1    28    12     0     0    42.0   45.564 -162.452    347.2    961.7
     1     1    14     1    28    13     0     0    43.0   45.440 -161.788    343.6    963.0
     1     1    14     1    28    14     0     0    44.0   45.350 -161.146    340.1    964.2
     1     1    14     1    28    15     0     0    45.0   45.285 -160.529    337.1    965.5
     1     1    14     1    28    16     0     0    46.0   45.236 -159.940    334.5    966.8
     1     1    14     1    28    17     0     0    47.0   45.201 -159.383    332.0    967.8
     1     1    14     1    28    18     0     0    48.0   45.179 -158.859    329.2    968.9
