     1     1
    CDC1    14     1     1     0     0
     1 FORWARD  OMEGA   
    14     1     1     0   50.000  175.000  1000.0
     1 PRESSURE
     1     1    14     1     1     0     0     0     0.0   50.000  175.000   1000.0    883.8
     1     1    14     1     1     1     0     0     1.0   50.147  175.327   1042.6    877.6
     1     1    14     1     1     2     0     0     2.0   50.288  175.624   1084.1    871.7
     1     1    14     1     1     3     0     0     3.0   50.430  175.888   1125.0    866.3
     1     1    14     1     1     4     0     0     4.0   50.580  176.115   1165.3    861.2
     1     1    14     1     1     5     0     0     5.0   50.742  176.305   1204.8    856.5
     1     1    14     1     1     6     0     0     6.0   50.919  176.455   1242.7    852.3
     1     1    14     1     1     7     0     0     7.0   51.087  176.584   1278.4    848.1
     1     1    14     1     1     8     0     0     8.0   51.227  176.700   1314.9    843.8
     1     1    14     1     1     9     0     0     9.0   51.343  176.792   1352.5    839.2
     1     1    14     1     1    10     0     0    10.0   51.437  176.851   1392.0    834.5
     1     1    14     1     1    11     0     0    11.0   51.510  176.872   1434.4    829.5
     1     1    14     1     1    12     0     0    12.0   51.562  176.849   1480.4    824.1
     1     1    14     1     1    13     0     0    13.0   51.594  176.819   1527.1    818.4
     1     1    14     1     1    14     0     0    14.0   51.610  176.818   1572.5    813.2
     1     1    14     1     1    15     0     0    15.0   51.611  176.843   1616.5    808.1
     1     1    14     1     1    16     0     0    16.0   51.601  176.896   1659.2    803.1
     1     1    14     1     1    17     0     0    17.0   51.578  176.974   1700.6    798.1
     1     1    14     1     1    18     0     0    18.0   51.545  177.079   1740.8    793.1
     1     1    14     1     1    19     0     0    19.0   51.492  177.231   1780.9    789.0
     1     1    14     1     1    20     0     0    20.0   51.409  177.456   1819.1    784.8
     1     1    14     1     1    21     0     0    21.0   51.302  177.757   1856.5    780.5
     1     1    14     1     1    22     0     0    22.0   51.181  178.138   1893.7    775.9
     1     1    14     1     1    23     0     0    23.0   51.053  178.596   1930.5    771.2
     1     1    14     1     2     0     0     0    24.0   50.922  179.131   1966.5    766.2
     1     1    14     1     2     1     0     0    25.0   50.798  179.735   1998.0    761.9
     1     1    14     1     2     2     0     0    26.0   50.690 -179.599   2017.2    760.0
     1     1    14     1     2     3     0     0    27.0   50.605 -178.872   2023.8    760.0
     1     1    14     1     2     4     0     0    28.0   50.537 -178.089   2017.4    761.2
     1     1    14     1     2     5     0     0    29.0   50.477 -177.251   1997.7    764.2
     1     1    14     1     2     6     0     0    30.0   50.433 -176.364   1964.7    769.4
     1     1    14     1     2     7     0     0    31.0   50.437 -175.451   1925.2    776.3
     1     1    14     1     2     8     0     0    32.0   50.509 -174.537   1886.7    782.3
     1     1    14     1     2     9     0     0    33.0   50.649 -173.632   1851.0    787.7
     1     1    14     1     2    10     0     0    34.0   50.852 -172.738   1819.3    792.3
     1     1    14     1     2    11     0     0    35.0   51.116 -171.852   1791.6    795.6
     1     1    14     1     2    12     0     0    36.0   51.450 -170.969   1769.2    797.6
     1     1    14     1     2    13     0     0    37.0   51.858 -170.101   1752.5    799.1
     1     1    14     1     2    14     0     0    38.0   52.324 -169.254   1738.8    800.7
     1     1    14     1     2    15     0     0    39.0   52.833 -168.428   1730.7    802.1
     1     1    14     1     2    16     0     0    40.0   53.376 -167.647   1729.7    802.3
     1     1    14     1     2    17     0     0    41.0   53.945 -166.913   1735.6    801.3
     1     1    14     1     2    18     0     0    42.0   54.537 -166.216   1747.7    799.1
     1     1    14     1     2    19     0     0    43.0   55.162 -165.568   1770.8    797.0
     1     1    14     1     2    20     0     0    44.0   55.810 -164.995   1806.1    794.5
     1     1    14     1     2    21     0     0    45.0   56.459 -164.500   1852.3    790.8
     1     1    14     1     2    22     0     0    46.0   57.107 -164.067   1908.9    785.5
     1     1    14     1     2    23     0     0    47.0   57.760 -163.681   1975.1    778.2
     1     1    14     1     3     0     0     0    48.0   58.417 -163.341   2044.3    769.9
