     1     1
    CDC1    14     1     1     0     0
     1 FORWARD  OMEGA   
    14     1    19     0   50.000  175.000  1000.0
     1 PRESSURE
     1     1    14     1    19     0     0     0     0.0   50.000  175.000   1000.0    879.5
     1     1    14     1    19     1     0     0     1.0   49.835  175.203    969.4    882.8
     1     1    14     1    19     2     0     0     2.0   49.672  175.444    937.1    886.5
     1     1    14     1    19     3     0     0     3.0   49.508  175.720    903.1    890.0
     1     1    14     1    19     4     0     0     4.0   49.343  176.028    867.6    893.8
     1     1    14     1    19     5     0     0     5.0   49.172  176.365    830.5    897.9
     1     1    14     1    19     6     0     0     6.0   48.993  176.730    791.8    902.5
     1     1    14     1    19     7     0     0     7.0   48.812  177.096    753.9    907.5
     1     1    14     1    19     8     0     0     8.0   48.638  177.441    719.7    912.2
     1     1    14     1    19     9     0     0     9.0   48.472  177.758    689.4    916.9
     1     1    14     1    19    10     0     0    10.0   48.314  178.043    663.1    921.4
     1     1    14     1    19    11     0     0    11.0   48.161  178.295    640.4    925.5
     1     1    14     1    19    12     0     0    12.0   48.013  178.512    620.8    929.0
     1     1    14     1    19    13     0     0    13.0   47.876  178.707    604.6    931.6
     1     1    14     1    19    14     0     0    14.0   47.756  178.891    591.7    933.7
     1     1    14     1    19    15     0     0    15.0   47.654  179.067    581.9    935.5
     1     1    14     1    19    16     0     0    16.0   47.572  179.234    575.2    936.9
     1     1    14     1    19    17     0     0    17.0   47.511  179.394    571.4    937.9
     1     1    14     1    19    18     0     0    18.0   47.473  179.547    570.2    938.3
     1     1    14     1    19    19     0     0    19.0   47.457  179.704    569.8    938.4
     1     1    14     1    19    20     0     0    20.0   47.463  179.872    568.0    938.9
     1     1    14     1    19    21     0     0    21.0   47.491 -179.950    565.0    939.5
     1     1    14     1    19    22     0     0    22.0   47.541 -179.761    560.7    939.7
     1     1    14     1    19    23     0     0    23.0   47.611 -179.563    555.3    940.1
     1     1    14     1    20     0     0     0    24.0   47.701 -179.358    549.0    940.5
     1     1    14     1    20     1     0     0    25.0   47.799 -179.162    541.6    940.3
     1     1    14     1    20     2     0     0    26.0   47.898 -178.986    533.4    940.4
     1     1    14     1    20     3     0     0    27.0   47.996 -178.826    524.3    940.7
     1     1    14     1    20     4     0     0    28.0   48.096 -178.676    514.4    941.2
     1     1    14     1    20     5     0     0    29.0   48.198 -178.534    504.0    941.7
     1     1    14     1    20     6     0     0    30.0   48.303 -178.395    493.1    942.4
     1     1    14     1    20     7     0     0    31.0   48.406 -178.267    483.7    943.0
     1     1    14     1    20     8     0     0    32.0   48.504 -178.158    478.0    943.0
     1     1    14     1    20     9     0     0    33.0   48.598 -178.067    475.5    942.5
     1     1    14     1    20    10     0     0    34.0   48.689 -177.990    476.2    941.6
     1     1    14     1    20    11     0     0    35.0   48.780 -177.925    479.7    940.4
     1     1    14     1    20    12     0     0    36.0   48.871 -177.870    486.0    938.8
     1     1    14     1    20    13     0     0    37.0   48.951 -177.821    492.4    937.0
     1     1    14     1    20    14     0     0    38.0   49.004 -177.776    496.3    936.0
     1     1    14     1    20    15     0     0    39.0   49.033 -177.737    497.9    935.3
     1     1    14     1    20    16     0     0    40.0   49.036 -177.707    497.3    934.9
     1     1    14     1    20    17     0     0    41.0   49.014 -177.691    494.6    934.8
     1     1    14     1    20    18     0     0    42.0   48.966 -177.691    489.8    935.0
     1     1    14     1    20    19     0     0    43.0   48.909 -177.708    484.1    935.8
     1     1    14     1    20    20     0     0    44.0   48.865 -177.738    479.1    936.4
     1     1    14     1    20    21     0     0    45.0   48.833 -177.779    474.6    936.8
     1     1    14     1    20    22     0     0    46.0   48.815 -177.827    470.7    937.2
     1     1    14     1    20    23     0     0    47.0   48.811 -177.880    467.3    937.5
     1     1    14     1    21     0     0     0    48.0   48.824 -177.938    464.6    937.6
