     1     1
    CDC1    14     1     1     0     0
     1 FORWARD  OMEGA   
    14     1     2     6   50.000  175.000  1000.0
     1 PRESSURE
     1     1    14     1     2     6     0     0     0.0   50.000  175.000   1000.0    885.9
     1     1    14     1     2     7     0     0     1.0   49.887  175.727    958.3    889.7
     1     1    14     1     2     8     0     0     2.0   49.817  176.440    921.2    892.8
     1     1    14     1     2     9     0     0     3.0   49.785  177.152    885.4    895.7
     1     1    14     1     2    10     0     0     4.0   49.787  177.874    849.2    899.4
     1     1    14     1     2    11     0     0     5.0   49.815  178.611    811.6    903.8
     1     1    14     1     2    12     0     0     6.0   49.850  179.381    770.6    908.9
     1     1    14     1     2    13     0     0     7.0   49.890 -179.833    727.0    913.7
     1     1    14     1     2    14     0     0     8.0   49.949 -179.075    683.5    919.2
     1     1    14     1     2    15     0     0     9.0   50.029 -178.351    639.4    925.4
     1     1    14     1     2    16     0     0    10.0   50.118 -177.659    593.8    931.8
     1     1    14     1     2    17     0     0    11.0   50.216 -176.996    547.4    938.6
     1     1    14     1     2    18     0     0    12.0   50.319 -176.354    500.7    945.6
     1     1    14     1     2    19     0     0    13.0   50.433 -175.722    459.0    951.9
     1     1    14     1     2    20     0     0    14.0   50.567 -175.095    426.9    956.6
     1     1    14     1     2    21     0     0    15.0   50.724 -174.488    403.7    960.2
     1     1    14     1     2    22     0     0    16.0   50.905 -173.909    388.1    962.8
     1     1    14     1     2    23     0     0    17.0   51.098 -173.353    378.7    964.5
     1     1    14     1     3     0     0     0    18.0   51.292 -172.810    374.3    966.1
     1     1    14     1     3     1     0     0    19.0   51.489 -172.284    371.1    966.1
     1     1    14     1     3     2     0     0    20.0   51.701 -171.786    365.8    966.3
     1     1    14     1     3     3     0     0    21.0   51.932 -171.320    357.7    967.0
     1     1    14     1     3     4     0     0    22.0   52.178 -170.881    346.2    968.3
     1     1    14     1     3     5     0     0    23.0   52.438 -170.465    330.6    970.5
     1     1    14     1     3     6     0     0    24.0   52.707 -170.069    311.3    973.3
     1     1    14     1     3     7     0     0    25.0   52.985 -169.700    291.5    975.1
     1     1    14     1     3     8     0     0    26.0   53.275 -169.359    274.8    976.6
     1     1    14     1     3     9     0     0    27.0   53.576 -169.039    261.0    978.0
     1     1    14     1     3    10     0     0    28.0   53.887 -168.732    250.3    979.3
     1     1    14     1     3    11     0     0    29.0   54.205 -168.426    242.4    980.6
     1     1    14     1     3    12     0     0    30.0   54.531 -168.111    237.4    981.7
     1     1    14     1     3    13     0     0    31.0   54.852 -167.801    232.9    982.1
     1     1    14     1     3    14     0     0    32.0   55.153 -167.530    227.1    982.9
     1     1    14     1     3    15     0     0    33.0   55.430 -167.323    219.9    984.0
     1     1    14     1     3    16     0     0    34.0   55.686 -167.191    211.4    985.5
     1     1    14     1     3    17     0     0    35.0   55.923 -167.133    201.3    987.5
     1     1    14     1     3    18     0     0    36.0   56.145 -167.152    189.7    989.5
     1     1    14     1     3    19     0     0    37.0   56.363 -167.216    177.8    991.1
     1     1    14     1     3    20     0     0    38.0   56.586 -167.292    166.8    992.5
     1     1    14     1     3    21     0     0    39.0   56.817 -167.380    156.4    993.9
     1     1    14     1     3    22     0     0    40.0   57.059 -167.480    145.9    995.3
     1     1    14     1     3    23     0     0    41.0   57.314 -167.596    134.9    996.7
     1     1    14     1     4     0     0     0    42.0   57.585 -167.731    122.9    997.9
     1     1    14     1     4     1     0     0    43.0   57.842 -167.910    110.3    998.7
     1     1    14     1     4     2     0     0    44.0   58.064 -168.157     97.9    999.5
     1     1    14     1     4     3     0     0    45.0   58.256 -168.479     86.2   1000.5
     1     1    14     1     4     4     0     0    46.0   58.425 -168.877     75.4   1001.4
     1     1    14     1     4     5     0     0    47.0   58.574 -169.350     66.0   1001.4
     1     1    14     1     4     6     0     0    48.0   58.710 -169.895     58.1   1001.4
