     1     1
    CDC1    14     1     1     0     0
     1 FORWARD  OMEGA   
    14     1    16    18   50.000  175.000  1000.0
     1 PRESSURE
     1     1    14     1    16    18     0     0     0.0   50.000  175.000   1000.0    882.8
     1     1    14     1    16    19     0     0     1.0   49.934  175.214   1008.4    881.3
     1     1    14     1    16    20     0     0     2.0   49.887  175.417   1020.7    879.1
     1     1    14     1    16    21     0     0     3.0   49.858  175.609   1036.9    876.7
     1     1    14     1    16    22     0     0     4.0   49.847  175.788   1057.2    873.8
     1     1    14     1    16    23     0     0     5.0   49.853  175.951   1081.8    870.6
     1     1    14     1    17     0     0     0     6.0   49.876  176.098   1110.9    866.9
     1     1    14     1    17     1     0     0     7.0   49.914  176.222   1142.3    862.5
     1     1    14     1    17     2     0     0     8.0   49.963  176.318   1174.6    858.3
     1     1    14     1    17     3     0     0     9.0   50.022  176.387   1207.2    854.3
     1     1    14     1    17     4     0     0    10.0   50.090  176.427   1239.5    850.5
     1     1    14     1    17     5     0     0    11.0   50.166  176.439   1271.0    847.0
     1     1    14     1    17     6     0     0    12.0   50.246  176.423   1301.5    843.7
     1     1    14     1    17     7     0     0    13.0   50.327  176.390   1331.1    840.2
     1     1    14     1    17     8     0     0    14.0   50.401  176.358   1358.8    837.0
     1     1    14     1    17     9     0     0    15.0   50.470  176.327   1384.8    834.0
     1     1    14     1    17    10     0     0    16.0   50.532  176.300   1408.9    831.2
     1     1    14     1    17    11     0     0    17.0   50.588  176.278   1431.1    828.6
     1     1    14     1    17    12     0     0    18.0   50.638  176.262   1451.2    826.2
     1     1    14     1    17    13     0     0    19.0   50.678  176.253   1467.4    823.8
     1     1    14     1    17    14     0     0    20.0   50.702  176.248   1480.0    822.0
     1     1    14     1    17    15     0     0    21.0   50.712  176.251   1488.2    820.7
     1     1    14     1    17    16     0     0    22.0   50.710  176.263   1492.2    819.8
     1     1    14     1    17    17     0     0    23.0   50.694  176.285   1491.9    819.3
     1     1    14     1    17    18     0     0    24.0   50.668  176.318   1487.3    819.2
     1     1    14     1    17    19     0     0    25.0   50.630  176.361   1481.0    819.9
     1     1    14     1    17    20     0     0    26.0   50.580  176.415   1475.7    820.1
     1     1    14     1    17    21     0     0    27.0   50.520  176.480   1471.6    820.1
     1     1    14     1    17    22     0     0    28.0   50.451  176.556   1469.2    820.0
     1     1    14     1    17    23     0     0    29.0   50.372  176.643   1468.8    819.5
     1     1    14     1    18     0     0     0    30.0   50.286  176.739   1471.0    818.8
     1     1    14     1    18     1     0     0    31.0   50.191  176.845   1472.8    817.7
     1     1    14     1    18     2     0     0    32.0   50.088  176.959   1472.6    817.1
     1     1    14     1    18     3     0     0    33.0   49.975  177.076   1470.1    816.9
     1     1    14     1    18     4     0     0    34.0   49.850  177.196   1466.2    817.1
     1     1    14     1    18     5     0     0    35.0   49.711  177.318   1461.5    817.5
     1     1    14     1    18     6     0     0    36.0   49.556  177.441   1456.6    818.0
     1     1    14     1    18     7     0     0    37.0   49.392  177.577   1449.7    818.8
     1     1    14     1    18     8     0     0    38.0   49.224  177.739   1439.8    820.3
     1     1    14     1    18     9     0     0    39.0   49.053  177.927   1426.5    822.2
     1     1    14     1    18    10     0     0    40.0   48.877  178.137   1409.8    824.6
     1     1    14     1    18    11     0     0    41.0   48.694  178.369   1389.3    827.5
     1     1    14     1    18    12     0     0    42.0   48.500  178.617   1365.0    831.1
     1     1    14     1    18    13     0     0    43.0   48.296  178.869   1340.5    835.2
     1     1    14     1    18    14     0     0    44.0   48.088  179.115   1320.4    838.4
     1     1    14     1    18    15     0     0    45.0   47.872  179.354   1304.0    841.3
     1     1    14     1    18    16     0     0    46.0   47.647  179.589   1291.0    843.8
     1     1    14     1    18    17     0     0    47.0   47.411  179.824   1280.4    845.7
     1     1    14     1    18    18     0     0    48.0   47.162 -179.927   1270.5    846.8
