     1     1
    CDC1    14     1     1     0     0
     1 FORWARD  OMEGA   
    14     1    20    12   50.000  175.000  1000.0
     1 PRESSURE
     1     1    14     1    20    12     0     0     0.0   50.000  175.000   1000.0    876.8
     1     1    14     1    20    13     0     0     1.0   50.226  175.097   1026.1    873.3
     1     1    14     1    20    14     0     0     2.0   50.423  175.188   1049.9    870.2
     1     1    14     1    20    15     0     0     3.0   50.594  175.277   1071.2    867.5
     1     1    14     1    20    16     0     0     4.0   50.740  175.367   1089.9    865.1
     1     1    14     1    20    17     0     0     5.0   50.860  175.462   1106.0    862.9
     1     1    14     1    20    18     0     0     6.0   50.957  175.564   1119.2    861.1
     1     1    14     1    20    19     0     0     7.0   51.042  175.664   1134.1    860.1
     1     1    14     1    20    20     0     0     8.0   51.128  175.751   1155.6    857.9
     1     1    14     1    20    21     0     0     9.0   51.214  175.824   1183.6    855.0
     1     1    14     1    20    22     0     0    10.0   51.302  175.882   1218.4    851.4
     1     1    14     1    20    23     0     0    11.0   51.390  175.926   1260.0    847.2
     1     1    14     1    21     0     0     0    12.0   51.479  175.956   1308.7    842.2
     1     1    14     1    21     1     0     0    13.0   51.563  175.980   1357.9    836.1
     1     1    14     1    21     2     0     0    14.0   51.636  176.011   1400.9    831.5
     1     1    14     1    21     3     0     0    15.0   51.700  176.046   1438.0    827.7
     1     1    14     1    21     4     0     0    16.0   51.756  176.087   1469.6    824.4
     1     1    14     1    21     5     0     0    17.0   51.806  176.132   1495.8    821.7
     1     1    14     1    21     6     0     0    18.0   51.849  176.181   1517.0    819.6
     1     1    14     1    21     7     0     0    19.0   51.881  176.236   1530.1    818.0
     1     1    14     1    21     8     0     0    20.0   51.897  176.298   1532.2    817.8
     1     1    14     1    21     9     0     0    21.0   51.898  176.367   1523.2    818.8
     1     1    14     1    21    10     0     0    22.0   51.883  176.443   1503.6    820.9
     1     1    14     1    21    11     0     0    23.0   51.853  176.524   1473.8    824.2
     1     1    14     1    21    12     0     0    24.0   51.806  176.608   1434.6    828.5
     1     1    14     1    21    13     0     0    25.0   51.752  176.699   1395.9    834.1
     1     1    14     1    21    14     0     0    26.0   51.700  176.806   1364.8    837.9
     1     1    14     1    21    15     0     0    27.0   51.654  176.930   1341.5    840.7
     1     1    14     1    21    16     0     0    28.0   51.613  177.071   1326.0    842.7
     1     1    14     1    21    17     0     0    29.0   51.581  177.231   1317.8    843.8
     1     1    14     1    21    18     0     0    30.0   51.556  177.408   1317.1    844.0
     1     1    14     1    21    19     0     0    31.0   51.531  177.592   1319.5    843.4
     1     1    14     1    21    20     0     0    32.0   51.495  177.772   1319.3    843.6
     1     1    14     1    21    21     0     0    33.0   51.448  177.948   1317.2    844.0
     1     1    14     1    21    22     0     0    34.0   51.392  178.120   1313.5    844.5
     1     1    14     1    21    23     0     0    35.0   51.327  178.289   1308.2    845.2
     1     1    14     1    22     0     0     0    36.0   51.252  178.454   1301.8    846.1
     1     1    14     1    22     1     0     0    37.0   51.170  178.610   1294.1    846.7
     1     1    14     1    22     2     0     0    38.0   51.081  178.749   1285.1    847.5
     1     1    14     1    22     3     0     0    39.0   50.983  178.870   1274.3    848.4
     1     1    14     1    22     4     0     0    40.0   50.876  178.967   1261.6    849.5
     1     1    14     1    22     5     0     0    41.0   50.757  179.038   1246.6    850.8
     1     1    14     1    22     6     0     0    42.0   50.627  179.079   1229.1    852.4
     1     1    14     1    22     7     0     0    43.0   50.495  179.091   1208.7    854.3
     1     1    14     1    22     8     0     0    44.0   50.373  179.077   1186.1    856.5
     1     1    14     1    22     9     0     0    45.0   50.260  179.035   1161.0    859.0
     1     1    14     1    22    10     0     0    46.0   50.157  178.962   1133.5    861.8
     1     1    14     1    22    11     0     0    47.0   50.064  178.852   1103.5    865.0
     1     1    14     1    22    12     0     0    48.0   49.981  178.703   1071.4    868.6
