     1     1
    CDC1    14     1     1     0     0
     1 FORWARD  OMEGA   
    14     1     6    12   50.000  175.000  1000.0
     1 PRESSURE
     1     1    14     1     6    12     0     0     0.0   50.000  175.000   1000.0    860.6
     1     1    14     1     6    13     0     0     1.0   50.011  175.029    997.6    861.1
     1     1    14     1     6    14     0     0     2.0   50.002  175.050    995.7    861.5
     1     1    14     1     6    15     0     0     3.0   49.973  175.066    994.2    861.9
     1     1    14     1     6    16     0     0     4.0   49.926  175.079    993.3    862.2
     1     1    14     1     6    17     0     0     5.0   49.861  175.094    992.9    862.3
     1     1    14     1     6    18     0     0     6.0   49.778  175.112    993.3    862.4
     1     1    14     1     6    19     0     0     7.0   49.684  175.148    992.2    862.6
     1     1    14     1     6    20     0     0     8.0   49.585  175.214    986.8    863.6
     1     1    14     1     6    21     0     0     9.0   49.482  175.308    977.7    865.0
     1     1    14     1     6    22     0     0    10.0   49.376  175.429    965.4    866.7
     1     1    14     1     6    23     0     0    11.0   49.265  175.575    950.4    868.7
     1     1    14     1     7     0     0     0    12.0   49.151  175.742    933.0    871.0
     1     1    14     1     7     1     0     0    13.0   49.031  175.940    916.5    873.4
     1     1    14     1     7     2     0     0    14.0   48.902  176.178    902.9    875.2
     1     1    14     1     7     3     0     0    15.0   48.761  176.456    892.1    876.7
     1     1    14     1     7     4     0     0    16.0   48.608  176.771    884.1    878.1
     1     1    14     1     7     5     0     0    17.0   48.440  177.122    878.8    879.3
     1     1    14     1     7     6     0     0    18.0   48.254  177.504    876.4    880.4
     1     1    14     1     7     7     0     0    19.0   48.074  177.922    877.1    881.6
     1     1    14     1     7     8     0     0    20.0   47.926  178.377    879.6    882.7
     1     1    14     1     7     9     0     0    21.0   47.807  178.865    882.4    884.0
     1     1    14     1     7    10     0     0    22.0   47.713  179.379    884.3    885.7
     1     1    14     1     7    11     0     0    23.0   47.638  179.918    884.1    888.0
     1     1    14     1     7    12     0     0    24.0   47.578 -179.522    881.2    889.6
     1     1    14     1     7    13     0     0    25.0   47.535 -178.939    874.7    890.3
     1     1    14     1     7    14     0     0    26.0   47.509 -178.333    862.3    892.0
     1     1    14     1     7    15     0     0    27.0   47.497 -177.705    843.0    894.6
     1     1    14     1     7    16     0     0    28.0   47.494 -177.055    816.4    897.4
     1     1    14     1     7    17     0     0    29.0   47.493 -176.381    783.3    900.7
     1     1    14     1     7    18     0     0    30.0   47.485 -175.682    743.3    904.9
     1     1    14     1     7    19     0     0    31.0   47.478 -174.987    700.4    909.0
     1     1    14     1     7    20     0     0    32.0   47.487 -174.324    661.3    913.7
     1     1    14     1     7    21     0     0    33.0   47.516 -173.695    624.9    917.9
     1     1    14     1     7    22     0     0    34.0   47.561 -173.099    589.2    921.7
     1     1    14     1     7    23     0     0    35.0   47.620 -172.538    552.7    925.9
     1     1    14     1     8     0     0     0    36.0   47.693 -172.009    515.3    931.3
     1     1    14     1     8     1     0     0    37.0   47.780 -171.511    481.1    936.6
     1     1    14     1     8     2     0     0    38.0   47.884 -171.046    452.1    940.9
     1     1    14     1     8     3     0     0    39.0   48.010 -170.616    427.3    944.7
     1     1    14     1     8     4     0     0    40.0   48.160 -170.222    405.6    947.9
     1     1    14     1     8     5     0     0    41.0   48.336 -169.861    385.7    950.6
     1     1    14     1     8     6     0     0    42.0   48.535 -169.527    366.3    952.3
     1     1    14     1     8     7     0     0    43.0   48.742 -169.202    348.8    953.6
     1     1    14     1     8     8     0     0    44.0   48.944 -168.874    335.1    954.5
     1     1    14     1     8     9     0     0    45.0   49.143 -168.549    325.6    955.0
     1     1    14     1     8    10     0     0    46.0   49.344 -168.230    320.5    955.1
     1     1    14     1     8    11     0     0    47.0   49.552 -167.919    320.0    954.8
     1     1    14     1     8    12     0     0    48.0   49.771 -167.615    324.5    954.0
