     1     1
    CDC1    14     1     1     0     0
     1 FORWARD  OMEGA   
    14     1    15     0   50.000  175.000  1000.0
     1 PRESSURE
     1     1    14     1    15     0     0     0     0.0   50.000  175.000   1000.0    878.0
     1     1    14     1    15     1     0     0     1.0   49.788  175.233    971.9    880.4
     1     1    14     1    15     2     0     0     2.0   49.572  175.460    943.7    883.1
     1     1    14     1    15     3     0     0     3.0   49.350  175.683    915.6    885.8
     1     1    14     1    15     4     0     0     4.0   49.121  175.899    887.7    888.6
     1     1    14     1    15     5     0     0     5.0   48.885  176.110    860.4    891.6
     1     1    14     1    15     6     0     0     6.0   48.639  176.314    833.7    894.7
     1     1    14     1    15     7     0     0     7.0   48.390  176.524    808.5    897.9
     1     1    14     1    15     8     0     0     8.0   48.143  176.753    785.1    901.0
     1     1    14     1    15     9     0     0     9.0   47.899  177.005    762.8    904.1
     1     1    14     1    15    10     0     0    10.0   47.658  177.284    740.9    907.5
     1     1    14     1    15    11     0     0    11.0   47.418  177.587    719.2    911.1
     1     1    14     1    15    12     0     0    12.0   47.180  177.898    698.3    914.5
     1     1    14     1    15    13     0     0    13.0   46.941  178.205    680.0    917.5
     1     1    14     1    15    14     0     0    14.0   46.702  178.505    665.6    919.8
     1     1    14     1    15    15     0     0    15.0   46.461  178.801    655.0    921.7
     1     1    14     1    15    16     0     0    16.0   46.217  179.093    647.9    923.2
     1     1    14     1    15    17     0     0    17.0   45.967  179.381    644.0    924.3
     1     1    14     1    15    18     0     0    18.0   45.711  179.664    643.1    925.2
     1     1    14     1    15    19     0     0    19.0   45.449  179.932    642.6    925.4
     1     1    14     1    15    20     0     0    20.0   45.180 -179.818    640.0    925.7
     1     1    14     1    15    21     0     0    21.0   44.901 -179.580    634.9    926.0
     1     1    14     1    15    22     0     0    22.0   44.616 -179.348    627.4    926.4
     1     1    14     1    15    23     0     0    23.0   44.325 -179.121    617.6    927.0
     1     1    14     1    16     0     0     0    24.0   44.029 -178.897    605.1    928.1
     1     1    14     1    16     1     0     0    25.0   43.732 -178.671    591.4    929.6
     1     1    14     1    16     2     0     0    26.0   43.439 -178.438    577.3    931.2
     1     1    14     1    16     3     0     0    27.0   43.148 -178.195    562.3    933.2
     1     1    14     1    16     4     0     0    28.0   42.860 -177.941    545.9    935.6
     1     1    14     1    16     5     0     0    29.0   42.570 -177.674    527.6    938.6
     1     1    14     1    16     6     0     0    30.0   42.277 -177.383    507.5    942.4
     1     1    14     1    16     7     0     0    31.0   41.985 -177.076    486.8    946.1
     1     1    14     1    16     8     0     0    32.0   41.701 -176.765    466.6    949.5
     1     1    14     1    16     9     0     0    33.0   41.425 -176.453    446.3    952.9
     1     1    14     1    16    10     0     0    34.0   41.158 -176.141    425.5    956.4
     1     1    14     1    16    11     0     0    35.0   40.900 -175.830    403.6    959.9
     1     1    14     1    16    12     0     0    36.0   40.648 -175.522    380.1    963.5
     1     1    14     1    16    13     0     0    37.0   40.403 -175.211    356.6    965.9
     1     1    14     1    16    14     0     0    38.0   40.166 -174.890    334.3    968.1
     1     1    14     1    16    15     0     0    39.0   39.939 -174.558    313.6    970.1
     1     1    14     1    16    16     0     0    40.0   39.721 -174.209    294.6    971.9
     1     1    14     1    16    17     0     0    41.0   39.515 -173.844    276.9    973.7
     1     1    14     1    16    18     0     0    42.0   39.323 -173.468    259.9    975.6
     1     1    14     1    16    19     0     0    43.0   39.145 -173.089    244.0    977.5
     1     1    14     1    16    20     0     0    44.0   38.985 -172.717    229.8    979.3
     1     1    14     1    16    21     0     0    45.0   38.843 -172.347    217.3    981.2
     1     1    14     1    16    22     0     0    46.0   38.722 -171.980    206.6    982.9
     1     1    14     1    16    23     0     0    47.0   38.623 -171.614    197.5    984.3
     1     1    14     1    17     0     0     0    48.0   38.550 -171.251    189.9    985.5
