     1     1
    CDC1    14     1     1     0     0
     1 FORWARD  OMEGA   
    14     1     2     0   50.000  175.000  1000.0
     1 PRESSURE
     1     1    14     1     2     0     0     0     0.0   50.000  175.000   1000.0    881.9
     1     1    14     1     2     1     0     0     1.0   49.650  175.821    993.5    880.5
     1     1    14     1     2     2     0     0     2.0   49.342  176.664    981.8    880.9
     1     1    14     1     2     3     0     0     3.0   49.052  177.546    963.3    883.0
     1     1    14     1     2     4     0     0     4.0   48.780  178.466    937.9    887.7
     1     1    14     1     2     5     0     0     5.0   48.520  179.424    905.1    893.8
     1     1    14     1     2     6     0     0     6.0   48.255 -179.573    863.8    901.3
     1     1    14     1     2     7     0     0     7.0   48.024 -178.564    819.1    908.4
     1     1    14     1     2     8     0     0     8.0   47.844 -177.584    777.0    914.3
     1     1    14     1     2     9     0     0     9.0   47.703 -176.642    737.0    919.4
     1     1    14     1     2    10     0     0    10.0   47.591 -175.753    699.8    923.7
     1     1    14     1     2    11     0     0    11.0   47.482 -174.912    664.6    927.8
     1     1    14     1     2    12     0     0    12.0   47.372 -174.133    632.9    933.2
     1     1    14     1     2    13     0     0    13.0   47.289 -173.440    603.5    936.8
     1     1    14     1     2    14     0     0    14.0   47.238 -172.828    574.4    940.5
     1     1    14     1     2    15     0     0    15.0   47.200 -172.288    544.8    944.6
     1     1    14     1     2    16     0     0    16.0   47.167 -171.817    514.6    949.2
     1     1    14     1     2    17     0     0    17.0   47.130 -171.412    484.3    953.6
     1     1    14     1     2    18     0     0    18.0   47.076 -171.065    454.0    958.1
     1     1    14     1     2    19     0     0    19.0   47.016 -170.779    427.6    962.5
     1     1    14     1     2    20     0     0    20.0   46.967 -170.554    407.7    965.5
     1     1    14     1     2    21     0     0    21.0   46.924 -170.389    393.4    967.8
     1     1    14     1     2    22     0     0    22.0   46.885 -170.282    383.8    969.4
     1     1    14     1     2    23     0     0    23.0   46.849 -170.232    378.6    970.3
     1     1    14     1     3     0     0     0    24.0   46.821 -170.239    377.4    970.7
     1     1    14     1     3     1     0     0    25.0   46.812 -170.281    377.7    970.0
     1     1    14     1     3     2     0     0    26.0   46.836 -170.339    377.5    969.7
     1     1    14     1     3     3     0     0    27.0   46.897 -170.412    376.7    969.4
     1     1    14     1     3     4     0     0    28.0   46.998 -170.500    375.3    969.0
     1     1    14     1     3     5     0     0    29.0   47.146 -170.604    373.7    968.6
     1     1    14     1     3     6     0     0    30.0   47.345 -170.729    371.8    968.2
     1     1    14     1     3     7     0     0    31.0   47.598 -170.869    370.5    967.4
     1     1    14     1     3     8     0     0    32.0   47.901 -171.013    369.6    966.6
     1     1    14     1     3     9     0     0    33.0   48.254 -171.165    369.4    965.7
     1     1    14     1     3    10     0     0    34.0   48.663 -171.336    370.6    964.7
     1     1    14     1     3    11     0     0    35.0   49.136 -171.543    374.0    963.5
     1     1    14     1     3    12     0     0    36.0   49.683 -171.804    380.8    962.0
     1     1    14     1     3    13     0     0    37.0   50.279 -172.088    390.3    960.0
     1     1    14     1     3    14     0     0    38.0   50.879 -172.344    400.3    958.0
     1     1    14     1     3    15     0     0    39.0   51.479 -172.581    409.5    956.2
     1     1    14     1     3    16     0     0    40.0   52.085 -172.820    417.4    954.2
     1     1    14     1     3    17     0     0    41.0   52.701 -173.080    423.9    951.8
     1     1    14     1     3    18     0     0    42.0   53.325 -173.386    428.7    948.9
     1     1    14     1     3    19     0     0    43.0   53.949 -173.746    432.6    946.7
     1     1    14     1     3    20     0     0    44.0   54.579 -174.153    436.9    944.3
     1     1    14     1     3    21     0     0    45.0   55.224 -174.601    442.2    942.3
     1     1    14     1     3    22     0     0    46.0   55.867 -175.076    449.4    941.6
     1     1    14     1     3    23     0     0    47.0   56.499 -175.583    460.1    941.1
     1     1    14     1     4     0     0     0    48.0   57.135 -176.153    477.0    939.8
