     1     1
    CDC1    14     1     1     0     0
     1 FORWARD  OMEGA   
    14     1    13     6   50.000  175.000  1000.0
     1 PRESSURE
     1     1    14     1    13     6     0     0     0.0   50.000  175.000   1000.0    873.1
     1     1    14     1    13     7     0     0     1.0   49.868  175.017   1024.3    869.9
     1     1    14     1    13     8     0     0     2.0   49.726  175.082   1037.1    868.4
     1     1    14     1    13     9     0     0     3.0   49.577  175.196   1038.2    868.3
     1     1    14     1    13    10     0     0     4.0   49.422  175.357   1027.8    869.4
     1     1    14     1    13    11     0     0     5.0   49.262  175.564   1006.5    871.9
     1     1    14     1    13    12     0     0     6.0   49.098  175.818    975.2    875.5
     1     1    14     1    13    13     0     0     7.0   48.936  176.098    941.8    879.7
     1     1    14     1    13    14     0     0     8.0   48.786  176.381    914.6    882.1
     1     1    14     1    13    15     0     0     9.0   48.649  176.660    892.6    883.9
     1     1    14     1    13    16     0     0    10.0   48.524  176.931    875.5    885.3
     1     1    14     1    13    17     0     0    11.0   48.413  177.190    862.9    886.4
     1     1    14     1    13    18     0     0    12.0   48.316  177.434    854.2    887.1
     1     1    14     1    13    19     0     0    13.0   48.229  177.655    848.8    888.0
     1     1    14     1    13    20     0     0    14.0   48.148  177.849    844.7    888.9
     1     1    14     1    13    21     0     0    15.0   48.075  178.013    842.5    889.5
     1     1    14     1    13    22     0     0    16.0   48.009  178.147    842.2    889.9
     1     1    14     1    13    23     0     0    17.0   47.952  178.248    843.8    889.9
     1     1    14     1    14     0     0     0    18.0   47.902  178.315    847.3    889.7
     1     1    14     1    14     1     0     0    19.0   47.856  178.349    851.8    888.6
     1     1    14     1    14     2     0     0    20.0   47.810  178.353    856.8    887.6
     1     1    14     1    14     3     0     0    21.0   47.764  178.326    862.1    886.5
     1     1    14     1    14     4     0     0    22.0   47.715  178.265    867.8    885.3
     1     1    14     1    14     5     0     0    23.0   47.664  178.170    874.0    884.1
     1     1    14     1    14     6     0     0    24.0   47.610  178.040    880.9    882.7
     1     1    14     1    14     7     0     0    25.0   47.551  177.896    890.5    881.8
     1     1    14     1    14     8     0     0    26.0   47.486  177.760    904.6    880.3
     1     1    14     1    14     9     0     0    27.0   47.415  177.636    923.0    878.2
     1     1    14     1    14    10     0     0    28.0   47.338  177.529    945.6    875.5
     1     1    14     1    14    11     0     0    29.0   47.253  177.438    972.0    872.3
     1     1    14     1    14    12     0     0    30.0   47.161  177.362   1001.9    868.9
     1     1    14     1    14    13     0     0    31.0   47.055  177.294   1030.9    865.4
     1     1    14     1    14    14     0     0    32.0   46.928  177.221   1055.0    863.1
     1     1    14     1    14    15     0     0    33.0   46.782  177.144   1075.2    861.3
     1     1    14     1    14    16     0     0    34.0   46.613  177.060   1092.1    859.8
     1     1    14     1    14    17     0     0    35.0   46.422  176.968   1106.7    858.7
     1     1    14     1    14    18     0     0    36.0   46.207  176.867   1120.3    857.7
     1     1    14     1    14    19     0     0    37.0   45.978  176.775   1134.7    856.6
     1     1    14     1    14    20     0     0    38.0   45.750  176.712   1151.7    854.9
     1     1    14     1    14    21     0     0    39.0   45.522  176.676   1170.6    853.1
     1     1    14     1    14    22     0     0    40.0   45.298  176.665   1190.7    851.1
     1     1    14     1    14    23     0     0    41.0   45.077  176.680   1211.5    849.0
     1     1    14     1    15     0     0     0    42.0   44.860  176.728   1231.8    847.1
     1     1    14     1    15     1     0     0    43.0   44.639  176.799   1252.5    845.7
     1     1    14     1    15     2     0     0    44.0   44.405  176.875   1275.0    844.0
     1     1    14     1    15     3     0     0    45.0   44.157  176.955   1299.9    842.0
     1     1    14     1    15     4     0     0    46.0   43.897  177.036   1327.9    839.3
     1     1    14     1    15     5     0     0    47.0   43.625  177.116   1359.8    836.0
     1     1    14     1    15     6     0     0    48.0   43.341  177.191   1396.3    832.2
