     1     1
    CDC1    14     1     1     0     0
     1 FORWARD  OMEGA   
    14     1    22    12   50.000  175.000  1000.0
     1 PRESSURE
     1     1    14     1    22    12     0     0     0.0   50.000  175.000   1000.0    883.2
     1     1    14     1    22    13     0     0     1.0   49.964  174.700    979.3    885.5
     1     1    14     1    22    14     0     0     2.0   49.939  174.400    958.5    888.0
     1     1    14     1    22    15     0     0     3.0   49.926  174.103    937.7    890.5
     1     1    14     1    22    16     0     0     4.0   49.926  173.811    917.1    892.8
     1     1    14     1    22    17     0     0     5.0   49.941  173.527    896.7    895.1
     1     1    14     1    22    18     0     0     6.0   49.972  173.253    876.2    897.4
     1     1    14     1    22    19     0     0     7.0   50.020  172.993    857.4    899.8
     1     1    14     1    22    20     0     0     8.0   50.080  172.759    840.7    901.7
     1     1    14     1    22    21     0     0     9.0   50.151  172.553    825.9    903.3
     1     1    14     1    22    22     0     0    10.0   50.228  172.377    812.4    904.5
     1     1    14     1    22    23     0     0    11.0   50.308  172.230    799.9    905.5
     1     1    14     1    23     0     0     0    12.0   50.388  172.108    787.9    906.5
     1     1    14     1    23     1     0     0    13.0   50.469  172.004    778.1    907.2
     1     1    14     1    23     2     0     0    14.0   50.553  171.908    772.4    907.3
     1     1    14     1    23     3     0     0    15.0   50.639  171.819    771.3    906.8
     1     1    14     1    23     4     0     0    16.0   50.726  171.734    775.0    905.7
     1     1    14     1    23     5     0     0    17.0   50.813  171.651    783.8    904.1
     1     1    14     1    23     6     0     0    18.0   50.901  171.567    798.0    901.8
     1     1    14     1    23     7     0     0    19.0   50.997  171.491    815.9    899.2
     1     1    14     1    23     8     0     0    20.0   51.110  171.431    834.7    896.8
     1     1    14     1    23     9     0     0    21.0   51.240  171.383    854.2    894.3
     1     1    14     1    23    10     0     0    22.0   51.386  171.345    874.0    891.7
     1     1    14     1    23    11     0     0    23.0   51.549  171.313    894.0    889.2
     1     1    14     1    23    12     0     0    24.0   51.729  171.285    913.9    886.6
     1     1    14     1    23    13     0     0    25.0   51.919  171.263    932.9    884.0
     1     1    14     1    23    14     0     0    26.0   52.111  171.254    950.6    881.3
     1     1    14     1    23    15     0     0    27.0   52.307  171.255    967.0    878.8
     1     1    14     1    23    16     0     0    28.0   52.507  171.263    982.2    876.4
     1     1    14     1    23    17     0     0    29.0   52.710  171.290    996.6    874.3
     1     1    14     1    23    18     0     0    30.0   52.911  171.342   1010.3    872.4
     1     1    14     1    23    19     0     0    31.0   53.118  171.397   1025.4    870.9
     1     1    14     1    23    20     0     0    32.0   53.337  171.430   1043.0    868.7
     1     1    14     1    23    21     0     0    33.0   53.570  171.441   1063.0    866.2
     1     1    14     1    23    22     0     0    34.0   53.818  171.428   1085.3    863.4
     1     1    14     1    23    23     0     0    35.0   54.081  171.391   1109.5    860.3
     1     1    14     1    24     0     0     0    36.0   54.360  171.327   1135.6    857.0
     1     1    14     1    24     1     0     0    37.0   54.640  171.258   1159.6    854.1
     1     1    14     1    24     2     0     0    38.0   54.911  171.204   1176.5    852.4
     1     1    14     1    24     3     0     0    39.0   55.172  171.168   1186.0    852.6
     1     1    14     1    24     4     0     0    40.0   55.422  171.159   1187.8    854.0
     1     1    14     1    24     5     0     0    41.0   55.663  171.177   1181.7    856.2
     1     1    14     1    24     6     0     0    42.0   55.896  171.223   1168.0    859.2
     1     1    14     1    24     7     0     0    43.0   56.123  171.288   1155.0    862.3
     1     1    14     1    24     8     0     0    44.0   56.347  171.365   1150.6    863.6
     1     1    14     1    24     9     0     0    45.0   56.567  171.451   1154.7    863.9
     1     1    14     1    24    10     0     0    46.0   56.782  171.542   1167.3    863.2
     1     1    14     1    24    11     0     0    47.0   56.990  171.636   1188.6    861.6
     1     1    14     1    24    12     0     0    48.0   57.191  171.731   1219.1    858.9
