     1     1
    CDC1    14     1     1     0     0
     1 FORWARD  OMEGA   
    14     1    24    12   50.000  175.000  1000.0
     1 PRESSURE
     1     1    14     1    24    12     0     0     0.0   50.000  175.000   1000.0    886.0
     1     1    14     1    24    13     0     0     1.0   50.185  175.029   1023.8    883.2
     1     1    14     1    24    14     0     0     2.0   50.354  175.067   1047.5    880.3
     1     1    14     1    24    15     0     0     3.0   50.508  175.114   1070.3    877.6
     1     1    14     1    24    16     0     0     4.0   50.645  175.168   1091.9    875.1
     1     1    14     1    24    17     0     0     5.0   50.766  175.230   1111.8    872.8
     1     1    14     1    24    18     0     0     6.0   50.869  175.298   1129.6    870.8
     1     1    14     1    24    19     0     0     7.0   50.969  175.363   1144.2    869.4
     1     1    14     1    24    20     0     0     8.0   51.081  175.415   1156.0    868.4
     1     1    14     1    24    21     0     0     9.0   51.206  175.454   1164.7    867.9
     1     1    14     1    24    22     0     0    10.0   51.345  175.481   1170.9    867.6
     1     1    14     1    24    23     0     0    11.0   51.497  175.494   1174.9    867.6
     1     1    14     1    25     0     0     0    12.0   51.666  175.495   1177.5    867.7
     1     1    14     1    25     1     0     0    13.0   51.834  175.498   1179.6    868.1
     1     1    14     1    25     2     0     0    14.0   51.986  175.519   1181.4    868.4
     1     1    14     1    25     3     0     0    15.0   52.119  175.559   1183.3    868.7
     1     1    14     1    25     4     0     0    16.0   52.232  175.619   1185.3    869.0
     1     1    14     1    25     5     0     0    17.0   52.322  175.702   1187.5    869.3
     1     1    14     1    25     6     0     0    18.0   52.387  175.808   1189.8    869.6
     1     1    14     1    25     7     0     0    19.0   52.436  175.924   1194.1    869.7
     1     1    14     1    25     8     0     0    20.0   52.477  176.034   1201.8    869.3
     1     1    14     1    25     9     0     0    21.0   52.510  176.140   1212.9    868.4
     1     1    14     1    25    10     0     0    22.0   52.535  176.241   1227.6    867.1
     1     1    14     1    25    11     0     0    23.0   52.551  176.337   1245.8    865.4
     1     1    14     1    25    12     0     0    24.0   52.558  176.426   1267.7    863.4
     1     1    14     1    25    13     0     0    25.0   52.565  176.520   1290.2    860.7
     1     1    14     1    25    14     0     0    26.0   52.580  176.631   1308.7    858.8
     1     1    14     1    25    15     0     0    27.0   52.603  176.759   1323.1    857.1
     1     1    14     1    25    16     0     0    28.0   52.634  176.905   1332.8    856.0
     1     1    14     1    25    17     0     0    29.0   52.672  177.068   1337.5    855.6
     1     1    14     1    25    18     0     0    30.0   52.716  177.246   1336.7    855.7
     1     1    14     1    25    19     0     0    31.0   52.756  177.427   1334.9    856.3
     1     1    14     1    25    20     0     0    32.0   52.785  177.598   1336.2    855.7
     1     1    14     1    25    21     0     0    33.0   52.801  177.761   1340.6    854.8
     1     1    14     1    25    22     0     0    34.0   52.804  177.918   1347.8    853.5
     1     1    14     1    25    23     0     0    35.0   52.792  178.069   1357.8    852.0
     1     1    14     1    26     0     0     0    36.0   52.766  178.215   1370.3    850.2
     1     1    14     1    26     1     0     0    37.0   52.732  178.367   1379.6    848.1
     1     1    14     1    26     2     0     0    38.0   52.697  178.538   1379.8    847.7
     1     1    14     1    26     3     0     0    39.0   52.661  178.727   1370.7    848.3
     1     1    14     1    26     4     0     0    40.0   52.623  178.937   1352.4    850.0
     1     1    14     1    26     5     0     0    41.0   52.582  179.169   1324.6    852.7
     1     1    14     1    26     6     0     0    42.0   52.537  179.425   1287.2    856.4
     1     1    14     1    26     7     0     0    43.0   52.484  179.695   1248.1    860.7
     1     1    14     1    26     8     0     0    44.0   52.418  179.970   1212.8    863.8
     1     1    14     1    26     9     0     0    45.0   52.336 -179.747   1181.9    866.5
     1     1    14     1    26    10     0     0    46.0   52.236 -179.451   1155.3    868.7
     1     1    14     1    26    11     0     0    47.0   52.116 -179.139   1132.1    870.5
     1     1    14     1    26    12     0     0    48.0   51.976 -178.807   1111.6    872.1
