     1     1
    CDC1    14     1     1     0     0
     1 FORWARD  OMEGA   
    14     1     2    12   50.000  175.000  1000.0
     1 PRESSURE
     1     1    14     1     2    12     0     0     0.0   50.000  175.000   1000.0    887.6
     1     1    14     1     2    13     0     0     1.0   50.366  175.257    997.7    886.0
     1     1    14     1     2    14     0     0     2.0   50.720  175.505    997.0    884.6
     1     1    14     1     2    15     0     0     3.0   51.070  175.723    996.8    883.9
     1     1    14     1     2    16     0     0     4.0   51.428  175.894    996.2    883.9
     1     1    14     1     2    17     0     0     5.0   51.798  175.998    993.8    884.5
     1     1    14     1     2    18     0     0     6.0   52.185  176.019    988.7    885.8
     1     1    14     1     2    19     0     0     7.0   52.576  175.958    979.4    885.9
     1     1    14     1     2    20     0     0     8.0   52.954  175.824    970.8    884.2
     1     1    14     1     2    21     0     0     9.0   53.323  175.598    965.6    882.0
     1     1    14     1     2    22     0     0    10.0   53.685  175.261    965.7    879.0
     1     1    14     1     2    23     0     0    11.0   54.040  174.799    973.7    874.9
     1     1    14     1     3     0     0     0    12.0   54.381  174.206    993.3    869.9
     1     1    14     1     3     1     0     0    13.0   54.690  173.526   1026.0    863.6
     1     1    14     1     3     2     0     0    14.0   54.962  172.808   1072.8    856.1
     1     1    14     1     3     3     0     0    15.0   55.200  172.067   1131.7    850.6
     1     1    14     1     3     4     0     0    16.0   55.407  171.318   1198.0    845.9
     1     1    14     1     3     5     0     0    17.0   55.588  170.559   1269.2    840.6
     1     1    14     1     3     6     0     0    18.0   55.745  169.782   1343.9    834.1
     1     1    14     1     3     7     0     0    19.0   55.867  168.976   1420.3    826.6
     1     1    14     1     3     8     0     0    20.0   55.937  168.147   1498.5    818.8
     1     1    14     1     3     9     0     0    21.0   55.958  167.314   1577.7    809.9
     1     1    14     1     3    10     0     0    22.0   55.936  166.498   1654.5    797.9
     1     1    14     1     3    11     0     0    23.0   55.879  165.714   1729.3    786.9
     1     1    14     1     3    12     0     0    24.0   55.794  164.968   1800.5    776.2
     1     1    14     1     3    13     0     0    25.0   55.689  164.253   1863.2    763.3
     1     1    14     1     3    14     0     0    26.0   55.572  163.560   1917.9    751.6
     1     1    14     1     3    15     0     0    27.0   55.439  162.893   1964.1    740.9
     1     1    14     1     3    16     0     0    28.0   55.288  162.259   2002.1    732.0
     1     1    14     1     3    17     0     0    29.0   55.119  161.668   2032.9    725.0
     1     1    14     1     3    18     0     0    30.0   54.930  161.130   2056.7    719.7
     1     1    14     1     3    19     0     0    31.0   54.728  160.652   2084.0    717.7
     1     1    14     1     3    20     0     0    32.0   54.519  160.236   2118.1    714.6
     1     1    14     1     3    21     0     0    33.0   54.304  159.882   2161.6    712.0
     1     1    14     1     3    22     0     0    34.0   54.084  159.590   2214.4    709.8
     1     1    14     1     3    23     0     0    35.0   53.862  159.359   2273.8    706.7
     1     1    14     1     4     0     0     0    36.0   53.641  159.187   2339.4    702.9
     1     1    14     1     4     1     0     0    37.0   53.417  159.093   2398.4    698.0
     1     1    14     1     4     2     0     0    38.0   53.186  159.103   2435.9    696.5
     1     1    14     1     4     3     0     0    39.0   52.948  159.220   2452.8    696.9
     1     1    14     1     4     4     0     0    40.0   52.703  159.452   2448.6    699.4
     1     1    14     1     4     5     0     0    41.0   52.451  159.810   2422.7    704.3
     1     1    14     1     4     6     0     0    42.0   52.195  160.289   2377.2    712.2
     1     1    14     1     4     7     0     0    43.0   51.950  160.852   2327.3    722.6
     1     1    14     1     4     8     0     0    44.0   51.725  161.463   2281.1    730.8
     1     1    14     1     4     9     0     0    45.0   51.522  162.123   2239.4    738.1
     1     1    14     1     4    10     0     0    46.0   51.343  162.831   2201.4    743.7
     1     1    14     1     4    11     0     0    47.0   51.189  163.577   2167.2    747.5
     1     1    14     1     4    12     0     0    48.0   51.056  164.359   2136.6    750.6
