     1     1
    CDC1    14     1     1     0     0
     1 FORWARD  OMEGA   
    14     1    18    12   50.000  175.000  1000.0
     1 PRESSURE
     1     1    14     1    18    12     0     0     0.0   50.000  175.000   1000.0    873.9
     1     1    14     1    18    13     0     0     1.0   49.799  175.214    950.5    879.8
     1     1    14     1    18    14     0     0     2.0   49.596  175.438    903.7    884.9
     1     1    14     1    18    15     0     0     3.0   49.388  175.673    859.4    889.5
     1     1    14     1    18    16     0     0     4.0   49.175  175.920    817.5    894.0
     1     1    14     1    18    17     0     0     5.0   48.955  176.181    777.9    898.3
     1     1    14     1    18    18     0     0     6.0   48.726  176.455    740.4    902.4
     1     1    14     1    18    19     0     0     7.0   48.492  176.737    705.4    906.8
     1     1    14     1    18    20     0     0     8.0   48.254  177.020    673.0    911.1
     1     1    14     1    18    21     0     0     9.0   48.014  177.306    642.9    915.5
     1     1    14     1    18    22     0     0    10.0   47.773  177.594    615.2    919.7
     1     1    14     1    18    23     0     0    11.0   47.535  177.886    590.6    923.8
     1     1    14     1    19     0     0     0    12.0   47.300  178.186    568.5    927.6
     1     1    14     1    19     1     0     0    13.0   47.066  178.508    547.2    931.2
     1     1    14     1    19     2     0     0    14.0   46.827  178.860    525.0    935.0
     1     1    14     1    19     3     0     0    15.0   46.581  179.245    502.6    938.6
     1     1    14     1    19     4     0     0    16.0   46.328  179.662    480.3    942.1
     1     1    14     1    19     5     0     0    17.0   46.062 -179.889    458.2    945.1
     1     1    14     1    19     6     0     0    18.0   45.783 -179.409    437.3    947.4
     1     1    14     1    19     7     0     0    19.0   45.493 -178.923    419.0    949.7
     1     1    14     1    19     8     0     0    20.0   45.199 -178.452    402.3    951.7
     1     1    14     1    19     9     0     0    21.0   44.898 -177.995    385.8    953.7
     1     1    14     1    19    10     0     0    22.0   44.590 -177.553    367.9    955.8
     1     1    14     1    19    11     0     0    23.0   44.277 -177.118    347.6    958.0
     1     1    14     1    19    12     0     0    24.0   43.957 -176.679    325.0    960.7
     1     1    14     1    19    13     0     0    25.0   43.638 -176.217    302.2    964.0
     1     1    14     1    19    14     0     0    26.0   43.321 -175.719    281.0    967.3
     1     1    14     1    19    15     0     0    27.0   43.004 -175.185    260.5    971.1
     1     1    14     1    19    16     0     0    28.0   42.685 -174.612    241.3    974.3
     1     1    14     1    19    17     0     0    29.0   42.368 -174.002    225.2    976.3
     1     1    14     1    19    18     0     0    30.0   42.045 -173.370    212.6    977.3
     1     1    14     1    19    19     0     0    31.0   41.725 -172.733    200.8    978.3
     1     1    14     1    19    20     0     0    32.0   41.416 -172.101    187.5    979.1
     1     1    14     1    19    21     0     0    33.0   41.119 -171.471    173.7    980.3
     1     1    14     1    19    22     0     0    34.0   40.827 -170.843    160.1    981.8
     1     1    14     1    19    23     0     0    35.0   40.533 -170.207    146.0    983.8
     1     1    14     1    20     0     0     0    36.0   40.239 -169.553    131.1    986.6
     1     1    14     1    20     1     0     0    37.0   39.971 -168.921    117.5    988.7
     1     1    14     1    20     2     0     0    38.0   39.738 -168.359    107.8    990.1
     1     1    14     1    20     3     0     0    39.0   39.528 -167.866    101.0    991.0
     1     1    14     1    20     4     0     0    40.0   39.332 -167.435     95.8    991.9
     1     1    14     1    20     5     0     0    41.0   39.147 -167.066     91.9    992.5
     1     1    14     1    20     6     0     0    42.0   38.974 -166.761     88.8    993.0
     1     1    14     1    20     7     0     0    43.0   38.831 -166.518     86.6    992.9
     1     1    14     1    20     8     0     0    44.0   38.739 -166.337     84.9    992.6
     1     1    14     1    20     9     0     0    45.0   38.695 -166.220     83.7    992.3
     1     1    14     1    20    10     0     0    46.0   38.699 -166.172     83.1    991.9
     1     1    14     1    20    11     0     0    47.0   38.748 -166.194     82.8    991.4
     1     1    14     1    20    12     0     0    48.0   38.839 -166.292     82.8    990.8
