     1     1
    CDC1    14     1     1     0     0
     1 FORWARD  OMEGA   
    14     1    12     0   50.000  175.000  1000.0
     1 PRESSURE
     1     1    14     1    12     0     0     0     0.0   50.000  175.000   1000.0    869.8
     1     1    14     1    12     1     0     0     1.0   50.042  175.447   1020.1    866.8
     1     1    14     1    12     2     0     0     2.0   50.078  175.912   1039.6    863.9
     1     1    14     1    12     3     0     0     3.0   50.104  176.398   1059.1    860.9
     1     1    14     1    12     4     0     0     4.0   50.118  176.908   1079.0    857.9
     1     1    14     1    12     5     0     0     5.0   50.118  177.444   1099.9    854.8
     1     1    14     1    12     6     0     0     6.0   50.102  178.012   1121.0    851.7
     1     1    14     1    12     7     0     0     7.0   50.089  178.607   1137.3    848.7
     1     1    14     1    12     8     0     0     8.0   50.091  179.221   1146.6    847.1
     1     1    14     1    12     9     0     0     9.0   50.109  179.855   1150.3    846.2
     1     1    14     1    12    10     0     0    10.0   50.147 -179.488   1149.9    847.0
     1     1    14     1    12    11     0     0    11.0   50.209 -178.809   1145.9    848.5
     1     1    14     1    12    12     0     0    12.0   50.294 -178.103   1139.5    850.2
     1     1    14     1    12    13     0     0    13.0   50.395 -177.373   1134.2    851.9
     1     1    14     1    12    14     0     0    14.0   50.508 -176.623   1132.6    853.2
     1     1    14     1    12    15     0     0    15.0   50.634 -175.855   1134.1    854.4
     1     1    14     1    12    16     0     0    16.0   50.772 -175.065   1139.6    855.2
     1     1    14     1    12    17     0     0    17.0   50.922 -174.254   1147.5    854.9
     1     1    14     1    12    18     0     0    18.0   51.085 -173.421   1155.8    854.6
     1     1    14     1    12    19     0     0    19.0   51.266 -172.579   1161.9    854.2
     1     1    14     1    12    20     0     0    20.0   51.464 -171.754   1163.0    853.6
     1     1    14     1    12    21     0     0    21.0   51.676 -170.951   1160.2    853.5
     1     1    14     1    12    22     0     0    22.0   51.904 -170.161   1155.0    853.7
     1     1    14     1    12    23     0     0    23.0   52.146 -169.381   1146.8    854.3
     1     1    14     1    13     0     0     0    24.0   52.397 -168.610   1132.4    855.8
     1     1    14     1    13     1     0     0    25.0   52.653 -167.861   1112.7    857.5
     1     1    14     1    13     2     0     0    26.0   52.905 -167.164   1092.9    859.5
     1     1    14     1    13     3     0     0    27.0   53.151 -166.531   1074.4    861.6
     1     1    14     1    13     4     0     0    28.0   53.390 -165.957   1057.0    863.6
     1     1    14     1    13     5     0     0    29.0   53.623 -165.432   1040.7    865.4
     1     1    14     1    13     6     0     0    30.0   53.852 -164.948   1024.7    867.0
     1     1    14     1    13     7     0     0    31.0   54.077 -164.509   1013.0    868.8
     1     1    14     1    13     8     0     0    32.0   54.304 -164.125   1007.9    869.4
     1     1    14     1    13     9     0     0    33.0   54.535 -163.800   1011.7    868.9
     1     1    14     1    13    10     0     0    34.0   54.774 -163.536   1025.3    867.2
     1     1    14     1    13    11     0     0    35.0   55.025 -163.333   1049.9    864.4
     1     1    14     1    13    12     0     0    36.0   55.290 -163.189   1086.0    860.5
     1     1    14     1    13    13     0     0    37.0   55.556 -163.065   1129.0    854.5
     1     1    14     1    13    14     0     0    38.0   55.809 -162.940   1173.7    849.0
     1     1    14     1    13    15     0     0    39.0   56.049 -162.822   1221.3    843.4
     1     1    14     1    13    16     0     0    40.0   56.277 -162.721   1272.5    837.7
     1     1    14     1    13    17     0     0    41.0   56.492 -162.646   1328.3    831.4
     1     1    14     1    13    18     0     0    42.0   56.693 -162.608   1388.8    824.4
     1     1    14     1    13    19     0     0    43.0   56.876 -162.608   1448.8    816.7
     1     1    14     1    13    20     0     0    44.0   57.036 -162.649   1502.3    810.5
     1     1    14     1    13    21     0     0    45.0   57.169 -162.735   1549.8    805.2
     1     1    14     1    13    22     0     0    46.0   57.272 -162.871   1591.2    800.7
     1     1    14     1    13    23     0     0    47.0   57.341 -163.058   1626.6    796.9
     1     1    14     1    14     0     0     0    48.0   57.373 -163.293   1656.0    793.9
