     1     1
    CDC1    14     1     1     0     0
     1 FORWARD  OMEGA   
    14     1     9    12   50.000  175.000  1000.0
     1 PRESSURE
     1     1    14     1     9    12     0     0     0.0   50.000  175.000   1000.0    882.5
     1     1    14     1     9    13     0     0     1.0   50.027  175.716    989.3    881.8
     1     1    14     1     9    14     0     0     2.0   50.042  176.395    971.8    882.5
     1     1    14     1     9    15     0     0     3.0   50.041  177.050    948.2    884.1
     1     1    14     1     9    16     0     0     4.0   50.025  177.693    919.6    886.4
     1     1    14     1     9    17     0     0     5.0   49.996  178.330    888.6    889.4
     1     1    14     1     9    18     0     0     6.0   49.962  178.970    858.0    892.8
     1     1    14     1     9    19     0     0     7.0   49.954  179.602    833.5    895.2
     1     1    14     1     9    20     0     0     8.0   49.992 -179.793    817.2    896.1
     1     1    14     1     9    21     0     0     9.0   50.063 -179.216    806.1    897.5
     1     1    14     1     9    22     0     0    10.0   50.156 -178.666    797.1    898.7
     1     1    14     1     9    23     0     0    11.0   50.259 -178.133    787.9    900.0
     1     1    14     1    10     0     0     0    12.0   50.361 -177.610    776.9    901.5
     1     1    14     1    10     1     0     0    13.0   50.469 -177.080    768.5    903.3
     1     1    14     1    10     2     0     0    14.0   50.595 -176.540    767.0    903.8
     1     1    14     1    10     3     0     0    15.0   50.738 -176.001    771.5    903.6
     1     1    14     1    10     4     0     0    16.0   50.895 -175.471    780.8    902.9
     1     1    14     1    10     5     0     0    17.0   51.066 -174.958    793.2    901.7
     1     1    14     1    10     6     0     0    18.0   51.248 -174.471    806.8    899.8
     1     1    14     1    10     7     0     0    19.0   51.443 -174.007    820.5    897.6
     1     1    14     1    10     8     0     0    20.0   51.651 -173.555    835.5    895.5
     1     1    14     1    10     9     0     0    21.0   51.870 -173.125    851.4    893.4
     1     1    14     1    10    10     0     0    22.0   52.099 -172.725    868.1    891.4
     1     1    14     1    10    11     0     0    23.0   52.339 -172.364    885.5    889.3
     1     1    14     1    10    12     0     0    24.0   52.589 -172.051    903.5    886.9
     1     1    14     1    10    13     0     0    25.0   52.842 -171.766    921.8    883.8
     1     1    14     1    10    14     0     0    26.0   53.094 -171.495    941.6    880.8
     1     1    14     1    10    15     0     0    27.0   53.345 -171.251    962.8    877.6
     1     1    14     1    10    16     0     0    28.0   53.595 -171.045    985.4    874.3
     1     1    14     1    10    17     0     0    29.0   53.844 -170.889   1009.5    871.1
     1     1    14     1    10    18     0     0    30.0   54.091 -170.793   1034.7    867.9
     1     1    14     1    10    19     0     0    31.0   54.335 -170.734   1057.1    864.4
     1     1    14     1    10    20     0     0    32.0   54.572 -170.688   1075.6    861.8
     1     1    14     1    10    21     0     0    33.0   54.805 -170.659   1090.2    859.5
     1     1    14     1    10    22     0     0    34.0   55.033 -170.649   1101.7    857.6
     1     1    14     1    10    23     0     0    35.0   55.255 -170.657   1111.1    856.2
     1     1    14     1    11     0     0     0    36.0   55.470 -170.679   1118.9    855.0
     1     1    14     1    11     1     0     0    37.0   55.687 -170.733   1126.9    854.0
     1     1    14     1    11     2     0     0    38.0   55.913 -170.840   1137.3    852.4
     1     1    14     1    11     3     0     0    39.0   56.146 -171.009   1149.9    850.5
     1     1    14     1    11     4     0     0    40.0   56.385 -171.250   1164.4    848.4
     1     1    14     1    11     5     0     0    41.0   56.628 -171.572   1180.6    845.9
     1     1    14     1    11     6     0     0    42.0   56.872 -171.989   1197.9    843.2
     1     1    14     1    11     7     0     0    43.0   57.095 -172.505   1218.6    840.2
     1     1    14     1    11     8     0     0    44.0   57.271 -173.117   1246.7    836.5
     1     1    14     1    11     9     0     0    45.0   57.389 -173.824   1281.7    832.2
     1     1    14     1    11    10     0     0    46.0   57.446 -174.611   1323.5    826.9
     1     1    14     1    11    11     0     0    47.0   57.437 -175.457   1371.4    821.4
     1     1    14     1    11    12     0     0    48.0   57.360 -176.332   1424.3    815.8
