     1     1
    CDC1    14     1     1     0     0
     1 FORWARD  OMEGA   
    14     1    18     6   50.000  175.000  1000.0
     1 PRESSURE
     1     1    14     1    18     6     0     0     0.0   50.000  175.000   1000.0    872.6
     1     1    14     1    18     7     0     0     1.0   49.773  175.123    966.1    876.4
     1     1    14     1    18     8     0     0     2.0   49.548  175.269    931.4    880.4
     1     1    14     1    18     9     0     0     3.0   49.326  175.439    895.7    884.0
     1     1    14     1    18    10     0     0     4.0   49.104  175.632    858.8    887.9
     1     1    14     1    18    11     0     0     5.0   48.883  175.848    820.4    892.1
     1     1    14     1    18    12     0     0     6.0   48.658  176.086    780.1    896.7
     1     1    14     1    18    13     0     0     7.0   48.427  176.340    740.4    901.7
     1     1    14     1    18    14     0     0     8.0   48.188  176.606    703.2    906.2
     1     1    14     1    18    15     0     0     9.0   47.941  176.884    668.7    910.5
     1     1    14     1    18    16     0     0    10.0   47.684  177.173    636.6    914.6
     1     1    14     1    18    17     0     0    11.0   47.418  177.480    606.9    918.1
     1     1    14     1    18    18     0     0    12.0   47.147  177.817    579.7    922.0
     1     1    14     1    18    19     0     0    13.0   46.880  178.180    554.9    926.5
     1     1    14     1    18    20     0     0    14.0   46.621  178.560    532.3    930.4
     1     1    14     1    18    21     0     0    15.0   46.369  178.956    511.3    934.0
     1     1    14     1    18    22     0     0    16.0   46.125  179.370    491.3    937.4
     1     1    14     1    18    23     0     0    17.0   45.890  179.802    471.9    940.6
     1     1    14     1    19     0     0     0    18.0   45.670 -179.744    452.5    943.4
     1     1    14     1    19     1     0     0    19.0   45.454 -179.264    433.3    945.7
     1     1    14     1    19     2     0     0    20.0   45.228 -178.748    415.0    947.7
     1     1    14     1    19     3     0     0    21.0   44.989 -178.197    398.2    949.3
     1     1    14     1    19     4     0     0    22.0   44.733 -177.621    383.8    950.9
     1     1    14     1    19     5     0     0    23.0   44.464 -177.034    371.3    951.7
     1     1    14     1    19     6     0     0    24.0   44.185 -176.428    359.4    952.7
     1     1    14     1    19     7     0     0    25.0   43.898 -175.813    345.2    954.6
     1     1    14     1    19     8     0     0    26.0   43.606 -175.200    326.4    957.6
     1     1    14     1    19     9     0     0    27.0   43.314 -174.580    304.4    961.0
     1     1    14     1    19    10     0     0    28.0   43.030 -173.942    282.5    963.9
     1     1    14     1    19    11     0     0    29.0   42.766 -173.269    263.1    966.3
     1     1    14     1    19    12     0     0    30.0   42.536 -172.539    247.9    967.9
     1     1    14     1    19    13     0     0    31.0   42.321 -171.765    236.2    967.6
     1     1    14     1    19    14     0     0    32.0   42.099 -170.972    226.4    967.3
     1     1    14     1    19    15     0     0    33.0   41.874 -170.166    218.8    966.8
     1     1    14     1    19    16     0     0    34.0   41.652 -169.349    213.3    967.5
     1     1    14     1    19    17     0     0    35.0   41.445 -168.518    209.2    968.3
     1     1    14     1    19    18     0     0    36.0   41.267 -167.667    206.4    968.7
     1     1    14     1    19    19     0     0    37.0   41.113 -166.800    203.8    969.8
     1     1    14     1    19    20     0     0    38.0   40.971 -165.922    200.6    970.9
     1     1    14     1    19    21     0     0    39.0   40.842 -165.031    198.3    971.5
     1     1    14     1    19    22     0     0    40.0   40.731 -164.131    197.3    971.1
     1     1    14     1    19    23     0     0    41.0   40.649 -163.233    197.9    970.5
     1     1    14     1    20     0     0     0    42.0   40.612 -162.339    200.6    969.6
     1     1    14     1    20     1     0     0    43.0   40.598 -161.475    203.7    968.8
     1     1    14     1    20     2     0     0    44.0   40.575 -160.659    205.6    968.6
     1     1    14     1    20     3     0     0    45.0   40.544 -159.882    207.1    968.8
     1     1    14     1    20     4     0     0    46.0   40.507 -159.147    208.6    969.3
     1     1    14     1    20     5     0     0    47.0   40.470 -158.455    210.2    969.7
     1     1    14     1    20     6     0     0    48.0   40.445 -157.801    212.2    969.9
