     1     1
    CDC1    14     1     1     0     0
     1 FORWARD  OMEGA   
    14     1    11     6   50.000  175.000  1000.0
     1 PRESSURE
     1     1    14     1    11     6     0     0     0.0   50.000  175.000   1000.0    867.0
     1     1    14     1    11     7     0     0     1.0   49.932  175.828    990.1    865.4
     1     1    14     1    11     8     0     0     2.0   49.905  176.682    973.7    865.0
     1     1    14     1    11     9     0     0     3.0   49.911  177.561    950.9    865.6
     1     1    14     1    11    10     0     0     4.0   49.951  178.460    923.4    868.7
     1     1    14     1    11    11     0     0     5.0   50.023  179.377    891.9    871.6
     1     1    14     1    11    12     0     0     6.0   50.120 -179.697    857.7    875.8
     1     1    14     1    11    13     0     0     7.0   50.234 -178.766    824.1    880.8
     1     1    14     1    11    14     0     0     8.0   50.355 -177.829    792.8    885.1
     1     1    14     1    11    15     0     0     9.0   50.479 -176.888    763.9    889.3
     1     1    14     1    11    16     0     0    10.0   50.599 -175.946    738.8    893.1
     1     1    14     1    11    17     0     0    11.0   50.715 -175.003    718.2    896.2
     1     1    14     1    11    18     0     0    12.0   50.830 -174.065    702.9    898.6
     1     1    14     1    11    19     0     0    13.0   50.962 -173.136    690.5    900.4
     1     1    14     1    11    20     0     0    14.0   51.123 -172.218    676.2    902.5
     1     1    14     1    11    21     0     0    15.0   51.306 -171.316    659.6    904.4
     1     1    14     1    11    22     0     0    16.0   51.506 -170.434    641.8    906.4
     1     1    14     1    11    23     0     0    17.0   51.717 -169.576    624.7    908.1
     1     1    14     1    12     0     0     0    18.0   51.940 -168.751    610.7    909.2
     1     1    14     1    12     1     0     0    19.0   52.186 -167.946    601.4    909.7
     1     1    14     1    12     2     0     0    20.0   52.467 -167.142    596.8    909.7
     1     1    14     1    12     3     0     0    21.0   52.765 -166.356    595.6    909.8
     1     1    14     1    12     4     0     0    22.0   53.064 -165.608    597.1    909.4
     1     1    14     1    12     5     0     0    23.0   53.357 -164.893    599.5    908.8
     1     1    14     1    12     6     0     0    24.0   53.636 -164.201    601.8    908.7
     1     1    14     1    12     7     0     0    25.0   53.905 -163.527    604.7    908.8
     1     1    14     1    12     8     0     0    26.0   54.174 -162.865    609.0    908.5
     1     1    14     1    12     9     0     0    27.0   54.447 -162.211    615.2    907.9
     1     1    14     1    12    10     0     0    28.0   54.723 -161.558    623.5    907.4
     1     1    14     1    12    11     0     0    29.0   55.000 -160.901    632.9    907.2
     1     1    14     1    12    12     0     0    30.0   55.268 -160.246    642.0    906.8
     1     1    14     1    12    13     0     0    31.0   55.523 -159.612    650.9    905.8
     1     1    14     1    12    14     0     0    32.0   55.768 -159.006    659.8    904.2
     1     1    14     1    12    15     0     0    33.0   56.004 -158.421    669.8    902.1
     1     1    14     1    12    16     0     0    34.0   56.232 -157.850    681.1    899.4
     1     1    14     1    12    17     0     0    35.0   56.451 -157.282    694.2    896.4
     1     1    14     1    12    18     0     0    36.0   56.660 -156.709    708.7    893.3
     1     1    14     1    12    19     0     0    37.0   56.856 -156.117    726.1    890.8
     1     1    14     1    12    20     0     0    38.0   57.042 -155.500    748.1    887.9
     1     1    14     1    12    21     0     0    39.0   57.220 -154.861    776.7    884.9
     1     1    14     1    12    22     0     0    40.0   57.392 -154.205    813.0    882.7
     1     1    14     1    12    23     0     0    41.0   57.558 -153.539    856.3    879.9
     1     1    14     1    13     0     0     0    42.0   57.718 -152.867    906.1    875.4
     1     1    14     1    13     1     0     0    43.0   57.868 -152.184    954.1    870.1
     1     1    14     1    13     2     0     0    44.0   58.005 -151.482    992.5    867.5
     1     1    14     1    13     3     0     0    45.0   58.131 -150.753   1021.2    866.5
     1     1    14     1    13     4     0     0    46.0   58.250 -149.991   1040.8    866.7
     1     1    14     1    13     5     0     0    47.0   58.364 -149.187   1051.6    866.1
     1     1    14     1    13     6     0     0    48.0   58.470 -148.334   1055.1    866.1
