     1     1
    CDC1    14     1     1     0     0
     1 FORWARD  OMEGA   
    14     1    24    18   50.000  175.000  1000.0
     1 PRESSURE
     1     1    14     1    24    18     0     0     0.0   50.000  175.000   1000.0    885.9
     1     1    14     1    24    19     0     0     1.0   50.078  175.106   1019.8    883.5
     1     1    14     1    24    20     0     0     2.0   50.166  175.196   1035.3    881.9
     1     1    14     1    24    21     0     0     3.0   50.266  175.271   1046.6    880.8
     1     1    14     1    24    22     0     0     4.0   50.376  175.330   1054.0    880.3
     1     1    14     1    24    23     0     0     5.0   50.497  175.376   1057.8    880.2
     1     1    14     1    25     0     0     0     6.0   50.630  175.407   1058.6    880.5
     1     1    14     1    25     1     0     0     7.0   50.762  175.439   1057.5    881.3
     1     1    14     1    25     2     0     0     8.0   50.882  175.486   1055.6    882.0
     1     1    14     1    25     3     0     0     9.0   50.988  175.550   1052.9    882.8
     1     1    14     1    25     4     0     0    10.0   51.077  175.631   1049.6    883.6
     1     1    14     1    25     5     0     0    11.0   51.149  175.730   1045.7    884.5
     1     1    14     1    25     6     0     0    12.0   51.203  175.848   1041.3    885.4
     1     1    14     1    25     7     0     0    13.0   51.244  175.976   1037.0    886.3
     1     1    14     1    25     8     0     0    14.0   51.279  176.103   1033.8    886.9
     1     1    14     1    25     9     0     0    15.0   51.308  176.228   1031.7    887.4
     1     1    14     1    25    10     0     0    16.0   51.331  176.350   1030.7    887.7
     1     1    14     1    25    11     0     0    17.0   51.349  176.469   1030.9    887.9
     1     1    14     1    25    12     0     0    18.0   51.362  176.585   1032.4    887.9
     1     1    14     1    25    13     0     0    19.0   51.373  176.706   1033.7    887.6
     1     1    14     1    25    14     0     0    20.0   51.385  176.845   1032.5    887.7
     1     1    14     1    25    15     0     0    21.0   51.397  177.000   1028.8    888.1
     1     1    14     1    25    16     0     0    22.0   51.409  177.172   1022.3    888.8
     1     1    14     1    25    17     0     0    23.0   51.417  177.360   1012.6    889.9
     1     1    14     1    25    18     0     0    24.0   51.419  177.564    999.4    891.3
     1     1    14     1    25    19     0     0    25.0   51.418  177.774    986.1    893.0
     1     1    14     1    25    20     0     0    26.0   51.414  177.980    976.2    893.8
     1     1    14     1    25    21     0     0    27.0   51.406  178.181    969.6    894.2
     1     1    14     1    25    22     0     0    28.0   51.393  178.381    965.9    894.2
     1     1    14     1    25    23     0     0    29.0   51.372  178.580    964.9    893.9
     1     1    14     1    26     0     0     0    30.0   51.343  178.780    966.3    893.2
     1     1    14     1    26     1     0     0    31.0   51.307  178.992    965.4    892.0
     1     1    14     1    26     2     0     0    32.0   51.268  179.228    957.9    892.2
     1     1    14     1    26     3     0     0    33.0   51.224  179.489    943.3    893.2
     1     1    14     1    26     4     0     0    34.0   51.175  179.776    921.6    895.0
     1     1    14     1    26     5     0     0    35.0   51.119 -179.908    892.8    897.4
     1     1    14     1    26     6     0     0    36.0   51.051 -179.560    857.9    900.9
     1     1    14     1    26     7     0     0    37.0   50.964 -179.185    823.5    904.9
     1     1    14     1    26     8     0     0    38.0   50.854 -178.791    793.8    907.9
     1     1    14     1    26     9     0     0    39.0   50.721 -178.375    768.1    910.6
     1     1    14     1    26    10     0     0    40.0   50.567 -177.933    745.2    913.1
     1     1    14     1    26    11     0     0    41.0   50.393 -177.459    724.2    915.8
     1     1    14     1    26    12     0     0    42.0   50.195 -176.940    705.3    918.0
     1     1    14     1    26    13     0     0    43.0   49.965 -176.349    689.2    919.9
     1     1    14     1    26    14     0     0    44.0   49.695 -175.678    676.0    921.7
     1     1    14     1    26    15     0     0    45.0   49.391 -174.943    664.9    923.0
     1     1    14     1    26    16     0     0    46.0   49.059 -174.145    656.0    923.1
     1     1    14     1    26    17     0     0    47.0   48.698 -173.281    648.5    922.6
     1     1    14     1    26    18     0     0    48.0   48.313 -172.349    639.3    922.4
