     1     1
    CDC1    14     1     1     0     0
     1 FORWARD  OMEGA   
    14     1    25     0   50.000  175.000  1000.0
     1 PRESSURE
     1     1    14     1    25     0     0     0     0.0   50.000  175.000   1000.0    887.8
     1     1    14     1    25     1     0     0     1.0   50.113  175.059    996.7    888.6
     1     1    14     1    25     2     0     0     2.0   50.217  175.130    992.2    889.6
     1     1    14     1    25     3     0     0     3.0   50.310  175.215    986.6    890.7
     1     1    14     1    25     4     0     0     4.0   50.390  175.315    979.9    891.9
     1     1    14     1    25     5     0     0     5.0   50.457  175.430    972.3    893.1
     1     1    14     1    25     6     0     0     6.0   50.510  175.561    963.7    894.5
     1     1    14     1    25     7     0     0     7.0   50.551  175.701    954.4    895.7
     1     1    14     1    25     8     0     0     8.0   50.586  175.844    944.9    897.0
     1     1    14     1    25     9     0     0     9.0   50.615  175.988    935.2    898.3
     1     1    14     1    25    10     0     0    10.0   50.638  176.132    925.4    899.5
     1     1    14     1    25    11     0     0    11.0   50.655  176.277    915.5    900.6
     1     1    14     1    25    12     0     0    12.0   50.666  176.420    905.7    901.8
     1     1    14     1    25    13     0     0    13.0   50.675  176.571    895.6    902.7
     1     1    14     1    25    14     0     0    14.0   50.683  176.738    884.0    903.7
     1     1    14     1    25    15     0     0    15.0   50.689  176.920    871.0    904.9
     1     1    14     1    25    16     0     0    16.0   50.691  177.117    855.9    906.3
     1     1    14     1    25    17     0     0    17.0   50.686  177.328    838.5    907.9
     1     1    14     1    25    18     0     0    18.0   50.672  177.554    818.2    909.8
     1     1    14     1    25    19     0     0    19.0   50.654  177.786    798.4    912.2
     1     1    14     1    25    20     0     0    20.0   50.638  178.017    782.6    913.8
     1     1    14     1    25    21     0     0    21.0   50.621  178.248    770.5    914.8
     1     1    14     1    25    22     0     0    22.0   50.602  178.482    761.9    915.4
     1     1    14     1    25    23     0     0    23.0   50.578  178.718    756.4    915.6
     1     1    14     1    26     0     0     0    24.0   50.548  178.961    753.8    915.4
     1     1    14     1    26     1     0     0    25.0   50.512  179.215    749.6    914.6
     1     1    14     1    26     2     0     0    26.0   50.472  179.489    739.9    915.0
     1     1    14     1    26     3     0     0    27.0   50.426  179.784    724.4    916.1
     1     1    14     1    26     4     0     0    28.0   50.374 -179.898    702.9    918.1
     1     1    14     1    26     5     0     0    29.0   50.312 -179.553    676.4    921.2
     1     1    14     1    26     6     0     0    30.0   50.237 -179.174    645.6    925.0
     1     1    14     1    26     7     0     0    31.0   50.142 -178.767    615.5    928.9
     1     1    14     1    26     8     0     0    32.0   50.025 -178.336    590.2    931.6
     1     1    14     1    26     9     0     0    33.0   49.889 -177.879    568.9    934.5
     1     1    14     1    26    10     0     0    34.0   49.732 -177.398    550.6    937.4
     1     1    14     1    26    11     0     0    35.0   49.552 -176.883    535.2    939.5
     1     1    14     1    26    12     0     0    36.0   49.345 -176.323    522.0    941.0
     1     1    14     1    26    13     0     0    37.0   49.108 -175.709    510.3    942.0
     1     1    14     1    26    14     0     0    38.0   48.841 -175.034    499.9    942.6
     1     1    14     1    26    15     0     0    39.0   48.550 -174.303    491.0    942.7
     1     1    14     1    26    16     0     0    40.0   48.236 -173.518    483.0    942.3
     1     1    14     1    26    17     0     0    41.0   47.903 -172.680    473.4    942.1
     1     1    14     1    26    18     0     0    42.0   47.557 -171.789    461.6    943.3
     1     1    14     1    26    19     0     0    43.0   47.199 -170.851    450.9    945.8
     1     1    14     1    26    20     0     0    44.0   46.828 -169.883    443.5    947.5
     1     1    14     1    26    21     0     0    45.0   46.463 -168.900    439.3    947.7
     1     1    14     1    26    22     0     0    46.0   46.120 -167.915    438.3    947.8
     1     1    14     1    26    23     0     0    47.0   45.803 -166.942    439.0    946.9
     1     1    14     1    27     0     0     0    48.0   45.517 -166.001    440.8    945.2
