     1     1
    CDC1    14     1     1     0     0
     1 FORWARD  OMEGA   
    14     1    25    12   50.000  175.000  1000.0
     1 PRESSURE
     1     1    14     1    25    12     0     0     0.0   50.000  175.000   1000.0    892.9
     1     1    14     1    25    13     0     0     1.0   50.017  175.232    975.1    895.5
     1     1    14     1    25    14     0     0     2.0   50.037  175.477    951.6    897.8
     1     1    14     1    25    15     0     0     3.0   50.058  175.734    929.0    899.9
     1     1    14     1    25    16     0     0     4.0   50.079  176.003    906.7    901.7
     1     1    14     1    25    17     0     0     5.0   50.096  176.283    883.9    903.6
     1     1    14     1    25    18     0     0     6.0   50.107  176.573    859.9    905.6
     1     1    14     1    25    19     0     0     7.0   50.114  176.863    837.3    907.9
     1     1    14     1    25    20     0     0     8.0   50.124  177.145    819.2    909.5
     1     1    14     1    25    21     0     0     9.0   50.137  177.420    805.3    910.6
     1     1    14     1    25    22     0     0    10.0   50.150  177.690    795.6    911.5
     1     1    14     1    25    23     0     0    11.0   50.162  177.961    790.1    911.8
     1     1    14     1    26     0     0     0    12.0   50.172  178.233    788.3    911.7
     1     1    14     1    26     1     0     0    13.0   50.176  178.513    785.8    910.6
     1     1    14     1    26     2     0     0    14.0   50.176  178.810    778.4    910.7
     1     1    14     1    26     3     0     0    15.0   50.169  179.123    765.4    911.4
     1     1    14     1    26     4     0     0    16.0   50.156  179.454    746.7    912.9
     1     1    14     1    26     5     0     0    17.0   50.135  179.805    721.7    915.2
     1     1    14     1    26     6     0     0    18.0   50.105 -179.823    691.0    918.6
     1     1    14     1    26     7     0     0    19.0   50.057 -179.429    660.7    922.9
     1     1    14     1    26     8     0     0    20.0   49.987 -179.016    635.8    926.0
     1     1    14     1    26     9     0     0    21.0   49.895 -178.581    615.5    928.7
     1     1    14     1    26    10     0     0    22.0   49.782 -178.125    598.5    931.2
     1     1    14     1    26    11     0     0    23.0   49.650 -177.646    583.8    933.7
     1     1    14     1    26    12     0     0    24.0   49.498 -177.137    571.0    935.5
     1     1    14     1    26    13     0     0    25.0   49.314 -176.575    560.1    936.5
     1     1    14     1    26    14     0     0    26.0   49.094 -175.948    550.8    937.3
     1     1    14     1    26    15     0     0    27.0   48.845 -175.260    542.9    937.6
     1     1    14     1    26    16     0     0    28.0   48.572 -174.515    536.3    937.5
     1     1    14     1    26    17     0     0    29.0   48.276 -173.712    530.0    936.9
     1     1    14     1    26    18     0     0    30.0   47.958 -172.852    521.7    936.4
     1     1    14     1    26    19     0     0    31.0   47.617 -171.938    512.1    937.3
     1     1    14     1    26    20     0     0    32.0   47.255 -170.978    504.4    939.2
     1     1    14     1    26    21     0     0    33.0   46.884 -169.988    499.8    940.7
     1     1    14     1    26    22     0     0    34.0   46.522 -168.988    498.1    940.6
     1     1    14     1    26    23     0     0    35.0   46.184 -167.992    499.2    940.5
     1     1    14     1    27     0     0     0    36.0   45.874 -167.013    501.4    939.5
     1     1    14     1    27     1     0     0    37.0   45.583 -166.070    504.3    937.3
     1     1    14     1    27     2     0     0    38.0   45.299 -165.171    508.2    935.2
     1     1    14     1    27     3     0     0    39.0   45.026 -164.307    514.3    933.9
     1     1    14     1    27     4     0     0    40.0   44.772 -163.472    523.3    932.5
     1     1    14     1    27     5     0     0    41.0   44.537 -162.664    535.2    930.9
     1     1    14     1    27     6     0     0    42.0   44.328 -161.884    548.8    929.9
     1     1    14     1    27     7     0     0    43.0   44.155 -161.120    562.5    928.7
     1     1    14     1    27     8     0     0    44.0   44.029 -160.354    575.7    927.5
     1     1    14     1    27     9     0     0    45.0   43.952 -159.578    587.3    925.9
     1     1    14     1    27    10     0     0    46.0   43.926 -158.789    596.6    924.5
     1     1    14     1    27    11     0     0    47.0   43.948 -157.980    603.5    923.3
     1     1    14     1    27    12     0     0    48.0   44.019 -157.151    608.2    922.3
