     1     1
    CDC1    14     1     1     0     0
     1 FORWARD  OMEGA   
    14     1    25     6   50.000  175.000  1000.0
     1 PRESSURE
     1     1    14     1    25     6     0     0     0.0   50.000  175.000   1000.0    891.1
     1     1    14     1    25     7     0     0     1.0   50.045  175.165    986.3    892.6
     1     1    14     1    25     8     0     0     2.0   50.083  175.334    971.5    894.3
     1     1    14     1    25     9     0     0     3.0   50.113  175.507    955.8    896.2
     1     1    14     1    25    10     0     0     4.0   50.137  175.683    939.3    898.2
     1     1    14     1    25    11     0     0     5.0   50.153  175.859    922.1    900.0
     1     1    14     1    25    12     0     0     6.0   50.162  176.037    904.3    901.9
     1     1    14     1    25    13     0     0     7.0   50.168  176.223    886.3    903.5
     1     1    14     1    25    14     0     0     8.0   50.174  176.423    867.9    905.2
     1     1    14     1    25    15     0     0     9.0   50.178  176.638    848.8    906.8
     1     1    14     1    25    16     0     0    10.0   50.178  176.866    828.3    908.7
     1     1    14     1    25    17     0     0    11.0   50.170  177.107    806.0    910.7
     1     1    14     1    25    18     0     0    12.0   50.153  177.361    781.2    912.9
     1     1    14     1    25    19     0     0    13.0   50.131  177.618    757.2    915.8
     1     1    14     1    25    20     0     0    14.0   50.112  177.874    737.6    917.9
     1     1    14     1    25    21     0     0    15.0   50.095  178.132    722.2    919.5
     1     1    14     1    25    22     0     0    16.0   50.077  178.392    710.9    920.5
     1     1    14     1    25    23     0     0    17.0   50.057  178.658    703.3    921.0
     1     1    14     1    26     0     0     0    18.0   50.030  178.930    698.9    921.0
     1     1    14     1    26     1     0     0    19.0   49.998  179.214    693.5    920.4
     1     1    14     1    26     2     0     0    20.0   49.961  179.514    683.1    921.1
     1     1    14     1    26     3     0     0    21.0   49.918  179.828    667.3    922.6
     1     1    14     1    26     4     0     0    22.0   49.867 -179.839    646.3    925.2
     1     1    14     1    26     5     0     0    23.0   49.805 -179.484    620.8    928.6
     1     1    14     1    26     6     0     0    24.0   49.728 -179.100    591.6    932.0
     1     1    14     1    26     7     0     0    25.0   49.631 -178.692    563.7    936.0
     1     1    14     1    26     8     0     0    26.0   49.514 -178.264    540.7    939.1
     1     1    14     1    26     9     0     0    27.0   49.379 -177.816    521.5    941.9
     1     1    14     1    26    10     0     0    28.0   49.226 -177.344    505.5    944.4
     1     1    14     1    26    11     0     0    29.0   49.055 -176.839    492.2    945.9
     1     1    14     1    26    12     0     0    30.0   48.861 -176.292    480.8    946.9
     1     1    14     1    26    13     0     0    31.0   48.641 -175.695    470.5    947.5
     1     1    14     1    26    14     0     0    32.0   48.396 -175.042    461.0    947.7
     1     1    14     1    26    15     0     0    33.0   48.129 -174.335    452.5    947.7
     1     1    14     1    26    16     0     0    34.0   47.842 -173.577    444.4    947.4
     1     1    14     1    26    17     0     0    35.0   47.537 -172.770    434.4    947.3
     1     1    14     1    26    18     0     0    36.0   47.219 -171.924    422.5    949.0
     1     1    14     1    26    19     0     0    37.0   46.885 -171.042    412.3    951.4
     1     1    14     1    26    20     0     0    38.0   46.536 -170.130    405.3    953.3
     1     1    14     1    26    21     0     0    39.0   46.190 -169.199    401.4    953.8
     1     1    14     1    26    22     0     0    40.0   45.861 -168.261    400.3    954.1
     1     1    14     1    26    23     0     0    41.0   45.552 -167.327    401.0    954.0
     1     1    14     1    27     0     0     0    42.0   45.269 -166.420    402.6    952.3
     1     1    14     1    27     1     0     0    43.0   45.006 -165.554    404.9    950.2
     1     1    14     1    27     2     0     0    44.0   44.751 -164.725    408.0    948.4
     1     1    14     1    27     3     0     0    45.0   44.508 -163.919    413.2    947.5
     1     1    14     1    27     4     0     0    46.0   44.283 -163.132    420.5    946.3
     1     1    14     1    27     5     0     0    47.0   44.080 -162.366    429.4    945.2
     1     1    14     1    27     6     0     0    48.0   43.903 -161.624    439.0    944.6
