     1     1
    CDC1    14     1     1     0     0
     1 FORWARD  OMEGA   
    14     1     5    12   50.000  175.000  1000.0
     1 PRESSURE
     1     1    14     1     5    12     0     0     0.0   50.000  175.000   1000.0    864.6
     1     1    14     1     5    13     0     0     1.0   50.263  174.689   1085.7    854.5
     1     1    14     1     5    14     0     0     2.0   50.485  174.380   1161.5    846.1
     1     1    14     1     5    15     0     0     3.0   50.667  174.068   1229.2    838.6
     1     1    14     1     5    16     0     0     4.0   50.808  173.754   1290.0    831.8
     1     1    14     1     5    17     0     0     5.0   50.908  173.438   1345.1    825.0
     1     1    14     1     5    18     0     0     6.0   50.967  173.124   1395.8    818.7
     1     1    14     1     5    19     0     0     7.0   51.002  172.819   1443.2    813.1
     1     1    14     1     5    20     0     0     8.0   51.027  172.520   1488.4    807.8
     1     1    14     1     5    21     0     0     9.0   51.041  172.230   1531.0    802.7
     1     1    14     1     5    22     0     0    10.0   51.043  171.952   1571.1    797.9
     1     1    14     1     5    23     0     0    11.0   51.033  171.689   1609.0    793.5
     1     1    14     1     6     0     0     0    12.0   51.010  171.441   1644.9    789.3
     1     1    14     1     6     1     0     0    13.0   50.970  171.206   1679.6    785.6
     1     1    14     1     6     2     0     0    14.0   50.905  170.982   1712.0    782.2
     1     1    14     1     6     3     0     0    15.0   50.817  170.773   1742.6    778.9
     1     1    14     1     6     4     0     0    16.0   50.706  170.583   1771.0    775.7
     1     1    14     1     6     5     0     0    17.0   50.573  170.413   1797.0    772.8
     1     1    14     1     6     6     0     0    18.0   50.417  170.266   1820.6    770.1
     1     1    14     1     6     7     0     0    19.0   50.242  170.140   1843.5    767.8
     1     1    14     1     6     8     0     0    20.0   50.045  170.034   1863.0    765.7
     1     1    14     1     6     9     0     0    21.0   49.829  169.956   1881.4    764.8
     1     1    14     1     6    10     0     0    22.0   49.595  169.922   1899.4    764.2
     1     1    14     1     6    11     0     0    23.0   49.348  169.936   1917.3    763.5
     1     1    14     1     6    12     0     0    24.0   49.092  170.000   1935.7    762.7
     1     1    14     1     6    13     0     0    25.0   48.831  170.123   1954.6    762.1
     1     1    14     1     6    14     0     0    26.0   48.569  170.311   1969.4    761.7
     1     1    14     1     6    15     0     0    27.0   48.306  170.557   1981.2    761.5
     1     1    14     1     6    16     0     0    28.0   48.044  170.854   1990.2    761.3
     1     1    14     1     6    17     0     0    29.0   47.783  171.193   1996.4    760.9
     1     1    14     1     6    18     0     0    30.0   47.521  171.569   2000.3    760.3
     1     1    14     1     6    19     0     0    31.0   47.274  171.993   2004.9    760.4
     1     1    14     1     6    20     0     0    32.0   47.055  172.475   2008.4    760.2
     1     1    14     1     6    21     0     0    33.0   46.861  173.006   2012.8    760.1
     1     1    14     1     6    22     0     0    34.0   46.691  173.581   2018.2    759.7
     1     1    14     1     6    23     0     0    35.0   46.543  174.190   2024.0    759.1
     1     1    14     1     7     0     0     0    36.0   46.415  174.830   2029.9    758.3
     1     1    14     1     7     1     0     0    37.0   46.305  175.503   2035.3    758.7
     1     1    14     1     7     2     0     0    38.0   46.208  176.213   2035.3    759.8
     1     1    14     1     7     3     0     0    39.0   46.120  176.956   2032.5    761.1
     1     1    14     1     7     4     0     0    40.0   46.037  177.730   2029.0    762.6
     1     1    14     1     7     5     0     0    41.0   45.955  178.531   2027.9    764.0
     1     1    14     1     7     6     0     0    42.0   45.876  179.356   2032.3    764.3
     1     1    14     1     7     7     0     0    43.0   45.810 -179.800   2036.4    764.0
     1     1    14     1     7     8     0     0    44.0   45.765 -178.946   2029.1    765.2
     1     1    14     1     7     9     0     0    45.0   45.732 -178.083   2011.5    767.4
     1     1    14     1     7    10     0     0    46.0   45.705 -177.208   1984.2    770.4
     1     1    14     1     7    11     0     0    47.0   45.679 -176.318   1950.3    773.8
     1     1    14     1     7    12     0     0    48.0   45.653 -175.413   1914.9    777.0
