     1     1
    CDC1    14     1     1     0     0
     1 FORWARD  OMEGA   
    14     1    17    12   50.000  175.000  1000.0
     1 PRESSURE
     1     1    14     1    17    12     0     0     0.0   50.000  175.000   1000.0    877.9
     1     1    14     1    17    13     0     0     1.0   50.058  174.977   1019.8    875.1
     1     1    14     1    17    14     0     0     2.0   50.100  174.948   1036.2    872.8
     1     1    14     1    17    15     0     0     3.0   50.128  174.914   1049.1    870.9
     1     1    14     1    17    16     0     0     4.0   50.141  174.879   1058.5    869.4
     1     1    14     1    17    17     0     0     5.0   50.140  174.843   1064.3    868.3
     1     1    14     1    17    18     0     0     6.0   50.126  174.806   1066.6    867.6
     1     1    14     1    17    19     0     0     7.0   50.094  174.777   1066.6    867.6
     1     1    14     1    17    20     0     0     8.0   50.042  174.761   1066.2    867.4
     1     1    14     1    17    21     0     0     9.0   49.969  174.761   1065.5    867.2
     1     1    14     1    17    22     0     0    10.0   49.876  174.775   1064.9    867.0
     1     1    14     1    17    23     0     0    11.0   49.762  174.806   1064.9    866.8
     1     1    14     1    18     0     0     0    12.0   49.627  174.852   1065.9    866.4
     1     1    14     1    18     1     0     0    13.0   49.478  174.914   1065.0    865.8
     1     1    14     1    18     2     0     0    14.0   49.316  174.992   1060.9    865.9
     1     1    14     1    18     3     0     0    15.0   49.142  175.084   1052.9    866.4
     1     1    14     1    18     4     0     0    16.0   48.955  175.192   1041.2    867.4
     1     1    14     1    18     5     0     0    17.0   48.752  175.314   1025.9    868.8
     1     1    14     1    18     6     0     0    18.0   48.533  175.450   1007.5    870.6
     1     1    14     1    18     7     0     0    19.0   48.307  175.604    986.8    873.1
     1     1    14     1    18     8     0     0    20.0   48.083  175.783    965.4    875.8
     1     1    14     1    18     9     0     0    21.0   47.861  175.986    942.7    878.7
     1     1    14     1    18    10     0     0    22.0   47.637  176.212    918.2    881.7
     1     1    14     1    18    11     0     0    23.0   47.406  176.463    891.5    884.9
     1     1    14     1    18    12     0     0    24.0   47.164  176.742    861.5    888.9
     1     1    14     1    18    13     0     0    25.0   46.908  177.050    830.5    893.3
     1     1    14     1    18    14     0     0    26.0   46.639  177.387    802.0    897.1
     1     1    14     1    18    15     0     0    27.0   46.359  177.756    775.6    900.9
     1     1    14     1    18    16     0     0    28.0   46.074  178.158    751.3    904.3
     1     1    14     1    18    17     0     0    29.0   45.784  178.597    728.7    907.5
     1     1    14     1    18    18     0     0    30.0   45.487  179.078    707.2    910.4
     1     1    14     1    18    19     0     0    31.0   45.188  179.595    686.1    913.7
     1     1    14     1    18    20     0     0    32.0   44.898 -179.867    664.3    916.6
     1     1    14     1    18    21     0     0    33.0   44.624 -179.317    640.3    919.5
     1     1    14     1    18    22     0     0    34.0   44.367 -178.760    613.3    922.7
     1     1    14     1    18    23     0     0    35.0   44.120 -178.197    582.8    926.4
     1     1    14     1    19     0     0     0    36.0   43.874 -177.628    548.3    931.0
     1     1    14     1    19     1     0     0    37.0   43.625 -177.048    513.4    935.6
     1     1    14     1    19     2     0     0    38.0   43.378 -176.447    482.3    939.6
     1     1    14     1    19     3     0     0    39.0   43.130 -175.816    453.0    943.7
     1     1    14     1    19     4     0     0    40.0   42.878 -175.151    423.1    948.4
     1     1    14     1    19     5     0     0    41.0   42.616 -174.457    392.1    952.4
     1     1    14     1    19     6     0     0    42.0   42.334 -173.749    363.1    954.8
     1     1    14     1    19     7     0     0    43.0   42.044 -173.040    338.9    956.8
     1     1    14     1    19     8     0     0    44.0   41.764 -172.329    320.4    958.1
     1     1    14     1    19     9     0     0    45.0   41.501 -171.601    305.0    958.9
     1     1    14     1    19    10     0     0    46.0   41.259 -170.848    291.4    960.0
     1     1    14     1    19    11     0     0    47.0   41.033 -170.069    279.6    961.3
     1     1    14     1    19    12     0     0    48.0   40.813 -169.262    269.0    963.3
