     1     1
    CDC1    14     1     1     0     0
     1 FORWARD  OMEGA   
    14     1    17    18   50.000  175.000  1000.0
     1 PRESSURE
     1     1    14     1    17    18     0     0     0.0   50.000  175.000   1000.0    875.4
     1     1    14     1    17    19     0     0     1.0   49.976  174.977    998.8    875.3
     1     1    14     1    17    20     0     0     2.0   49.928  174.967    997.8    875.2
     1     1    14     1    17    21     0     0     3.0   49.858  174.972    997.0    875.0
     1     1    14     1    17    22     0     0     4.0   49.766  174.993    996.8    874.8
     1     1    14     1    17    23     0     0     5.0   49.652  175.030    997.5    874.4
     1     1    14     1    18     0     0     0     6.0   49.517  175.083    999.7    873.8
     1     1    14     1    18     1     0     0     7.0   49.368  175.153   1000.2    873.0
     1     1    14     1    18     2     0     0     8.0   49.208  175.238    997.7    872.9
     1     1    14     1    18     3     0     0     9.0   49.036  175.336    991.5    873.2
     1     1    14     1    18     4     0     0    10.0   48.851  175.448    982.1    874.0
     1     1    14     1    18     5     0     0    11.0   48.651  175.572    969.5    875.2
     1     1    14     1    18     6     0     0    12.0   48.434  175.709    954.4    876.7
     1     1    14     1    18     7     0     0    13.0   48.210  175.863    937.1    878.9
     1     1    14     1    18     8     0     0    14.0   47.987  176.040    918.8    881.1
     1     1    14     1    18     9     0     0    15.0   47.764  176.241    899.0    883.5
     1     1    14     1    18    10     0     0    16.0   47.538  176.464    877.1    886.1
     1     1    14     1    18    11     0     0    17.0   47.304  176.713    852.6    889.3
     1     1    14     1    18    12     0     0    18.0   47.055  176.994    824.3    893.3
     1     1    14     1    18    13     0     0    19.0   46.791  177.304    794.9    897.6
     1     1    14     1    18    14     0     0    20.0   46.516  177.645    768.0    901.4
     1     1    14     1    18    15     0     0    21.0   46.236  178.017    743.4    905.0
     1     1    14     1    18    16     0     0    22.0   45.953  178.424    720.9    908.2
     1     1    14     1    18    17     0     0    23.0   45.663  178.869    699.8    911.1
     1     1    14     1    18    18     0     0    24.0   45.366  179.359    679.8    913.7
     1     1    14     1    18    19     0     0    25.0   45.067  179.885    659.8    916.8
     1     1    14     1    18    20     0     0    26.0   44.782 -179.570    638.9    919.3
     1     1    14     1    18    21     0     0    27.0   44.517 -179.017    615.8    922.0
     1     1    14     1    18    22     0     0    28.0   44.267 -178.458    590.0    925.0
     1     1    14     1    18    23     0     0    29.0   44.024 -177.892    560.6    928.7
     1     1    14     1    19     0     0     0    30.0   43.780 -177.322    527.4    933.3
     1     1    14     1    19     1     0     0    31.0   43.537 -176.740    493.7    937.9
     1     1    14     1    19     2     0     0    32.0   43.295 -176.133    463.5    942.0
     1     1    14     1    19     3     0     0    33.0   43.051 -175.494    434.3    946.3
     1     1    14     1    19     4     0     0    34.0   42.802 -174.820    404.2    950.8
     1     1    14     1    19     5     0     0    35.0   42.539 -174.122    374.2    954.0
     1     1    14     1    19     6     0     0    36.0   42.255 -173.416    347.5    955.9
     1     1    14     1    19     7     0     0    37.0   41.961 -172.711    326.4    957.6
     1     1    14     1    19     8     0     0    38.0   41.682 -172.000    309.8    958.5
     1     1    14     1    19     9     0     0    39.0   41.423 -171.270    295.4    959.5
     1     1    14     1    19    10     0     0    40.0   41.182 -170.515    282.8    960.6
     1     1    14     1    19    11     0     0    41.0   40.956 -169.734    271.8    962.2
     1     1    14     1    19    12     0     0    42.0   40.733 -168.923    261.7    964.3
     1     1    14     1    19    13     0     0    43.0   40.502 -168.090    252.0    965.9
     1     1    14     1    19    14     0     0    44.0   40.275 -167.245    243.6    967.1
     1     1    14     1    19    15     0     0    45.0   40.070 -166.390    236.1    968.0
     1     1    14     1    19    16     0     0    46.0   39.895 -165.525    229.0    968.7
     1     1    14     1    19    17     0     0    47.0   39.749 -164.654    221.6    969.2
     1     1    14     1    19    18     0     0    48.0   39.617 -163.782    213.4    969.7
