     1     1
    CDC1    14     1     1     0     0
     1 FORWARD  OMEGA   
    14     1    16     0   50.000  175.000  1000.0
     1 PRESSURE
     1     1    14     1    16     0     0     0     0.0   50.000  175.000   1000.0    882.5
     1     1    14     1    16     1     0     0     1.0   49.839  175.428    992.3    882.5
     1     1    14     1    16     2     0     0     2.0   49.697  175.870    985.4    882.5
     1     1    14     1    16     3     0     0     3.0   49.573  176.328    980.6    882.4
     1     1    14     1    16     4     0     0     4.0   49.466  176.801    979.3    881.8
     1     1    14     1    16     5     0     0     5.0   49.377  177.289    982.6    880.8
     1     1    14     1    16     6     0     0     6.0   49.302  177.791    991.3    879.5
     1     1    14     1    16     7     0     0     7.0   49.240  178.279   1002.2    877.7
     1     1    14     1    16     8     0     0     8.0   49.190  178.730   1013.1    876.5
     1     1    14     1    16     9     0     0     9.0   49.151  179.145   1023.6    875.4
     1     1    14     1    16    10     0     0    10.0   49.121  179.524   1033.7    874.4
     1     1    14     1    16    11     0     0    11.0   49.097  179.869   1043.6    873.5
     1     1    14     1    16    12     0     0    12.0   49.077 -179.819   1053.0    872.8
     1     1    14     1    16    13     0     0    13.0   49.054 -179.532   1063.6    872.0
     1     1    14     1    16    14     0     0    14.0   49.025 -179.263   1076.3    870.7
     1     1    14     1    16    15     0     0    15.0   48.990 -179.013   1090.4    869.4
     1     1    14     1    16    16     0     0    16.0   48.952 -178.784   1105.2    868.0
     1     1    14     1    16    17     0     0    17.0   48.912 -178.577   1120.4    866.7
     1     1    14     1    16    18     0     0    18.0   48.870 -178.394   1135.5    865.3
     1     1    14     1    16    19     0     0    19.0   48.828 -178.220   1151.3    864.0
     1     1    14     1    16    20     0     0    20.0   48.789 -178.043   1168.5    862.3
     1     1    14     1    16    21     0     0    21.0   48.750 -177.861   1187.2    860.6
     1     1    14     1    16    22     0     0    22.0   48.711 -177.674   1207.3    858.7
     1     1    14     1    16    23     0     0    23.0   48.672 -177.481   1229.0    856.6
     1     1    14     1    17     0     0     0    24.0   48.626 -177.277   1251.7    854.2
     1     1    14     1    17     1     0     0    25.0   48.568 -177.050   1271.0    851.4
     1     1    14     1    17     2     0     0    26.0   48.492 -176.788   1284.1    849.7
     1     1    14     1    17     3     0     0    27.0   48.395 -176.488   1290.4    848.7
     1     1    14     1    17     4     0     0    28.0   48.274 -176.145   1290.0    848.3
     1     1    14     1    17     5     0     0    29.0   48.126 -175.752   1283.1    848.5
     1     1    14     1    17     6     0     0    30.0   47.948 -175.304   1270.1    849.1
     1     1    14     1    17     7     0     0    31.0   47.746 -174.806   1247.8    849.8
     1     1    14     1    17     8     0     0    32.0   47.530 -174.269   1214.7    852.1
     1     1    14     1    17     9     0     0    33.0   47.304 -173.701   1169.7    856.2
     1     1    14     1    17    10     0     0    34.0   47.069 -173.124   1112.9    862.0
     1     1    14     1    17    11     0     0    35.0   46.832 -172.545   1045.3    869.1
     1     1    14     1    17    12     0     0    36.0   46.597 -171.968    970.2    878.6
     1     1    14     1    17    13     0     0    37.0   46.366 -171.420    895.8    888.6
     1     1    14     1    17    14     0     0    38.0   46.144 -170.948    827.0    896.9
     1     1    14     1    17    15     0     0    39.0   45.934 -170.574    763.0    905.0
     1     1    14     1    17    16     0     0    40.0   45.738 -170.322    703.7    912.7
     1     1    14     1    17    17     0     0    41.0   45.556 -170.212    649.2    919.9
     1     1    14     1    17    18     0     0    42.0   45.387 -170.258    600.3    925.6
     1     1    14     1    17    19     0     0    43.0   45.227 -170.421    558.2    929.9
     1     1    14     1    17    20     0     0    44.0   45.066 -170.655    522.4    933.5
     1     1    14     1    17    21     0     0    45.0   44.903 -170.947    492.6    935.8
     1     1    14     1    17    22     0     0    46.0   44.738 -171.271    468.6    937.4
     1     1    14     1    17    23     0     0    47.0   44.566 -171.604    448.9    938.7
     1     1    14     1    18     0     0     0    48.0   44.381 -171.922    431.6    940.2
