     1     1
    CDC1    14     1     1     0     0
     1 FORWARD  OMEGA   
    14     1     9    18   50.000  175.000  1000.0
     1 PRESSURE
     1     1    14     1     9    18     0     0     0.0   50.000  175.000   1000.0    883.0
     1     1    14     1     9    19     0     0     1.0   49.961  175.295    955.5    888.0
     1     1    14     1     9    20     0     0     2.0   49.986  175.538    928.5    889.5
     1     1    14     1     9    21     0     0     3.0   50.070  175.720    916.0    889.7
     1     1    14     1     9    22     0     0     4.0   50.206  175.835    916.3    888.8
     1     1    14     1     9    23     0     0     5.0   50.389  175.873    927.7    886.9
     1     1    14     1    10     0     0     0     6.0   50.612  175.821    948.8    884.1
     1     1    14     1    10     1     0     0     7.0   50.845  175.712    972.2    879.3
     1     1    14     1    10     2     0     0     8.0   51.060  175.582    993.5    875.8
     1     1    14     1    10     3     0     0     9.0   51.262  175.419   1013.4    872.6
     1     1    14     1    10     4     0     0    10.0   51.451  175.210   1033.4    869.4
     1     1    14     1    10     5     0     0    11.0   51.629  174.946   1054.8    865.9
     1     1    14     1    10     6     0     0    12.0   51.793  174.620   1079.4    861.7
     1     1    14     1    10     7     0     0    13.0   51.934  174.254   1112.8    857.2
     1     1    14     1    10     8     0     0    14.0   52.045  173.876   1160.7    850.6
     1     1    14     1    10     9     0     0    15.0   52.127  173.492   1223.5    842.5
     1     1    14     1    10    10     0     0    16.0   52.182  173.109   1301.7    832.9
     1     1    14     1    10    11     0     0    17.0   52.213  172.736   1395.5    820.9
     1     1    14     1    10    12     0     0    18.0   52.223  172.389   1504.6    807.8
     1     1    14     1    10    13     0     0    19.0   52.214  172.090   1616.5    794.5
     1     1    14     1    10    14     0     0    20.0   52.185  171.853   1718.2    784.0
     1     1    14     1    10    15     0     0    21.0   52.138  171.682   1808.4    774.3
     1     1    14     1    10    16     0     0    22.0   52.073  171.580   1886.4    766.2
     1     1    14     1    10    17     0     0    23.0   51.992  171.550   1951.5    759.5
     1     1    14     1    10    18     0     0    24.0   51.897  171.593   2003.6    754.3
     1     1    14     1    10    19     0     0    25.0   51.790  171.696   2046.8    750.7
     1     1    14     1    10    20     0     0    26.0   51.671  171.842   2084.1    747.5
     1     1    14     1    10    21     0     0    27.0   51.540  172.035   2114.9    744.9
     1     1    14     1    10    22     0     0    28.0   51.398  172.276   2138.7    743.1
     1     1    14     1    10    23     0     0    29.0   51.244  172.570   2154.2    742.2
     1     1    14     1    11     0     0     0    30.0   51.084  172.921   2161.6    742.0
     1     1    14     1    11     1     0     0    31.0   50.939  173.328   2165.5    742.5
     1     1    14     1    11     2     0     0    32.0   50.825  173.782   2166.3    742.9
     1     1    14     1    11     3     0     0    33.0   50.737  174.284   2164.0    743.4
     1     1    14     1    11     4     0     0    34.0   50.669  174.835   2157.4    744.2
     1     1    14     1    11     5     0     0    35.0   50.622  175.438   2145.0    744.8
     1     1    14     1    11     6     0     0    36.0   50.597  176.098   2126.0    745.4
     1     1    14     1    11     7     0     0    37.0   50.590  176.806   2102.8    746.6
     1     1    14     1    11     8     0     0    38.0   50.598  177.554   2077.1    747.9
     1     1    14     1    11     9     0     0    39.0   50.622  178.334   2051.3    750.3
     1     1    14     1    11    10     0     0    40.0   50.665  179.139   2025.7    752.6
     1     1    14     1    11    11     0     0    41.0   50.722  179.965   1999.5    754.8
     1     1    14     1    11    12     0     0    42.0   50.791 -179.188   1972.7    758.3
     1     1    14     1    11    13     0     0    43.0   50.879 -178.325   1943.0    761.7
     1     1    14     1    11    14     0     0    44.0   50.984 -177.455   1909.6    765.4
     1     1    14     1    11    15     0     0    45.0   51.098 -176.581   1873.1    769.9
     1     1    14     1    11    16     0     0    46.0   51.218 -175.707   1834.9    774.4
     1     1    14     1    11    17     0     0    47.0   51.340 -174.831   1796.6    778.8
     1     1    14     1    11    18     0     0    48.0   51.466 -173.951   1761.4    783.2
