     1     1
    CDC1    14     1     1     0     0
     1 FORWARD  OMEGA   
    14     1    15     6   50.000  175.000  1000.0
     1 PRESSURE
     1     1    14     1    15     6     0     0     0.0   50.000  175.000   1000.0    879.3
     1     1    14     1    15     7     0     0     1.0   49.729  175.288    961.4    883.4
     1     1    14     1    15     8     0     0     2.0   49.464  175.586    927.8    886.6
     1     1    14     1    15     9     0     0     3.0   49.207  175.900    897.8    889.4
     1     1    14     1    15    10     0     0     4.0   48.957  176.232    870.5    892.1
     1     1    14     1    15    11     0     0     5.0   48.716  176.585    845.0    894.9
     1     1    14     1    15    12     0     0     6.0   48.484  176.963    820.5    897.9
     1     1    14     1    15    13     0     0     7.0   48.263  177.362    797.2    900.9
     1     1    14     1    15    14     0     0     8.0   48.054  177.777    775.9    904.1
     1     1    14     1    15    15     0     0     9.0   47.854  178.207    756.9    907.5
     1     1    14     1    15    16     0     0    10.0   47.661  178.655    740.2    910.7
     1     1    14     1    15    17     0     0    11.0   47.472  179.122    725.8    913.7
     1     1    14     1    15    18     0     0    12.0   47.287  179.597    714.2    915.9
     1     1    14     1    15    19     0     0    13.0   47.103 -179.947    704.5    917.5
     1     1    14     1    15    20     0     0    14.0   46.911 -179.525    694.7    918.6
     1     1    14     1    15    21     0     0    15.0   46.705 -179.134    684.5    919.7
     1     1    14     1    15    22     0     0    16.0   46.484 -178.770    673.0    920.9
     1     1    14     1    15    23     0     0    17.0   46.247 -178.430    659.7    922.4
     1     1    14     1    16     0     0     0    18.0   45.997 -178.110    643.8    924.3
     1     1    14     1    16     1     0     0    19.0   45.740 -177.793    626.5    926.4
     1     1    14     1    16     2     0     0    20.0   45.484 -177.464    608.6    927.8
     1     1    14     1    16     3     0     0    21.0   45.222 -177.118    589.4    929.2
     1     1    14     1    16     4     0     0    22.0   44.948 -176.749    568.1    931.1
     1     1    14     1    16     5     0     0    23.0   44.664 -176.359    545.2    933.9
     1     1    14     1    16     6     0     0    24.0   44.371 -175.951    520.9    937.3
     1     1    14     1    16     7     0     0    25.0   44.071 -175.537    496.9    941.3
     1     1    14     1    16     8     0     0    26.0   43.768 -175.131    474.7    945.2
     1     1    14     1    16     9     0     0    27.0   43.461 -174.729    454.0    948.9
     1     1    14     1    16    10     0     0    28.0   43.147 -174.329    435.2    952.0
     1     1    14     1    16    11     0     0    29.0   42.826 -173.928    418.1    954.8
     1     1    14     1    16    12     0     0    30.0   42.498 -173.525    402.7    957.2
     1     1    14     1    16    13     0     0    31.0   42.167 -173.115    388.2    958.1
     1     1    14     1    16    14     0     0    32.0   41.839 -172.697    373.5    959.0
     1     1    14     1    16    15     0     0    33.0   41.518 -172.272    358.4    960.0
     1     1    14     1    16    16     0     0    34.0   41.202 -171.834    342.6    961.2
     1     1    14     1    16    17     0     0    35.0   40.894 -171.383    326.0    962.7
     1     1    14     1    16    18     0     0    36.0   40.596 -170.919    307.8    964.6
     1     1    14     1    16    19     0     0    37.0   40.314 -170.451    289.5    967.1
     1     1    14     1    16    20     0     0    38.0   40.059 -169.988    272.2    969.5
     1     1    14     1    16    21     0     0    39.0   39.837 -169.527    256.5    972.4
     1     1    14     1    16    22     0     0    40.0   39.648 -169.060    242.3    975.0
     1     1    14     1    16    23     0     0    41.0   39.490 -168.587    228.6    977.7
     1     1    14     1    17     0     0     0    42.0   39.361 -168.110    214.6    980.5
     1     1    14     1    17     1     0     0    43.0   39.247 -167.626    199.9    983.0
     1     1    14     1    17     2     0     0    44.0   39.137 -167.130    184.6    984.3
     1     1    14     1    17     3     0     0    45.0   39.030 -166.616    168.7    985.6
     1     1    14     1    17     4     0     0    46.0   38.927 -166.085    152.4    987.2
     1     1    14     1    17     5     0     0    47.0   38.827 -165.534    135.5    989.1
     1     1    14     1    17     6     0     0    48.0   38.728 -164.963    118.2    991.3
