     1     1
    CDC1    14     1     1     0     0
     1 FORWARD  OMEGA   
    14     1     9     6   50.000  175.000  1000.0
     1 PRESSURE
     1     1    14     1     9     6     0     0     0.0   50.000  175.000   1000.0    881.7
     1     1    14     1     9     7     0     0     1.0   49.966  175.915    988.4    880.6
     1     1    14     1     9     8     0     0     2.0   49.935  176.820    975.2    880.1
     1     1    14     1     9     9     0     0     3.0   49.919  177.717    962.0    880.2
     1     1    14     1     9    10     0     0     4.0   49.927  178.605    949.6    880.8
     1     1    14     1     9    11     0     0     5.0   49.963  179.484    937.2    881.2
     1     1    14     1     9    12     0     0     6.0   50.025 -179.640    923.9    882.5
     1     1    14     1     9    13     0     0     7.0   50.098 -178.770    909.8    885.5
     1     1    14     1     9    14     0     0     8.0   50.169 -177.902    895.6    888.3
     1     1    14     1     9    15     0     0     9.0   50.248 -177.029    884.6    890.7
     1     1    14     1     9    16     0     0    10.0   50.342 -176.155    878.0    892.5
     1     1    14     1     9    17     0     0    11.0   50.456 -175.280    876.0    893.8
     1     1    14     1     9    18     0     0    12.0   50.588 -174.405    876.9    894.2
     1     1    14     1     9    19     0     0    13.0   50.732 -173.550    877.4    894.2
     1     1    14     1     9    20     0     0    14.0   50.884 -172.718    877.0    894.6
     1     1    14     1     9    21     0     0    15.0   51.044 -171.905    878.0    894.1
     1     1    14     1     9    22     0     0    16.0   51.213 -171.111    882.4    893.1
     1     1    14     1     9    23     0     0    17.0   51.395 -170.332    893.2    891.4
     1     1    14     1    10     0     0     0    18.0   51.592 -169.566    912.9    888.8
     1     1    14     1    10     1     0     0    19.0   51.802 -168.836    935.8    885.0
     1     1    14     1    10     2     0     0    20.0   52.022 -168.155    954.6    882.0
     1     1    14     1    10     3     0     0    21.0   52.253 -167.517    968.0    879.7
     1     1    14     1    10     4     0     0    22.0   52.485 -166.920    974.8    878.7
     1     1    14     1    10     5     0     0    23.0   52.713 -166.363    974.4    878.7
     1     1    14     1    10     6     0     0    24.0   52.936 -165.847    967.5    879.4
     1     1    14     1    10     7     0     0    25.0   53.160 -165.365    960.5    880.5
     1     1    14     1    10     8     0     0    26.0   53.389 -164.912    958.6    880.4
     1     1    14     1    10     9     0     0    27.0   53.616 -164.486    961.7    880.0
     1     1    14     1    10    10     0     0    28.0   53.836 -164.085    969.2    878.9
     1     1    14     1    10    11     0     0    29.0   54.049 -163.706    980.5    877.2
     1     1    14     1    10    12     0     0    30.0   54.252 -163.347    995.5    875.0
     1     1    14     1    10    13     0     0    31.0   54.453 -163.013   1012.8    872.2
     1     1    14     1    10    14     0     0    32.0   54.661 -162.704   1030.5    869.4
     1     1    14     1    10    15     0     0    33.0   54.876 -162.418   1048.4    866.8
     1     1    14     1    10    16     0     0    34.0   55.096 -162.152   1066.1    864.9
     1     1    14     1    10    17     0     0    35.0   55.317 -161.900   1082.7    863.4
     1     1    14     1    10    18     0     0    36.0   55.539 -161.658   1097.8    861.9
     1     1    14     1    10    19     0     0    37.0   55.758 -161.419   1113.8    860.2
     1     1    14     1    10    20     0     0    38.0   55.973 -161.180   1131.0    857.9
     1     1    14     1    10    21     0     0    39.0   56.186 -160.946   1149.6    855.3
     1     1    14     1    10    22     0     0    40.0   56.398 -160.718   1169.0    852.6
     1     1    14     1    10    23     0     0    41.0   56.608 -160.499   1188.7    849.7
     1     1    14     1    11     0     0     0    42.0   56.818 -160.291   1208.1    846.8
     1     1    14     1    11     1     0     0    43.0   57.020 -160.111   1225.8    843.7
     1     1    14     1    11     2     0     0    44.0   57.208 -159.972   1240.1    841.0
     1     1    14     1    11     3     0     0    45.0   57.380 -159.879   1251.2    838.8
     1     1    14     1    11     4     0     0    46.0   57.537 -159.834   1259.5    837.0
     1     1    14     1    11     5     0     0    47.0   57.678 -159.840   1265.7    835.5
     1     1    14     1    11     6     0     0    48.0   57.804 -159.898   1270.3    834.3
