     1     1
    CDC1    14     1     1     0     0
     1 FORWARD  OMEGA   
    14     1    11     0   50.000  175.000  1000.0
     1 PRESSURE
     1     1    14     1    11     0     0     0     0.0   50.000  175.000   1000.0    864.1
     1     1    14     1    11     1     0     0     1.0   49.969  175.773    994.4    863.7
     1     1    14     1    11     2     0     0     2.0   49.979  176.599    991.1    862.2
     1     1    14     1    11     3     0     0     3.0   50.026  177.479    987.3    860.1
     1     1    14     1    11     4     0     0     4.0   50.110  178.397    981.4    860.2
     1     1    14     1    11     5     0     0     5.0   50.228  179.337    970.5    860.6
     1     1    14     1    11     6     0     0     6.0   50.382 -179.707    952.8    862.1
     1     1    14     1    11     7     0     0     7.0   50.568 -178.763    933.1    866.2
     1     1    14     1    11     8     0     0     8.0   50.784 -177.845    914.4    868.9
     1     1    14     1    11     9     0     0     9.0   51.019 -176.950    896.9    871.8
     1     1    14     1    11    10     0     0    10.0   51.263 -176.072    880.4    874.3
     1     1    14     1    11    11     0     0    11.0   51.513 -175.195    863.7    876.2
     1     1    14     1    11    12     0     0    12.0   51.767 -174.306    845.8    878.4
     1     1    14     1    11    13     0     0    13.0   52.020 -173.408    827.6    881.2
     1     1    14     1    11    14     0     0    14.0   52.274 -172.503    810.5    883.6
     1     1    14     1    11    15     0     0    15.0   52.528 -171.591    793.3    884.9
     1     1    14     1    11    16     0     0    16.0   52.779 -170.693    777.6    886.8
     1     1    14     1    11    17     0     0    17.0   53.030 -169.823    764.2    888.3
     1     1    14     1    11    18     0     0    18.0   53.280 -168.971    751.1    889.2
     1     1    14     1    11    19     0     0    19.0   53.533 -168.162    739.9    890.8
     1     1    14     1    11    20     0     0    20.0   53.793 -167.432    733.0    891.6
     1     1    14     1    11    21     0     0    21.0   54.052 -166.783    730.8    891.5
     1     1    14     1    11    22     0     0    22.0   54.306 -166.214    733.2    890.5
     1     1    14     1    11    23     0     0    23.0   54.553 -165.722    739.4    888.8
     1     1    14     1    12     0     0     0    24.0   54.792 -165.303    748.3    886.6
     1     1    14     1    12     1     0     0    25.0   55.029 -164.921    759.7    884.8
     1     1    14     1    12     2     0     0    26.0   55.265 -164.552    772.5    884.2
     1     1    14     1    12     3     0     0    27.0   55.494 -164.202    786.1    883.2
     1     1    14     1    12     4     0     0    28.0   55.715 -163.868    800.4    881.9
     1     1    14     1    12     5     0     0    29.0   55.929 -163.543    815.5    880.3
     1     1    14     1    12     6     0     0    30.0   56.136 -163.224    831.4    878.4
     1     1    14     1    12     7     0     0    31.0   56.338 -162.910    848.4    876.7
     1     1    14     1    12     8     0     0    32.0   56.537 -162.598    866.9    874.7
     1     1    14     1    12     9     0     0    33.0   56.735 -162.286    887.4    872.6
     1     1    14     1    12    10     0     0    34.0   56.928 -161.970    910.0    870.1
     1     1    14     1    12    11     0     0    35.0   57.117 -161.646    934.5    867.2
     1     1    14     1    12    12     0     0    36.0   57.301 -161.311    960.7    863.7
     1     1    14     1    12    13     0     0    37.0   57.484 -160.972    987.5    859.6
     1     1    14     1    12    14     0     0    38.0   57.668 -160.638   1013.4    855.6
     1     1    14     1    12    15     0     0    39.0   57.852 -160.303   1037.7    851.7
     1     1    14     1    12    16     0     0    40.0   58.035 -159.960   1060.3    847.9
     1     1    14     1    12    17     0     0    41.0   58.215 -159.606   1081.2    844.0
     1     1    14     1    12    18     0     0    42.0   58.390 -159.237   1100.3    840.2
     1     1    14     1    12    19     0     0    43.0   58.560 -158.852   1122.9    836.5
     1     1    14     1    12    20     0     0    44.0   58.729 -158.459   1155.3    831.0
     1     1    14     1    12    21     0     0    45.0   58.898 -158.057   1199.6    824.0
     1     1    14     1    12    22     0     0    46.0   59.070 -157.649   1257.7    815.4
     1     1    14     1    12    23     0     0    47.0   59.245 -157.238   1331.1    805.3
     1     1    14     1    13     0     0     0    48.0   59.423 -156.829   1420.0    793.6
