     1     1
    CDC1    14     1     1     0     0
     1 FORWARD  OMEGA   
    14     1    27     6   50.000  175.000  1000.0
     1 PRESSURE
     1     1    14     1    27     6     0     0     0.0   50.000  175.000   1000.0    890.3
     1     1    14     1    27     7     0     0     1.0   50.342  175.366   1005.3    887.7
     1     1    14     1    27     8     0     0     2.0   50.687  175.717   1005.6    886.5
     1     1    14     1    27     9     0     0     3.0   51.043  176.038   1001.9    886.1
     1     1    14     1    27    10     0     0     4.0   51.417  176.315    994.8    886.5
     1     1    14     1    27    11     0     0     5.0   51.816  176.530    984.5    887.6
     1     1    14     1    27    12     0     0     6.0   52.248  176.660    971.4    889.3
     1     1    14     1    27    13     0     0     7.0   52.709  176.731    956.0    890.1
     1     1    14     1    27    14     0     0     8.0   53.180  176.789    939.6    889.7
     1     1    14     1    27    15     0     0     9.0   53.657  176.831    924.7    889.0
     1     1    14     1    27    16     0     0    10.0   54.144  176.839    913.4    887.6
     1     1    14     1    27    17     0     0    11.0   54.645  176.792    908.2    885.4
     1     1    14     1    27    18     0     0    12.0   55.162  176.670    911.9    882.8
     1     1    14     1    27    19     0     0    13.0   55.682  176.483    921.4    881.7
     1     1    14     1    27    20     0     0    14.0   56.196  176.231    930.9    881.2
     1     1    14     1    27    21     0     0    15.0   56.711  175.881    943.3    880.4
     1     1    14     1    27    22     0     0    16.0   57.235  175.393    962.0    878.9
     1     1    14     1    27    23     0     0    17.0   57.773  174.748    988.9    874.2
     1     1    14     1    28     0     0     0    18.0   58.306  173.968   1024.4    865.5
     1     1    14     1    28     1     0     0    19.0   58.799  173.080   1070.3    855.3
     1     1    14     1    28     2     0     0    20.0   59.232  172.090   1131.1    843.7
     1     1    14     1    28     3     0     0    21.0   59.596  170.993   1209.1    830.5
     1     1    14     1    28     4     0     0    22.0   59.889  169.785   1305.8    815.7
     1     1    14     1    28     5     0     0    23.0   60.095  168.511   1418.4    799.8
     1     1    14     1    28     6     0     0    24.0   60.205  167.223   1542.0    784.6
     1     1    14     1    28     7     0     0    25.0   60.240  165.976   1667.7    772.0
     1     1    14     1    28     8     0     0    26.0   60.230  164.802   1792.2    761.0
     1     1    14     1    28     9     0     0    27.0   60.193  163.705   1917.2    751.2
     1     1    14     1    28    10     0     0    28.0   60.137  162.689   2043.3    741.8
     1     1    14     1    28    11     0     0    29.0   60.075  161.759   2170.5    730.8
     1     1    14     1    28    12     0     0    30.0   60.014  160.917   2300.3    719.0
     1     1    14     1    28    13     0     0    31.0   59.953  160.166   2425.8    706.1
     1     1    14     1    28    14     0     0    32.0   59.901  159.502   2540.9    692.8
     1     1    14     1    28    15     0     0    33.0   59.870  158.912   2646.1    680.8
     1     1    14     1    28    16     0     0    34.0   59.864  158.382   2742.7    670.0
     1     1    14     1    28    17     0     0    35.0   59.883  157.903   2831.8    660.1
     1     1    14     1    28    18     0     0    36.0   59.930  157.460   2914.4    651.0
     1     1    14     1    28    19     0     0    37.0   60.005  157.037   2990.7    642.3
     1     1    14     1    28    20     0     0    38.0   60.108  156.621   3060.0    632.8
     1     1    14     1    28    21     0     0    39.0   60.243  156.202   3124.0    623.5
     1     1    14     1    28    22     0     0    40.0   60.412  155.770   3183.7    614.1
     1     1    14     1    28    23     0     0    41.0   60.620  155.314   3240.6    604.5
     1     1    14     1    29     0     0     0    42.0   60.869  154.820   3296.9    594.6
     1     1    14     1    29     1     0     0    43.0   61.136  154.263   3348.2    584.6
     1     1    14     1    29     2     0     0    44.0   61.394  153.639   3388.4    575.9
     1     1    14     1    29     3     0     0    45.0   61.644  152.951   3414.5    568.2
     1     1    14     1    29     4     0     0    46.0   61.886  152.201   3424.9    562.1
     1     1    14     1    29     5     0     0    47.0   62.119  151.391   3417.9    557.4
     1     1    14     1    29     6     0     0    48.0   62.343  150.527   3391.0    553.9
