     1     1
    CDC1    14     1     1     0     0
     1 FORWARD  OMEGA   
    14     1    22     6   50.000  175.000  1000.0
     1 PRESSURE
     1     1    14     1    22     6     0     0     0.0   50.000  175.000   1000.0    883.9
     1     1    14     1    22     7     0     0     1.0   49.842  174.865    971.2    886.7
     1     1    14     1    22     8     0     0     2.0   49.715  174.693    944.5    889.5
     1     1    14     1    22     9     0     0     3.0   49.618  174.482    920.4    891.8
     1     1    14     1    22    10     0     0     4.0   49.549  174.232    899.5    893.9
     1     1    14     1    22    11     0     0     5.0   49.509  173.946    882.0    895.7
     1     1    14     1    22    12     0     0     6.0   49.497  173.625    868.3    897.2
     1     1    14     1    22    13     0     0     7.0   49.505  173.294    856.8    898.5
     1     1    14     1    22    14     0     0     8.0   49.522  172.974    845.4    900.0
     1     1    14     1    22    15     0     0     9.0   49.551  172.667    834.2    901.4
     1     1    14     1    22    16     0     0    10.0   49.594  172.379    823.1    902.6
     1     1    14     1    22    17     0     0    11.0   49.650  172.114    812.1    903.5
     1     1    14     1    22    18     0     0    12.0   49.721  171.874    801.1    904.3
     1     1    14     1    22    19     0     0    13.0   49.805  171.661    790.5    905.3
     1     1    14     1    22    20     0     0    14.0   49.898  171.475    779.9    906.0
     1     1    14     1    22    21     0     0    15.0   49.998  171.313    769.1    906.8
     1     1    14     1    22    22     0     0    16.0   50.102  171.177    758.2    907.6
     1     1    14     1    22    23     0     0    17.0   50.205  171.072    747.1    908.5
     1     1    14     1    23     0     0     0    18.0   50.307  170.993    735.7    909.6
     1     1    14     1    23     1     0     0    19.0   50.406  170.931    726.6    910.6
     1     1    14     1    23     2     0     0    20.0   50.503  170.875    723.2    910.5
     1     1    14     1    23     3     0     0    21.0   50.597  170.823    725.6    909.8
     1     1    14     1    23     4     0     0    22.0   50.689  170.773    734.1    908.3
     1     1    14     1    23     5     0     0    23.0   50.777  170.723    748.8    906.0
     1     1    14     1    23     6     0     0    24.0   50.863  170.670    770.2    903.0
     1     1    14     1    23     7     0     0    25.0   50.955  170.624    795.3    899.6
     1     1    14     1    23     8     0     0    26.0   51.064  170.591    820.4    896.5
     1     1    14     1    23     9     0     0    27.0   51.190  170.569    845.4    893.4
     1     1    14     1    23    10     0     0    28.0   51.332  170.555    869.9    890.5
     1     1    14     1    23    11     0     0    29.0   51.490  170.546    893.9    887.6
     1     1    14     1    23    12     0     0    30.0   51.664  170.539    917.1    884.7
     1     1    14     1    23    13     0     0    31.0   51.847  170.537    939.0    881.9
     1     1    14     1    23    14     0     0    32.0   52.034  170.546    959.2    879.1
     1     1    14     1    23    15     0     0    33.0   52.225  170.565    977.6    876.4
     1     1    14     1    23    16     0     0    34.0   52.421  170.589    994.4    873.9
     1     1    14     1    23    17     0     0    35.0   52.622  170.623   1009.8    871.9
     1     1    14     1    23    18     0     0    36.0   52.824  170.676   1024.0    870.1
     1     1    14     1    23    19     0     0    37.0   53.030  170.732   1039.8    868.9
     1     1    14     1    23    20     0     0    38.0   53.242  170.769   1058.8    866.8
     1     1    14     1    23    21     0     0    39.0   53.462  170.786   1081.2    864.3
     1     1    14     1    23    22     0     0    40.0   53.693  170.780   1106.8    861.4
     1     1    14     1    23    23     0     0    41.0   53.935  170.750   1135.5    858.1
     1     1    14     1    24     0     0     0    42.0   54.187  170.695   1167.2    854.4
     1     1    14     1    24     1     0     0    43.0   54.441  170.633   1197.6    851.0
     1     1    14     1    24     2     0     0    44.0   54.685  170.581   1220.8    848.9
     1     1    14     1    24     3     0     0    45.0   54.922  170.537   1235.9    847.8
     1     1    14     1    24     4     0     0    46.0   55.152  170.507   1242.6    848.2
     1     1    14     1    24     5     0     0    47.0   55.374  170.498   1240.5    849.8
     1     1    14     1    24     6     0     0    48.0   55.590  170.513   1229.9    852.2
