     1     1
    CDC1    14     1     1     0     0
     1 FORWARD  OMEGA   
    14     1     5    18   50.000  175.000  1000.0
     1 PRESSURE
     1     1    14     1     5    18     0     0     0.0   50.000  175.000   1000.0    861.6
     1     1    14     1     5    19     0     0     1.0   50.101  174.961   1045.2    856.3
     1     1    14     1     5    20     0     0     2.0   50.203  174.916   1087.1    851.5
     1     1    14     1     5    21     0     0     3.0   50.306  174.867   1125.5    847.2
     1     1    14     1     5    22     0     0     4.0   50.407  174.815   1160.0    843.4
     1     1    14     1     5    23     0     0     5.0   50.506  174.763   1190.5    840.0
     1     1    14     1     6     0     0     0     6.0   50.602  174.711   1216.9    837.1
     1     1    14     1     6     1     0     0     7.0   50.685  174.655   1240.0    835.1
     1     1    14     1     6     2     0     0     8.0   50.747  174.593   1259.9    833.4
     1     1    14     1     6     3     0     0     9.0   50.790  174.529   1277.2    831.8
     1     1    14     1     6     4     0     0    10.0   50.815  174.468   1292.3    830.5
     1     1    14     1     6     5     0     0    11.0   50.822  174.412   1305.2    829.2
     1     1    14     1     6     6     0     0    12.0   50.814  174.367   1315.6    828.1
     1     1    14     1     6     7     0     0    13.0   50.795  174.324   1323.8    827.2
     1     1    14     1     6     8     0     0    14.0   50.771  174.275   1329.6    826.6
     1     1    14     1     6     9     0     0    15.0   50.741  174.220   1333.3    826.1
     1     1    14     1     6    10     0     0    16.0   50.706  174.159   1335.0    826.0
     1     1    14     1     6    11     0     0    17.0   50.665  174.091   1334.8    826.0
     1     1    14     1     6    12     0     0    18.0   50.618  174.015   1332.7    826.3
     1     1    14     1     6    13     0     0    19.0   50.557  173.939   1329.8    826.9
     1     1    14     1     6    14     0     0    20.0   50.476  173.868   1326.9    827.5
     1     1    14     1     6    15     0     0    21.0   50.374  173.805   1323.8    828.1
     1     1    14     1     6    16     0     0    22.0   50.253  173.749   1320.4    828.8
     1     1    14     1     6    17     0     0    23.0   50.113  173.699   1316.4    829.7
     1     1    14     1     6    18     0     0    24.0   49.952  173.655   1312.0    830.6
     1     1    14     1     6    19     0     0    25.0   49.780  173.643   1306.0    831.6
     1     1    14     1     6    20     0     0    26.0   49.608  173.683   1296.2    833.2
     1     1    14     1     6    21     0     0    27.0   49.435  173.770   1283.8    834.9
     1     1    14     1     6    22     0     0    28.0   49.262  173.901   1269.2    836.8
     1     1    14     1     6    23     0     0    29.0   49.089  174.070   1252.9    838.7
     1     1    14     1     7     0     0     0    30.0   48.915  174.271   1235.5    840.7
     1     1    14     1     7     1     0     0    31.0   48.740  174.512   1220.4    842.7
     1     1    14     1     7     2     0     0    32.0   48.563  174.799   1209.6    843.9
     1     1    14     1     7     3     0     0    33.0   48.382  175.130   1202.8    844.8
     1     1    14     1     7     4     0     0    34.0   48.196  175.506   1200.0    845.6
     1     1    14     1     7     5     0     0    35.0   48.003  175.925   1201.1    846.1
     1     1    14     1     7     6     0     0    36.0   47.800  176.382   1206.1    846.5
     1     1    14     1     7     7     0     0    37.0   47.606  176.875   1213.0    846.3
     1     1    14     1     7     8     0     0    38.0   47.444  177.403   1218.5    846.5
     1     1    14     1     7     9     0     0    39.0   47.310  177.964   1220.9    847.6
     1     1    14     1     7    10     0     0    40.0   47.201  178.558   1218.5    849.5
     1     1    14     1     7    11     0     0    41.0   47.108  179.179   1210.0    852.2
     1     1    14     1     7    12     0     0    42.0   47.026  179.824   1194.3    856.0
     1     1    14     1     7    13     0     0    43.0   46.958 -179.514   1170.9    858.8
     1     1    14     1     7    14     0     0    44.0   46.910 -178.840   1141.9    862.1
     1     1    14     1     7    15     0     0    45.0   46.877 -178.158   1106.6    866.2
     1     1    14     1     7    16     0     0    46.0   46.855 -177.470   1063.9    871.3
     1     1    14     1     7    17     0     0    47.0   46.838 -176.775   1014.1    876.7
     1     1    14     1     7    18     0     0    48.0   46.816 -176.070    958.3    882.8
