     1     1
    CDC1    14     1     1     0     0
     1 FORWARD  OMEGA   
    14     1     7     0   50.000  175.000  1000.0
     1 PRESSURE
     1     1    14     1     7     0     0     0     0.0   50.000  175.000   1000.0    865.9
     1     1    14     1     7     1     0     0     1.0   49.852  175.097    971.1    869.7
     1     1    14     1     7     2     0     0     2.0   49.695  175.244    946.9    872.7
     1     1    14     1     7     3     0     0     3.0   49.528  175.439    927.0    875.0
     1     1    14     1     7     4     0     0     4.0   49.350  175.681    911.0    876.8
     1     1    14     1     7     5     0     0     5.0   49.161  175.967    898.4    878.4
     1     1    14     1     7     6     0     0     6.0   48.958  176.295    889.0    879.7
     1     1    14     1     7     7     0     0     7.0   48.761  176.662    882.7    880.7
     1     1    14     1     7     8     0     0     8.0   48.595  177.062    878.5    881.5
     1     1    14     1     7     9     0     0     9.0   48.459  177.494    875.6    882.3
     1     1    14     1     7    10     0     0    10.0   48.351  177.956    873.8    883.6
     1     1    14     1     7    11     0     0    11.0   48.268  178.447    872.2    885.1
     1     1    14     1     7    12     0     0    12.0   48.206  178.964    869.9    886.9
     1     1    14     1     7    13     0     0    13.0   48.162  179.505    864.5    888.4
     1     1    14     1     7    14     0     0    14.0   48.136 -179.930    853.8    890.6
     1     1    14     1     7    15     0     0    15.0   48.128 -179.339    837.7    892.9
     1     1    14     1     7    16     0     0    16.0   48.133 -178.724    816.1    895.8
     1     1    14     1     7    17     0     0    17.0   48.149 -178.082    788.2    899.8
     1     1    14     1     7    18     0     0    18.0   48.172 -177.415    753.4    904.6
     1     1    14     1     7    19     0     0    19.0   48.203 -176.745    716.5    908.6
     1     1    14     1     7    20     0     0    20.0   48.246 -176.094    682.8    911.8
     1     1    14     1     7    21     0     0    21.0   48.307 -175.463    650.9    915.0
     1     1    14     1     7    22     0     0    22.0   48.388 -174.853    620.3    918.4
     1     1    14     1     7    23     0     0    23.0   48.490 -174.261    591.0    921.8
     1     1    14     1     8     0     0     0    24.0   48.610 -173.687    562.4    925.3
     1     1    14     1     8     1     0     0    25.0   48.741 -173.133    535.0    928.6
     1     1    14     1     8     2     0     0    26.0   48.878 -172.606    509.8    931.6
     1     1    14     1     8     3     0     0    27.0   49.027 -172.110    486.7    934.7
     1     1    14     1     8     4     0     0    28.0   49.191 -171.644    465.0    937.4
     1     1    14     1     8     5     0     0    29.0   49.372 -171.207    443.6    940.0
     1     1    14     1     8     6     0     0    30.0   49.574 -170.801    421.6    942.3
     1     1    14     1     8     7     0     0    31.0   49.789 -170.409    400.9    944.5
     1     1    14     1     8     8     0     0    32.0   50.007 -170.018    383.9    945.6
     1     1    14     1     8     9     0     0    33.0   50.228 -169.627    371.4    946.9
     1     1    14     1     8    10     0     0    34.0   50.451 -169.235    363.8    947.6
     1     1    14     1     8    11     0     0    35.0   50.678 -168.847    360.7    947.6
     1     1    14     1     8    12     0     0    36.0   50.911 -168.467    362.0    947.1
     1     1    14     1     8    13     0     0    37.0   51.138 -168.084    365.3    946.1
     1     1    14     1     8    14     0     0    38.0   51.348 -167.691    368.4    945.3
     1     1    14     1     8    15     0     0    39.0   51.541 -167.298    372.3    944.6
     1     1    14     1     8    16     0     0    40.0   51.721 -166.919    377.6    944.0
     1     1    14     1     8    17     0     0    41.0   51.892 -166.563    385.2    943.2
     1     1    14     1     8    18     0     0    42.0   52.055 -166.239    395.8    941.6
     1     1    14     1     8    19     0     0    43.0   52.214 -165.918    407.9    939.7
     1     1    14     1     8    20     0     0    44.0   52.368 -165.569    419.8    938.0
     1     1    14     1     8    21     0     0    45.0   52.515 -165.193    431.4    936.3
     1     1    14     1     8    22     0     0    46.0   52.655 -164.793    442.2    935.1
     1     1    14     1     8    23     0     0    47.0   52.787 -164.371    452.0    934.3
     1     1    14     1     9     0     0     0    48.0   52.910 -163.934    460.8    933.6
