     1     1
    CDC1    14     1     1     0     0
     1 FORWARD  OMEGA   
    14     1    14    18   50.000  175.000  1000.0
     1 PRESSURE
     1     1    14     1    14    18     0     0     0.0   50.000  175.000   1000.0    875.3
     1     1    14     1    14    19     0     0     1.0   49.786  175.126    944.9    882.1
     1     1    14     1    14    20     0     0     2.0   49.575  175.255    899.3    886.7
     1     1    14     1    14    21     0     0     3.0   49.366  175.387    861.6    890.4
     1     1    14     1    14    22     0     0     4.0   49.161  175.524    830.6    893.6
     1     1    14     1    14    23     0     0     5.0   48.960  175.667    805.1    896.2
     1     1    14     1    15     0     0     0     6.0   48.763  175.817    784.2    898.4
     1     1    14     1    15     1     0     0     7.0   48.563  175.968    765.6    900.4
     1     1    14     1    15     2     0     0     8.0   48.352  176.114    747.1    902.8
     1     1    14     1    15     3     0     0     9.0   48.130  176.252    729.1    905.3
     1     1    14     1    15     4     0     0    10.0   47.896  176.383    711.8    907.8
     1     1    14     1    15     5     0     0    11.0   47.650  176.506    695.2    910.5
     1     1    14     1    15     6     0     0    12.0   47.391  176.618    680.1    913.0
     1     1    14     1    15     7     0     0    13.0   47.126  176.733    666.9    915.1
     1     1    14     1    15     8     0     0    14.0   46.860  176.864    655.4    917.1
     1     1    14     1    15     9     0     0    15.0   46.594  177.004    645.2    918.9
     1     1    14     1    15    10     0     0    16.0   46.326  177.148    636.0    920.8
     1     1    14     1    15    11     0     0    17.0   46.056  177.289    627.3    922.5
     1     1    14     1    15    12     0     0    18.0   45.783  177.422    618.8    924.2
     1     1    14     1    15    13     0     0    19.0   45.506  177.548    612.4    925.7
     1     1    14     1    15    14     0     0    20.0   45.222  177.673    609.9    926.6
     1     1    14     1    15    15     0     0    21.0   44.930  177.798    611.2    927.0
     1     1    14     1    15    16     0     0    22.0   44.629  177.933    615.9    926.8
     1     1    14     1    15    17     0     0    23.0   44.318  178.078    624.0    926.2
     1     1    14     1    15    18     0     0    24.0   43.993  178.223    635.9    925.1
     1     1    14     1    15    19     0     0    25.0   43.659  178.363    648.6    923.1
     1     1    14     1    15    20     0     0    26.0   43.320  178.499    658.6    921.9
     1     1    14     1    15    21     0     0    27.0   42.975  178.635    665.8    920.9
     1     1    14     1    15    22     0     0    28.0   42.623  178.771    669.8    920.4
     1     1    14     1    15    23     0     0    29.0   42.265  178.923    669.9    920.9
     1     1    14     1    16     0     0     0    30.0   41.900  179.109    665.1    922.6
     1     1    14     1    16     1     0     0    31.0   41.539  179.327    656.9    924.7
     1     1    14     1    16     2     0     0    32.0   41.189  179.570    646.7    926.9
     1     1    14     1    16     3     0     0    33.0   40.851  179.835    634.1    929.6
     1     1    14     1    16     4     0     0    34.0   40.521 -179.880    618.9    932.6
     1     1    14     1    16     5     0     0    35.0   40.201 -179.576    601.2    935.8
     1     1    14     1    16     6     0     0    36.0   39.888 -179.254    580.8    939.0
     1     1    14     1    16     7     0     0    37.0   39.586 -178.915    558.4    942.1
     1     1    14     1    16     8     0     0    38.0   39.300 -178.569    534.3    945.1
     1     1    14     1    16     9     0     0    39.0   39.030 -178.220    508.5    948.4
     1     1    14     1    16    10     0     0    40.0   38.774 -177.872    480.8    951.9
     1     1    14     1    16    11     0     0    41.0   38.533 -177.529    451.4    955.7
     1     1    14     1    16    12     0     0    42.0   38.303 -177.194    420.7    959.7
     1     1    14     1    16    13     0     0    43.0   38.081 -176.858    390.7    963.1
     1     1    14     1    16    14     0     0    44.0   37.864 -176.513    363.3    965.4
     1     1    14     1    16    15     0     0    45.0   37.655 -176.162    338.4    967.3
     1     1    14     1    16    16     0     0    46.0   37.457 -175.806    315.9    969.3
     1     1    14     1    16    17     0     0    47.0   37.271 -175.446    296.0    971.6
     1     1    14     1    16    18     0     0    48.0   37.101 -175.083    278.5    973.8
