     1     1
    CDC1    14     1     1     0     0
     1 FORWARD  OMEGA   
    14     1     1    12   50.000  175.000  1000.0
     1 PRESSURE
     1     1    14     1     1    12     0     0     0.0   50.000  175.000   1000.0    872.6
     1     1    14     1     1    13     0     0     1.0   49.911  175.080   1050.5    866.5
     1     1    14     1     1    14     0     0     2.0   49.799  175.254   1096.3    860.9
     1     1    14     1     1    15     0     0     3.0   49.671  175.517   1137.0    855.7
     1     1    14     1     1    16     0     0     4.0   49.534  175.867   1172.1    850.9
     1     1    14     1     1    17     0     0     5.0   49.391  176.301   1201.2    846.7
     1     1    14     1     1    18     0     0     6.0   49.245  176.820   1224.0    842.8
     1     1    14     1     1    19     0     0     7.0   49.103  177.416   1244.8    841.2
     1     1    14     1     1    20     0     0     8.0   48.972  178.076   1263.7    840.6
     1     1    14     1     1    21     0     0     9.0   48.861  178.795   1282.7    840.0
     1     1    14     1     1    22     0     0    10.0   48.764  179.573   1301.3    839.2
     1     1    14     1     1    23     0     0    11.0   48.683 -179.590   1318.7    838.4
     1     1    14     1     2     0     0     0    12.0   48.631 -178.699   1333.1    837.9
     1     1    14     1     2     1     0     0    13.0   48.624 -177.779   1342.6    837.7
     1     1    14     1     2     2     0     0    14.0   48.666 -176.852   1342.9    838.7
     1     1    14     1     2     3     0     0    15.0   48.754 -175.923   1335.4    840.5
     1     1    14     1     2     4     0     0    16.0   48.884 -174.991   1321.0    842.7
     1     1    14     1     2     5     0     0    17.0   49.056 -174.061   1300.8    846.1
     1     1    14     1     2     6     0     0    18.0   49.279 -173.138   1275.7    849.1
     1     1    14     1     2     7     0     0    19.0   49.573 -172.238   1251.1    853.6
     1     1    14     1     2     8     0     0    20.0   49.942 -171.365   1229.5    857.0
     1     1    14     1     2     9     0     0    21.0   50.381 -170.524   1213.3    859.0
     1     1    14     1     2    10     0     0    22.0   50.886 -169.725   1206.2    859.3
     1     1    14     1     2    11     0     0    23.0   51.449 -168.952   1207.5    858.4
     1     1    14     1     2    12     0     0    24.0   52.077 -168.183   1216.1    856.5
     1     1    14     1     2    13     0     0    25.0   52.762 -167.428   1231.4    854.9
     1     1    14     1     2    14     0     0    26.0   53.454 -166.726   1249.6    853.5
     1     1    14     1     2    15     0     0    27.0   54.132 -166.075   1270.2    850.9
     1     1    14     1     2    16     0     0    28.0   54.812 -165.458   1294.5    847.1
     1     1    14     1     2    17     0     0    29.0   55.495 -164.885   1322.9    844.3
     1     1    14     1     2    18     0     0    30.0   56.165 -164.390   1353.3    842.1
     1     1    14     1     2    19     0     0    31.0   56.818 -163.987   1387.4    839.8
     1     1    14     1     2    20     0     0    32.0   57.460 -163.664   1427.8    835.8
     1     1    14     1     2    21     0     0    33.0   58.091 -163.393   1472.8    830.1
     1     1    14     1     2    22     0     0    34.0   58.707 -163.154   1519.0    824.2
     1     1    14     1     2    23     0     0    35.0   59.318 -162.950   1563.9    818.4
     1     1    14     1     3     0     0     0    36.0   59.933 -162.792   1605.1    812.8
     1     1    14     1     3     1     0     0    37.0   60.524 -162.642   1639.5    809.0
     1     1    14     1     3     2     0     0    38.0   61.066 -162.467   1668.6    805.9
     1     1    14     1     3     3     0     0    39.0   61.565 -162.288   1694.6    802.6
     1     1    14     1     3     4     0     0    40.0   62.027 -162.131   1720.3    799.5
     1     1    14     1     3     5     0     0    41.0   62.458 -162.018   1748.0    796.0
     1     1    14     1     3     6     0     0    42.0   62.860 -161.959   1778.6    791.8
     1     1    14     1     3     7     0     0    43.0   63.240 -161.929   1808.4    787.3
     1     1    14     1     3     8     0     0    44.0   63.612 -161.908   1834.2    783.8
     1     1    14     1     3     9     0     0    45.0   63.978 -161.901   1856.4    780.6
     1     1    14     1     3    10     0     0    46.0   64.341 -161.913   1875.8    777.7
     1     1    14     1     3    11     0     0    47.0   64.702 -161.951   1892.9    775.1
     1     1    14     1     3    12     0     0    48.0   65.064 -162.018   1908.4    772.5
