     1     1
    CDC1    14     1     1     0     0
     1 FORWARD  OMEGA   
    14     1    27    18   50.000  175.000  1000.0
     1 PRESSURE
     1     1    14     1    27    18     0     0     0.0   50.000  175.000   1000.0    879.7
     1     1    14     1    27    19     0     0     1.0   50.759  175.670    988.5    879.9
     1     1    14     1    27    20     0     0     2.0   51.489  176.228    983.0    879.8
     1     1    14     1    27    21     0     0     3.0   52.217  176.703    978.8    880.6
     1     1    14     1    27    22     0     0     4.0   52.949  177.101    973.1    880.6
     1     1    14     1    27    23     0     0     5.0   53.680  177.409    966.9    880.0
     1     1    14     1    28     0     0     0     6.0   54.419  177.618    962.8    878.8
     1     1    14     1    28     1     0     0     7.0   55.136  177.724    961.9    877.0
     1     1    14     1    28     2     0     0     8.0   55.783  177.730    966.4    876.6
     1     1    14     1    28     3     0     0     9.0   56.368  177.628    975.4    875.5
     1     1    14     1    28     4     0     0    10.0   56.915  177.403    990.6    873.3
     1     1    14     1    28     5     0     0    11.0   57.442  177.040   1015.2    869.8
     1     1    14     1    28     6     0     0    12.0   57.950  176.538   1051.0    862.9
     1     1    14     1    28     7     0     0    13.0   58.438  175.938   1095.2    854.9
     1     1    14     1    28     8     0     0    14.0   58.913  175.271   1142.6    846.7
     1     1    14     1    28     9     0     0    15.0   59.379  174.523   1193.5    838.0
     1     1    14     1    28    10     0     0    16.0   59.832  173.683   1248.6    828.2
     1     1    14     1    28    11     0     0    17.0   60.275  172.752   1306.7    817.2
     1     1    14     1    28    12     0     0    18.0   60.697  171.738   1367.1    805.4
     1     1    14     1    28    13     0     0    19.0   61.077  170.646   1434.4    793.0
     1     1    14     1    28    14     0     0    20.0   61.407  169.492   1511.2    779.4
     1     1    14     1    28    15     0     0    21.0   61.691  168.303   1597.4    765.9
     1     1    14     1    28    16     0     0    22.0   61.934  167.096   1691.4    752.8
     1     1    14     1    28    17     0     0    23.0   62.147  165.882   1791.2    740.2
     1     1    14     1    28    18     0     0    24.0   62.339  164.667   1892.6    727.8
     1     1    14     1    28    19     0     0    25.0   62.524  163.452   1995.4    716.7
     1     1    14     1    28    20     0     0    26.0   62.714  162.258   2097.7    705.9
     1     1    14     1    28    21     0     0    27.0   62.920  161.097   2196.1    694.5
     1     1    14     1    28    22     0     0    28.0   63.153  159.963   2291.5    683.4
     1     1    14     1    28    23     0     0    29.0   63.419  158.848   2381.9    671.6
     1     1    14     1    29     0     0     0    30.0   63.727  157.746   2469.8    661.6
     1     1    14     1    29     1     0     0    31.0   64.053  156.629   2553.7    654.1
     1     1    14     1    29     2     0     0    32.0   64.370  155.482   2627.7    649.7
     1     1    14     1    29     3     0     0    33.0   64.675  154.303   2690.7    647.5
     1     1    14     1    29     4     0     0    34.0   64.969  153.094   2741.5    647.0
     1     1    14     1    29     5     0     0    35.0   65.252  151.870   2776.8    646.2
     1     1    14     1    29     6     0     0    36.0   65.525  150.646   2796.9    644.3
     1     1    14     1    29     7     0     0    37.0   65.789  149.415   2809.3    640.4
     1     1    14     1    29     8     0     0    38.0   66.042  148.161   2820.4    633.6
     1     1    14     1    29     9     0     0    39.0   66.284  146.880   2828.9    626.8
     1     1    14     1    29    10     0     0    40.0   66.518  145.570   2831.1    620.0
     1     1    14     1    29    11     0     0    41.0   66.742  144.240   2827.2    615.5
     1     1    14     1    29    12     0     0    42.0   66.956  142.913   2813.3    613.3
     1     1    14     1    29    13     0     0    43.0   67.148  141.633   2797.1    615.3
     1     1    14     1    29    14     0     0    44.0   67.312  140.442   2781.6    617.6
     1     1    14     1    29    15     0     0    45.0   67.453  139.348   2768.7    620.1
     1     1    14     1    29    16     0     0    46.0   67.574  138.346   2759.9    622.5
     1     1    14     1    29    17     0     0    47.0   67.679  137.423   2756.6    624.0
     1     1    14     1    29    18     0     0    48.0   67.770  136.569   2760.0    624.7
