     1     1
    CDC1    14     1     1     0     0
     1 FORWARD  OMEGA   
    14     1    10    12   50.000  175.000  1000.0
     1 PRESSURE
     1     1    14     1    10    12     0     0     0.0   50.000  175.000   1000.0    862.4
     1     1    14     1    10    13     0     0     1.0   50.255  175.475   1068.4    855.0
     1     1    14     1    10    14     0     0     2.0   50.493  175.941   1134.5    847.6
     1     1    14     1    10    15     0     0     3.0   50.719  176.409   1196.4    840.8
     1     1    14     1    10    16     0     0     4.0   50.940  176.884   1252.5    834.7
     1     1    14     1    10    17     0     0     5.0   51.159  177.368   1301.9    829.3
     1     1    14     1    10    18     0     0     6.0   51.381  177.859   1344.5    824.4
     1     1    14     1    10    19     0     0     7.0   51.594  178.341   1384.3    820.1
     1     1    14     1    10    20     0     0     8.0   51.794  178.806   1426.9    815.0
     1     1    14     1    10    21     0     0     9.0   51.987  179.262   1472.6    809.5
     1     1    14     1    10    22     0     0    10.0   52.179  179.717   1521.8    803.6
     1     1    14     1    10    23     0     0    11.0   52.375 -179.825   1574.5    797.4
     1     1    14     1    11     0     0     0    12.0   52.575 -179.361   1629.5    791.4
     1     1    14     1    11     1     0     0    13.0   52.779 -178.912   1680.4    785.7
     1     1    14     1    11     2     0     0    14.0   52.984 -178.497   1723.5    781.0
     1     1    14     1    11     3     0     0    15.0   53.191 -178.125   1759.1    776.6
     1     1    14     1    11     4     0     0    16.0   53.398 -177.802   1787.7    772.9
     1     1    14     1    11     5     0     0    17.0   53.605 -177.535   1809.7    769.7
     1     1    14     1    11     6     0     0    18.0   53.807 -177.331   1826.4    767.5
     1     1    14     1    11     7     0     0    19.0   53.988 -177.183   1842.0    766.3
     1     1    14     1    11     8     0     0    20.0   54.137 -177.071   1860.9    764.2
     1     1    14     1    11     9     0     0    21.0   54.252 -176.983   1883.6    761.7
     1     1    14     1    11    10     0     0    22.0   54.335 -176.911   1910.5    758.8
     1     1    14     1    11    11     0     0    23.0   54.386 -176.843   1941.6    755.5
     1     1    14     1    11    12     0     0    24.0   54.407 -176.770   1976.3    751.8
     1     1    14     1    11    13     0     0    25.0   54.412 -176.675   2008.4    748.3
     1     1    14     1    11    14     0     0    26.0   54.416 -176.552   2032.0    746.2
     1     1    14     1    11    15     0     0    27.0   54.418 -176.400   2047.1    744.9
     1     1    14     1    11    16     0     0    28.0   54.419 -176.217   2053.3    744.4
     1     1    14     1    11    17     0     0    29.0   54.420 -176.003   2050.5    744.7
     1     1    14     1    11    18     0     0    30.0   54.420 -175.755   2038.7    745.9
     1     1    14     1    11    19     0     0    31.0   54.427 -175.483   2023.1    747.9
     1     1    14     1    11    20     0     0    32.0   54.446 -175.197   2008.3    749.2
     1     1    14     1    11    21     0     0    33.0   54.480 -174.901   1995.2    750.5
     1     1    14     1    11    22     0     0    34.0   54.528 -174.597   1984.5    751.8
     1     1    14     1    11    23     0     0    35.0   54.588 -174.292   1976.5    752.6
     1     1    14     1    12     0     0     0    36.0   54.662 -173.988   1971.5    753.1
     1     1    14     1    12     1     0     0    37.0   54.743 -173.692   1971.5    753.4
     1     1    14     1    12     2     0     0    38.0   54.824 -173.405   1977.6    753.0
     1     1    14     1    12     3     0     0    39.0   54.909 -173.126   1990.2    751.9
     1     1    14     1    12     4     0     0    40.0   54.998 -172.853   2009.1    750.1
     1     1    14     1    12     5     0     0    41.0   55.091 -172.588   2034.1    748.2
     1     1    14     1    12     6     0     0    42.0   55.188 -172.337   2064.2    745.8
     1     1    14     1    12     7     0     0    43.0   55.289 -172.104   2097.0    742.9
     1     1    14     1    12     8     0     0    44.0   55.394 -171.899   2130.4    740.2
     1     1    14     1    12     9     0     0    45.0   55.501 -171.726   2164.5    737.3
     1     1    14     1    12    10     0     0    46.0   55.610 -171.585   2199.2    734.3
     1     1    14     1    12    11     0     0    47.0   55.718 -171.480   2234.6    731.1
     1     1    14     1    12    12     0     0    48.0   55.823 -171.410   2270.4    727.8
