     1     1
    CDC1    14     1     1     0     0
     1 FORWARD  OMEGA   
    14     1    22    18   50.000  175.000  1000.0
     1 PRESSURE
     1     1    14     1    22    18     0     0     0.0   50.000  175.000   1000.0    883.4
     1     1    14     1    22    19     0     0     1.0   49.968  174.706    972.2    887.0
     1     1    14     1    22    20     0     0     2.0   49.952  174.421    949.7    889.7
     1     1    14     1    22    21     0     0     3.0   49.951  174.149    931.3    892.0
     1     1    14     1    22    22     0     0     4.0   49.964  173.894    916.2    893.7
     1     1    14     1    22    23     0     0     5.0   49.988  173.656    903.7    895.2
     1     1    14     1    23     0     0     0     6.0   50.023  173.439    893.4    896.4
     1     1    14     1    23     1     0     0     7.0   50.069  173.244    885.4    897.1
     1     1    14     1    23     2     0     0     8.0   50.126  173.072    879.8    897.4
     1     1    14     1    23     3     0     0     9.0   50.192  172.918    877.3    897.4
     1     1    14     1    23     4     0     0    10.0   50.266  172.779    878.2    897.0
     1     1    14     1    23     5     0     0    11.0   50.346  172.653    883.0    896.0
     1     1    14     1    23     6     0     0    12.0   50.432  172.536    892.0    894.6
     1     1    14     1    23     7     0     0    13.0   50.528  172.435    904.8    892.7
     1     1    14     1    23     8     0     0    14.0   50.640  172.356    919.5    890.7
     1     1    14     1    23     9     0     0    15.0   50.770  172.298    935.9    888.5
     1     1    14     1    23    10     0     0    16.0   50.916  172.256    953.7    885.9
     1     1    14     1    23    11     0     0    17.0   51.080  172.228    972.5    883.2
     1     1    14     1    23    12     0     0    18.0   51.262  172.209    992.0    880.5
     1     1    14     1    23    13     0     0    19.0   51.455  172.202   1011.2    877.6
     1     1    14     1    23    14     0     0    20.0   51.649  172.207   1029.3    874.9
     1     1    14     1    23    15     0     0    21.0   51.846  172.224   1046.4    872.3
     1     1    14     1    23    16     0     0    22.0   52.046  172.250   1062.8    869.8
     1     1    14     1    23    17     0     0    23.0   52.249  172.282   1078.7    867.3
     1     1    14     1    23    18     0     0    24.0   52.456  172.319   1094.3    864.8
     1     1    14     1    23    19     0     0    25.0   52.675  172.344   1111.7    862.8
     1     1    14     1    23    20     0     0    26.0   52.912  172.346   1130.8    860.3
     1     1    14     1    23    21     0     0    27.0   53.168  172.327   1152.0    857.4
     1     1    14     1    23    22     0     0    28.0   53.445  172.286   1174.9    854.2
     1     1    14     1    23    23     0     0    29.0   53.741  172.223   1199.1    850.9
     1     1    14     1    24     0     0     0    30.0   54.058  172.138   1224.4    847.4
     1     1    14     1    24     1     0     0    31.0   54.378  172.053   1247.2    844.3
     1     1    14     1    24     2     0     0    32.0   54.687  171.991   1262.5    842.4
     1     1    14     1    24     3     0     0    33.0   54.987  171.949   1269.5    841.5
     1     1    14     1    24     4     0     0    34.0   55.276  171.935   1269.0    843.5
     1     1    14     1    24     5     0     0    35.0   55.553  171.959   1260.4    846.2
     1     1    14     1    24     6     0     0    36.0   55.819  172.019   1244.1    849.7
     1     1    14     1    24     7     0     0    37.0   56.079  172.108   1228.3    853.3
     1     1    14     1    24     8     0     0    38.0   56.334  172.212   1221.4    855.0
     1     1    14     1    24     9     0     0    39.0   56.582  172.329   1222.9    855.8
     1     1    14     1    24    10     0     0    40.0   56.824  172.453   1232.7    855.6
     1     1    14     1    24    11     0     0    41.0   57.054  172.581   1250.3    854.6
     1     1    14     1    24    12     0     0    42.0   57.269  172.714   1275.2    852.7
     1     1    14     1    24    13     0     0    43.0   57.469  172.869   1298.5    850.6
     1     1    14     1    24    14     0     0    44.0   57.652  173.060   1310.4    848.3
     1     1    14     1    24    15     0     0    45.0   57.817  173.282   1312.7    847.1
     1     1    14     1    24    16     0     0    46.0   57.959  173.536   1307.4    847.1
     1     1    14     1    24    17     0     0    47.0   58.077  173.825   1296.0    848.0
     1     1    14     1    24    18     0     0    48.0   58.167  174.150   1280.1    849.6
