     1     1
    CDC1    14     1     1     0     0
     1 FORWARD  OMEGA   
    14     1    21    12   50.000  175.000  1000.0
     1 PRESSURE
     1     1    14     1    21    12     0     0     0.0   50.000  175.000   1000.0    877.3
     1     1    14     1    21    13     0     0     1.0   49.945  175.120    999.5    877.8
     1     1    14     1    21    14     0     0     2.0   49.887  175.257   1001.2    877.9
     1     1    14     1    21    15     0     0     3.0   49.828  175.410   1005.1    877.7
     1     1    14     1    21    16     0     0     4.0   49.767  175.576   1011.5    877.1
     1     1    14     1    21    17     0     0     5.0   49.705  175.753   1020.5    876.2
     1     1    14     1    21    18     0     0     6.0   49.644  175.939   1032.2    874.9
     1     1    14     1    21    19     0     0     7.0   49.578  176.125   1043.6    873.1
     1     1    14     1    21    20     0     0     8.0   49.502  176.303   1051.5    872.1
     1     1    14     1    21    21     0     0     9.0   49.415  176.476   1055.8    871.6
     1     1    14     1    21    22     0     0    10.0   49.317  176.647   1056.4    871.5
     1     1    14     1    21    23     0     0    11.0   49.206  176.819   1053.3    871.9
     1     1    14     1    22     0     0     0    12.0   49.083  176.993   1046.4    872.8
     1     1    14     1    22     1     0     0    13.0   48.952  177.155   1037.0    873.9
     1     1    14     1    22     2     0     0    14.0   48.821  177.287   1026.0    875.2
     1     1    14     1    22     3     0     0    15.0   48.688  177.385   1012.8    876.8
     1     1    14     1    22     4     0     0    16.0   48.552  177.449    996.9    878.8
     1     1    14     1    22     5     0     0    17.0   48.415  177.474    978.1    881.1
     1     1    14     1    22     6     0     0    18.0   48.276  177.458    956.0    883.8
     1     1    14     1    22     7     0     0    19.0   48.149  177.396    932.8    886.5
     1     1    14     1    22     8     0     0    20.0   48.049  177.283    911.6    888.4
     1     1    14     1    22     9     0     0    21.0   47.976  177.113    892.6    890.0
     1     1    14     1    22    10     0     0    22.0   47.929  176.884    876.3    891.4
     1     1    14     1    22    11     0     0    23.0   47.908  176.592    863.4    892.4
     1     1    14     1    22    12     0     0    24.0   47.908  176.236    854.7    893.0
     1     1    14     1    22    13     0     0    25.0   47.910  175.841    850.5    893.5
     1     1    14     1    22    14     0     0    26.0   47.894  175.433    848.9    893.7
     1     1    14     1    22    15     0     0    27.0   47.860  175.019    849.8    893.7
     1     1    14     1    22    16     0     0    28.0   47.812  174.612    852.8    894.1
     1     1    14     1    22    17     0     0    29.0   47.752  174.226    857.8    894.1
     1     1    14     1    22    18     0     0    30.0   47.679  173.866    864.6    893.9
     1     1    14     1    22    19     0     0    31.0   47.606  173.548    873.7    893.5
     1     1    14     1    22    20     0     0    32.0   47.544  173.289    885.2    892.9
     1     1    14     1    22    21     0     0    33.0   47.496  173.089    898.5    892.0
     1     1    14     1    22    22     0     0    34.0   47.463  172.950    913.3    890.9
     1     1    14     1    22    23     0     0    35.0   47.443  172.867    929.3    889.7
     1     1    14     1    23     0     0     0    36.0   47.439  172.837    946.9    888.1
     1     1    14     1    23     1     0     0    37.0   47.445  172.850    967.0    885.8
     1     1    14     1    23     2     0     0    38.0   47.458  172.902    989.3    883.2
     1     1    14     1    23     3     0     0    39.0   47.477  172.989   1013.9    880.2
     1     1    14     1    23     4     0     0    40.0   47.503  173.111   1040.8    876.9
     1     1    14     1    23     5     0     0    41.0   47.536  173.266   1069.3    873.3
     1     1    14     1    23     6     0     0    42.0   47.576  173.454   1098.7    869.7
     1     1    14     1    23     7     0     0    43.0   47.621  173.667   1128.1    866.0
     1     1    14     1    23     8     0     0    44.0   47.668  173.897   1157.8    862.3
     1     1    14     1    23     9     0     0    45.0   47.713  174.143   1187.8    858.6
     1     1    14     1    23    10     0     0    46.0   47.756  174.407   1218.7    854.9
     1     1    14     1    23    11     0     0    47.0   47.794  174.689   1251.0    851.0
     1     1    14     1    23    12     0     0    48.0   47.824  174.991   1285.3    847.0
