     1     1
    CDC1    14     1     1     0     0
     1 FORWARD  OMEGA   
    14     1    21    18   50.000  175.000  1000.0
     1 PRESSURE
     1     1    14     1    21    18     0     0     0.0   50.000  175.000   1000.0    881.4
     1     1    14     1    21    19     0     0     1.0   49.902  175.169   1006.1    880.2
     1     1    14     1    21    20     0     0     2.0   49.793  175.331   1008.0    879.7
     1     1    14     1    21    21     0     0     3.0   49.673  175.487   1005.7    879.7
     1     1    14     1    21    22     0     0     4.0   49.542  175.639    999.1    880.3
     1     1    14     1    21    23     0     0     5.0   49.399  175.788    988.1    881.4
     1     1    14     1    22     0     0     0     6.0   49.245  175.935    972.7    883.1
     1     1    14     1    22     1     0     0     7.0   49.086  176.066    954.6    885.0
     1     1    14     1    22     2     0     0     8.0   48.932  176.166    935.6    887.0
     1     1    14     1    22     3     0     0     9.0   48.781  176.229    915.2    888.9
     1     1    14     1    22     4     0     0    10.0   48.633  176.253    893.2    891.0
     1     1    14     1    22     5     0     0    11.0   48.489  176.232    869.2    893.4
     1     1    14     1    22     6     0     0    12.0   48.350  176.163    843.3    895.9
     1     1    14     1    22     7     0     0    13.0   48.225  176.040    817.8    898.6
     1     1    14     1    22     8     0     0    14.0   48.125  175.861    795.1    900.7
     1     1    14     1    22     9     0     0    15.0   48.048  175.622    775.9    902.4
     1     1    14     1    22    10     0     0    16.0   47.994  175.319    760.8    903.8
     1     1    14     1    22    11     0     0    17.0   47.961  174.952    750.7    904.8
     1     1    14     1    22    12     0     0    18.0   47.950  174.528    746.5    905.9
     1     1    14     1    22    13     0     0    19.0   47.945  174.088    746.3    906.7
     1     1    14     1    22    14     0     0    20.0   47.930  173.666    747.2    907.4
     1     1    14     1    22    15     0     0    21.0   47.907  173.268    749.6    907.9
     1     1    14     1    22    16     0     0    22.0   47.878  172.901    753.4    908.0
     1     1    14     1    22    17     0     0    23.0   47.841  172.568    758.3    907.9
     1     1    14     1    22    18     0     0    24.0   47.798  172.277    764.5    907.5
     1     1    14     1    22    19     0     0    25.0   47.757  172.045    771.9    907.1
     1     1    14     1    22    20     0     0    26.0   47.730  171.877    779.2    906.7
     1     1    14     1    22    21     0     0    27.0   47.716  171.770    786.3    906.2
     1     1    14     1    22    22     0     0    28.0   47.715  171.718    792.8    905.8
     1     1    14     1    22    23     0     0    29.0   47.727  171.716    798.6    905.3
     1     1    14     1    23     0     0     0    30.0   47.751  171.759    803.8    905.0
     1     1    14     1    23     1     0     0    31.0   47.781  171.834    810.9    904.5
     1     1    14     1    23     2     0     0    32.0   47.813  171.931    821.3    903.3
     1     1    14     1    23     3     0     0    33.0   47.848  172.048    835.4    901.7
     1     1    14     1    23     4     0     0    34.0   47.884  172.186    852.8    899.7
     1     1    14     1    23     5     0     0    35.0   47.924  172.344    873.3    897.5
     1     1    14     1    23     6     0     0    36.0   47.967  172.521    896.2    895.0
     1     1    14     1    23     7     0     0    37.0   48.016  172.714    920.0    891.9
     1     1    14     1    23     8     0     0    38.0   48.074  172.918    943.8    888.9
     1     1    14     1    23     9     0     0    39.0   48.139  173.132    967.7    885.8
     1     1    14     1    23    10     0     0    40.0   48.209  173.356    992.0    882.6
     1     1    14     1    23    11     0     0    41.0   48.284  173.589   1017.0    879.3
     1     1    14     1    23    12     0     0    42.0   48.362  173.830   1043.2    876.1
     1     1    14     1    23    13     0     0    43.0   48.438  174.072   1070.0    872.7
     1     1    14     1    23    14     0     0    44.0   48.505  174.307   1096.6    869.5
     1     1    14     1    23    15     0     0    45.0   48.564  174.535   1123.6    866.3
     1     1    14     1    23    16     0     0    46.0   48.615  174.755   1151.3    863.0
     1     1    14     1    23    17     0     0    47.0   48.658  174.967   1180.1    859.6
     1     1    14     1    23    18     0     0    48.0   48.694  175.170   1210.6    856.3
