     1     1
    CDC1    14     1     1     0     0
     1 FORWARD  OMEGA   
    14     1    11    18   50.000  175.000  1000.0
     1 PRESSURE
     1     1    14     1    11    18     0     0     0.0   50.000  175.000   1000.0    868.7
     1     1    14     1    11    19     0     0     1.0   50.035  175.659   1003.9    867.0
     1     1    14     1    11    20     0     0     2.0   50.073  176.312   1005.8    865.6
     1     1    14     1    11    21     0     0     3.0   50.121  176.963   1006.4    864.5
     1     1    14     1    11    22     0     0     4.0   50.182  177.613   1006.3    863.6
     1     1    14     1    11    23     0     0     5.0   50.259  178.264   1005.6    863.0
     1     1    14     1    12     0     0     0     6.0   50.353  178.917   1003.5    862.6
     1     1    14     1    12     1     0     0     7.0   50.448  179.584   1000.1    862.3
     1     1    14     1    12     2     0     0     8.0   50.526 -179.724    995.5    862.6
     1     1    14     1    12     3     0     0     9.0   50.592 -179.004    989.7    864.1
     1     1    14     1    12     4     0     0    10.0   50.655 -178.253    982.6    865.7
     1     1    14     1    12     5     0     0    11.0   50.723 -177.466    974.7    867.2
     1     1    14     1    12     6     0     0    12.0   50.809 -176.642    967.7    869.1
     1     1    14     1    12     7     0     0    13.0   50.927 -175.790    960.3    870.5
     1     1    14     1    12     8     0     0    14.0   51.082 -174.913    950.5    872.4
     1     1    14     1    12     9     0     0    15.0   51.272 -174.018    939.1    874.6
     1     1    14     1    12    10     0     0    16.0   51.494 -173.109    926.7    876.4
     1     1    14     1    12    11     0     0    17.0   51.748 -172.181    912.9    877.7
     1     1    14     1    12    12     0     0    18.0   52.030 -171.239    897.8    878.1
     1     1    14     1    12    13     0     0    19.0   52.341 -170.283    884.1    878.6
     1     1    14     1    12    14     0     0    20.0   52.672 -169.325    873.0    879.2
     1     1    14     1    12    15     0     0    21.0   53.009 -168.399    863.7    879.7
     1     1    14     1    12    16     0     0    22.0   53.354 -167.512    855.3    879.7
     1     1    14     1    12    17     0     0    23.0   53.704 -166.664    848.8    880.3
     1     1    14     1    12    18     0     0    24.0   54.061 -165.859    844.9    880.1
     1     1    14     1    12    19     0     0    25.0   54.429 -165.091    844.1    879.9
     1     1    14     1    12    20     0     0    26.0   54.804 -164.354    846.0    879.8
     1     1    14     1    12    21     0     0    27.0   55.179 -163.638    849.8    879.8
     1     1    14     1    12    22     0     0    28.0   55.549 -162.948    855.4    879.9
     1     1    14     1    12    23     0     0    29.0   55.911 -162.284    865.4    879.4
     1     1    14     1    13     0     0     0    30.0   56.267 -161.638    883.8    878.0
     1     1    14     1    13     1     0     0    31.0   56.603 -161.017    909.4    874.7
     1     1    14     1    13     2     0     0    32.0   56.912 -160.417    937.8    870.6
     1     1    14     1    13     3     0     0    33.0   57.198 -159.822    965.5    865.7
     1     1    14     1    13     4     0     0    34.0   57.461 -159.216    989.7    861.2
     1     1    14     1    13     5     0     0    35.0   57.700 -158.598   1007.2    857.2
     1     1    14     1    13     6     0     0    36.0   57.916 -157.973   1016.3    854.0
     1     1    14     1    13     7     0     0    37.0   58.132 -157.361   1022.4    852.0
     1     1    14     1    13     8     0     0    38.0   58.365 -156.782   1028.6    849.5
     1     1    14     1    13     9     0     0    39.0   58.615 -156.226   1033.4    846.5
     1     1    14     1    13    10     0     0    40.0   58.884 -155.682   1035.4    843.3
     1     1    14     1    13    11     0     0    41.0   59.172 -155.136   1033.1    839.8
     1     1    14     1    13    12     0     0    42.0   59.480 -154.577   1026.2    837.8
     1     1    14     1    13    13     0     0    43.0   59.788 -154.050   1021.4    835.9
     1     1    14     1    13    14     0     0    44.0   60.077 -153.608   1025.8    832.4
     1     1    14     1    13    15     0     0    45.0   60.348 -153.250   1038.6    829.0
     1     1    14     1    13    16     0     0    46.0   60.605 -152.962   1057.9    824.5
     1     1    14     1    13    17     0     0    47.0   60.854 -152.719   1081.6    819.3
     1     1    14     1    13    18     0     0    48.0   61.099 -152.497   1107.5    813.7
