     1     1
    CDC1    14     1     1     0     0
     1 FORWARD  OMEGA   
    14     1    28    12   50.000  175.000  1000.0
     1 PRESSURE
     1     1    14     1    28    12     0     0     0.0   50.000  175.000   1000.0    876.3
     1     1    14     1    28    13     0     0     1.0   50.067  175.700    989.9    876.6
     1     1    14     1    28    14     0     0     2.0   50.120  176.371    979.0    877.0
     1     1    14     1    28    15     0     0     3.0   50.156  177.017    967.1    877.7
     1     1    14     1    28    16     0     0     4.0   50.176  177.643    954.5    878.4
     1     1    14     1    28    17     0     0     5.0   50.183  178.256    942.6    879.2
     1     1    14     1    28    18     0     0     6.0   50.177  178.856    931.8    879.6
     1     1    14     1    28    19     0     0     7.0   50.153  179.439    920.1    880.2
     1     1    14     1    28    20     0     0     8.0   50.105 -179.999    905.6    881.3
     1     1    14     1    28    21     0     0     9.0   50.037 -179.450    888.7    884.0
     1     1    14     1    28    22     0     0    10.0   49.954 -178.908    869.8    887.1
     1     1    14     1    28    23     0     0    11.0   49.851 -178.372    848.2    890.6
     1     1    14     1    29     0     0     0    12.0   49.723 -177.841    823.1    894.6
     1     1    14     1    29     1     0     0    13.0   49.570 -177.298    794.6    899.1
     1     1    14     1    29     2     0     0    14.0   49.399 -176.728    766.1    903.8
     1     1    14     1    29     3     0     0    15.0   49.212 -176.133    738.2    908.2
     1     1    14     1    29     4     0     0    16.0   49.002 -175.517    710.5    912.6
     1     1    14     1    29     5     0     0    17.0   48.765 -174.882    682.5    916.7
     1     1    14     1    29     6     0     0    18.0   48.509 -174.232    654.5    920.3
     1     1    14     1    29     7     0     0    19.0   48.250 -173.571    629.7    923.3
     1     1    14     1    29     8     0     0    20.0   47.984 -172.891    611.3    925.2
     1     1    14     1    29     9     0     0    21.0   47.703 -172.175    598.4    926.9
     1     1    14     1    29    10     0     0    22.0   47.412 -171.417    591.8    928.8
     1     1    14     1    29    11     0     0    23.0   47.107 -170.620    591.5    930.5
     1     1    14     1    29    12     0     0    24.0   46.774 -169.784    597.1    931.6
     1     1    14     1    29    13     0     0    25.0   46.455 -168.933    606.0    931.3
     1     1    14     1    29    14     0     0    26.0   46.183 -168.086    616.1    930.9
     1     1    14     1    29    15     0     0    27.0   45.942 -167.232    625.3    930.5
     1     1    14     1    29    16     0     0    28.0   45.741 -166.376    632.6    929.6
     1     1    14     1    29    17     0     0    29.0   45.579 -165.516    637.7    928.6
     1     1    14     1    29    18     0     0    30.0   45.448 -164.648    641.0    928.2
     1     1    14     1    29    19     0     0    31.0   45.375 -163.809    647.0    928.6
     1     1    14     1    29    20     0     0    32.0   45.368 -163.025    659.3    927.5
     1     1    14     1    29    21     0     0    33.0   45.401 -162.287    676.2    926.3
     1     1    14     1    29    22     0     0    34.0   45.463 -161.589    696.3    925.6
     1     1    14     1    29    23     0     0    35.0   45.545 -160.927    719.6    924.3
     1     1    14     1    30     0     0     0    36.0   45.641 -160.290    747.0    922.4
     1     1    14     1    30     1     0     0    37.0   45.759 -159.693    776.2    919.8
     1     1    14     1    30     2     0     0    38.0   45.906 -159.153    802.8    917.7
     1     1    14     1    30     3     0     0    39.0   46.072 -158.665    827.3    915.7
     1     1    14     1    30     4     0     0    40.0   46.251 -158.224    850.1    913.8
     1     1    14     1    30     5     0     0    41.0   46.438 -157.824    871.7    912.0
     1     1    14     1    30     6     0     0    42.0   46.626 -157.462    892.2    910.2
     1     1    14     1    30     7     0     0    43.0   46.810 -157.125    915.6    908.0
     1     1    14     1    30     8     0     0    44.0   46.986 -156.803    945.4    904.5
     1     1    14     1    30     9     0     0    45.0   47.154 -156.504    981.2    900.0
     1     1    14     1    30    10     0     0    46.0   47.315 -156.231   1022.6    894.9
     1     1    14     1    30    11     0     0    47.0   47.468 -155.986   1069.6    889.2
     1     1    14     1    30    12     0     0    48.0   47.615 -155.774   1121.6    882.6
