     1     1
    CDC1    14     1     1     0     0
     1 FORWARD  OMEGA   
    14     1     1    18   50.000  175.000  1000.0
     1 PRESSURE
     1     1    14     1     1    18     0     0     0.0   50.000  175.000   1000.0    874.1
     1     1    14     1     1    19     0     0     1.0   49.721  175.532   1014.0    871.5
     1     1    14     1     1    20     0     0     2.0   49.461  176.140   1026.0    869.6
     1     1    14     1     1    21     0     0     3.0   49.212  176.825   1036.5    868.2
     1     1    14     1     1    22     0     0     4.0   48.966  177.592   1045.4    867.6
     1     1    14     1     1    23     0     0     5.0   48.731  178.437   1052.9    868.4
     1     1    14     1     2     0     0     0     6.0   48.516  179.358   1059.0    869.4
     1     1    14     1     2     1     0     0     7.0   48.331 -179.666   1060.7    871.0
     1     1    14     1     2     2     0     0     8.0   48.196 -178.670   1053.8    873.7
     1     1    14     1     2     3     0     0     9.0   48.104 -177.657   1038.8    876.6
     1     1    14     1     2     4     0     0    10.0   48.049 -176.631   1016.0    880.0
     1     1    14     1     2     5     0     0    11.0   48.035 -175.600    987.1    883.4
     1     1    14     1     2     6     0     0    12.0   48.059 -174.566    953.7    887.6
     1     1    14     1     2     7     0     0    13.0   48.145 -173.566    921.7    892.9
     1     1    14     1     2     8     0     0    14.0   48.302 -172.628    896.1    896.6
     1     1    14     1     2     9     0     0    15.0   48.518 -171.740    875.3    900.5
     1     1    14     1     2    10     0     0    16.0   48.784 -170.888    858.5    903.6
     1     1    14     1     2    11     0     0    17.0   49.105 -170.046    845.5    905.5
     1     1    14     1     2    12     0     0    18.0   49.478 -169.192    835.9    906.6
     1     1    14     1     2    13     0     0    19.0   49.902 -168.334    827.6    907.4
     1     1    14     1     2    14     0     0    20.0   50.375 -167.503    820.2    908.0
     1     1    14     1     2    15     0     0    21.0   50.879 -166.719    815.1    909.4
     1     1    14     1     2    16     0     0    22.0   51.400 -165.961    812.0    910.0
     1     1    14     1     2    17     0     0    23.0   51.953 -165.198    812.2    909.7
     1     1    14     1     2    18     0     0    24.0   52.542 -164.396    816.6    908.6
     1     1    14     1     2    19     0     0    25.0   53.141 -163.632    826.2    907.8
     1     1    14     1     2    20     0     0    26.0   53.742 -162.964    841.7    906.2
     1     1    14     1     2    21     0     0    27.0   54.353 -162.361    865.8    903.4
     1     1    14     1     2    22     0     0    28.0   54.977 -161.796    901.4    899.6
     1     1    14     1     2    23     0     0    29.0   55.609 -161.283    947.2    894.2
     1     1    14     1     3     0     0     0    30.0   56.254 -160.843   1002.1    886.6
     1     1    14     1     3     1     0     0    31.0   56.904 -160.422   1061.6    877.4
     1     1    14     1     3     2     0     0    32.0   57.538 -159.958   1120.8    868.6
     1     1    14     1     3     3     0     0    33.0   58.143 -159.446   1176.9    858.3
     1     1    14     1     3     4     0     0    34.0   58.709 -158.899   1228.5    848.4
     1     1    14     1     3     5     0     0    35.0   59.255 -158.332   1281.4    837.4
     1     1    14     1     3     6     0     0    36.0   59.797 -157.764   1340.9    824.2
     1     1    14     1     3     7     0     0    37.0   60.331 -157.208   1404.7    812.8
     1     1    14     1     3     8     0     0    38.0   60.845 -156.663   1462.3    804.3
     1     1    14     1     3     9     0     0    39.0   61.338 -156.121   1511.8    796.2
     1     1    14     1     3    10     0     0    40.0   61.822 -155.574   1554.9    788.0
     1     1    14     1     3    11     0     0    41.0   62.305 -155.018   1593.7    779.4
     1     1    14     1     3    12     0     0    42.0   62.784 -154.461   1631.3    773.7
     1     1    14     1     3    13     0     0    43.0   63.223 -153.923   1666.0    770.5
     1     1    14     1     3    14     0     0    44.0   63.601 -153.406   1696.9    767.9
     1     1    14     1     3    15     0     0    45.0   63.929 -152.908   1725.1    765.5
     1     1    14     1     3    16     0     0    46.0   64.212 -152.427   1751.1    763.3
     1     1    14     1     3    17     0     0    47.0   64.457 -151.961   1775.0    760.9
     1     1    14     1     3    18     0     0    48.0   64.665 -151.508   1796.9    758.7
