     1     1
    CDC1    14     1     1     0     0
     1 FORWARD  OMEGA   
    14     1    26     6   50.000  175.000  1000.0
     1 PRESSURE
     1     1    14     1    26     6     0     0     0.0   50.000  175.000   1000.0    890.6
     1     1    14     1    26     7     0     0     1.0   50.166  175.488   1007.7    888.1
     1     1    14     1    26     8     0     0     2.0   50.302  175.967   1015.2    886.0
     1     1    14     1    26     9     0     0     3.0   50.411  176.436   1024.5    883.8
     1     1    14     1    26    10     0     0     4.0   50.499  176.895   1037.2    881.4
     1     1    14     1    26    11     0     0     5.0   50.569  177.347   1055.2    878.5
     1     1    14     1    26    12     0     0     6.0   50.620  177.793   1078.7    875.0
     1     1    14     1    26    13     0     0     7.0   50.637  178.253   1099.3    871.4
     1     1    14     1    26    14     0     0     8.0   50.607  178.744   1109.8    869.7
     1     1    14     1    26    15     0     0     9.0   50.537  179.271   1112.6    868.7
     1     1    14     1    26    16     0     0    10.0   50.430  179.840   1110.7    867.9
     1     1    14     1    26    17     0     0    11.0   50.289 -179.543   1107.1    868.0
     1     1    14     1    26    18     0     0    12.0   50.111 -178.868   1103.9    868.4
     1     1    14     1    26    19     0     0    13.0   49.897 -178.162   1097.9    869.6
     1     1    14     1    26    20     0     0    14.0   49.643 -177.457   1086.3    872.8
     1     1    14     1    26    21     0     0    15.0   49.342 -176.740   1070.8    875.8
     1     1    14     1    26    22     0     0    16.0   48.994 -175.994   1055.2    878.4
     1     1    14     1    26    23     0     0    17.0   48.608 -175.208   1043.7    879.7
     1     1    14     1    27     0     0     0    18.0   48.194 -174.375   1039.6    879.6
     1     1    14     1    27     1     0     0    19.0   47.768 -173.521   1040.2    878.3
     1     1    14     1    27     2     0     0    20.0   47.337 -172.678   1039.6    877.6
     1     1    14     1    27     3     0     0    21.0   46.904 -171.862   1037.5    878.7
     1     1    14     1    27     4     0     0    22.0   46.471 -171.081   1033.5    880.5
     1     1    14     1    27     5     0     0    23.0   46.038 -170.328   1028.3    882.5
     1     1    14     1    27     6     0     0    24.0   45.605 -169.601   1023.0    883.9
     1     1    14     1    27     7     0     0    25.0   45.174 -168.886   1020.4    885.3
     1     1    14     1    27     8     0     0    26.0   44.745 -168.178   1022.2    885.1
     1     1    14     1    27     9     0     0    27.0   44.315 -167.484   1027.8    883.7
     1     1    14     1    27    10     0     0    28.0   43.893 -166.802   1035.3    881.5
     1     1    14     1    27    11     0     0    29.0   43.496 -166.129   1042.6    879.9
     1     1    14     1    27    12     0     0    30.0   43.134 -165.460   1047.1    879.1
     1     1    14     1    27    13     0     0    31.0   42.802 -164.809   1047.8    880.1
     1     1    14     1    27    14     0     0    32.0   42.490 -164.196   1045.0    881.9
     1     1    14     1    27    15     0     0    33.0   42.191 -163.620   1042.1    882.7
     1     1    14     1    27    16     0     0    34.0   41.897 -163.080   1042.4    882.7
     1     1    14     1    27    17     0     0    35.0   41.604 -162.577   1047.2    881.9
     1     1    14     1    27    18     0     0    36.0   41.314 -162.113   1057.1    880.6
     1     1    14     1    27    19     0     0    37.0   41.047 -161.669   1069.1    879.2
     1     1    14     1    27    20     0     0    38.0   40.817 -161.234   1079.8    878.2
     1     1    14     1    27    21     0     0    39.0   40.617 -160.815   1088.6    877.6
     1     1    14     1    27    22     0     0    40.0   40.440 -160.416   1095.5    877.2
     1     1    14     1    27    23     0     0    41.0   40.280 -160.043   1100.5    877.0
     1     1    14     1    28     0     0     0    42.0   40.133 -159.698   1103.7    877.1
     1     1    14     1    28     1     0     0    43.0   39.997 -159.373   1103.9    877.6
     1     1    14     1    28     2     0     0    44.0   39.868 -159.059   1101.5    878.8
     1     1    14     1    28     3     0     0    45.0   39.740 -158.753   1096.6    880.2
     1     1    14     1    28     4     0     0    46.0   39.609 -158.459   1089.8    881.8
     1     1    14     1    28     5     0     0    47.0   39.469 -158.180   1081.4    883.7
     1     1    14     1    28     6     0     0    48.0   39.316 -157.918   1072.2    885.6
