     1     1
    CDC1    14     1     1     0     0
     1 FORWARD  OMEGA   
    14     1     7    18   50.000  175.000  1000.0
     1 PRESSURE
     1     1    14     1     7    18     0     0     0.0   50.000  175.000   1000.0    873.1
     1     1    14     1     7    19     0     0     1.0   50.024  175.613    997.3    872.1
     1     1    14     1     7    20     0     0     2.0   50.056  176.236    995.5    871.1
     1     1    14     1     7    21     0     0     3.0   50.101  176.866    994.6    870.0
     1     1    14     1     7    22     0     0     4.0   50.161  177.501    994.5    868.9
     1     1    14     1     7    23     0     0     5.0   50.238  178.138    994.9    868.6
     1     1    14     1     8     0     0     0     6.0   50.336  178.779    995.3    868.4
     1     1    14     1     8     1     0     0     7.0   50.451  179.425    994.4    868.0
     1     1    14     1     8     2     0     0     8.0   50.574 -179.922    989.9    868.3
     1     1    14     1     8     3     0     0     9.0   50.704 -179.263    982.4    869.8
     1     1    14     1     8     4     0     0    10.0   50.841 -178.601    972.3    871.3
     1     1    14     1     8     5     0     0    11.0   50.985 -177.937    960.1    872.8
     1     1    14     1     8     6     0     0    12.0   51.139 -177.276    946.3    874.7
     1     1    14     1     8     7     0     0    13.0   51.304 -176.615    933.9    877.4
     1     1    14     1     8     8     0     0    14.0   51.482 -175.950    924.5    879.1
     1     1    14     1     8     9     0     0    15.0   51.674 -175.282    917.8    880.4
     1     1    14     1     8    10     0     0    16.0   51.882 -174.613    913.2    881.2
     1     1    14     1     8    11     0     0    17.0   52.105 -173.949    910.4    881.8
     1     1    14     1     8    12     0     0    18.0   52.345 -173.291    909.6    882.1
     1     1    14     1     8    13     0     0    19.0   52.594 -172.639    910.1    881.9
     1     1    14     1     8    14     0     0    20.0   52.841 -172.007    912.1    881.3
     1     1    14     1     8    15     0     0    21.0   53.081 -171.410    916.2    880.6
     1     1    14     1     8    16     0     0    22.0   53.315 -170.855    923.1    879.7
     1     1    14     1     8    17     0     0    23.0   53.544 -170.346    933.4    878.6
     1     1    14     1     8    18     0     0    24.0   53.770 -169.887    947.4    877.0
     1     1    14     1     8    19     0     0    25.0   53.995 -169.452    963.4    874.6
     1     1    14     1     8    20     0     0    26.0   54.222 -169.015    980.6    872.4
     1     1    14     1     8    21     0     0    27.0   54.452 -168.582    998.5    870.1
     1     1    14     1     8    22     0     0    28.0   54.684 -168.158   1017.1    867.8
     1     1    14     1     8    23     0     0    29.0   54.921 -167.753   1036.7    865.5
     1     1    14     1     9     0     0     0    30.0   55.161 -167.375   1056.8    863.3
     1     1    14     1     9     1     0     0    31.0   55.402 -167.028   1075.3    861.3
     1     1    14     1     9     2     0     0    32.0   55.638 -166.710   1090.2    859.9
     1     1    14     1     9     3     0     0    33.0   55.868 -166.416   1102.6    858.8
     1     1    14     1     9     4     0     0    34.0   56.090 -166.144   1113.7    857.8
     1     1    14     1     9     5     0     0    35.0   56.301 -165.890   1124.6    856.9
     1     1    14     1     9     6     0     0    36.0   56.500 -165.654   1136.4    855.9
     1     1    14     1     9     7     0     0    37.0   56.695 -165.424   1149.6    854.9
     1     1    14     1     9     8     0     0    38.0   56.892 -165.196   1163.5    853.7
     1     1    14     1     9     9     0     0    39.0   57.091 -164.969   1177.7    852.5
     1     1    14     1     9    10     0     0    40.0   57.290 -164.747   1191.9    851.0
     1     1    14     1     9    11     0     0    41.0   57.488 -164.533   1205.6    849.5
     1     1    14     1     9    12     0     0    42.0   57.684 -164.319   1217.9    847.8
     1     1    14     1     9    13     0     0    43.0   57.871 -164.108   1227.3    846.5
     1     1    14     1     9    14     0     0    44.0   58.042 -163.905   1231.2    846.0
     1     1    14     1     9    15     0     0    45.0   58.197 -163.707   1230.6    846.0
     1     1    14     1     9    16     0     0    46.0   58.334 -163.508   1225.8    846.4
     1     1    14     1     9    17     0     0    47.0   58.451 -163.304   1217.2    847.2
     1     1    14     1     9    18     0     0    48.0   58.549 -163.090   1205.2    848.3
