     1     1
    CDC1    14     1     1     0     0
     1 FORWARD  OMEGA   
    14     1     7     6   50.000  175.000  1000.0
     1 PRESSURE
     1     1    14     1     7     6     0     0     0.0   50.000  175.000   1000.0    869.6
     1     1    14     1     7     7     0     0     1.0   49.799  175.296    986.4    871.2
     1     1    14     1     7     8     0     0     2.0   49.623  175.628    976.6    872.1
     1     1    14     1     7     9     0     0     3.0   49.476  175.994    970.1    872.7
     1     1    14     1     7    10     0     0     4.0   49.356  176.392    966.3    873.0
     1     1    14     1     7    11     0     0     5.0   49.264  176.820    964.6    873.1
     1     1    14     1     7    12     0     0     6.0   49.199  177.279    964.8    873.0
     1     1    14     1     7    13     0     0     7.0   49.156  177.769    964.6    872.6
     1     1    14     1     7    14     0     0     8.0   49.130  178.292    961.2    873.3
     1     1    14     1     7    15     0     0     9.0   49.122  178.850    954.1    874.5
     1     1    14     1     7    16     0     0    10.0   49.131  179.440    942.9    876.2
     1     1    14     1     7    17     0     0    11.0   49.158 -179.935    927.3    878.5
     1     1    14     1     7    18     0     0    12.0   49.198 -179.276    907.3    881.6
     1     1    14     1     7    19     0     0    13.0   49.248 -178.602    885.2    884.7
     1     1    14     1     7    20     0     0    14.0   49.313 -177.934    864.0    887.4
     1     1    14     1     7    21     0     0    15.0   49.400 -177.268    844.0    889.9
     1     1    14     1     7    22     0     0    16.0   49.510 -176.603    825.2    892.3
     1     1    14     1     7    23     0     0    17.0   49.647 -175.933    807.3    895.1
     1     1    14     1     8     0     0     0    18.0   49.817 -175.252    789.8    898.6
     1     1    14     1     8     1     0     0    19.0   50.002 -174.564    771.9    900.9
     1     1    14     1     8     2     0     0    20.0   50.181 -173.888    753.3    902.7
     1     1    14     1     8     3     0     0    21.0   50.360 -173.233    733.6    905.0
     1     1    14     1     8     4     0     0    22.0   50.544 -172.603    713.0    907.6
     1     1    14     1     8     5     0     0    23.0   50.739 -171.996    690.8    909.8
     1     1    14     1     8     6     0     0    24.0   50.945 -171.408    666.3    912.3
     1     1    14     1     8     7     0     0    25.0   51.159 -170.830    642.4    915.0
     1     1    14     1     8     8     0     0    26.0   51.378 -170.258    622.8    916.8
     1     1    14     1     8     9     0     0    27.0   51.604 -169.698    608.1    917.9
     1     1    14     1     8    10     0     0    28.0   51.834 -169.150    597.9    918.4
     1     1    14     1     8    11     0     0    29.0   52.070 -168.616    592.0    918.3
     1     1    14     1     8    12     0     0    30.0   52.313 -168.097    590.0    917.6
     1     1    14     1     8    13     0     0    31.0   52.552 -167.593    590.7    916.6
     1     1    14     1     8    14     0     0    32.0   52.778 -167.117    593.6    916.4
     1     1    14     1     8    15     0     0    33.0   52.994 -166.683    599.6    915.9
     1     1    14     1     8    16     0     0    34.0   53.202 -166.297    609.0    914.9
     1     1    14     1     8    17     0     0    35.0   53.404 -165.962    622.1    913.3
     1     1    14     1     8    18     0     0    36.0   53.601 -165.680    639.1    911.2
     1     1    14     1     8    19     0     0    37.0   53.795 -165.414    657.4    908.3
     1     1    14     1     8    20     0     0    38.0   53.984 -165.134    674.5    906.0
     1     1    14     1     8    21     0     0    39.0   54.170 -164.849    690.4    903.8
     1     1    14     1     8    22     0     0    40.0   54.351 -164.566    705.4    901.9
     1     1    14     1     8    23     0     0    41.0   54.529 -164.295    720.0    899.9
     1     1    14     1     9     0     0     0    42.0   54.702 -164.047    735.0    897.8
     1     1    14     1     9     1     0     0    43.0   54.872 -163.814    750.1    895.6
     1     1    14     1     9     2     0     0    44.0   55.036 -163.584    764.7    893.5
     1     1    14     1     9     3     0     0    45.0   55.193 -163.348    778.6    892.0
     1     1    14     1     9     4     0     0    46.0   55.341 -163.103    791.8    890.5
     1     1    14     1     9     5     0     0    47.0   55.479 -162.850    805.1    889.0
     1     1    14     1     9     6     0     0    48.0   55.604 -162.590    819.0    887.3
