     1     1
    CDC1    14     1     1     0     0
     1 FORWARD  OMEGA   
    14     1    27     0   50.000  175.000  1000.0
     1 PRESSURE
     1     1    14     1    27     0     0     0     0.0   50.000  175.000   1000.0    891.5
     1     1    14     1    27     1     0     0     1.0   50.081  175.173    960.8    895.9
     1     1    14     1    27     2     0     0     2.0   50.192  175.372    927.6    899.1
     1     1    14     1    27     3     0     0     3.0   50.327  175.596    899.2    901.6
     1     1    14     1    27     4     0     0     4.0   50.481  175.845    874.5    903.7
     1     1    14     1    27     5     0     0     5.0   50.649  176.116    852.7    905.7
     1     1    14     1    27     6     0     0     6.0   50.825  176.407    833.1    907.5
     1     1    14     1    27     7     0     0     7.0   51.016  176.703    813.1    908.8
     1     1    14     1    27     8     0     0     8.0   51.235  176.981    791.2    910.8
     1     1    14     1    27     9     0     0     9.0   51.486  177.229    767.3    913.5
     1     1    14     1    27    10     0     0    10.0   51.773  177.431    741.4    916.8
     1     1    14     1    27    11     0     0    11.0   52.099  177.572    714.0    920.5
     1     1    14     1    27    12     0     0    12.0   52.467  177.628    685.1    924.6
     1     1    14     1    27    13     0     0    13.0   52.870  177.632    655.9    926.4
     1     1    14     1    27    14     0     0    14.0   53.287  177.632    629.0    927.5
     1     1    14     1    27    15     0     0    15.0   53.717  177.613    605.2    927.8
     1     1    14     1    27    16     0     0    16.0   54.161  177.554    585.5    927.5
     1     1    14     1    27    17     0     0    17.0   54.625  177.428    570.9    926.4
     1     1    14     1    27    18     0     0    18.0   55.110  177.210    563.2    924.3
     1     1    14     1    27    19     0     0    19.0   55.603  176.916    562.3    923.7
     1     1    14     1    27    20     0     0    20.0   56.091  176.559    564.9    923.0
     1     1    14     1    27    21     0     0    21.0   56.578  176.103    571.9    922.0
     1     1    14     1    27    22     0     0    22.0   57.070  175.503    584.4    920.7
     1     1    14     1    27    23     0     0    23.0   57.571  174.707    604.1    918.5
     1     1    14     1    28     0     0     0    24.0   58.058  173.733    631.2    910.8
     1     1    14     1    28     1     0     0    25.0   58.496  172.656    667.6    901.1
     1     1    14     1    28     2     0     0    26.0   58.852  171.531    716.9    890.4
     1     1    14     1    28     3     0     0    27.0   59.125  170.374    781.2    878.5
     1     1    14     1    28     4     0     0    28.0   59.320  169.187    862.2    865.6
     1     1    14     1    28     5     0     0    29.0   59.434  167.982    958.7    852.1
     1     1    14     1    28     6     0     0    30.0   59.456  166.792   1064.4    838.0
     1     1    14     1    28     7     0     0    31.0   59.398  165.691   1168.3    826.0
     1     1    14     1    28     8     0     0    32.0   59.293  164.716   1267.3    815.5
     1     1    14     1    28     9     0     0    33.0   59.155  163.877   1360.4    805.2
     1     1    14     1    28    10     0     0    34.0   58.995  163.179   1447.4    794.8
     1     1    14     1    28    11     0     0    35.0   58.819  162.616   1529.0    784.3
     1     1    14     1    28    12     0     0    36.0   58.636  162.187   1604.6    774.5
     1     1    14     1    28    13     0     0    37.0   58.456  161.878   1670.9    766.3
     1     1    14     1    28    14     0     0    38.0   58.286  161.669   1726.1    759.5
     1     1    14     1    28    15     0     0    39.0   58.128  161.548   1771.0    753.6
     1     1    14     1    28    16     0     0    40.0   57.987  161.507   1806.5    748.9
     1     1    14     1    28    17     0     0    41.0   57.864  161.535   1833.5    745.2
     1     1    14     1    28    18     0     0    42.0   57.760  161.626   1852.7    742.7
     1     1    14     1    28    19     0     0    43.0   57.671  161.754   1864.9    741.3
     1     1    14     1    28    20     0     0    44.0   57.590  161.901   1871.2    740.6
     1     1    14     1    28    21     0     0    45.0   57.517  162.063   1871.5    740.7
     1     1    14     1    28    22     0     0    46.0   57.451  162.237   1866.5    741.9
     1     1    14     1    28    23     0     0    47.0   57.394  162.418   1856.7    743.8
     1     1    14     1    29     0     0     0    48.0   57.344  162.608   1842.7    746.6
