     1     1
    CDC1    14     1     1     0     0
     1 FORWARD  OMEGA   
    14     1    15    12   50.000  175.000  1000.0
     1 PRESSURE
     1     1    14     1    15    12     0     0     0.0   50.000  175.000   1000.0    880.6
     1     1    14     1    15    13     0     0     1.0   49.719  175.422    974.3    882.7
     1     1    14     1    15    14     0     0     2.0   49.470  175.845    949.3    885.0
     1     1    14     1    15    15     0     0     3.0   49.249  176.277    925.6    887.1
     1     1    14     1    15    16     0     0     4.0   49.051  176.721    903.5    889.0
     1     1    14     1    15    17     0     0     5.0   48.873  177.184    883.2    890.9
     1     1    14     1    15    18     0     0     6.0   48.714  177.666    865.0    892.9
     1     1    14     1    15    19     0     0     7.0   48.569  178.153    849.5    895.3
     1     1    14     1    15    20     0     0     8.0   48.435  178.631    835.7    897.5
     1     1    14     1    15    21     0     0     9.0   48.310  179.100    822.8    899.8
     1     1    14     1    15    22     0     0    10.0   48.192  179.558    810.4    902.0
     1     1    14     1    15    23     0     0    11.0   48.078 -179.996    797.9    904.4
     1     1    14     1    16     0     0     0    12.0   47.957 -179.564    784.7    906.6
     1     1    14     1    16     1     0     0    13.0   47.823 -179.131    772.3    909.0
     1     1    14     1    16     2     0     0    14.0   47.679 -178.681    762.0    910.8
     1     1    14     1    16     3     0     0    15.0   47.527 -178.209    753.1    912.4
     1     1    14     1    16     4     0     0    16.0   47.370 -177.721    744.9    913.3
     1     1    14     1    16     5     0     0    17.0   47.207 -177.223    736.4    913.4
     1     1    14     1    16     6     0     0    18.0   47.029 -176.712    726.1    913.3
     1     1    14     1    16     7     0     0    19.0   46.833 -176.199    714.0    913.9
     1     1    14     1    16     8     0     0    20.0   46.619 -175.692    701.6    914.7
     1     1    14     1    16     9     0     0    21.0   46.392 -175.184    689.4    915.7
     1     1    14     1    16    10     0     0    22.0   46.150 -174.667    678.4    917.2
     1     1    14     1    16    11     0     0    23.0   45.890 -174.131    669.7    918.5
     1     1    14     1    16    12     0     0    24.0   45.608 -173.569    664.1    919.6
     1     1    14     1    16    13     0     0    25.0   45.298 -172.987    657.4    919.7
     1     1    14     1    16    14     0     0    26.0   44.961 -172.392    645.1    921.4
     1     1    14     1    16    15     0     0    27.0   44.598 -171.788    628.8    923.9
     1     1    14     1    16    16     0     0    28.0   44.209 -171.175    608.8    925.8
     1     1    14     1    16    17     0     0    29.0   43.801 -170.542    583.9    927.8
     1     1    14     1    16    18     0     0    30.0   43.380 -169.876    553.6    929.9
     1     1    14     1    16    19     0     0    31.0   42.961 -169.176    525.2    933.4
     1     1    14     1    16    20     0     0    32.0   42.560 -168.447    503.4    935.5
     1     1    14     1    16    21     0     0    33.0   42.187 -167.694    486.4    938.2
     1     1    14     1    16    22     0     0    34.0   41.853 -166.928    472.5    940.6
     1     1    14     1    16    23     0     0    35.0   41.568 -166.152    459.9    942.9
     1     1    14     1    17     0     0     0    36.0   41.326 -165.360    446.3    945.4
     1     1    14     1    17     1     0     0    37.0   41.114 -164.555    431.4    947.3
     1     1    14     1    17     2     0     0    38.0   40.922 -163.743    416.0    949.0
     1     1    14     1    17     3     0     0    39.0   40.751 -162.921    401.8    950.6
     1     1    14     1    17     4     0     0    40.0   40.601 -162.092    389.2    952.3
     1     1    14     1    17     5     0     0    41.0   40.470 -161.264    378.1    954.0
     1     1    14     1    17     6     0     0    42.0   40.360 -160.439    368.5    955.7
     1     1    14     1    17     7     0     0    43.0   40.266 -159.625    359.4    957.3
     1     1    14     1    17     8     0     0    44.0   40.184 -158.829    350.7    958.9
     1     1    14     1    17     9     0     0    45.0   40.107 -158.052    342.7    960.6
     1     1    14     1    17    10     0     0    46.0   40.032 -157.296    336.0    962.2
     1     1    14     1    17    11     0     0    47.0   39.955 -156.566    329.9    963.9
     1     1    14     1    17    12     0     0    48.0   39.878 -155.868    323.5    965.8
