     1     1
    CDC1    14     1     1     0     0
     1 FORWARD  OMEGA   
    14     1    24     0   50.000  175.000  1000.0
     1 PRESSURE
     1     1    14     1    24     0     0     0     0.0   50.000  175.000   1000.0    883.2
     1     1    14     1    24     1     0     0     1.0   50.177  174.925   1012.6    882.1
     1     1    14     1    24     2     0     0     2.0   50.357  174.868   1026.2    880.8
     1     1    14     1    24     3     0     0     3.0   50.539  174.827   1040.6    879.4
     1     1    14     1    24     4     0     0     4.0   50.722  174.801   1055.5    878.0
     1     1    14     1    24     5     0     0     5.0   50.904  174.788   1070.5    876.5
     1     1    14     1    24     6     0     0     6.0   51.085  174.788   1085.4    875.1
     1     1    14     1    24     7     0     0     7.0   51.272  174.788   1101.0    873.7
     1     1    14     1    24     8     0     0     8.0   51.474  174.776   1118.7    871.9
     1     1    14     1    24     9     0     0     9.0   51.689  174.754   1139.4    869.7
     1     1    14     1    24    10     0     0    10.0   51.919  174.723   1163.8    867.0
     1     1    14     1    24    11     0     0    11.0   52.164  174.687   1192.8    863.8
     1     1    14     1    24    12     0     0    12.0   52.423  174.646   1227.7    859.8
     1     1    14     1    24    13     0     0    13.0   52.679  174.611   1261.8    854.6
     1     1    14     1    24    14     0     0    14.0   52.915  174.595   1289.2    850.7
     1     1    14     1    24    15     0     0    15.0   53.129  174.599   1308.3    847.7
     1     1    14     1    24    16     0     0    16.0   53.324  174.622   1318.8    845.7
     1     1    14     1    24    17     0     0    17.0   53.498  174.663   1320.5    844.9
     1     1    14     1    24    18     0     0    18.0   53.653  174.721   1313.3    845.3
     1     1    14     1    24    19     0     0    19.0   53.802  174.790   1302.5    847.1
     1     1    14     1    24    20     0     0    20.0   53.961  174.866   1293.6    848.0
     1     1    14     1    24    21     0     0    21.0   54.131  174.951   1287.2    848.7
     1     1    14     1    24    22     0     0    22.0   54.308  175.046   1283.9    849.1
     1     1    14     1    24    23     0     0    23.0   54.492  175.153   1284.5    849.1
     1     1    14     1    25     0     0     0    24.0   54.680  175.275   1290.0    848.8
     1     1    14     1    25     1     0     0    25.0   54.854  175.424   1297.2    847.6
     1     1    14     1    25     2     0     0    26.0   54.993  175.613   1303.7    847.0
     1     1    14     1    25     3     0     0    27.0   55.095  175.841   1309.3    847.3
     1     1    14     1    25     4     0     0    28.0   55.156  176.106   1313.1    847.9
     1     1    14     1    25     5     0     0    29.0   55.176  176.408   1315.4    848.7
     1     1    14     1    25     6     0     0    30.0   55.154  176.744   1316.6    849.6
     1     1    14     1    25     7     0     0    31.0   55.100  177.087   1321.1    850.6
     1     1    14     1    25     8     0     0    32.0   55.027  177.407   1331.8    850.4
     1     1    14     1    25     9     0     0    33.0   54.942  177.699   1348.0    849.1
     1     1    14     1    25    10     0     0    34.0   54.849  177.964   1368.6    847.2
     1     1    14     1    25    11     0     0    35.0   54.752  178.201   1392.5    844.8
     1     1    14     1    25    12     0     0    36.0   54.650  178.409   1419.2    842.1
     1     1    14     1    25    13     0     0    37.0   54.554  178.606   1442.9    838.9
     1     1    14     1    25    14     0     0    38.0   54.468  178.807   1459.7    837.1
     1     1    14     1    25    15     0     0    39.0   54.391  179.013   1468.9    836.2
     1     1    14     1    25    16     0     0    40.0   54.320  179.224   1470.7    836.0
     1     1    14     1    25    17     0     0    41.0   54.251  179.443   1465.4    836.7
     1     1    14     1    25    18     0     0    42.0   54.182  179.670   1453.2    838.1
     1     1    14     1    25    19     0     0    43.0   54.098  179.898   1438.9    840.0
     1     1    14     1    25    20     0     0    44.0   53.985 -179.881   1426.1    841.1
     1     1    14     1    25    21     0     0    45.0   53.846 -179.665   1415.2    841.9
     1     1    14     1    25    22     0     0    46.0   53.680 -179.454   1406.1    842.5
     1     1    14     1    25    23     0     0    47.0   53.488 -179.245   1398.6    842.9
     1     1    14     1    26     0     0     0    48.0   53.270 -179.037   1392.3    843.2
