     1     1
    CDC1    14     1     1     0     0
     1 FORWARD  OMEGA   
    14     1    24     6   50.000  175.000  1000.0
     1 PRESSURE
     1     1    14     1    24     6     0     0     0.0   50.000  175.000   1000.0    884.3
     1     1    14     1    24     7     0     0     1.0   50.145  175.059   1019.4    882.3
     1     1    14     1    24     8     0     0     2.0   50.303  175.100   1039.3    880.3
     1     1    14     1    24     9     0     0     3.0   50.475  175.126   1060.0    878.2
     1     1    14     1    24    10     0     0     4.0   50.660  175.141   1082.0    876.0
     1     1    14     1    24    11     0     0     5.0   50.860  175.145   1106.0    873.6
     1     1    14     1    24    12     0     0     6.0   51.074  175.141   1132.6    870.9
     1     1    14     1    24    13     0     0     7.0   51.288  175.137   1159.7    867.7
     1     1    14     1    24    14     0     0     8.0   51.488  175.137   1185.4    864.8
     1     1    14     1    24    15     0     0     9.0   51.673  175.142   1208.2    862.4
     1     1    14     1    24    16     0     0    10.0   51.843  175.151   1227.3    860.3
     1     1    14     1    24    17     0     0    11.0   51.995  175.162   1241.8    858.7
     1     1    14     1    24    18     0     0    12.0   52.130  175.176   1251.0    857.8
     1     1    14     1    24    19     0     0    13.0   52.264  175.186   1256.0    857.7
     1     1    14     1    24    20     0     0    14.0   52.414  175.184   1260.1    857.6
     1     1    14     1    24    21     0     0    15.0   52.581  175.174   1263.1    857.3
     1     1    14     1    24    22     0     0    16.0   52.762  175.166   1265.5    856.7
     1     1    14     1    24    23     0     0    17.0   52.956  175.168   1268.3    856.1
     1     1    14     1    25     0     0     0    18.0   53.161  175.181   1272.2    855.4
     1     1    14     1    25     1     0     0    19.0   53.358  175.219   1276.9    854.5
     1     1    14     1    25     2     0     0    20.0   53.528  175.295   1281.3    853.8
     1     1    14     1    25     3     0     0    21.0   53.669  175.408   1285.4    853.4
     1     1    14     1    25     4     0     0    22.0   53.779  175.556   1289.0    853.2
     1     1    14     1    25     5     0     0    23.0   53.857  175.737   1292.0    853.2
     1     1    14     1    25     6     0     0    24.0   53.901  175.951   1294.6    853.4
     1     1    14     1    25     7     0     0    25.0   53.918  176.176   1300.1    853.9
     1     1    14     1    25     8     0     0    26.0   53.921  176.390   1310.9    853.3
     1     1    14     1    25     9     0     0    27.0   53.910  176.592   1327.2    852.0
     1     1    14     1    25    10     0     0    28.0   53.887  176.779   1348.8    850.2
     1     1    14     1    25    11     0     0    29.0   53.854  176.950   1375.5    847.7
     1     1    14     1    25    12     0     0    30.0   53.811  177.106   1407.2    844.6
     1     1    14     1    25    13     0     0    31.0   53.769  177.259   1438.2    840.8
     1     1    14     1    25    14     0     0    32.0   53.739  177.421   1462.9    838.3
     1     1    14     1    25    15     0     0    33.0   53.720  177.591   1480.6    836.5
     1     1    14     1    25    16     0     0    34.0   53.710  177.772   1490.8    835.3
     1     1    14     1    25    17     0     0    35.0   53.708  177.964   1493.3    834.9
     1     1    14     1    25    18     0     0    36.0   53.712  178.167   1488.4    835.4
     1     1    14     1    25    19     0     0    37.0   53.708  178.372   1481.2    836.5
     1     1    14     1    25    20     0     0    38.0   53.683  178.569   1476.5    836.7
     1     1    14     1    25    21     0     0    39.0   53.637  178.759   1474.2    836.8
     1     1    14     1    25    22     0     0    40.0   53.569  178.943   1474.1    836.6
     1     1    14     1    25    23     0     0    41.0   53.479  179.121   1476.0    836.2
     1     1    14     1    26     0     0     0    42.0   53.368  179.295   1479.8    835.5
     1     1    14     1    26     1     0     0    43.0   53.246  179.473   1479.4    834.7
     1     1    14     1    26     2     0     0    44.0   53.123  179.668   1469.3    835.5
     1     1    14     1    26     3     0     0    45.0   52.998  179.880   1449.5    837.4
     1     1    14     1    26     4     0     0    46.0   52.871 -179.886   1420.2    840.3
     1     1    14     1    26     5     0     0    47.0   52.742 -179.625   1382.4    844.1
     1     1    14     1    26     6     0     0    48.0   52.608 -179.333   1336.8    848.8
