     1     1
    CDC1    14     1     1     0     0
     1 FORWARD  OMEGA   
    14     1    13    18   50.000  175.000  1000.0
     1 PRESSURE
     1     1    14     1    13    18     0     0     0.0   50.000  175.000   1000.0    873.2
     1     1    14     1    13    19     0     0     1.0   49.833  175.127    988.3    874.1
     1     1    14     1    13    20     0     0     2.0   49.670  175.213    976.9    875.2
     1     1    14     1    13    21     0     0     3.0   49.511  175.260    966.0    876.4
     1     1    14     1    13    22     0     0     4.0   49.356  175.269    955.9    877.5
     1     1    14     1    13    23     0     0     5.0   49.203  175.241    947.0    878.5
     1     1    14     1    14     0     0     0     6.0   49.052  175.177    939.4    879.4
     1     1    14     1    14     1     0     0     7.0   48.904  175.094    934.5    879.6
     1     1    14     1    14     2     0     0     8.0   48.760  175.005    934.1    879.1
     1     1    14     1    14     3     0     0     9.0   48.620  174.908    937.8    878.1
     1     1    14     1    14     4     0     0    10.0   48.483  174.803    945.7    876.7
     1     1    14     1    14     5     0     0    11.0   48.349  174.686    957.4    874.8
     1     1    14     1    14     6     0     0    12.0   48.217  174.558    972.9    872.4
     1     1    14     1    14     7     0     0    13.0   48.085  174.433    990.1    870.5
     1     1    14     1    14     8     0     0    14.0   47.950  174.323   1006.0    868.9
     1     1    14     1    14     9     0     0    15.0   47.813  174.226   1020.5    867.5
     1     1    14     1    14    10     0     0    16.0   47.672  174.141   1033.2    866.3
     1     1    14     1    14    11     0     0    17.0   47.527  174.065   1043.7    865.4
     1     1    14     1    14    12     0     0    18.0   47.375  174.003   1051.6    864.8
     1     1    14     1    14    13     0     0    19.0   47.211  173.955   1056.3    864.5
     1     1    14     1    14    14     0     0    20.0   47.029  173.915   1057.6    864.7
     1     1    14     1    14    15     0     0    21.0   46.830  173.883   1056.8    865.1
     1     1    14     1    14    16     0     0    22.0   46.613  173.856   1055.2    865.6
     1     1    14     1    14    17     0     0    23.0   46.378  173.832   1054.2    865.9
     1     1    14     1    14    18     0     0    24.0   46.126  173.809   1055.3    866.1
     1     1    14     1    14    19     0     0    25.0   45.870  173.797   1059.4    865.6
     1     1    14     1    14    20     0     0    26.0   45.625  173.804   1067.4    864.6
     1     1    14     1    14    21     0     0    27.0   45.392  173.829   1078.0    863.3
     1     1    14     1    14    22     0     0    28.0   45.171  173.870   1090.0    861.9
     1     1    14     1    14    23     0     0    29.0   44.963  173.928   1102.3    860.5
     1     1    14     1    15     0     0     0    30.0   44.768  174.012   1113.9    859.8
     1     1    14     1    15     1     0     0    31.0   44.566  174.112   1125.7    859.7
     1     1    14     1    15     2     0     0    32.0   44.342  174.215   1138.8    859.2
     1     1    14     1    15     3     0     0    33.0   44.096  174.318   1154.1    858.5
     1     1    14     1    15     4     0     0    34.0   43.830  174.420   1171.8    857.6
     1     1    14     1    15     5     0     0    35.0   43.544  174.520   1192.5    856.3
     1     1    14     1    15     6     0     0    36.0   43.240  174.615   1216.9    854.7
     1     1    14     1    15     7     0     0    37.0   42.926  174.709   1242.2    853.1
     1     1    14     1    15     8     0     0    38.0   42.609  174.805   1266.0    852.1
     1     1    14     1    15     9     0     0    39.0   42.286  174.909   1286.0    850.7
     1     1    14     1    15    10     0     0    40.0   41.959  175.040   1300.2    849.6
     1     1    14     1    15    11     0     0    41.0   41.627  175.207   1308.3    848.8
     1     1    14     1    15    12     0     0    42.0   41.291  175.411   1310.9    848.6
     1     1    14     1    15    13     0     0    43.0   40.944  175.655   1312.0    849.0
     1     1    14     1    15    14     0     0    44.0   40.577  175.934   1315.3    848.7
     1     1    14     1    15    15     0     0    45.0   40.188  176.233   1320.5    848.3
     1     1    14     1    15    16     0     0    46.0   39.773  176.545   1326.3    847.8
     1     1    14     1    15    17     0     0    47.0   39.330  176.876   1329.7    847.6
     1     1    14     1    15    18     0     0    48.0   38.857  177.232   1328.4    847.9
