     1     1
    CDC1    14     1     1     0     0
     1 FORWARD  OMEGA   
    14     1     8     6   50.000  175.000  1000.0
     1 PRESSURE
     1     1    14     1     8     6     0     0     0.0   50.000  175.000   1000.0    873.7
     1     1    14     1     8     7     0     0     1.0   49.991  175.640   1002.8    872.2
     1     1    14     1     8     8     0     0     2.0   49.989  176.299   1004.3    870.9
     1     1    14     1     8     9     0     0     3.0   49.996  176.980   1006.2    869.6
     1     1    14     1     8    10     0     0     4.0   50.013  177.681   1009.9    868.1
     1     1    14     1     8    11     0     0     5.0   50.042  178.401   1016.9    866.6
     1     1    14     1     8    12     0     0     6.0   50.084  179.135   1027.7    864.5
     1     1    14     1     8    13     0     0     7.0   50.145  179.878   1040.7    862.3
     1     1    14     1     8    14     0     0     8.0   50.226 -179.380   1051.7    862.0
     1     1    14     1     8    15     0     0     9.0   50.324 -178.642   1059.7    862.1
     1     1    14     1     8    16     0     0    10.0   50.438 -177.904   1064.2    862.3
     1     1    14     1     8    17     0     0    11.0   50.565 -177.164   1065.1    863.0
     1     1    14     1     8    18     0     0    12.0   50.699 -176.421   1062.4    864.2
     1     1    14     1     8    19     0     0    13.0   50.839 -175.674   1057.8    866.1
     1     1    14     1     8    20     0     0    14.0   50.994 -174.918   1052.6    867.8
     1     1    14     1     8    21     0     0    15.0   51.158 -174.150   1048.4    868.8
     1     1    14     1     8    22     0     0    16.0   51.329 -173.367   1046.1    869.5
     1     1    14     1     8    23     0     0    17.0   51.508 -172.559   1046.2    869.9
     1     1    14     1     9     0     0     0    18.0   51.689 -171.722   1047.7    869.0
     1     1    14     1     9     1     0     0    19.0   51.871 -170.881   1050.3    868.3
     1     1    14     1     9     2     0     0    20.0   52.058 -170.058   1050.8    867.7
     1     1    14     1     9     3     0     0    21.0   52.249 -169.257   1048.8    867.5
     1     1    14     1     9     4     0     0    22.0   52.438 -168.475   1042.4    867.6
     1     1    14     1     9     5     0     0    23.0   52.625 -167.707   1029.9    868.7
     1     1    14     1     9     6     0     0    24.0   52.803 -166.955   1010.8    871.0
     1     1    14     1     9     7     0     0    25.0   52.975 -166.218    990.8    874.1
     1     1    14     1     9     8     0     0    26.0   53.146 -165.497    973.0    876.1
     1     1    14     1     9     9     0     0    27.0   53.320 -164.790    956.8    878.2
     1     1    14     1     9    10     0     0    28.0   53.497 -164.095    941.7    880.4
     1     1    14     1     9    11     0     0    29.0   53.673 -163.405    925.9    882.2
     1     1    14     1     9    12     0     0    30.0   53.847 -162.713    907.4    884.1
     1     1    14     1     9    13     0     0    31.0   54.009 -162.029    886.5    886.8
     1     1    14     1     9    14     0     0    32.0   54.151 -161.360    863.4    890.0
     1     1    14     1     9    15     0     0    33.0   54.274 -160.700    838.8    893.4
     1     1    14     1     9    16     0     0    34.0   54.380 -160.044    812.7    897.2
     1     1    14     1     9    17     0     0    35.0   54.471 -159.383    785.2    901.0
     1     1    14     1     9    18     0     0    36.0   54.553 -158.713    756.1    905.0
     1     1    14     1     9    19     0     0    37.0   54.626 -158.042    728.2    909.8
     1     1    14     1     9    20     0     0    38.0   54.690 -157.386    703.8    913.8
     1     1    14     1     9    21     0     0    39.0   54.747 -156.740    682.5    916.5
     1     1    14     1     9    22     0     0    40.0   54.799 -156.102    664.1    918.7
     1     1    14     1     9    23     0     0    41.0   54.845 -155.466    648.5    920.5
     1     1    14     1    10     0     0     0    42.0   54.883 -154.828    635.1    921.5
     1     1    14     1    10     1     0     0    43.0   54.918 -154.191    622.9    920.8
     1     1    14     1    10     2     0     0    44.0   54.953 -153.565    611.0    920.2
     1     1    14     1    10     3     0     0    45.0   54.988 -152.950    598.6    919.8
     1     1    14     1    10     4     0     0    46.0   55.022 -152.347    585.3    920.1
     1     1    14     1    10     5     0     0    47.0   55.054 -151.758    571.1    921.2
     1     1    14     1    10     6     0     0    48.0   55.086 -151.179    555.6    922.5
