     1     1
    CDC1    14     1     1     0     0
     1 FORWARD  OMEGA   
    14     1     5     0   50.000  175.000  1000.0
     1 PRESSURE
     1     1    14     1     5     0     0     0     0.0   50.000  175.000   1000.0    880.8
     1     1    14     1     5     1     0     0     1.0   50.273  175.133   1009.7    878.8
     1     1    14     1     5     2     0     0     2.0   50.555  175.188   1026.0    875.8
     1     1    14     1     5     3     0     0     3.0   50.844  175.156   1047.1    872.6
     1     1    14     1     5     4     0     0     4.0   51.138  175.030   1071.6    869.3
     1     1    14     1     5     5     0     0     5.0   51.435  174.800   1097.4    865.6
     1     1    14     1     5     6     0     0     6.0   51.728  174.462   1122.6    861.6
     1     1    14     1     5     7     0     0     7.0   52.011  174.038   1147.8    857.3
     1     1    14     1     5     8     0     0     8.0   52.282  173.551   1175.1    852.5
     1     1    14     1     5     9     0     0     9.0   52.546  172.992   1206.4    847.0
     1     1    14     1     5    10     0     0    10.0   52.803  172.375   1243.2    840.6
     1     1    14     1     5    11     0     0    11.0   53.050  171.725   1285.8    835.1
     1     1    14     1     5    12     0     0    12.0   53.283  171.047   1333.6    829.4
     1     1    14     1     5    13     0     0    13.0   53.488  170.359   1380.4    823.5
     1     1    14     1     5    14     0     0    14.0   53.651  169.676   1421.1    820.3
     1     1    14     1     5    15     0     0    15.0   53.770  169.000   1455.3    818.8
     1     1    14     1     5    16     0     0    16.0   53.847  168.328   1482.4    818.0
     1     1    14     1     5    17     0     0    17.0   53.883  167.656   1502.6    817.9
     1     1    14     1     5    18     0     0    18.0   53.878  166.987   1514.9    816.6
     1     1    14     1     5    19     0     0    19.0   53.837  166.339   1528.2    815.9
     1     1    14     1     5    20     0     0    20.0   53.767  165.725   1550.3    813.7
     1     1    14     1     5    21     0     0    21.0   53.668  165.141   1582.6    810.9
     1     1    14     1     5    22     0     0    22.0   53.542  164.590   1623.8    805.0
     1     1    14     1     5    23     0     0    23.0   53.389  164.076   1674.7    798.1
     1     1    14     1     6     0     0     0    24.0   53.210  163.598   1735.2    791.1
     1     1    14     1     6     1     0     0    25.0   52.998  163.167   1798.3    783.7
     1     1    14     1     6     2     0     0    26.0   52.746  162.792   1857.8    778.6
     1     1    14     1     6     3     0     0    27.0   52.449  162.469   1911.8    774.8
     1     1    14     1     6     4     0     0    28.0   52.113  162.210   1955.3    769.5
     1     1    14     1     6     5     0     0    29.0   51.744  162.017   1990.3    766.2
     1     1    14     1     6     6     0     0    30.0   51.339  161.876   2018.3    764.2
     1     1    14     1     6     7     0     0    31.0   50.911  161.789   2040.9    763.2
     1     1    14     1     6     8     0     0    32.0   50.467  161.760   2060.2    762.9
     1     1    14     1     6     9     0     0    33.0   50.003  161.786   2077.8    762.9
     1     1    14     1     6    10     0     0    34.0   49.529  161.875   2094.4    762.0
     1     1    14     1     6    11     0     0    35.0   49.049  162.028   2113.8    760.7
     1     1    14     1     6    12     0     0    36.0   48.556  162.243   2137.6    758.9
     1     1    14     1     6    13     0     0    37.0   48.054  162.517   2164.8    756.0
     1     1    14     1     6    14     0     0    38.0   47.559  162.844   2195.3    752.5
     1     1    14     1     6    15     0     0    39.0   47.085  163.212   2223.1    748.9
     1     1    14     1     6    16     0     0    40.0   46.639  163.610   2242.4    746.7
     1     1    14     1     6    17     0     0    41.0   46.212  164.032   2251.0    745.9
     1     1    14     1     6    18     0     0    42.0   45.795  164.476   2246.7    746.6
     1     1    14     1     6    19     0     0    43.0   45.396  164.956   2231.8    748.9
     1     1    14     1     6    20     0     0    44.0   45.032  165.485   2211.6    751.7
     1     1    14     1     6    21     0     0    45.0   44.708  166.054   2186.8    754.9
     1     1    14     1     6    22     0     0    46.0   44.419  166.648   2157.2    758.6
     1     1    14     1     6    23     0     0    47.0   44.157  167.260   2123.5    762.5
     1     1    14     1     7     0     0     0    48.0   43.917  167.884   2086.3    766.3
