     1     1
    CDC1    14     1     1     0     0
     1 FORWARD  OMEGA   
    14     1    16    12   50.000  175.000  1000.0
     1 PRESSURE
     1     1    14     1    16    12     0     0     0.0   50.000  175.000   1000.0    883.0
     1     1    14     1    16    13     0     0     1.0   49.939  175.247    983.0    884.6
     1     1    14     1    16    14     0     0     2.0   49.881  175.493    971.7    885.2
     1     1    14     1    16    15     0     0     3.0   49.825  175.737    965.8    885.2
     1     1    14     1    16    16     0     0     4.0   49.772  175.977    964.9    884.6
     1     1    14     1    16    17     0     0     5.0   49.720  176.211    968.9    883.6
     1     1    14     1    16    18     0     0     6.0   49.670  176.439    977.9    881.9
     1     1    14     1    16    19     0     0     7.0   49.630  176.658    991.7    879.8
     1     1    14     1    16    20     0     0     8.0   49.608  176.866   1009.1    877.3
     1     1    14     1    16    21     0     0     9.0   49.604  177.062   1030.6    874.4
     1     1    14     1    16    22     0     0    10.0   49.617  177.243   1056.3    871.1
     1     1    14     1    16    23     0     0    11.0   49.648  177.407   1086.5    867.4
     1     1    14     1    17     0     0     0    12.0   49.695  177.553   1121.2    863.3
     1     1    14     1    17     1     0     0    13.0   49.756  177.677   1157.3    858.4
     1     1    14     1    17     2     0     0    14.0   49.825  177.778   1192.6    854.1
     1     1    14     1    17     3     0     0    15.0   49.904  177.857   1226.4    849.9
     1     1    14     1    17     4     0     0    16.0   49.991  177.916   1258.9    845.9
     1     1    14     1    17     5     0     0    17.0   50.085  177.956   1289.5    842.6
     1     1    14     1    17     6     0     0    18.0   50.183  177.976   1316.9    839.6
     1     1    14     1    17     7     0     0    19.0   50.278  177.989   1341.5    836.8
     1     1    14     1    17     8     0     0    20.0   50.363  178.008   1363.3    834.3
     1     1    14     1    17     9     0     0    21.0   50.438  178.035   1382.4    832.0
     1     1    14     1    17    10     0     0    22.0   50.503  178.073   1398.8    830.0
     1     1    14     1    17    11     0     0    23.0   50.556  178.126   1412.3    828.2
     1     1    14     1    17    12     0     0    24.0   50.599  178.195   1423.0    826.6
     1     1    14     1    17    13     0     0    25.0   50.629  178.281   1429.0    825.3
     1     1    14     1    17    14     0     0    26.0   50.647  178.380   1429.7    824.7
     1     1    14     1    17    15     0     0    27.0   50.652  178.497   1424.6    824.7
     1     1    14     1    17    16     0     0    28.0   50.646  178.632   1413.7    825.3
     1     1    14     1    17    17     0     0    29.0   50.629  178.789   1397.0    826.6
     1     1    14     1    17    18     0     0    30.0   50.603  178.968   1374.3    828.4
     1     1    14     1    17    19     0     0    31.0   50.570  179.167   1350.0    831.1
     1     1    14     1    17    20     0     0    32.0   50.536  179.378   1329.0    832.8
     1     1    14     1    17    21     0     0    33.0   50.501  179.603   1311.4    834.1
     1     1    14     1    17    22     0     0    34.0   50.468  179.841   1297.4    834.9
     1     1    14     1    17    23     0     0    35.0   50.441 -179.908   1287.0    835.3
     1     1    14     1    18     0     0     0    36.0   50.420 -179.641   1279.7    835.7
     1     1    14     1    18     1     0     0    37.0   50.402 -179.362   1273.2    836.3
     1     1    14     1    18     2     0     0    38.0   50.382 -179.076   1266.3    837.2
     1     1    14     1    18     3     0     0    39.0   50.364 -178.785   1259.9    838.1
     1     1    14     1    18     4     0     0    40.0   50.349 -178.492   1255.0    838.8
     1     1    14     1    18     5     0     0    41.0   50.342 -178.198   1252.3    839.3
     1     1    14     1    18     6     0     0    42.0   50.343 -177.905   1252.8    839.5
     1     1    14     1    18     7     0     0    43.0   50.353 -177.605   1254.0    839.3
     1     1    14     1    18     8     0     0    44.0   50.369 -177.290   1252.5    839.8
     1     1    14     1    18     9     0     0    45.0   50.395 -176.960   1248.6    840.5
     1     1    14     1    18    10     0     0    46.0   50.433 -176.618   1243.2    841.5
     1     1    14     1    18    11     0     0    47.0   50.488 -176.266   1237.7    842.5
     1     1    14     1    18    12     0     0    48.0   50.566 -175.905   1233.6    843.2
