     1     1
    CDC1    14     1     1     0     0
     1 FORWARD  OMEGA   
    14     1    14    12   50.000  175.000  1000.0
     1 PRESSURE
     1     1    14     1    14    12     0     0     0.0   50.000  175.000   1000.0    873.3
     1     1    14     1    14    13     0     0     1.0   49.827  175.053    983.7    874.7
     1     1    14     1    14    14     0     0     2.0   49.648  175.109    962.2    877.1
     1     1    14     1    14    15     0     0     3.0   49.462  175.165    936.1    880.2
     1     1    14     1    14    16     0     0     4.0   49.267  175.218    905.8    883.3
     1     1    14     1    14    17     0     0     5.0   49.061  175.265    871.9    886.9
     1     1    14     1    14    18     0     0     6.0   48.842  175.303    834.9    890.9
     1     1    14     1    14    19     0     0     7.0   48.615  175.334    799.9    895.3
     1     1    14     1    14    20     0     0     8.0   48.390  175.369    770.4    898.5
     1     1    14     1    14    21     0     0     9.0   48.168  175.408    745.7    901.2
     1     1    14     1    14    22     0     0    10.0   47.949  175.453    725.0    903.5
     1     1    14     1    14    23     0     0    11.0   47.736  175.506    707.4    905.4
     1     1    14     1    15     0     0     0    12.0   47.528  175.568    692.4    907.0
     1     1    14     1    15     1     0     0    13.0   47.317  175.636    679.9    909.3
     1     1    14     1    15     2     0     0    14.0   47.093  175.702    669.0    911.4
     1     1    14     1    15     3     0     0    15.0   46.855  175.762    660.5    913.2
     1     1    14     1    15     4     0     0    16.0   46.604  175.812    654.4    914.5
     1     1    14     1    15     5     0     0    17.0   46.339  175.844    651.0    915.5
     1     1    14     1    15     6     0     0    18.0   46.060  175.854    650.3    916.1
     1     1    14     1    15     7     0     0    19.0   45.773  175.854    651.3    916.5
     1     1    14     1    15     8     0     0    20.0   45.482  175.857    652.9    916.9
     1     1    14     1    15     9     0     0    21.0   45.189  175.858    654.9    917.5
     1     1    14     1    15    10     0     0    22.0   44.890  175.857    656.7    918.2
     1     1    14     1    15    11     0     0    23.0   44.588  175.867    657.5    919.2
     1     1    14     1    15    12     0     0    24.0   44.280  175.892    656.6    920.4
     1     1    14     1    15    13     0     0    25.0   43.965  175.937    656.8    921.6
     1     1    14     1    15    14     0     0    26.0   43.640  176.007    660.7    922.0
     1     1    14     1    15    15     0     0    27.0   43.302  176.093    668.6    921.9
     1     1    14     1    15    16     0     0    28.0   42.949  176.184    680.7    921.3
     1     1    14     1    15    17     0     0    29.0   42.575  176.272    697.2    920.1
     1     1    14     1    15    18     0     0    30.0   42.177  176.367    716.7    917.9
     1     1    14     1    15    19     0     0    31.0   41.765  176.496    733.8    915.7
     1     1    14     1    15    20     0     0    32.0   41.352  176.665    745.1    914.9
     1     1    14     1    15    21     0     0    33.0   40.937  176.867    751.1    914.8
     1     1    14     1    15    22     0     0    34.0   40.517  177.099    752.0    915.5
     1     1    14     1    15    23     0     0    35.0   40.091  177.358    747.7    917.1
     1     1    14     1    16     0     0     0    36.0   39.658  177.648    737.4    919.4
     1     1    14     1    16     1     0     0    37.0   39.236  177.976    721.9    921.9
     1     1    14     1    16     2     0     0    38.0   38.837  178.334    703.0    924.9
     1     1    14     1    16     3     0     0    39.0   38.458  178.721    680.6    928.5
     1     1    14     1    16     4     0     0    40.0   38.094  179.132    654.6    932.7
     1     1    14     1    16     5     0     0    41.0   37.740  179.566    624.7    937.6
     1     1    14     1    16     6     0     0    42.0   37.391 -179.981    590.2    942.4
     1     1    14     1    16     7     0     0    43.0   37.053 -179.526    552.9    946.1
     1     1    14     1    16     8     0     0    44.0   36.733 -179.080    515.9    950.1
     1     1    14     1    16     9     0     0    45.0   36.427 -178.647    479.8    954.4
     1     1    14     1    16    10     0     0    46.0   36.135 -178.230    445.1    958.9
     1     1    14     1    16    11     0     0    47.0   35.855 -177.832    412.6    963.5
     1     1    14     1    16    12     0     0    48.0   35.586 -177.458    382.9    967.9
