     1     1
    CDC1    14     1     1     0     0
     1 FORWARD  OMEGA   
    14     1    12     6   50.000  175.000  1000.0
     1 PRESSURE
     1     1    14     1    12     6     0     0     0.0   50.000  175.000   1000.0    871.1
     1     1    14     1    12     7     0     0     1.0   49.981  175.405   1021.8    867.4
     1     1    14     1    12     8     0     0     2.0   49.965  175.805   1037.2    864.7
     1     1    14     1    12     9     0     0     3.0   49.951  176.203   1046.4    862.8
     1     1    14     1    12    10     0     0     4.0   49.944  176.597   1049.8    861.6
     1     1    14     1    12    11     0     0     5.0   49.944  176.990   1047.4    860.9
     1     1    14     1    12    12     0     0     6.0   49.953  177.381   1039.5    860.9
     1     1    14     1    12    13     0     0     7.0   49.972  177.778   1030.2    862.0
     1     1    14     1    12    14     0     0     8.0   50.003  178.190   1023.9    862.4
     1     1    14     1    12    15     0     0     9.0   50.042  178.614   1020.9    862.6
     1     1    14     1    12    16     0     0    10.0   50.087  179.049   1021.7    862.4
     1     1    14     1    12    17     0     0    11.0   50.135  179.491   1026.4    861.8
     1     1    14     1    12    18     0     0    12.0   50.184  179.940   1035.3    860.7
     1     1    14     1    12    19     0     0    13.0   50.231 -179.620   1044.1    859.7
     1     1    14     1    12    20     0     0    14.0   50.273 -179.210   1047.5    860.0
     1     1    14     1    12    21     0     0    15.0   50.312 -178.830   1045.1    860.8
     1     1    14     1    12    22     0     0    16.0   50.350 -178.484   1036.8    862.3
     1     1    14     1    12    23     0     0    17.0   50.386 -178.175   1022.3    864.4
     1     1    14     1    13     0     0     0    18.0   50.421 -177.906   1001.2    867.3
     1     1    14     1    13     1     0     0    19.0   50.459 -177.664    977.7    870.7
     1     1    14     1    13     2     0     0    20.0   50.502 -177.437    956.3    873.5
     1     1    14     1    13     3     0     0    21.0   50.548 -177.226    936.8    876.2
     1     1    14     1    13     4     0     0    22.0   50.593 -177.035    919.0    878.4
     1     1    14     1    13     5     0     0    23.0   50.636 -176.865    902.5    880.3
     1     1    14     1    13     6     0     0    24.0   50.675 -176.717    886.7    882.2
     1     1    14     1    13     7     0     0    25.0   50.710 -176.582    872.0    884.1
     1     1    14     1    13     8     0     0    26.0   50.741 -176.449    859.1    885.7
     1     1    14     1    13     9     0     0    27.0   50.769 -176.320    847.7    887.2
     1     1    14     1    13    10     0     0    28.0   50.794 -176.196    837.7    888.5
     1     1    14     1    13    11     0     0    29.0   50.817 -176.080    829.3    889.7
     1     1    14     1    13    12     0     0    30.0   50.836 -175.974    822.2    890.7
     1     1    14     1    13    13     0     0    31.0   50.849 -175.871    817.7    891.4
     1     1    14     1    13    14     0     0    32.0   50.853 -175.765    817.1    891.5
     1     1    14     1    13    15     0     0    33.0   50.849 -175.655    820.6    891.2
     1     1    14     1    13    16     0     0    34.0   50.835 -175.540    828.1    890.3
     1     1    14     1    13    17     0     0    35.0   50.813 -175.421    839.8    889.0
     1     1    14     1    13    18     0     0    36.0   50.783 -175.296    855.8    887.2
     1     1    14     1    13    19     0     0    37.0   50.753 -175.166    872.3    885.2
     1     1    14     1    13    20     0     0    38.0   50.733 -175.034    885.8    883.9
     1     1    14     1    13    21     0     0    39.0   50.721 -174.898    895.7    882.9
     1     1    14     1    13    22     0     0    40.0   50.715 -174.759    901.6    882.4
     1     1    14     1    13    23     0     0    41.0   50.714 -174.616    903.5    882.3
     1     1    14     1    14     0     0     0    42.0   50.718 -174.467    901.1    882.7
     1     1    14     1    14     1     0     0    43.0   50.728 -174.321    896.8    883.3
     1     1    14     1    14     2     0     0    44.0   50.748 -174.183    893.5    883.6
     1     1    14     1    14     3     0     0    45.0   50.777 -174.056    891.1    883.7
     1     1    14     1    14     4     0     0    46.0   50.817 -173.938    889.6    883.8
     1     1    14     1    14     5     0     0    47.0   50.869 -173.829    889.2    883.8
     1     1    14     1    14     6     0     0    48.0   50.931 -173.726    890.1    883.6
