     1     1
    CDC1    14     1     1     0     0
     1 FORWARD  OMEGA   
    14     1     4    12   50.000  175.000  1000.0
     1 PRESSURE
     1     1    14     1     4    12     0     0     0.0   50.000  175.000   1000.0    874.6
     1     1    14     1     4    13     0     0     1.0   50.246  175.597   1017.2    872.0
     1     1    14     1     4    14     0     0     2.0   50.497  176.134   1025.9    871.2
     1     1    14     1     4    15     0     0     3.0   50.754  176.630   1026.8    871.7
     1     1    14     1     4    16     0     0     4.0   51.015  177.099   1020.9    873.3
     1     1    14     1     4    17     0     0     5.0   51.281  177.553   1009.9    875.8
     1     1    14     1     4    18     0     0     6.0   51.545  177.999    995.9    878.6
     1     1    14     1     4    19     0     0     7.0   51.797  178.410    982.4    881.3
     1     1    14     1     4    20     0     0     8.0   52.028  178.762    971.6    883.1
     1     1    14     1     4    21     0     0     9.0   52.228  179.070    961.7    884.8
     1     1    14     1     4    22     0     0    10.0   52.387  179.345    951.6    886.4
     1     1    14     1     4    23     0     0    11.0   52.501  179.595    940.7    887.9
     1     1    14     1     5     0     0     0    12.0   52.565  179.827    928.7    889.2
     1     1    14     1     5     1     0     0    13.0   52.600 -179.976    915.1    890.4
     1     1    14     1     5     2     0     0    14.0   52.631 -179.831    898.6    892.0
     1     1    14     1     5     3     0     0    15.0   52.659 -179.733    879.6    893.9
     1     1    14     1     5     4     0     0    16.0   52.684 -179.678    857.8    896.2
     1     1    14     1     5     5     0     0    17.0   52.708 -179.664    833.4    898.8
     1     1    14     1     5     6     0     0    18.0   52.731 -179.690    806.0    901.9
     1     1    14     1     5     7     0     0    19.0   52.760 -179.772    779.9    904.7
     1     1    14     1     5     8     0     0    20.0   52.803 -179.931    758.2    906.7
     1     1    14     1     5     9     0     0    21.0   52.861  179.825    741.5    908.1
     1     1    14     1     5    10     0     0    22.0   52.932  179.489    730.6    908.9
     1     1    14     1     5    11     0     0    23.0   53.016  179.056    726.0    908.9
     1     1    14     1     5    12     0     0    24.0   53.112  178.520    728.7    908.2
     1     1    14     1     5    13     0     0    25.0   53.213  177.910    736.9    906.0
     1     1    14     1     5    14     0     0    26.0   53.307  177.265    747.6    903.1
     1     1    14     1     5    15     0     0    27.0   53.389  176.594    759.7    899.0
     1     1    14     1     5    16     0     0    28.0   53.453  175.901    772.6    895.1
     1     1    14     1     5    17     0     0    29.0   53.493  175.184    785.6    891.3
     1     1    14     1     5    18     0     0    30.0   53.505  174.445    797.9    887.7
     1     1    14     1     5    19     0     0    31.0   53.491  173.701    809.4    884.6
     1     1    14     1     5    20     0     0    32.0   53.455  172.963    820.8    881.8
     1     1    14     1     5    21     0     0    33.0   53.395  172.227    833.6    879.7
     1     1    14     1     5    22     0     0    34.0   53.311  171.496    849.6    878.4
     1     1    14     1     5    23     0     0    35.0   53.200  170.772    870.1    876.3
     1     1    14     1     6     0     0     0    36.0   53.064  170.047    897.0    873.2
     1     1    14     1     6     1     0     0    37.0   52.900  169.341    932.3    872.2
     1     1    14     1     6     2     0     0    38.0   52.705  168.674    972.3    870.1
     1     1    14     1     6     3     0     0    39.0   52.472  168.045   1017.1    867.3
     1     1    14     1     6     4     0     0    40.0   52.197  167.473   1064.2    862.7
     1     1    14     1     6     5     0     0    41.0   51.880  166.984   1110.5    857.1
     1     1    14     1     6     6     0     0    42.0   51.521  166.581   1155.2    851.3
     1     1    14     1     6     7     0     0    43.0   51.128  166.259   1197.0    845.4
     1     1    14     1     6     8     0     0    44.0   50.709  166.014   1235.0    839.9
     1     1    14     1     6     9     0     0    45.0   50.260  165.835   1269.6    834.5
     1     1    14     1     6    10     0     0    46.0   49.783  165.726   1302.0    831.0
     1     1    14     1     6    11     0     0    47.0   49.287  165.706   1333.1    829.4
     1     1    14     1     6    12     0     0    48.0   48.776  165.782   1363.3    827.5
