     1     1
    CDC1    14     1     1     0     0
     1 FORWARD  OMEGA   
    14     1    13    12   50.000  175.000  1000.0
     1 PRESSURE
     1     1    14     1    13    12     0     0     0.0   50.000  175.000   1000.0    875.0
     1     1    14     1    13    13     0     0     1.0   49.819  175.154    967.2    878.3
     1     1    14     1    13    14     0     0     2.0   49.645  175.325    938.7    881.0
     1     1    14     1    13    15     0     0     3.0   49.479  175.507    915.0    882.8
     1     1    14     1    13    16     0     0     4.0   49.325  175.693    896.2    884.1
     1     1    14     1    13    17     0     0     5.0   49.182  175.878    882.3    885.0
     1     1    14     1    13    18     0     0     6.0   49.052  176.056    873.2    885.4
     1     1    14     1    13    19     0     0     7.0   48.929  176.213    867.0    885.8
     1     1    14     1    13    20     0     0     8.0   48.810  176.340    861.1    886.4
     1     1    14     1    13    21     0     0     9.0   48.695  176.435    856.1    887.0
     1     1    14     1    13    22     0     0    10.0   48.584  176.499    852.2    887.5
     1     1    14     1    13    23     0     0    11.0   48.475  176.531    849.8    887.9
     1     1    14     1    14     0     0     0    12.0   48.370  176.532    849.1    888.1
     1     1    14     1    14     1     0     0    13.0   48.268  176.507    850.3    887.4
     1     1    14     1    14     2     0     0    14.0   48.168  176.463    854.5    886.4
     1     1    14     1    14     3     0     0    15.0   48.069  176.397    861.3    885.1
     1     1    14     1    14     4     0     0    16.0   47.971  176.308    870.6    883.6
     1     1    14     1    14     5     0     0    17.0   47.873  176.194    882.7    881.7
     1     1    14     1    14     6     0     0    18.0   47.774  176.055    897.6    879.4
     1     1    14     1    14     7     0     0    19.0   47.671  175.911    914.8    877.7
     1     1    14     1    14     8     0     0    20.0   47.564  175.781    933.3    875.8
     1     1    14     1    14     9     0     0    21.0   47.451  175.666    952.9    873.6
     1     1    14     1    14    10     0     0    22.0   47.331  175.571    972.9    871.5
     1     1    14     1    14    11     0     0    23.0   47.201  175.498    992.7    869.4
     1     1    14     1    14    12     0     0    24.0   47.061  175.446   1012.1    867.4
     1     1    14     1    14    13     0     0    25.0   46.905  175.405   1029.0    865.7
     1     1    14     1    14    14     0     0    26.0   46.729  175.367   1042.5    864.6
     1     1    14     1    14    15     0     0    27.0   46.532  175.330   1053.4    863.8
     1     1    14     1    14    16     0     0    28.0   46.314  175.292   1063.2    863.2
     1     1    14     1    14    17     0     0    29.0   46.074  175.251   1073.3    862.6
     1     1    14     1    14    18     0     0    30.0   45.811  175.204   1085.1    861.8
     1     1    14     1    14    19     0     0    31.0   45.540  175.167   1099.6    860.4
     1     1    14     1    14    20     0     0    32.0   45.277  175.150   1117.9    858.6
     1     1    14     1    14    21     0     0    33.0   45.023  175.153   1138.5    856.5
     1     1    14     1    14    22     0     0    34.0   44.781  175.188   1159.4    854.6
     1     1    14     1    14    23     0     0    35.0   44.549  175.266   1179.0    853.2
     1     1    14     1    15     0     0     0    36.0   44.330  175.384   1197.6    851.8
     1     1    14     1    15     1     0     0    37.0   44.109  175.520   1217.4    850.7
     1     1    14     1    15     2     0     0    38.0   43.871  175.656   1239.7    849.2
     1     1    14     1    15     3     0     0    39.0   43.619  175.790   1265.3    847.2
     1     1    14     1    15     4     0     0    40.0   43.351  175.920   1294.7    844.7
     1     1    14     1    15     5     0     0    41.0   43.070  176.043   1328.6    841.4
     1     1    14     1    15     6     0     0    42.0   42.777  176.158   1367.6    837.4
     1     1    14     1    15     7     0     0    43.0   42.477  176.271   1408.3    833.3
     1     1    14     1    15     8     0     0    44.0   42.178  176.402   1444.8    829.6
     1     1    14     1    15     9     0     0    45.0   41.880  176.567   1475.9    826.7
     1     1    14     1    15    10     0     0    46.0   41.583  176.765   1502.1    824.3
     1     1    14     1    15    11     0     0    47.0   41.289  176.995   1524.3    822.4
     1     1    14     1    15    12     0     0    48.0   41.001  177.257   1543.6    820.7
