     1     1
    CDC1    14     1     1     0     0
     1 FORWARD  OMEGA   
    14     1    12    12   50.000  175.000  1000.0
     1 PRESSURE
     1     1    14     1    12    12     0     0     0.0   50.000  175.000   1000.0    870.9
     1     1    14     1    12    13     0     0     1.0   49.982  175.217    990.0    871.8
     1     1    14     1    12    14     0     0     2.0   49.977  175.443    982.2    872.2
     1     1    14     1    12    15     0     0     3.0   49.984  175.677    976.7    872.4
     1     1    14     1    12    16     0     0     4.0   50.001  175.917    973.4    872.4
     1     1    14     1    12    17     0     0     5.0   50.027  176.159    972.1    872.1
     1     1    14     1    12    18     0     0     6.0   50.060  176.402    972.9    871.5
     1     1    14     1    12    19     0     0     7.0   50.088  176.630    973.3    870.9
     1     1    14     1    12    20     0     0     8.0   50.097  176.832    971.0    870.8
     1     1    14     1    12    21     0     0     9.0   50.089  177.006    965.4    871.1
     1     1    14     1    12    22     0     0    10.0   50.066  177.150    956.2    872.0
     1     1    14     1    12    23     0     0    11.0   50.028  177.263    943.1    873.3
     1     1    14     1    13     0     0     0    12.0   49.976  177.346    926.2    875.1
     1     1    14     1    13     1     0     0    13.0   49.918  177.409    910.1    877.2
     1     1    14     1    13     2     0     0    14.0   49.863  177.462    900.2    878.1
     1     1    14     1    13     3     0     0    15.0   49.812  177.506    896.2    878.5
     1     1    14     1    13     4     0     0    16.0   49.764  177.540    898.0    878.3
     1     1    14     1    13     5     0     0    17.0   49.718  177.565    905.6    877.5
     1     1    14     1    13     6     0     0    18.0   49.675  177.579    919.0    876.1
     1     1    14     1    13     7     0     0    19.0   49.626  177.608    932.4    874.8
     1     1    14     1    13     8     0     0    20.0   49.564  177.676    937.5    874.8
     1     1    14     1    13     9     0     0    21.0   49.491  177.785    935.0    875.7
     1     1    14     1    13    10     0     0    22.0   49.408  177.938    925.2    877.5
     1     1    14     1    13    11     0     0    23.0   49.316  178.135    908.8    879.8
     1     1    14     1    13    12     0     0    24.0   49.215  178.378    886.8    882.8
     1     1    14     1    13    13     0     0    25.0   49.116  178.648    864.5    885.7
     1     1    14     1    13    14     0     0    26.0   49.026  178.924    847.1    887.7
     1     1    14     1    13    15     0     0    27.0   48.945  179.203    833.9    889.4
     1     1    14     1    13    16     0     0    28.0   48.872  179.486    824.5    890.8
     1     1    14     1    13    17     0     0    29.0   48.806  179.770    818.7    891.8
     1     1    14     1    13    18     0     0    30.0   48.746 -179.942    816.0    892.6
     1     1    14     1    13    19     0     0    31.0   48.693 -179.668    815.1    892.6
     1     1    14     1    13    20     0     0    32.0   48.651 -179.422    815.2    892.5
     1     1    14     1    13    21     0     0    33.0   48.621 -179.205    815.7    892.5
     1     1    14     1    13    22     0     0    34.0   48.605 -179.019    816.1    892.4
     1     1    14     1    13    23     0     0    35.0   48.602 -178.864    816.1    892.3
     1     1    14     1    14     0     0     0    36.0   48.612 -178.740    815.4    892.2
     1     1    14     1    14     1     0     0    37.0   48.629 -178.647    813.8    891.9
     1     1    14     1    14     2     0     0    38.0   48.645 -178.583    811.1    891.7
     1     1    14     1    14     3     0     0    39.0   48.660 -178.550    807.4    891.6
     1     1    14     1    14     4     0     0    40.0   48.672 -178.547    802.9    891.6
     1     1    14     1    14     5     0     0    41.0   48.682 -178.576    797.4    891.7
     1     1    14     1    14     6     0     0    42.0   48.687 -178.637    791.3    891.9
     1     1    14     1    14     7     0     0    43.0   48.688 -178.715    786.0    892.7
     1     1    14     1    14     8     0     0    44.0   48.685 -178.794    783.1    893.1
     1     1    14     1    14     9     0     0    45.0   48.678 -178.872    782.7    893.3
     1     1    14     1    14    10     0     0    46.0   48.667 -178.948    784.8    893.2
     1     1    14     1    14    11     0     0    47.0   48.652 -179.022    789.8    892.8
     1     1    14     1    14    12     0     0    48.0   48.635 -179.093    797.8    892.1
