     1     1
    CDC1    14     1     1     0     0
     1 FORWARD  OMEGA   
    14     1    21     6   50.000  175.000  1000.0
     1 PRESSURE
     1     1    14     1    21     6     0     0     0.0   50.000  175.000   1000.0    875.2
     1     1    14     1    21     7     0     0     1.0   50.044  175.107   1027.9    871.9
     1     1    14     1    21     8     0     0     2.0   50.074  175.215   1050.2    869.4
     1     1    14     1    21     9     0     0     3.0   50.089  175.324   1066.7    867.6
     1     1    14     1    21    10     0     0     4.0   50.088  175.435   1077.6    866.5
     1     1    14     1    21    11     0     0     5.0   50.073  175.550   1083.2    865.9
     1     1    14     1    21    12     0     0     6.0   50.042  175.668   1083.6    865.9
     1     1    14     1    21    13     0     0     7.0   50.003  175.795   1084.0    866.6
     1     1    14     1    21    14     0     0     8.0   49.966  175.933   1086.5    866.6
     1     1    14     1    21    15     0     0     9.0   49.929  176.081   1091.9    866.2
     1     1    14     1    21    16     0     0    10.0   49.894  176.237   1100.2    865.4
     1     1    14     1    21    17     0     0    11.0   49.860  176.399   1111.9    864.3
     1     1    14     1    21    18     0     0    12.0   49.830  176.565   1127.0    862.7
     1     1    14     1    21    19     0     0    13.0   49.795  176.729   1142.4    860.6
     1     1    14     1    21    20     0     0    14.0   49.749  176.889   1154.3    859.3
     1     1    14     1    21    21     0     0    15.0   49.689  177.047   1162.9    858.4
     1     1    14     1    21    22     0     0    16.0   49.616  177.205   1168.0    857.9
     1     1    14     1    21    23     0     0    17.0   49.529  177.366   1169.7    857.8
     1     1    14     1    22     0     0     0    18.0   49.428  177.533   1167.8    858.2
     1     1    14     1    22     1     0     0    19.0   49.317  177.688   1163.3    859.1
     1     1    14     1    22     2     0     0    20.0   49.203  177.815   1156.2    860.1
     1     1    14     1    22     3     0     0    21.0   49.084  177.910   1146.3    861.5
     1     1    14     1    22     4     0     0    22.0   48.960  177.974   1133.2    863.2
     1     1    14     1    22     5     0     0    23.0   48.831  178.003   1116.5    865.3
     1     1    14     1    22     6     0     0    24.0   48.697  177.996   1096.0    867.8
     1     1    14     1    22     7     0     0    25.0   48.573  177.952   1073.4    870.4
     1     1    14     1    22     8     0     0    26.0   48.472  177.868   1051.9    872.6
     1     1    14     1    22     9     0     0    27.0   48.395  177.740   1031.3    874.6
     1     1    14     1    22    10     0     0    28.0   48.341  177.560   1012.0    876.4
     1     1    14     1    22    11     0     0    29.0   48.310  177.326    994.9    878.1
     1     1    14     1    22    12     0     0    30.0   48.303  177.034    980.7    879.6
     1     1    14     1    22    13     0     0    31.0   48.298  176.704    970.2    881.0
     1     1    14     1    22    14     0     0    32.0   48.277  176.354    962.7    882.0
     1     1    14     1    22    15     0     0    33.0   48.240  175.989    958.2    882.7
     1     1    14     1    22    16     0     0    34.0   48.190  175.613    956.1    883.0
     1     1    14     1    22    17     0     0    35.0   48.126  175.232    956.0    883.2
     1     1    14     1    22    18     0     0    36.0   48.050  174.855    957.4    883.3
     1     1    14     1    22    19     0     0    37.0   47.973  174.503    961.8    883.3
     1     1    14     1    22    20     0     0    38.0   47.908  174.196    970.6    882.6
     1     1    14     1    22    21     0     0    39.0   47.857  173.939    982.9    881.6
     1     1    14     1    22    22     0     0    40.0   47.820  173.731    998.5    880.3
     1     1    14     1    22    23     0     0    41.0   47.797  173.572   1017.2    878.5
     1     1    14     1    23     0     0     0    42.0   47.791  173.460   1039.1    876.4
     1     1    14     1    23     1     0     0    43.0   47.797  173.394   1063.6    873.7
     1     1    14     1    23     2     0     0    44.0   47.813  173.374   1089.2    871.0
     1     1    14     1    23     3     0     0    45.0   47.838  173.395   1116.0    868.0
     1     1    14     1    23     4     0     0    46.0   47.871  173.454   1143.7    864.9
     1     1    14     1    23     5     0     0    47.0   47.913  173.548   1171.9    861.7
     1     1    14     1    23     6     0     0    48.0   47.963  173.675   1199.9    858.5
