     1     1
    CDC1    14     1     1     0     0
     1 FORWARD  OMEGA   
    14     1    23     6   50.000  175.000  1000.0
     1 PRESSURE
     1     1    14     1    23     6     0     0     0.0   50.000  175.000   1000.0    882.9
     1     1    14     1    23     7     0     0     1.0   50.074  174.822    992.6    884.2
     1     1    14     1    23     8     0     0     2.0   50.162  174.669    990.5    884.4
     1     1    14     1    23     9     0     0     3.0   50.264  174.540    993.0    884.1
     1     1    14     1    23    10     0     0     4.0   50.381  174.433    999.8    883.2
     1     1    14     1    23    11     0     0     5.0   50.514  174.347   1010.1    882.0
     1     1    14     1    23    12     0     0     6.0   50.665  174.279   1023.4    880.3
     1     1    14     1    23    13     0     0     7.0   50.824  174.228   1038.0    878.2
     1     1    14     1    23    14     0     0     8.0   50.983  174.195   1053.1    876.2
     1     1    14     1    23    15     0     0     9.0   51.142  174.179   1068.6    874.2
     1     1    14     1    23    16     0     0    10.0   51.299  174.178   1084.5    872.1
     1     1    14     1    23    17     0     0    11.0   51.456  174.190   1101.0    870.0
     1     1    14     1    23    18     0     0    12.0   51.612  174.213   1118.5    867.8
     1     1    14     1    23    19     0     0    13.0   51.779  174.221   1136.6    866.0
     1     1    14     1    23    20     0     0    14.0   51.973  174.189   1153.5    864.3
     1     1    14     1    23    21     0     0    15.0   52.196  174.113   1170.2    862.5
     1     1    14     1    23    22     0     0    16.0   52.453  173.990   1187.3    860.5
     1     1    14     1    23    23     0     0    17.0   52.742  173.833   1205.2    857.5
     1     1    14     1    24     0     0     0    18.0   53.060  173.661   1223.4    854.1
     1     1    14     1    24     1     0     0    19.0   53.386  173.509   1240.1    850.7
     1     1    14     1    24     2     0     0    20.0   53.702  173.398   1252.4    848.2
     1     1    14     1    24     3     0     0    21.0   54.007  173.323   1259.2    846.5
     1     1    14     1    24     4     0     0    22.0   54.302  173.282   1259.5    845.7
     1     1    14     1    24     5     0     0    23.0   54.589  173.271   1252.5    845.9
     1     1    14     1    24     6     0     0    24.0   54.865  173.289   1237.7    847.0
     1     1    14     1    24     7     0     0    25.0   55.135  173.333   1222.7    849.5
     1     1    14     1    24     8     0     0    26.0   55.399  173.401   1215.8    851.5
     1     1    14     1    24     9     0     0    27.0   55.653  173.492   1216.0    852.6
     1     1    14     1    24    10     0     0    28.0   55.895  173.601   1222.9    852.8
     1     1    14     1    24    11     0     0    29.0   56.123  173.723   1235.8    852.4
     1     1    14     1    24    12     0     0    30.0   56.335  173.855   1254.1    851.3
     1     1    14     1    24    13     0     0    31.0   56.529  174.009   1269.9    849.9
     1     1    14     1    24    14     0     0    32.0   56.700  174.201   1276.0    850.3
     1     1    14     1    24    15     0     0    33.0   56.847  174.433   1273.1    851.5
     1     1    14     1    24    16     0     0    34.0   56.967  174.706   1262.4    853.5
     1     1    14     1    24    17     0     0    35.0   57.059  175.024   1245.2    856.1
     1     1    14     1    24    18     0     0    36.0   57.114  175.387   1222.5    859.1
     1     1    14     1    24    19     0     0    37.0   57.132  175.781   1199.2    862.7
     1     1    14     1    24    20     0     0    38.0   57.124  176.187   1180.1    865.2
     1     1    14     1    24    21     0     0    39.0   57.092  176.604   1164.9    867.3
     1     1    14     1    24    22     0     0    40.0   57.038  177.029   1153.4    869.0
     1     1    14     1    24    23     0     0    41.0   56.964  177.460   1145.9    870.3
     1     1    14     1    25     0     0     0    42.0   56.875  177.893   1142.7    870.8
     1     1    14     1    25     1     0     0    43.0   56.764  178.341   1141.0    870.8
     1     1    14     1    25     2     0     0    44.0   56.620  178.814   1138.1    871.3
     1     1    14     1    25     3     0     0    45.0   56.448  179.310   1134.2    871.9
     1     1    14     1    25     4     0     0    46.0   56.250  179.826   1129.8    872.8
     1     1    14     1    25     5     0     0    47.0   56.033 -179.645   1124.9    873.3
     1     1    14     1    25     6     0     0    48.0   55.808 -179.109   1119.2    873.7
