SOUFRIERE_HILLS
year mn dy  shr  dur   lat     lon   massl  stn
2010 02 12 0600 0100 17.00   -63.0       0 1
2010 02 12 0600 0100 17.00   -62.0       7 2
2010 02 12 0600 0100 17.00   -61.0       5 3
2010 02 12 0600 0100 17.00   -60.0       5 4
2010 02 12 0600 0100 16.00   -64.0       0 5
2010 02 12 0600 0100 16.00   -63.0       5 6
2010 02 12 0600 0100 16.00   -62.0      10 7
2010 02 12 0600 0100 16.00   -61.0       7 8
2010 02 12 0600 0100 16.00   -60.0       5 9
2010 02 12 0600 0100 16.00   -59.0       4 10
2010 02 12 0600 0100 16.00   -58.0       2 11
2010 02 12 0600 0100 16.00   -57.0       0 12
2010 02 12 0600 0100 16.00   -56.0       0 13
2010 02 12 0600 0100 16.00   -55.0       0 14
2010 02 12 0600 0100 16.00   -54.0       0 15
2010 02 12 0600 0100 15.00   -65.0       0 16
2010 02 12 0600 0100 15.00   -64.0       5 17
2010 02 12 0600 0100 15.00   -63.0       5 18
2010 02 12 0600 0100 15.00   -62.0       9 19
2010 02 12 0600 0100 15.00   -61.0       4 20
2010 02 12 0600 0100 15.00   -60.0       5 21
2010 02 12 0600 0100 15.00   -59.0       4 22
2010 02 12 0600 0100 15.00   -58.0       3 23
2010 02 12 0600 0100 15.00   -57.0       3 24
2010 02 12 0600 0100 15.00   -56.0       3 25
2010 02 12 0600 0100 15.00   -55.0       2 26
2010 02 12 0600 0100 15.00   -54.0       0 27
2010 02 12 0600 0100 15.00   -53.0       0 28
2010 02 12 0600 0100 15.00   -52.0       0 29
2010 02 12 0600 0100 14.00   -64.0       0 30
2010 02 12 0600 0100 14.00   -63.0       0 31
2010 02 12 0600 0100 14.00   -59.0       1 32
2010 02 12 0600 0100 14.00   -58.0       2 33
2010 02 12 0600 0100 14.00   -57.0       1 34
2010 02 12 0600 0100 14.00   -56.0       0 35
2010 02 12 0600 0100 14.00   -55.0       0 36
2010 02 12 0600 0100 14.00   -54.0       0 37
2010 02 12 0600 0100 14.00   -53.0       0 38
2010 02 12 0600 0100 14.00   -52.0       0 39
2010 02 12 0600 0100 14.00   -51.0       0 40
2010 02 12 0600 0100 13.00   -59.0       1 41
2010 02 12 0600 0100 13.00   -58.0       1 42
2010 02 12 0600 0100 13.00   -52.0       0 43
