CAPTEX Release Number Two Station 608         
year mn dy  shr  dur   lat     lon    pmch  stn
1983 09 25 1500 0600 41.98  -77.57     0.0  608
1983 09 25 2100 0600 41.98  -77.57     0.0  608
1983 09 26 0300 0600 41.98  -77.57    15.6  608
1983 09 26 0900 0600 41.98  -77.57   265.2  608
1983 09 26 1500 0600 41.98  -77.57  1794.0  608
1983 09 26 2100 0600 41.98  -77.57  1045.2  608
1983 09 27 0300 0600 41.98  -77.57   655.2  608
1983 09 27 0900 0600 41.98  -77.57   109.2  608
1983 09 27 1500 0600 41.98  -77.57     0.0  608
1983 09 27 2100 0600 41.98  -77.57     0.0  608     
1983 09 28 0300 0600 41.98  -77.57     0.0  608     
