     1     1
    CDC1    14     1     1     0     0
     1 FORWARD  OMEGA   
    14     1     7     6   50.000    5.000   500.0
     1 PRESSURE
     1     1    14     1     7     6     0     0     0.0   50.000    5.000    500.0    946.8
     1     1    14     1     7     7     0     0     1.0   50.396    5.461    475.5    945.9
     1     1    14     1     7     8     0     0     2.0   50.779    5.980    452.4    945.5
     1     1    14     1     7     9     0     0     3.0   51.153    6.535    430.3    945.9
     1     1    14     1     7    10     0     0     4.0   51.520    7.104    408.8    947.1
     1     1    14     1     7    11     0     0     5.0   51.881    7.668    387.2    949.7
     1     1    14     1     7    12     0     0     6.0   52.241    8.214    364.3    953.9
     1     1    14     1     7    13     0     0     7.0   52.597    8.743    338.5    959.1
     1     1    14     1     7    14     0     0     8.0   52.948    9.256    310.0    963.7
     1     1    14     1     7    15     0     0     9.0   53.296    9.747    279.7    967.9
     1     1    14     1     7    16     0     0    10.0   53.644   10.214    248.9    971.9
     1     1    14     1     7    17     0     0    11.0   53.996   10.657    219.8    975.5
     1     1    14     1     7    18     0     0    12.0   54.353   11.077    194.5    978.0
     1     1    14     1     7    19     0     0    13.0   54.708   11.513    176.8    979.3
     1     1    14     1     7    20     0     0    14.0   55.048   12.004    168.8    978.9
     1     1    14     1     7    21     0     0    15.0   55.368   12.545    167.6    978.4
     1     1    14     1     7    22     0     0    16.0   55.664   13.114    170.6    978.7
     1     1    14     1     7    23     0     0    17.0   55.940   13.706    178.0    978.7
     1     1    14     1     8     0     0     0    18.0   56.199   14.318    191.4    978.2
     1     1    14     1     8     1     0     0    19.0   56.446   14.936    209.9    977.0
     1     1    14     1     8     2     0     0    20.0   56.676   15.542    228.5    975.6
     1     1    14     1     8     3     0     0    21.0   56.889   16.140    244.1    974.6
     1     1    14     1     8     4     0     0    22.0   57.086   16.732    255.0    974.2
     1     1    14     1     8     5     0     0    23.0   57.269   17.323    260.1    974.4
     1     1    14     1     8     6     0     0    24.0   57.444   17.915    258.8    974.2
     1     1    14     1     8     7     0     0    25.0   57.608   18.501    253.5    973.6
     1     1    14     1     8     8     0     0    26.0   57.758   19.069    246.8    973.1
     1     1    14     1     8     9     0     0    27.0   57.890   19.617    238.1    973.1
     1     1    14     1     8    10     0     0    28.0   58.003   20.142    227.7    973.6
     1     1    14     1     8    11     0     0    29.0   58.101   20.660    216.9    974.0
     1     1    14     1     8    12     0     0    30.0   58.187   21.185    207.2    973.9
     1     1    14     1     8    13     0     0    31.0   58.270   21.734    200.6    973.4
     1     1    14     1     8    14     0     0    32.0   58.359   22.319    198.8    971.8
     1     1    14     1     8    15     0     0    33.0   58.451   22.914    200.4    970.7
     1     1    14     1     8    16     0     0    34.0   58.543   23.493    204.3    969.7
     1     1    14     1     8    17     0     0    35.0   58.632   24.050    210.4    968.3
     1     1    14     1     8    18     0     0    36.0   58.714   24.587    218.7    966.6
     1     1    14     1     8    19     0     0    37.0   58.790   25.102    228.1    964.8
     1     1    14     1     8    20     0     0    38.0   58.860   25.597    237.6    964.2
     1     1    14     1     8    21     0     0    39.0   58.929   26.076    247.0    963.7
     1     1    14     1     8    22     0     0    40.0   58.997   26.540    256.2    963.2
     1     1    14     1     8    23     0     0    41.0   59.066   26.990    265.1    962.7
     1     1    14     1     9     0     0     0    42.0   59.137   27.429    273.7    962.3
     1     1    14     1     9     1     0     0    43.0   59.209   27.868    282.8    961.8
     1     1    14     1     9     2     0     0    44.0   59.279   28.313    293.3    960.9
     1     1    14     1     9     3     0     0    45.0   59.347   28.762    305.2    959.9
     1     1    14     1     9     4     0     0    46.0   59.415   29.209    318.3    958.8
     1     1    14     1     9     5     0     0    47.0   59.482   29.650    332.5    957.4
     1     1    14     1     9     6     0     0    48.0   59.549   30.080    347.7    955.8
