     1     1
    CDC1    14     1     1     0     0
     1 FORWARD  OMEGA   
    14     1    11     6   50.000    5.000   500.0
     1 PRESSURE
     1     1    14     1    11     6     0     0     0.0   50.000    5.000    500.0    949.4
     1     1    14     1    11     7     0     0     1.0   50.109    5.329    491.3    948.2
     1     1    14     1    11     8     0     0     2.0   50.189    5.692    483.4    946.8
     1     1    14     1    11     9     0     0     3.0   50.246    6.091    476.4    945.2
     1     1    14     1    11    10     0     0     4.0   50.286    6.527    470.5    943.1
     1     1    14     1    11    11     0     0     5.0   50.315    7.003    465.9    940.6
     1     1    14     1    11    12     0     0     6.0   50.341    7.525    463.1    937.5
     1     1    14     1    11    13     0     0     7.0   50.360    8.078    460.9    935.2
     1     1    14     1    11    14     0     0     8.0   50.365    8.647    457.9    933.0
     1     1    14     1    11    15     0     0     9.0   50.352    9.239    454.1    930.6
     1     1    14     1    11    16     0     0    10.0   50.321    9.864    449.5    927.9
     1     1    14     1    11    17     0     0    11.0   50.273   10.524    444.7    926.2
     1     1    14     1    11    18     0     0    12.0   50.216   11.223    440.7    924.4
     1     1    14     1    11    19     0     0    13.0   50.156   11.952    437.8    922.8
     1     1    14     1    11    20     0     0    14.0   50.088   12.699    435.5    920.9
     1     1    14     1    11    21     0     0    15.0   50.002   13.473    433.8    919.3
     1     1    14     1    11    22     0     0    16.0   49.889   14.280    432.5    916.5
     1     1    14     1    11    23     0     0    17.0   49.739   15.131    431.6    914.3
     1     1    14     1    12     0     0     0    18.0   49.557   16.014    432.4    914.9
     1     1    14     1    12     1     0     0    19.0   49.370   16.887    435.4    917.4
     1     1    14     1    12     2     0     0    20.0   49.194   17.721    439.1    920.9
     1     1    14     1    12     3     0     0    21.0   49.022   18.508    441.3    923.3
     1     1    14     1    12     4     0     0    22.0   48.844   19.249    441.2    926.6
     1     1    14     1    12     5     0     0    23.0   48.651   19.953    438.0    930.9
     1     1    14     1    12     6     0     0    24.0   48.439   20.636    428.9    929.9
     1     1    14     1    12     7     0     0    25.0   48.221   21.305    414.5    928.8
     1     1    14     1    12     8     0     0    26.0   48.009   21.962    396.5    927.5
     1     1    14     1    12     9     0     0    27.0   47.794   22.617    375.5    926.3
     1     1    14     1    12    10     0     0    28.0   47.580   23.271    352.5    924.6
     1     1    14     1    12    11     0     0    29.0   47.366   23.934    328.6    921.9
     1     1    14     1    12    12     0     0    30.0   47.146   24.619    304.4    919.1
     1     1    14     1    12    13     0     0    31.0   46.925   25.315    278.7    921.5
     1     1    14     1    12    14     0     0    32.0   46.719   25.991    252.2    931.0
     1     1    14     1    12    15     0     0    33.0   46.530   26.631    227.2    940.9
     1     1    14     1    12    16     0     0    34.0   46.354   27.230    204.8    951.0
     1     1    14     1    12    17     0     0    35.0   46.184   27.789    184.9    960.5
     1     1    14     1    12    18     0     0    36.0   46.015   28.321    166.1    969.7
     1     1    14     1    12    19     0     0    37.0   45.861   28.837    149.3    978.7
     1     1    14     1    12    20     0     0    38.0   45.736   29.342    136.0    986.9
     1     1    14     1    12    21     0     0    39.0   45.633   29.835    126.1    994.3
     1     1    14     1    12    22     0     0    40.0   45.548   30.312    119.9    997.4
     1     1    14     1    12    23     0     0    41.0   45.474   30.773    118.0    998.1
     1     1    14     1    13     0     0     0    42.0   45.406   31.220    120.5    998.3
     1     1    14     1    13     1     0     0    43.0   45.341   31.678    124.3    997.9
     1     1    14     1    13     2     0     0    44.0   45.280   32.164    126.1    998.1
     1     1    14     1    13     3     0     0    45.0   45.222   32.678    125.7    998.5
     1     1    14     1    13     4     0     0    46.0   45.172   33.214    123.5    999.0
     1     1    14     1    13     5     0     0    47.0   45.134   33.769    120.0    999.5
     1     1    14     1    13     6     0     0    48.0   45.110   34.345    116.4    999.8
