     1     1
    CDC1    14     1     1     0     0
     1 FORWARD  OMEGA   
    14     1     5    12   50.000    5.000   500.0
     1 PRESSURE
     1     1    14     1     5    12     0     0     0.0   50.000    5.000    500.0    941.5
     1     1    14     1     5    13     0     0     1.0   50.122    5.302    505.1    938.9
     1     1    14     1     5    14     0     0     2.0   50.281    5.616    502.3    937.6
     1     1    14     1     5    15     0     0     3.0   50.475    5.939    491.6    937.3
     1     1    14     1     5    16     0     0     4.0   50.703    6.266    473.1    938.3
     1     1    14     1     5    17     0     0     5.0   50.962    6.594    447.3    940.5
     1     1    14     1     5    18     0     0     6.0   51.251    6.916    415.1    944.2
     1     1    14     1     5    19     0     0     7.0   51.564    7.242    381.9    948.5
     1     1    14     1     5    20     0     0     8.0   51.893    7.582    352.1    951.7
     1     1    14     1     5    21     0     0     9.0   52.236    7.924    326.0    955.8
     1     1    14     1     5    22     0     0    10.0   52.592    8.255    303.7    960.0
     1     1    14     1     5    23     0     0    11.0   52.960    8.558    285.2    963.3
     1     1    14     1     6     0     0     0    12.0   53.341    8.823    270.3    966.1
     1     1    14     1     6     1     0     0    13.0   53.733    9.062    259.8    967.7
     1     1    14     1     6     2     0     0    14.0   54.131    9.284    254.5    968.4
     1     1    14     1     6     3     0     0    15.0   54.539    9.479    254.6    968.4
     1     1    14     1     6     4     0     0    16.0   54.957    9.636    260.6    967.5
     1     1    14     1     6     5     0     0    17.0   55.382    9.737    273.5    965.3
     1     1    14     1     6     6     0     0    18.0   55.808    9.769    294.6    962.1
     1     1    14     1     6     7     0     0    19.0   56.233    9.790    321.8    958.2
     1     1    14     1     6     8     0     0    20.0   56.655    9.849    352.6    954.2
     1     1    14     1     6     9     0     0    21.0   57.072    9.947    387.2    950.0
     1     1    14     1     6    10     0     0    22.0   57.487   10.088    426.5    944.4
     1     1    14     1     6    11     0     0    23.0   57.910   10.300    467.8    927.6
     1     1    14     1     6    12     0     0    24.0   58.347   10.591    511.0    911.2
     1     1    14     1     6    13     0     0    25.0   58.801   10.935    556.9    896.1
     1     1    14     1     6    14     0     0    26.0   59.271   11.313    605.4    881.4
     1     1    14     1     6    15     0     0    27.0   59.756   11.723    654.1    866.8
     1     1    14     1     6    16     0     0    28.0   60.251   12.166    700.9    856.8
     1     1    14     1     6    17     0     0    29.0   60.752   12.643    744.3    851.3
     1     1    14     1     6    18     0     0    30.0   61.257   13.148    784.7    847.6
     1     1    14     1     6    19     0     0    31.0   61.753   13.660    819.5    844.0
     1     1    14     1     6    20     0     0    32.0   62.222   14.170    845.3    841.1
     1     1    14     1     6    21     0     0    33.0   62.657   14.680    862.2    840.3
     1     1    14     1     6    22     0     0    34.0   63.052   15.176    871.3    842.5
     1     1    14     1     6    23     0     0    35.0   63.405   15.642    873.9    844.8
     1     1    14     1     7     0     0     0    36.0   63.719   16.076    870.5    846.5
     1     1    14     1     7     1     0     0    37.0   64.014   16.486    865.0    847.9
     1     1    14     1     7     2     0     0    38.0   64.310   16.891    861.8    847.7
     1     1    14     1     7     3     0     0    39.0   64.603   17.311    860.7    846.5
     1     1    14     1     7     4     0     0    40.0   64.894   17.766    862.2    845.4
     1     1    14     1     7     5     0     0    41.0   65.181   18.253    868.4    846.4
     1     1    14     1     7     6     0     0    42.0   65.463   18.752    880.9    846.9
     1     1    14     1     7     7     0     0    43.0   65.736   19.224    896.6    846.1
     1     1    14     1     7     8     0     0    44.0   65.996   19.642    911.2    844.9
     1     1    14     1     7     9     0     0    45.0   66.242   20.010    924.7    843.0
     1     1    14     1     7    10     0     0    46.0   66.475   20.336    937.4    841.4
     1     1    14     1     7    11     0     0    47.0   66.694   20.624    949.0    839.5
     1     1    14     1     7    12     0     0    48.0   66.899   20.885    959.1    837.5
