     1     1
    CDC1    14     1     1     0     0
     1 FORWARD  OMEGA   
    14     1    29    12   50.000    5.000   500.0
     1 PRESSURE
     1     1    14     1    29    12     0     0     0.0   50.000    5.000    500.0    929.5
     1     1    14     1    29    13     0     0     1.0   50.203    4.787    474.2    933.2
     1     1    14     1    29    14     0     0     2.0   50.390    4.534    447.5    937.3
     1     1    14     1    29    15     0     0     3.0   50.560    4.242    421.2    941.5
     1     1    14     1    29    16     0     0     4.0   50.716    3.914    396.1    945.5
     1     1    14     1    29    17     0     0     5.0   50.857    3.552    372.9    949.1
     1     1    14     1    29    18     0     0     6.0   50.984    3.161    351.9    952.1
     1     1    14     1    29    19     0     0     7.0   51.101    2.764    336.6    954.9
     1     1    14     1    29    20     0     0     8.0   51.211    2.385    329.2    956.0
     1     1    14     1    29    21     0     0     9.0   51.310    2.030    328.1    955.5
     1     1    14     1    29    22     0     0    10.0   51.396    1.701    332.4    954.6
     1     1    14     1    29    23     0     0    11.0   51.467    1.398    341.3    953.3
     1     1    14     1    30     0     0     0    12.0   51.523    1.119    354.4    951.7
     1     1    14     1    30     1     0     0    13.0   51.565    0.853    366.3    949.7
     1     1    14     1    30     2     0     0    14.0   51.590    0.584    371.8    949.0
     1     1    14     1    30     3     0     0    15.0   51.600    0.314    370.9    948.9
     1     1    14     1    30     4     0     0    16.0   51.597    0.045    363.9    949.4
     1     1    14     1    30     5     0     0    17.0   51.551   -0.209    350.6    945.7
     1     1    14     1    30     6     0     0    18.0   51.471   -0.433    334.1    947.7
     1     1    14     1    30     7     0     0    19.0   51.402   -0.631    319.7    949.7
     1     1    14     1    30     8     0     0    20.0   51.356   -0.802    311.5    950.6
     1     1    14     1    30     9     0     0    21.0   51.332   -0.949    308.8    951.0
     1     1    14     1    30    10     0     0    22.0   51.332   -1.075    311.5    950.9
     1     1    14     1    30    11     0     0    23.0   51.361   -1.184    319.5    950.3
     1     1    14     1    30    12     0     0    24.0   51.420   -1.277    333.0    949.2
     1     1    14     1    30    13     0     0    25.0   51.494   -1.376    349.2    947.4
     1     1    14     1    30    14     0     0    26.0   51.563   -1.496    365.0    946.0
     1     1    14     1    30    15     0     0    27.0   51.626   -1.634    380.2    944.6
     1     1    14     1    30    16     0     0    28.0   51.682   -1.790    394.5    943.0
     1     1    14     1    30    17     0     0    29.0   51.729   -1.961    407.7    941.5
     1     1    14     1    30    18     0     0    30.0   51.765   -2.144    419.7    940.2
     1     1    14     1    30    19     0     0    31.0   51.803   -2.328    428.6    939.1
     1     1    14     1    30    20     0     0    32.0   51.854   -2.504    432.6    938.9
     1     1    14     1    30    21     0     0    33.0   51.919   -2.673    431.4    939.4
     1     1    14     1    30    22     0     0    34.0   51.996   -2.837    425.0    940.6
     1     1    14     1    30    23     0     0    35.0   52.087   -2.998    414.1    942.4
     1     1    14     1    31     0     0     0    36.0   52.192   -3.158    399.5    944.7
     1     1    14     1    31     1     0     0    37.0   52.328   -3.312    386.3    946.7
     1     1    14     1    31     2     0     0    38.0   52.514   -3.457    378.0    947.2
     1     1    14     1    31     3     0     0    39.0   52.756   -3.597    375.0    946.3
     1     1    14     1    31     4     0     0    40.0   53.056   -3.738    377.8    944.5
     1     1    14     1    31     5     0     0    41.0   53.417   -3.894    386.7    941.7
     1     1    14     1    31     6     0     0    42.0   53.845   -4.077    402.3    937.2
     1     1    14     1    31     7     0     0    43.0   54.327   -4.284    423.2    930.8
     1     1    14     1    31     8     0     0    44.0   54.844   -4.502    447.7    923.9
     1     1    14     1    31     9     0     0    45.0   55.392   -4.738    475.7    917.7
     1     1    14     1    31    10     0     0    46.0   55.965   -5.005    507.8    911.3
     1     1    14     1    31    11     0     0    47.0   56.561   -5.315    544.3    904.8
     1     1    14     1    31    12     0     0    48.0   57.175   -5.680    585.2    898.0
