     1     1
    CDC1    14     1     1     0     0
     1 FORWARD  OMEGA   
    14     1    21    12   50.000    5.000   500.0
     1 PRESSURE
     1     1    14     1    21    12     0     0     0.0   50.000    5.000    500.0    945.2
     1     1    14     1    21    13     0     0     1.0   50.037    5.270    496.5    943.6
     1     1    14     1    21    14     0     0     2.0   50.076    5.530    492.9    942.1
     1     1    14     1    21    15     0     0     3.0   50.117    5.781    489.0    940.9
     1     1    14     1    21    16     0     0     4.0   50.160    6.024    484.4    939.9
     1     1    14     1    21    17     0     0     5.0   50.203    6.261    478.9    939.1
     1     1    14     1    21    18     0     0     6.0   50.248    6.492    472.2    938.6
     1     1    14     1    21    19     0     0     7.0   50.292    6.711    466.3    938.3
     1     1    14     1    21    20     0     0     8.0   50.336    6.911    462.4    937.7
     1     1    14     1    21    21     0     0     9.0   50.382    7.090    460.9    937.1
     1     1    14     1    21    22     0     0    10.0   50.429    7.247    461.9    936.3
     1     1    14     1    21    23     0     0    11.0   50.480    7.381    465.3    935.4
     1     1    14     1    22     0     0     0    12.0   50.535    7.490    471.3    934.4
     1     1    14     1    22     1     0     0    13.0   50.596    7.582    477.4    933.0
     1     1    14     1    22     2     0     0    14.0   50.662    7.661    481.5    932.2
     1     1    14     1    22     3     0     0    15.0   50.736    7.728    483.3    931.9
     1     1    14     1    22     4     0     0    16.0   50.818    7.779    482.8    931.9
     1     1    14     1    22     5     0     0    17.0   50.909    7.814    480.1    932.4
     1     1    14     1    22     6     0     0    18.0   51.009    7.832    475.3    933.3
     1     1    14     1    22     7     0     0    19.0   51.118    7.830    468.5    934.9
     1     1    14     1    22     8     0     0    20.0   51.238    7.809    459.2    937.0
     1     1    14     1    22     9     0     0    21.0   51.369    7.767    448.0    939.4
     1     1    14     1    22    10     0     0    22.0   51.513    7.704    434.9    942.1
     1     1    14     1    22    11     0     0    23.0   51.670    7.621    420.3    945.0
     1     1    14     1    22    12     0     0    24.0   51.841    7.517    404.6    948.2
     1     1    14     1    22    13     0     0    25.0   52.021    7.397    390.0    951.4
     1     1    14     1    22    14     0     0    26.0   52.207    7.263    378.3    953.7
     1     1    14     1    22    15     0     0    27.0   52.400    7.114    369.2    955.6
     1     1    14     1    22    16     0     0    28.0   52.599    6.947    362.3    957.4
     1     1    14     1    22    17     0     0    29.0   52.806    6.750    357.6    959.3
     1     1    14     1    22    18     0     0    30.0   53.023    6.523    355.1    960.9
     1     1    14     1    22    19     0     0    31.0   53.246    6.274    355.5    962.3
     1     1    14     1    22    20     0     0    32.0   53.475    6.016    359.4    963.2
     1     1    14     1    22    21     0     0    33.0   53.708    5.754    367.0    963.5
     1     1    14     1    22    22     0     0    34.0   53.945    5.494    378.2    963.3
     1     1    14     1    22    23     0     0    35.0   54.188    5.238    393.1    962.4
     1     1    14     1    23     0     0     0    36.0   54.436    4.992    411.2    960.8
     1     1    14     1    23     1     0     0    37.0   54.698    4.761    430.1    958.3
     1     1    14     1    23     2     0     0    38.0   54.983    4.548    447.9    956.4
     1     1    14     1    23     3     0     0    39.0   55.294    4.350    465.3    954.0
     1     1    14     1    23     4     0     0    40.0   55.639    4.164    483.8    951.7
     1     1    14     1    23     5     0     0    41.0   56.020    3.980    505.4    949.2
     1     1    14     1    23     6     0     0    42.0   56.442    3.789    533.0    946.1
     1     1    14     1    23     7     0     0    43.0   56.899    3.584    569.9    941.8
     1     1    14     1    23     8     0     0    44.0   57.383    3.358    618.6    936.2
     1     1    14     1    23     9     0     0    45.0   57.895    3.126    674.9    925.1
     1     1    14     1    23    10     0     0    46.0   58.432    2.902    733.8    913.7
     1     1    14     1    23    11     0     0    47.0   58.997    2.674    793.2    903.9
     1     1    14     1    23    12     0     0    48.0   59.592    2.424    851.6    895.6
