     1     1
    CDC1    14     1     1     0     0
     1 FORWARD  OMEGA   
    14     1    16     0   50.000    5.000   500.0
     1 PRESSURE
     1     1    14     1    16     0     0     0     0.0   50.000    5.000    500.0    938.2
     1     1    14     1    16     1     0     0     1.0   50.292    5.331    497.8    934.9
     1     1    14     1    16     2     0     0     2.0   50.585    5.657    489.6    933.2
     1     1    14     1    16     3     0     0     3.0   50.881    5.973    477.5    932.6
     1     1    14     1    16     4     0     0     4.0   51.180    6.276    463.9    932.8
     1     1    14     1    16     5     0     0     5.0   51.483    6.566    450.7    933.5
     1     1    14     1    16     6     0     0     6.0   51.791    6.841    440.2    934.3
     1     1    14     1    16     7     0     0     7.0   52.099    7.094    433.4    935.1
     1     1    14     1    16     8     0     0     8.0   52.400    7.314    430.3    935.9
     1     1    14     1    16     9     0     0     9.0   52.694    7.488    430.2    937.0
     1     1    14     1    16    10     0     0    10.0   52.985    7.598    433.1    938.0
     1     1    14     1    16    11     0     0    11.0   53.274    7.645    439.2    938.4
     1     1    14     1    16    12     0     0    12.0   53.563    7.638    448.8    938.3
     1     1    14     1    16    13     0     0    13.0   53.863    7.575    463.1    937.6
     1     1    14     1    16    14     0     0    14.0   54.188    7.446    484.9    936.1
     1     1    14     1    16    15     0     0    15.0   54.541    7.244    516.5    933.7
     1     1    14     1    16    16     0     0    16.0   54.928    6.963    560.9    930.0
     1     1    14     1    16    17     0     0    17.0   55.353    6.593    618.5    924.1
     1     1    14     1    16    18     0     0    18.0   55.817    6.131    686.3    916.4
     1     1    14     1    16    19     0     0    19.0   56.301    5.622    760.1    908.0
     1     1    14     1    16    20     0     0    20.0   56.793    5.104    836.4    899.9
     1     1    14     1    16    21     0     0    21.0   57.287    4.563    914.5    891.3
     1     1    14     1    16    22     0     0    22.0   57.777    4.016    989.6    879.2
     1     1    14     1    16    23     0     0    23.0   58.257    3.494   1058.1    867.4
     1     1    14     1    17     0     0     0    24.0   58.723    2.995   1120.5    859.2
     1     1    14     1    17     1     0     0    25.0   59.179    2.483   1177.8    853.6
     1     1    14     1    17     2     0     0    26.0   59.629    1.932   1228.4    848.3
     1     1    14     1    17     3     0     0    27.0   60.069    1.341   1271.6    845.9
     1     1    14     1    17     4     0     0    28.0   60.496    0.730   1306.2    846.0
     1     1    14     1    17     5     0     0    29.0   60.906    0.119   1330.1    846.4
     1     1    14     1    17     6     0     0    30.0   61.283   -0.491   1342.8    841.1
     1     1    14     1    17     7     0     0    31.0   61.629   -1.079   1356.2    840.2
     1     1    14     1    17     8     0     0    32.0   61.966   -1.635   1375.7    838.1
     1     1    14     1    17     9     0     0    33.0   62.293   -2.161   1401.8    835.2
     1     1    14     1    17    10     0     0    34.0   62.608   -2.662   1434.7    831.0
     1     1    14     1    17    11     0     0    35.0   62.910   -3.148   1472.7    825.3
     1     1    14     1    17    12     0     0    36.0   63.199   -3.623   1514.0    819.8
     1     1    14     1    17    13     0     0    37.0   63.481   -4.103   1550.2    815.1
     1     1    14     1    17    14     0     0    38.0   63.763   -4.603   1573.0    813.2
     1     1    14     1    17    15     0     0    39.0   64.046   -5.130   1584.4    813.2
     1     1    14     1    17    16     0     0    40.0   64.332   -5.691   1585.7    815.1
     1     1    14     1    17    17     0     0    41.0   64.624   -6.293   1578.3    818.4
     1     1    14     1    17    18     0     0    42.0   64.925   -6.941   1564.3    823.0
     1     1    14     1    17    19     0     0    43.0   65.226   -7.634   1549.7    827.8
     1     1    14     1    17    20     0     0    44.0   65.518   -8.372   1538.2    829.1
     1     1    14     1    17    21     0     0    45.0   65.800   -9.156   1530.8    829.7
     1     1    14     1    17    22     0     0    46.0   66.070   -9.984   1527.0    829.7
     1     1    14     1    17    23     0     0    47.0   66.328  -10.848   1524.5    825.3
     1     1    14     1    18     0     0     0    48.0   66.574  -11.741   1526.0    820.1
