     1     1
    CDC1    14     1     1     0     0
     1 FORWARD  OMEGA   
    14     1     9     0   50.000    5.000   500.0
     1 PRESSURE
     1     1    14     1     9     0     0     0     0.0   50.000    5.000    500.0    947.3
     1     1    14     1     9     1     0     0     1.0   50.355    5.385    492.0    944.8
     1     1    14     1     9     2     0     0     2.0   50.705    5.825    484.4    942.3
     1     1    14     1     9     3     0     0     3.0   51.056    6.312    478.3    940.0
     1     1    14     1     9     4     0     0     4.0   51.415    6.838    474.9    937.9
     1     1    14     1     9     5     0     0     5.0   51.790    7.392    474.8    936.1
     1     1    14     1     9     6     0     0     6.0   52.191    7.958    479.0    935.9
     1     1    14     1     9     7     0     0     7.0   52.597    8.534    489.5    936.9
     1     1    14     1     9     8     0     0     8.0   52.982    9.120    507.3    935.6
     1     1    14     1     9     9     0     0     9.0   53.352    9.718    533.6    932.6
     1     1    14     1     9    10     0     0    10.0   53.715   10.333    569.4    927.6
     1     1    14     1     9    11     0     0    11.0   54.076   10.968    616.0    920.8
     1     1    14     1     9    12     0     0    12.0   54.441   11.612    674.5    911.5
     1     1    14     1     9    13     0     0    13.0   54.791   12.278    741.0    900.9
     1     1    14     1     9    14     0     0    14.0   55.104   12.984    809.2    891.5
     1     1    14     1     9    15     0     0    15.0   55.389   13.721    876.5    883.9
     1     1    14     1     9    16     0     0    16.0   55.658   14.472    942.8    876.9
     1     1    14     1     9    17     0     0    17.0   55.927   15.226   1012.1    869.4
     1     1    14     1     9    18     0     0    18.0   56.206   15.965   1088.9    861.9
     1     1    14     1     9    19     0     0    19.0   56.468   16.664   1173.1    853.6
     1     1    14     1     9    20     0     0    20.0   56.684   17.316   1263.5    844.4
     1     1    14     1     9    21     0     0    21.0   56.864   17.921   1358.1    833.2
     1     1    14     1     9    22     0     0    22.0   57.023   18.474   1454.9    821.0
     1     1    14     1     9    23     0     0    23.0   57.174   18.975   1552.5    808.8
     1     1    14     1    10     0     0     0    24.0   57.326   19.421   1649.9    796.6
     1     1    14     1    10     1     0     0    25.0   57.467   19.831   1747.4    785.7
     1     1    14     1    10     2     0     0    26.0   57.572   20.239   1847.1    774.5
     1     1    14     1    10     3     0     0    27.0   57.638   20.657   1946.5    763.7
     1     1    14     1    10     4     0     0    28.0   57.661   21.092   2045.5    753.0
     1     1    14     1    10     5     0     0    29.0   57.643   21.553   2144.7    742.0
     1     1    14     1    10     6     0     0    30.0   57.585   22.046   2245.1    730.6
     1     1    14     1    10     7     0     0    31.0   57.504   22.566   2341.6    720.3
     1     1    14     1    10     8     0     0    32.0   57.415   23.107   2427.2    713.1
     1     1    14     1    10     9     0     0    33.0   57.320   23.669   2499.1    707.0
     1     1    14     1    10    10     0     0    34.0   57.216   24.254   2555.6    702.1
     1     1    14     1    10    11     0     0    35.0   57.102   24.859   2594.8    698.4
     1     1    14     1    10    12     0     0    36.0   56.982   25.488   2616.4    696.8
     1     1    14     1    10    13     0     0    37.0   56.863   26.137   2625.7    697.3
     1     1    14     1    10    14     0     0    38.0   56.747   26.797   2632.0    697.1
     1     1    14     1    10    15     0     0    39.0   56.628   27.461   2635.3    696.8
     1     1    14     1    10    16     0     0    40.0   56.502   28.128   2638.1    696.1
     1     1    14     1    10    17     0     0    41.0   56.369   28.796   2644.4    694.7
     1     1    14     1    10    18     0     0    42.0   56.227   29.462   2656.2    692.4
     1     1    14     1    10    19     0     0    43.0   56.084   30.142   2670.8    689.7
     1     1    14     1    10    20     0     0    44.0   55.951   30.850   2688.9    686.5
     1     1    14     1    10    21     0     0    45.0   55.827   31.580   2709.2    683.0
     1     1    14     1    10    22     0     0    46.0   55.712   32.324   2729.1    679.5
     1     1    14     1    10    23     0     0    47.0   55.606   33.075   2747.9    677.1
     1     1    14     1    11     0     0     0    48.0   55.512   33.828   2764.1    675.4
