     1     1
    CDC1    14     1     1     0     0
     1 FORWARD  OMEGA   
    14     1    19    12   50.000    5.000   500.0
     1 PRESSURE
     1     1    14     1    19    12     0     0     0.0   50.000    5.000    500.0    932.6
     1     1    14     1    19    13     0     0     1.0   50.041    5.102    486.0    933.9
     1     1    14     1    19    14     0     0     2.0   50.066    5.193    472.7    935.1
     1     1    14     1    19    15     0     0     3.0   50.076    5.274    460.1    936.3
     1     1    14     1    19    16     0     0     4.0   50.070    5.348    447.9    937.6
     1     1    14     1    19    17     0     0     5.0   50.045    5.417    436.4    938.8
     1     1    14     1    19    18     0     0     6.0   50.002    5.482    425.3    940.0
     1     1    14     1    19    19     0     0     7.0   49.943    5.545    415.7    939.6
     1     1    14     1    19    20     0     0     8.0   49.874    5.602    408.7    938.4
     1     1    14     1    19    21     0     0     9.0   49.793    5.654    404.3    936.7
     1     1    14     1    19    22     0     0    10.0   49.702    5.701    402.2    934.5
     1     1    14     1    19    23     0     0    11.0   49.599    5.744    402.5    931.7
     1     1    14     1    20     0     0     0    12.0   49.485    5.780    405.0    928.4
     1     1    14     1    20     1     0     0    13.0   49.365    5.815    408.5    924.8
     1     1    14     1    20     2     0     0    14.0   49.243    5.853    411.5    921.3
     1     1    14     1    20     3     0     0    15.0   49.120    5.896    413.7    917.8
     1     1    14     1    20     4     0     0    16.0   48.997    5.946    414.9    914.3
     1     1    14     1    20     5     0     0    17.0   48.875    6.005    414.8    910.9
     1     1    14     1    20     6     0     0    18.0   48.754    6.074    413.2    907.4
     1     1    14     1    20     7     0     0    19.0   48.639    6.161    413.0    904.4
     1     1    14     1    20     8     0     0    20.0   48.533    6.271    417.1    900.3
     1     1    14     1    20     9     0     0    21.0   48.435    6.401    425.5    895.4
     1     1    14     1    20    10     0     0    22.0   48.343    6.551    438.3    889.9
     1     1    14     1    20    11     0     0    23.0   48.255    6.719    455.6    883.5
     1     1    14     1    20    12     0     0    24.0   48.168    6.904    477.7    876.3
     1     1    14     1    20    13     0     0    25.0   48.072    7.095    501.2    868.1
     1     1    14     1    20    14     0     0    26.0   47.957    7.285    522.4    860.0
     1     1    14     1    20    15     0     0    27.0   47.823    7.472    541.1    851.5
     1     1    14     1    20    16     0     0    28.0   47.670    7.657    557.3    843.9
     1     1    14     1    20    17     0     0    29.0   47.497    7.840    571.0    836.3
     1     1    14     1    20    18     0     0    30.0   47.305    8.016    583.1    834.6
     1     1    14     1    20    19     0     0    31.0   47.103    8.172    592.0    833.8
     1     1    14     1    20    20     0     0    32.0   46.897    8.298    596.6    833.8
     1     1    14     1    20    21     0     0    33.0   46.686    8.395    596.9    834.5
     1     1    14     1    20    22     0     0    34.0   46.470    8.462    592.8    836.0
     1     1    14     1    20    23     0     0    35.0   46.250    8.497    583.9    838.2
     1     1    14     1    21     0     0     0    36.0   46.024    8.502    570.1    841.1
     1     1    14     1    21     1     0     0    37.0   45.787    8.481    551.1    844.5
     1     1    14     1    21     2     0     0    38.0   45.534    8.438    527.8    848.5
     1     1    14     1    21     3     0     0    39.0   45.262    8.374    500.5    853.0
     1     1    14     1    21     4     0     0    40.0   44.970    8.289    470.3    858.5
     1     1    14     1    21     5     0     0    41.0   44.661    8.213    440.8    871.3
     1     1    14     1    21     6     0     0    42.0   44.339    8.175    413.8    884.4
     1     1    14     1    21     7     0     0    43.0   44.024    8.180    390.0    897.2
     1     1    14     1    21     8     0     0    44.0   43.733    8.221    369.3    908.9
     1     1    14     1    21     9     0     0    45.0   43.466    8.290    351.0    919.3
     1     1    14     1    21    10     0     0    46.0   43.221    8.378    334.6    929.0
     1     1    14     1    21    11     0     0    47.0   42.997    8.476    319.4    938.1
     1     1    14     1    21    12     0     0    48.0   42.793    8.579    305.1    946.6
