     1     1
    CDC1    14     1     1     0     0
     1 FORWARD  OMEGA   
    14     1    23     0   50.000    5.000   500.0
     1 PRESSURE
     1     1    14     1    23     0     0     0     0.0   50.000    5.000    500.0    946.5
     1     1    14     1    23     1     0     0     1.0   50.088    5.146    508.5    944.2
     1     1    14     1    23     2     0     0     2.0   50.183    5.296    512.9    942.6
     1     1    14     1    23     3     0     0     3.0   50.285    5.451    513.0    941.5
     1     1    14     1    23     4     0     0     4.0   50.392    5.609    508.6    940.9
     1     1    14     1    23     5     0     0     5.0   50.506    5.770    499.7    941.0
     1     1    14     1    23     6     0     0     6.0   50.625    5.933    486.0    941.7
     1     1    14     1    23     7     0     0     7.0   50.753    6.102    472.0    942.9
     1     1    14     1    23     8     0     0     8.0   50.895    6.279    462.1    943.2
     1     1    14     1    23     9     0     0     9.0   51.050    6.462    456.7    943.1
     1     1    14     1    23    10     0     0    10.0   51.219    6.648    456.3    942.6
     1     1    14     1    23    11     0     0    11.0   51.400    6.835    461.6    941.6
     1     1    14     1    23    12     0     0    12.0   51.596    7.020    473.2    940.0
     1     1    14     1    23    13     0     0    13.0   51.798    7.195    489.6    937.7
     1     1    14     1    23    14     0     0    14.0   51.998    7.349    508.7    935.4
     1     1    14     1    23    15     0     0    15.0   52.197    7.483    529.8    933.1
     1     1    14     1    23    16     0     0    16.0   52.394    7.598    551.6    931.0
     1     1    14     1    23    17     0     0    17.0   52.589    7.688    573.6    929.1
     1     1    14     1    23    18     0     0    18.0   52.781    7.741    595.9    927.4
     1     1    14     1    23    19     0     0    19.0   52.963    7.756    619.8    925.9
     1     1    14     1    23    20     0     0    20.0   53.123    7.743    646.5    923.5
     1     1    14     1    23    21     0     0    21.0   53.256    7.707    675.6    920.5
     1     1    14     1    23    22     0     0    22.0   53.360    7.656    706.1    917.2
     1     1    14     1    23    23     0     0    23.0   53.436    7.597    737.5    913.8
     1     1    14     1    24     0     0     0    24.0   53.481    7.537    769.0    910.3
     1     1    14     1    24     1     0     0    25.0   53.506    7.471    798.5    907.4
     1     1    14     1    24     2     0     0    26.0   53.524    7.393    824.2    905.1
     1     1    14     1    24     3     0     0    27.0   53.536    7.303    845.8    903.4
     1     1    14     1    24     4     0     0    28.0   53.543    7.201    863.5    902.1
     1     1    14     1    24     5     0     0    29.0   53.546    7.087    877.1    901.2
     1     1    14     1    24     6     0     0    30.0   53.548    6.960    886.8    900.7
     1     1    14     1    24     7     0     0    31.0   53.561    6.815    892.3    900.7
     1     1    14     1    24     8     0     0    32.0   53.600    6.640    892.7    901.4
     1     1    14     1    24     9     0     0    33.0   53.668    6.431    888.2    902.7
     1     1    14     1    24    10     0     0    34.0   53.768    6.185    878.7    904.7
     1     1    14     1    24    11     0     0    35.0   53.907    5.897    864.4    907.4
     1     1    14     1    24    12     0     0    36.0   54.091    5.564    844.9    910.9
     1     1    14     1    24    13     0     0    37.0   54.320    5.204    824.1    914.9
     1     1    14     1    24    14     0     0    38.0   54.592    4.843    805.7    918.1
     1     1    14     1    24    15     0     0    39.0   54.910    4.483    790.7    920.5
     1     1    14     1    24    16     0     0    40.0   55.279    4.133    780.4    922.0
     1     1    14     1    24    17     0     0    41.0   55.711    3.800    776.7    922.6
     1     1    14     1    24    18     0     0    42.0   56.214    3.483    780.9    922.4
     1     1    14     1    24    19     0     0    43.0   56.787    3.188    793.2    920.7
     1     1    14     1    24    20     0     0    44.0   57.419    2.922    814.8    918.1
     1     1    14     1    24    21     0     0    45.0   58.116    2.724    847.2    909.1
     1     1    14     1    24    22     0     0    46.0   58.876    2.634    893.2    898.1
     1     1    14     1    24    23     0     0    47.0   59.704    2.659    954.1    884.8
     1     1    14     1    25     0     0     0    48.0   60.590    2.805   1030.6    873.3
