     1     1
    CDC1    14     1     1     0     0
     1 FORWARD  OMEGA   
    14     1    28     6   50.000    5.000   500.0
     1 PRESSURE
     1     1    14     1    28     6     0     0     0.0   50.000    5.000    500.0    930.8
     1     1    14     1    28     7     0     0     1.0   50.423    5.349    494.8    927.9
     1     1    14     1    28     8     0     0     2.0   50.855    5.617    485.8    927.2
     1     1    14     1    28     9     0     0     3.0   51.299    5.804    474.8    927.8
     1     1    14     1    28    10     0     0     4.0   51.759    5.907    463.8    929.2
     1     1    14     1    28    11     0     0     5.0   52.238    5.925    454.4    930.8
     1     1    14     1    28    12     0     0     6.0   52.735    5.844    448.6    933.1
     1     1    14     1    28    13     0     0     7.0   53.240    5.655    446.4    935.7
     1     1    14     1    28    14     0     0     8.0   53.741    5.356    446.7    938.1
     1     1    14     1    28    15     0     0     9.0   54.247    4.943    450.0    940.0
     1     1    14     1    28    16     0     0    10.0   54.752    4.413    457.2    940.4
     1     1    14     1    28    17     0     0    11.0   55.256    3.772    468.1    939.4
     1     1    14     1    28    18     0     0    12.0   55.765    3.031    481.3    938.0
     1     1    14     1    28    19     0     0    13.0   56.279    2.205    497.7    936.4
     1     1    14     1    28    20     0     0    14.0   56.783    1.317    517.2    933.5
     1     1    14     1    28    21     0     0    15.0   57.270    0.372    537.0    930.7
     1     1    14     1    28    22     0     0    16.0   57.687   -0.563    552.0    917.7
     1     1    14     1    28    23     0     0    17.0   58.047   -1.468    563.1    920.4
     1     1    14     1    29     0     0     0    18.0   58.423   -2.388    566.4    924.3
     1     1    14     1    29     1     0     0    19.0   58.793   -3.295    562.9    926.0
     1     1    14     1    29     2     0     0    20.0   59.141   -4.167    556.2    927.4
     1     1    14     1    29     3     0     0    21.0   59.482   -5.017    549.4    928.6
     1     1    14     1    29     4     0     0    22.0   59.818   -5.845    544.9    932.0
     1     1    14     1    29     5     0     0    23.0   60.141   -6.643    543.7    934.0
     1     1    14     1    29     6     0     0    24.0   60.449   -7.411    547.9    934.7
     1     1    14     1    29     7     0     0    25.0   60.723   -8.136    557.5    935.6
     1     1    14     1    29     8     0     0    26.0   60.951   -8.813    569.4    935.8
     1     1    14     1    29     9     0     0    27.0   61.138   -9.446    583.0    935.5
     1     1    14     1    29    10     0     0    28.0   61.291  -10.041    597.3    934.7
     1     1    14     1    29    11     0     0    29.0   61.411  -10.591    610.6    932.8
     1     1    14     1    29    12     0     0    30.0   61.501  -11.091    621.6    931.2
     1     1    14     1    29    13     0     0    31.0   61.587  -11.556    628.8    929.0
     1     1    14     1    29    14     0     0    32.0   61.698  -12.009    631.3    927.2
     1     1    14     1    29    15     0     0    33.0   61.842  -12.465    629.6    925.4
     1     1    14     1    29    16     0     0    34.0   62.027  -12.938    623.6    923.1
     1     1    14     1    29    17     0     0    35.0   62.262  -13.446    613.3    920.6
     1     1    14     1    29    18     0     0    36.0   62.547  -14.010    598.5    917.7
     1     1    14     1    29    19     0     0    37.0   62.866  -14.629    583.0    914.9
     1     1    14     1    29    20     0     0    38.0   63.200  -15.294    569.8    911.4
     1     1    14     1    29    21     0     0    39.0   63.550  -16.004    559.6    908.4
     1     1    14     1    29    22     0     0    40.0   63.913  -16.761    552.2    904.5
     1     1    14     1    29    23     0     0    41.0   64.290  -17.567    547.9    900.0
     1     1    14     1    30     0     0     0    42.0   64.676  -18.425    549.4    899.5
     1     1    14     1    30     1     0     0    43.0   65.050  -19.334    556.3    899.4
     1     1    14     1    30     2     0     0    44.0   65.379  -20.264    569.2    903.9
     1     1    14     1    30     3     0     0    45.0   65.650  -21.179    587.6    908.5
     1     1    14     1    30     4     0     0    46.0   65.863  -22.079    612.0    911.6
     1     1    14     1    30     5     0     0    47.0   66.021  -22.966    643.2    912.1
     1     1    14     1    30     6     0     0    48.0   66.128  -23.839    683.0    909.5
