     1     1
    CDC1    14     1     1     0     0
     1 FORWARD  OMEGA   
    14     1    22     6   50.000    5.000   500.0
     1 PRESSURE
     1     1    14     1    22     6     0     0     0.0   50.000    5.000    500.0    944.3
     1     1    14     1    22     7     0     0     1.0   50.210    5.128    489.5    944.4
     1     1    14     1    22     8     0     0     2.0   50.416    5.238    476.2    945.3
     1     1    14     1    22     9     0     0     3.0   50.620    5.326    460.3    946.7
     1     1    14     1    22    10     0     0     4.0   50.824    5.393    442.0    948.5
     1     1    14     1    22    11     0     0     5.0   51.031    5.439    421.7    950.8
     1     1    14     1    22    12     0     0     6.0   51.243    5.463    399.9    953.4
     1     1    14     1    22    13     0     0     7.0   51.455    5.469    379.3    956.2
     1     1    14     1    22    14     0     0     8.0   51.663    5.456    361.5    958.1
     1     1    14     1    22    15     0     0     9.0   51.868    5.425    346.1    959.8
     1     1    14     1    22    16     0     0    10.0   52.070    5.375    332.2    961.5
     1     1    14     1    22    17     0     0    11.0   52.270    5.303    319.1    963.1
     1     1    14     1    22    18     0     0    12.0   52.470    5.207    305.9    964.8
     1     1    14     1    22    19     0     0    13.0   52.669    5.089    294.3    967.2
     1     1    14     1    22    20     0     0    14.0   52.869    4.952    287.2    969.0
     1     1    14     1    22    21     0     0    15.0   53.067    4.805    284.9    970.2
     1     1    14     1    22    22     0     0    16.0   53.263    4.654    287.1    970.7
     1     1    14     1    22    23     0     0    17.0   53.459    4.502    293.5    970.6
     1     1    14     1    23     0     0     0    18.0   53.654    4.352    303.8    970.0
     1     1    14     1    23     1     0     0    19.0   53.859    4.213    314.3    968.7
     1     1    14     1    23     2     0     0    20.0   54.084    4.087    322.1    968.2
     1     1    14     1    23     3     0     0    21.0   54.329    3.970    327.6    967.8
     1     1    14     1    23     4     0     0    22.0   54.598    3.861    331.7    967.5
     1     1    14     1    23     5     0     0    23.0   54.891    3.757    335.1    967.3
     1     1    14     1    23     6     0     0    24.0   55.211    3.654    338.8    966.9
     1     1    14     1    23     7     0     0    25.0   55.549    3.544    347.2    966.1
     1     1    14     1    23     8     0     0    26.0   55.893    3.426    364.1    964.0
     1     1    14     1    23     9     0     0    27.0   56.245    3.300    389.5    961.0
     1     1    14     1    23    10     0     0    28.0   56.606    3.166    423.8    956.2
     1     1    14     1    23    11     0     0    29.0   56.980    3.022    467.3    950.5
     1     1    14     1    23    12     0     0    30.0   57.370    2.865    520.1    944.0
     1     1    14     1    23    13     0     0    31.0   57.781    2.679    578.3    935.7
     1     1    14     1    23    14     0     0    32.0   58.216    2.464    637.4    927.4
     1     1    14     1    23    15     0     0    33.0   58.673    2.237    694.9    918.6
     1     1    14     1    23    16     0     0    34.0   59.152    2.007    750.1    911.1
     1     1    14     1    23    17     0     0    35.0   59.657    1.785    803.5    904.5
     1     1    14     1    23    18     0     0    36.0   60.186    1.585    855.2    899.7
     1     1    14     1    23    19     0     0    37.0   60.720    1.432    898.3    897.2
     1     1    14     1    23    20     0     0    38.0   61.252    1.334    928.2    896.4
     1     1    14     1    23    21     0     0    39.0   61.788    1.288    946.8    896.3
     1     1    14     1    23    22     0     0    40.0   62.334    1.295    955.8    897.1
     1     1    14     1    23    23     0     0    41.0   62.886    1.350    956.3    896.9
     1     1    14     1    24     0     0     0    42.0   63.439    1.443    951.1    896.7
     1     1    14     1    24     1     0     0    43.0   64.003    1.573    943.9    897.2
     1     1    14     1    24     2     0     0    44.0   64.583    1.746    937.7    897.8
     1     1    14     1    24     3     0     0    45.0   65.168    1.963    932.8    898.9
     1     1    14     1    24     4     0     0    46.0   65.746    2.193    929.6    899.5
     1     1    14     1    24     5     0     0    47.0   66.310    2.414    928.9    899.5
     1     1    14     1    24     6     0     0    48.0   66.856    2.633    930.8    898.9
