     1     1
    CDC1    14     1     1     0     0
     1 FORWARD  OMEGA   
    14     1    21     6   50.000    5.000   500.0
     1 PRESSURE
     1     1    14     1    21     6     0     0     0.0   50.000    5.000    500.0    944.3
     1     1    14     1    21     7     0     0     1.0   49.943    5.231    497.7    941.7
     1     1    14     1    21     8     0     0     2.0   49.894    5.469    494.7    939.3
     1     1    14     1    21     9     0     0     3.0   49.852    5.714    491.1    936.9
     1     1    14     1    21    10     0     0     4.0   49.814    5.967    487.2    934.5
     1     1    14     1    21    11     0     0     5.0   49.780    6.228    483.3    932.0
     1     1    14     1    21    12     0     0     6.0   49.748    6.497    479.5    929.5
     1     1    14     1    21    13     0     0     7.0   49.715    6.766    475.4    926.9
     1     1    14     1    21    14     0     0     8.0   49.681    7.027    469.2    924.6
     1     1    14     1    21    15     0     0     9.0   49.644    7.283    461.1    922.5
     1     1    14     1    21    16     0     0    10.0   49.605    7.535    450.6    920.8
     1     1    14     1    21    17     0     0    11.0   49.564    7.779    438.0    919.7
     1     1    14     1    21    18     0     0    12.0   49.523    8.017    423.0    918.9
     1     1    14     1    21    19     0     0    13.0   49.482    8.240    408.4    918.4
     1     1    14     1    21    20     0     0    14.0   49.445    8.444    396.9    917.3
     1     1    14     1    21    21     0     0    15.0   49.412    8.629    388.6    916.1
     1     1    14     1    21    22     0     0    16.0   49.384    8.797    383.5    914.8
     1     1    14     1    21    23     0     0    17.0   49.361    8.951    381.8    913.3
     1     1    14     1    22     0     0     0    18.0   49.346    9.091    383.5    911.7
     1     1    14     1    22     1     0     0    19.0   49.336    9.221    385.2    909.7
     1     1    14     1    22     2     0     0    20.0   49.331    9.343    383.8    908.7
     1     1    14     1    22     3     0     0    21.0   49.332    9.456    378.8    908.5
     1     1    14     1    22     4     0     0    22.0   49.339    9.558    370.2    908.9
     1     1    14     1    22     5     0     0    23.0   49.353    9.649    358.1    909.9
     1     1    14     1    22     6     0     0    24.0   49.372    9.728    342.6    911.6
     1     1    14     1    22     7     0     0    25.0   49.397    9.796    325.2    914.3
     1     1    14     1    22     8     0     0    26.0   49.429    9.856    306.7    917.2
     1     1    14     1    22     9     0     0    27.0   49.468    9.907    287.5    920.6
     1     1    14     1    22    10     0     0    28.0   49.513    9.946    268.0    924.5
     1     1    14     1    22    11     0     0    29.0   49.563    9.972    248.4    928.7
     1     1    14     1    22    12     0     0    30.0   49.617    9.981    228.9    933.2
     1     1    14     1    22    13     0     0    31.0   49.672    9.972    210.8    937.7
     1     1    14     1    22    14     0     0    32.0   49.724    9.946    194.5    941.8
     1     1    14     1    22    15     0     0    33.0   49.772    9.903    179.9    945.3
     1     1    14     1    22    16     0     0    34.0   49.819    9.843    166.5    948.7
     1     1    14     1    22    17     0     0    35.0   49.862    9.767    154.4    952.0
     1     1    14     1    22    18     0     0    36.0   49.902    9.674    143.5    955.2
     1     1    14     1    22    19     0     0    37.0   49.945    9.574    134.2    958.5
     1     1    14     1    22    20     0     0    38.0   49.996    9.473    127.1    961.7
     1     1    14     1    22    21     0     0    39.0   50.056    9.373    121.8    963.8
     1     1    14     1    22    22     0     0    40.0   50.129    9.272    118.2    965.6
     1     1    14     1    22    23     0     0    41.0   50.215    9.170    116.3    967.4
     1     1    14     1    23     0     0     0    42.0   50.315    9.067    116.0    969.0
     1     1    14     1    23     1     0     0    43.0   50.422    8.965    116.1    970.3
     1     1    14     1    23     2     0     0    44.0   50.529    8.869    114.7    971.9
     1     1    14     1    23     3     0     0    45.0   50.635    8.779    111.7    973.6
     1     1    14     1    23     4     0     0    46.0   50.741    8.695    106.6    975.4
     1     1    14     1    23     5     0     0    47.0   50.847    8.617     99.1    977.5
     1     1    14     1    23     6     0     0    48.0   50.952    8.544     88.9    980.0
