     1     1
    CDC1    14     1     1     0     0
     1 FORWARD  OMEGA   
    14     1     2     0   50.000    5.000   500.0
     1 PRESSURE
     1     1    14     1     2     0     0     0     0.0   50.000    5.000    500.0    931.9
     1     1    14     1     2     1     0     0     1.0   50.591    5.344    476.3    931.6
     1     1    14     1     2     2     0     0     2.0   51.158    5.704    455.7    931.7
     1     1    14     1     2     3     0     0     3.0   51.705    6.077    437.5    932.5
     1     1    14     1     2     4     0     0     4.0   52.235    6.455    421.8    934.1
     1     1    14     1     2     5     0     0     5.0   52.747    6.817    409.8    936.7
     1     1    14     1     2     6     0     0     6.0   53.243    7.135    404.1    939.3
     1     1    14     1     2     7     0     0     7.0   53.728    7.409    406.2    941.4
     1     1    14     1     2     8     0     0     8.0   54.203    7.656    417.8    942.2
     1     1    14     1     2     9     0     0     9.0   54.672    7.894    439.9    941.6
     1     1    14     1     2    10     0     0    10.0   55.137    8.129    473.8    938.8
     1     1    14     1     2    11     0     0    11.0   55.597    8.348    519.5    933.4
     1     1    14     1     2    12     0     0    12.0   56.058    8.546    577.9    927.0
     1     1    14     1     2    13     0     0    13.0   56.514    8.736    647.0    919.1
     1     1    14     1     2    14     0     0    14.0   56.959    8.911    720.3    910.1
     1     1    14     1     2    15     0     0    15.0   57.394    9.062    795.5    901.7
     1     1    14     1     2    16     0     0    16.0   57.830    9.202    866.3    885.5
     1     1    14     1     2    17     0     0    17.0   58.283    9.347    929.8    867.4
     1     1    14     1     2    18     0     0    18.0   58.758    9.499    986.3    848.8
     1     1    14     1     2    19     0     0    19.0   59.253    9.645   1033.8    830.7
     1     1    14     1     2    20     0     0    20.0   59.761    9.772   1073.5    813.6
     1     1    14     1     2    21     0     0    21.0   60.268    9.880   1110.3    803.6
     1     1    14     1     2    22     0     0    22.0   60.761    9.983   1146.0    799.7
     1     1    14     1     2    23     0     0    23.0   61.232   10.088   1181.0    796.4
     1     1    14     1     3     0     0     0    24.0   61.682   10.194   1218.0    792.9
     1     1    14     1     3     1     0     0    25.0   62.128   10.294   1254.9    788.6
     1     1    14     1     3     2     0     0    26.0   62.582   10.379   1286.9    786.0
     1     1    14     1     3     3     0     0    27.0   63.034   10.464   1314.1    790.0
     1     1    14     1     3     4     0     0    28.0   63.476   10.565   1331.8    794.7
     1     1    14     1     3     5     0     0    29.0   63.905   10.681   1341.0    799.9
     1     1    14     1     3     6     0     0    30.0   64.318   10.812   1342.8    805.2
     1     1    14     1     3     7     0     0    31.0   64.723   10.949   1337.6    810.5
     1     1    14     1     3     8     0     0    32.0   65.121   11.085   1324.6    815.5
     1     1    14     1     3     9     0     0    33.0   65.507   11.223   1303.7    819.9
     1     1    14     1     3    10     0     0    34.0   65.875   11.366   1277.0    824.7
     1     1    14     1     3    11     0     0    35.0   66.224   11.516   1244.5    829.7
     1     1    14     1     3    12     0     0    36.0   66.551   11.672   1206.3    835.2
     1     1    14     1     3    13     0     0    37.0   66.867   11.832   1164.9    840.6
     1     1    14     1     3    14     0     0    38.0   67.178   11.996   1123.4    845.7
     1     1    14     1     3    15     0     0    39.0   67.486   12.163   1081.6    851.0
     1     1    14     1     3    16     0     0    40.0   67.788   12.312   1040.7    855.9
     1     1    14     1     3    17     0     0    41.0   68.086   12.424   1002.3    860.8
     1     1    14     1     3    18     0     0    42.0   68.376   12.502    966.4    865.8
     1     1    14     1     3    19     0     0    43.0   68.647   12.549    932.3    871.0
     1     1    14     1     3    20     0     0    44.0   68.890   12.565    899.3    875.8
     1     1    14     1     3    21     0     0    45.0   69.106   12.549    866.0    880.6
     1     1    14     1     3    22     0     0    46.0   69.297   12.503    831.3    885.8
     1     1    14     1     3    23     0     0    47.0   69.465   12.425    794.5    891.2
     1     1    14     1     4     0     0     0    48.0   69.611   12.316    755.0    897.1
