     1     1
    CDC1    14     1     1     0     0
     1 FORWARD  OMEGA   
    14     1    19     6   50.000    5.000   500.0
     1 PRESSURE
     1     1    14     1    19     6     0     0     0.0   50.000    5.000    500.0    929.5
     1     1    14     1    19     7     0     0     1.0   50.138    5.036    500.4    929.5
     1     1    14     1    19     8     0     0     2.0   50.267    5.063    499.6    929.8
     1     1    14     1    19     9     0     0     3.0   50.387    5.082    497.6    930.3
     1     1    14     1    19    10     0     0     4.0   50.500    5.094    494.3    930.9
     1     1    14     1    19    11     0     0     5.0   50.604    5.101    489.4    931.8
     1     1    14     1    19    12     0     0     6.0   50.699    5.103    483.1    932.8
     1     1    14     1    19    13     0     0     7.0   50.786    5.099    476.0    934.0
     1     1    14     1    19    14     0     0     8.0   50.860    5.087    469.0    935.1
     1     1    14     1    19    15     0     0     9.0   50.923    5.071    461.7    936.3
     1     1    14     1    19    16     0     0    10.0   50.972    5.053    454.0    937.6
     1     1    14     1    19    17     0     0    11.0   51.008    5.036    445.7    939.0
     1     1    14     1    19    18     0     0    12.0   51.028    5.022    436.7    940.4
     1     1    14     1    19    19     0     0    13.0   51.034    5.011    427.8    941.8
     1     1    14     1    19    20     0     0    14.0   51.025    5.001    420.0    942.9
     1     1    14     1    19    21     0     0    15.0   51.002    4.993    413.2    943.9
     1     1    14     1    19    22     0     0    16.0   50.963    4.989    407.5    944.8
     1     1    14     1    19    23     0     0    17.0   50.908    4.988    402.8    945.6
     1     1    14     1    20     0     0     0    18.0   50.836    4.992    399.2    946.2
     1     1    14     1    20     1     0     0    19.0   50.749    4.998    396.2    946.8
     1     1    14     1    20     2     0     0    20.0   50.651    5.005    393.0    947.6
     1     1    14     1    20     3     0     0    21.0   50.541    5.015    389.7    948.3
     1     1    14     1    20     4     0     0    22.0   50.420    5.030    386.4    949.0
     1     1    14     1    20     5     0     0    23.0   50.289    5.052    383.2    949.6
     1     1    14     1    20     6     0     0    24.0   50.148    5.084    380.2    950.1
     1     1    14     1    20     7     0     0    25.0   50.006    5.140    379.9    950.6
     1     1    14     1    20     8     0     0    26.0   49.875    5.226    383.9    947.5
     1     1    14     1    20     9     0     0    27.0   49.756    5.335    392.6    943.5
     1     1    14     1    20    10     0     0    28.0   49.651    5.467    406.3    938.7
     1     1    14     1    20    11     0     0    29.0   49.559    5.623    425.4    933.3
     1     1    14     1    20    12     0     0    30.0   49.478    5.802    450.3    927.1
     1     1    14     1    20    13     0     0    31.0   49.399    5.994    478.0    919.9
     1     1    14     1    20    14     0     0    32.0   49.311    6.188    504.7    912.9
     1     1    14     1    20    15     0     0    33.0   49.210    6.382    529.8    905.7
     1     1    14     1    20    16     0     0    34.0   49.096    6.574    552.9    898.4
     1     1    14     1    20    17     0     0    35.0   48.965    6.764    573.6    890.8
     1     1    14     1    20    18     0     0    36.0   48.817    6.951    591.7    883.0
     1     1    14     1    20    19     0     0    37.0   48.655    7.132    607.8    875.0
     1     1    14     1    20    20     0     0    38.0   48.484    7.304    621.5    866.8
     1     1    14     1    20    21     0     0    39.0   48.305    7.463    632.3    858.6
     1     1    14     1    20    22     0     0    40.0   48.120    7.609    639.9    851.2
     1     1    14     1    20    23     0     0    41.0   47.929    7.739    643.6    844.5
     1     1    14     1    21     0     0     0    42.0   47.732    7.850    643.1    838.1
     1     1    14     1    21     1     0     0    43.0   47.525    7.941    636.2    832.0
     1     1    14     1    21     2     0     0    44.0   47.302    8.010    623.4    833.0
     1     1    14     1    21     3     0     0    45.0   47.060    8.055    603.8    836.1
     1     1    14     1    21     4     0     0    46.0   46.801    8.075    578.2    839.6
     1     1    14     1    21     5     0     0    47.0   46.526    8.071    547.6    843.9
     1     1    14     1    21     6     0     0    48.0   46.234    8.042    513.0    848.8
