     1     1
    CDC1    14     1     1     0     0
     1 FORWARD  OMEGA   
    14     1     5     6   50.000    5.000   500.0
     1 PRESSURE
     1     1    14     1     5     6     0     0     0.0   50.000    5.000    500.0    938.7
     1     1    14     1     5     7     0     0     1.0   49.999    5.477    461.3    940.8
     1     1    14     1     5     8     0     0     2.0   50.014    5.912    431.9    941.7
     1     1    14     1     5     9     0     0     3.0   50.039    6.320    410.5    942.2
     1     1    14     1     5    10     0     0     4.0   50.069    6.714    396.1    942.3
     1     1    14     1     5    11     0     0     5.0   50.101    7.105    388.2    941.8
     1     1    14     1     5    12     0     0     6.0   50.131    7.502    386.5    940.8
     1     1    14     1     5    13     0     0     7.0   50.168    7.902    384.6    938.5
     1     1    14     1     5    14     0     0     8.0   50.218    8.294    376.3    938.1
     1     1    14     1     5    15     0     0     9.0   50.282    8.673    361.1    938.6
     1     1    14     1     5    16     0     0    10.0   50.358    9.034    339.1    940.3
     1     1    14     1     5    17     0     0    11.0   50.445    9.372    311.3    943.2
     1     1    14     1     5    18     0     0    12.0   50.545    9.683    278.9    947.2
     1     1    14     1     5    19     0     0    13.0   50.662    9.977    247.2    951.6
     1     1    14     1     5    20     0     0    14.0   50.799   10.263    219.8    956.2
     1     1    14     1     5    21     0     0    15.0   50.950   10.541    196.2    960.6
     1     1    14     1     5    22     0     0    16.0   51.112   10.808    175.0    964.3
     1     1    14     1     5    23     0     0    17.0   51.282   11.064    155.3    968.3
     1     1    14     1     6     0     0     0    18.0   51.459   11.307    136.9    972.6
     1     1    14     1     6     1     0     0    19.0   51.648   11.536    119.5    976.7
     1     1    14     1     6     2     0     0    20.0   51.854   11.748    102.5    981.2
     1     1    14     1     6     3     0     0    21.0   52.082   11.934     85.2    986.2
     1     1    14     1     6     4     0     0    22.0   52.338   12.083     67.3    991.5
     1     1    14     1     6     5     0     0    23.0   52.621   12.181     49.5    994.8
     1     1    14     1     6     6     0     0    24.0   52.927   12.211     34.1    995.7
     1     1    14     1     6     7     0     0    25.0   53.242   12.197     22.3    996.6
     1     1    14     1     6     8     0     0    26.0   53.559   12.178     13.6    997.2
     1     1    14     1     6     9     0     0    27.0   53.885   12.169      7.1    996.7
     1     1    14     1     6    10     0     0    28.0   54.227   12.181      2.5    995.7
     1     1    14     1     6    11     0     0    29.0   54.590   12.227      0.0    994.4
     1     1    14     1     6    12     0     0    30.0   54.980   12.311      0.0    992.9
     1     1    14     1     6    13     0     0    31.0   55.376   12.397      0.2    993.4
     1     1    14     1     6    14     0     0    32.0   55.756   12.462      0.6    994.0
     1     1    14     1     6    15     0     0    33.0   56.120   12.522      1.1    994.6
     1     1    14     1     6    16     0     0    34.0   56.470   12.594      1.7    995.3
     1     1    14     1     6    17     0     0    35.0   56.808   12.691      2.4    996.1
     1     1    14     1     6    18     0     0    36.0   57.138   12.827      3.5    997.0
     1     1    14     1     6    19     0     0    37.0   57.458   12.966      5.1    998.0
     1     1    14     1     6    20     0     0    38.0   57.760   13.073      7.2    993.1
     1     1    14     1     6    21     0     0    39.0   58.038   13.155      9.7    987.9
     1     1    14     1     6    22     0     0    40.0   58.297   13.228     12.6    982.7
     1     1    14     1     6    23     0     0    41.0   58.539   13.308     16.6    977.9
     1     1    14     1     7     0     0     0    42.0   58.769   13.410     21.7    973.6
     1     1    14     1     7     1     0     0    43.0   58.991   13.536     27.9    969.6
     1     1    14     1     7     2     0     0    44.0   59.209   13.675     35.0    966.0
     1     1    14     1     7     3     0     0    45.0   59.423   13.813     42.8    962.8
     1     1    14     1     7     4     0     0    46.0   59.633   13.935     51.0    959.7
     1     1    14     1     7     5     0     0    47.0   59.838   14.030     59.4    956.6
     1     1    14     1     7     6     0     0    48.0   60.039   14.087     68.1    953.4
