     1     1
    CDC1    14     1     1     0     0
     1 FORWARD  OMEGA   
    14     1     1     6   50.000    5.000   500.0
     1 PRESSURE
     1     1    14     1     1     6     0     0     0.0   50.000    5.000    500.0    943.6
     1     1    14     1     1     7     0     0     1.0   50.337    5.486    481.3    942.2
     1     1    14     1     1     8     0     0     2.0   50.673    5.927    465.7    941.0
     1     1    14     1     1     9     0     0     3.0   51.005    6.332    451.7    940.7
     1     1    14     1     1    10     0     0     4.0   51.333    6.705    437.8    941.3
     1     1    14     1     1    11     0     0     5.0   51.655    7.053    422.8    942.8
     1     1    14     1     1    12     0     0     6.0   51.969    7.379    406.3    945.2
     1     1    14     1     1    13     0     0     7.0   52.293    7.677    388.6    948.4
     1     1    14     1     1    14     0     0     8.0   52.644    7.933    371.8    951.7
     1     1    14     1     1    15     0     0     9.0   53.018    8.131    358.7    954.3
     1     1    14     1     1    16     0     0    10.0   53.416    8.262    351.4    956.0
     1     1    14     1     1    17     0     0    11.0   53.842    8.326    351.5    957.0
     1     1    14     1     1    18     0     0    12.0   54.301    8.324    360.9    957.1
     1     1    14     1     1    19     0     0    13.0   54.792    8.285    379.1    955.9
     1     1    14     1     1    20     0     0    14.0   55.305    8.231    402.7    952.8
     1     1    14     1     1    21     0     0    15.0   55.833    8.138    429.0    948.7
     1     1    14     1     1    22     0     0    16.0   56.375    7.980    457.2    944.6
     1     1    14     1     1    23     0     0    17.0   56.932    7.732    487.7    940.5
     1     1    14     1     2     0     0     0    18.0   57.509    7.363    520.9    935.8
     1     1    14     1     2     1     0     0    19.0   58.107    6.922    551.7    916.8
     1     1    14     1     2     2     0     0    20.0   58.721    6.465    579.9    900.5
     1     1    14     1     2     3     0     0    21.0   59.348    5.966    604.6    887.0
     1     1    14     1     2     4     0     0    22.0   59.985    5.387    625.8    876.8
     1     1    14     1     2     5     0     0    23.0   60.605    4.743    645.2    883.7
     1     1    14     1     2     6     0     0    24.0   61.179    4.063    657.4    891.3
     1     1    14     1     2     7     0     0    25.0   61.707    3.351    662.1    899.5
     1     1    14     1     2     8     0     0    26.0   62.196    2.609    659.1    907.8
     1     1    14     1     2     9     0     0    27.0   62.651    1.830    649.5    911.0
     1     1    14     1     2    10     0     0    28.0   63.074    1.040    638.0    910.9
     1     1    14     1     2    11     0     0    29.0   63.467    0.238    626.4    909.4
     1     1    14     1     2    12     0     0    30.0   63.799   -0.628    622.5    901.0
     1     1    14     1     2    13     0     0    31.0   64.090   -1.511    629.9    899.1
     1     1    14     1     2    14     0     0    32.0   64.388   -2.352    640.4    897.3
     1     1    14     1     2    15     0     0    33.0   64.678   -3.184    657.6    895.7
     1     1    14     1     2    16     0     0    34.0   64.940   -4.042    685.5    893.5
     1     1    14     1     2    17     0     0    35.0   65.168   -4.937    725.8    891.4
     1     1    14     1     2    18     0     0    36.0   65.352   -5.877    777.0    889.3
     1     1    14     1     2    19     0     0    37.0   65.497   -6.859    834.2    886.7
     1     1    14     1     2    20     0     0    38.0   65.611   -7.879    894.0    882.1
     1     1    14     1     2    21     0     0    39.0   65.696   -8.941    954.7    874.0
     1     1    14     1     2    22     0     0    40.0   65.751  -10.052   1017.2    864.6
     1     1    14     1     2    23     0     0    41.0   65.777  -11.213   1080.4    850.6
     1     1    14     1     3     0     0     0    42.0   65.770  -12.424   1147.3    836.1
     1     1    14     1     3     1     0     0    43.0   65.729  -13.678   1215.0    821.2
     1     1    14     1     3     2     0     0    44.0   65.649  -14.968   1278.6    806.7
     1     1    14     1     3     3     0     0    45.0   65.527  -16.281   1338.5    796.7
     1     1    14     1     3     4     0     0    46.0   65.359  -17.604   1390.1    787.3
     1     1    14     1     3     5     0     0    47.0   65.141  -18.932   1434.3    784.6
     1     1    14     1     3     6     0     0    48.0   64.866  -20.260   1466.5    784.6
