     1     1
    CDC1    14     1     1     0     0
     1 FORWARD  OMEGA   
    14     1    28    18   50.000    5.000   500.0
     1 PRESSURE
     1     1    14     1    28    18     0     0     0.0   50.000    5.000    500.0    929.6
     1     1    14     1    28    19     0     0     1.0   50.386    4.902    458.6    934.4
     1     1    14     1    28    20     0     0     2.0   50.770    4.759    426.0    938.0
     1     1    14     1    28    21     0     0     3.0   51.156    4.574    401.9    940.9
     1     1    14     1    28    22     0     0     4.0   51.547    4.348    386.0    942.8
     1     1    14     1    28    23     0     0     5.0   51.942    4.082    378.6    943.7
     1     1    14     1    29     0     0     0     6.0   52.344    3.777    379.8    943.9
     1     1    14     1    29     1     0     0     7.0   52.737    3.412    386.0    944.3
     1     1    14     1    29     2     0     0     8.0   53.104    2.966    391.9    945.3
     1     1    14     1    29     3     0     0     9.0   53.445    2.440    396.4    945.9
     1     1    14     1    29     4     0     0    10.0   53.752    1.847    398.4    945.1
     1     1    14     1    29     5     0     0    11.0   54.024    1.200    397.2    944.4
     1     1    14     1    29     6     0     0    12.0   54.270    0.501    391.8    943.8
     1     1    14     1    29     7     0     0    13.0   54.465   -0.186    386.5    936.1
     1     1    14     1    29     8     0     0    14.0   54.618   -0.850    385.9    937.1
     1     1    14     1    29     9     0     0    15.0   54.775   -1.553    387.9    938.1
     1     1    14     1    29    10     0     0    16.0   54.937   -2.295    392.7    938.8
     1     1    14     1    29    11     0     0    17.0   55.096   -3.049    400.0    938.2
     1     1    14     1    29    12     0     0    18.0   55.241   -3.783    409.9    936.6
     1     1    14     1    29    13     0     0    19.0   55.370   -4.478    418.3    934.3
     1     1    14     1    29    14     0     0    20.0   55.481   -5.121    420.4    933.8
     1     1    14     1    29    15     0     0    21.0   55.570   -5.711    415.2    935.8
     1     1    14     1    29    16     0     0    22.0   55.636   -6.246    402.4    938.7
     1     1    14     1    29    17     0     0    23.0   55.687   -6.736    382.5    942.3
     1     1    14     1    29    18     0     0    24.0   55.729   -7.187    356.4    946.0
     1     1    14     1    29    19     0     0    25.0   55.781   -7.596    330.6    950.3
     1     1    14     1    29    20     0     0    26.0   55.861   -7.956    311.6    953.8
     1     1    14     1    29    21     0     0    27.0   55.973   -8.265    299.4    956.4
     1     1    14     1    29    22     0     0    28.0   56.121   -8.523    293.8    958.0
     1     1    14     1    29    23     0     0    29.0   56.309   -8.733    294.8    958.7
     1     1    14     1    30     0     0     0    30.0   56.540   -8.896    303.0    958.5
     1     1    14     1    30     1     0     0    31.0   56.813   -9.031    316.3    956.9
     1     1    14     1    30     2     0     0    32.0   57.124   -9.157    331.9    955.3
     1     1    14     1    30     3     0     0    33.0   57.473   -9.278    350.4    953.4
     1     1    14     1    30     4     0     0    34.0   57.859   -9.414    371.7    952.1
     1     1    14     1    30     5     0     0    35.0   58.273   -9.586    395.1    950.7
     1     1    14     1    30     6     0     0    36.0   58.712   -9.799    420.9    948.6
     1     1    14     1    30     7     0     0    37.0   59.161  -10.043    447.8    946.5
     1     1    14     1    30     8     0     0    38.0   59.604  -10.299    474.0    944.1
     1     1    14     1    30     9     0     0    39.0   60.043  -10.561    498.2    941.7
     1     1    14     1    30    10     0     0    40.0   60.480  -10.837    518.9    938.4
     1     1    14     1    30    11     0     0    41.0   60.917  -11.134    534.9    935.5
     1     1    14     1    30    12     0     0    42.0   61.361  -11.453    545.9    932.7
     1     1    14     1    30    13     0     0    43.0   61.816  -11.807    552.9    929.4
     1     1    14     1    30    14     0     0    44.0   62.284  -12.210    557.8    925.5
     1     1    14     1    30    15     0     0    45.0   62.764  -12.656    561.2    921.7
     1     1    14     1    30    16     0     0    46.0   63.245  -13.134    564.0    917.5
     1     1    14     1    30    17     0     0    47.0   63.727  -13.635    567.2    912.4
     1     1    14     1    30    18     0     0    48.0   64.215  -14.159    572.0    906.2
