     1     1
    CDC1    14     1     1     0     0
     1 FORWARD  OMEGA   
    14     1    29     6   50.000    5.000   500.0
     1 PRESSURE
     1     1    14     1    29     6     0     0     0.0   50.000    5.000    500.0    927.9
     1     1    14     1    29     7     0     0     1.0   50.266    4.744    465.2    933.2
     1     1    14     1    29     8     0     0     2.0   50.506    4.458    436.3    937.5
     1     1    14     1    29     9     0     0     3.0   50.722    4.144    412.5    941.3
     1     1    14     1    29    10     0     0     4.0   50.916    3.801    393.5    944.6
     1     1    14     1    29    11     0     0     5.0   51.091    3.428    378.9    947.1
     1     1    14     1    29    12     0     0     6.0   51.246    3.021    368.0    949.0
     1     1    14     1    29    13     0     0     7.0   51.386    2.581    359.3    950.5
     1     1    14     1    29    14     0     0     8.0   51.512    2.115    351.4    950.7
     1     1    14     1    29    15     0     0     9.0   51.620    1.636    344.9    950.5
     1     1    14     1    29    16     0     0    10.0   51.711    1.148    340.0    950.4
     1     1    14     1    29    17     0     0    11.0   51.786    0.658    336.8    950.2
     1     1    14     1    29    18     0     0    12.0   51.847    0.169    335.5    950.0
     1     1    14     1    29    19     0     0    13.0   51.840   -0.271    337.3    944.2
     1     1    14     1    29    20     0     0    14.0   51.766   -0.645    342.5    943.6
     1     1    14     1    29    21     0     0    15.0   51.681   -0.998    347.2    943.4
     1     1    14     1    29    22     0     0    16.0   51.585   -1.330    351.5    943.1
     1     1    14     1    29    23     0     0    17.0   51.479   -1.638    355.2    942.8
     1     1    14     1    30     0     0     0    18.0   51.363   -1.922    358.1    942.6
     1     1    14     1    30     1     0     0    19.0   51.247   -2.176    359.0    942.2
     1     1    14     1    30     2     0     0    20.0   51.138   -2.399    356.7    942.4
     1     1    14     1    30     3     0     0    21.0   51.031   -2.596    351.5    943.1
     1     1    14     1    30     4     0     0    22.0   50.926   -2.765    343.5    944.3
     1     1    14     1    30     5     0     0    23.0   50.820   -2.907    333.5    945.8
     1     1    14     1    30     6     0     0    24.0   50.713   -3.023    321.9    947.4
     1     1    14     1    30     7     0     0    25.0   50.616   -3.110    312.9    949.0
     1     1    14     1    30     8     0     0    26.0   50.541   -3.166    309.8    949.4
     1     1    14     1    30     9     0     0    27.0   50.489   -3.193    312.2    949.3
     1     1    14     1    30    10     0     0    28.0   50.464   -3.197    320.2    948.6
     1     1    14     1    30    11     0     0    29.0   50.469   -3.178    333.8    947.3
     1     1    14     1    30    12     0     0    30.0   50.507   -3.142    353.7    945.4
     1     1    14     1    30    13     0     0    31.0   50.562   -3.109    377.4    942.8
     1     1    14     1    30    14     0     0    32.0   50.612   -3.097    402.0    939.9
     1     1    14     1    30    15     0     0    33.0   50.656   -3.104    427.0    936.9
     1     1    14     1    30    16     0     0    34.0   50.690   -3.128    452.4    934.0
     1     1    14     1    30    17     0     0    35.0   50.714   -3.166    477.9    931.2
     1     1    14     1    30    18     0     0    36.0   50.725   -3.215    503.4    928.4
     1     1    14     1    30    19     0     0    37.0   50.737   -3.267    525.9    925.9
     1     1    14     1    30    20     0     0    38.0   50.767   -3.318    541.8    924.5
     1     1    14     1    30    21     0     0    39.0   50.815   -3.374    550.6    923.9
     1     1    14     1    30    22     0     0    40.0   50.881   -3.435    552.3    924.2
     1     1    14     1    30    23     0     0    41.0   50.965   -3.506    547.0    925.2
     1     1    14     1    31     0     0     0    42.0   51.067   -3.586    535.1    927.1
     1     1    14     1    31     1     0     0    43.0   51.204   -3.660    523.5    928.8
     1     1    14     1    31     2     0     0    44.0   51.395   -3.713    517.9    929.1
     1     1    14     1    31     3     0     0    45.0   51.640   -3.749    518.3    928.7
     1     1    14     1    31     4     0     0    46.0   51.943   -3.774    524.9    927.6
     1     1    14     1    31     5     0     0    47.0   52.305   -3.795    538.2    925.8
     1     1    14     1    31     6     0     0    48.0   52.732   -3.821    558.6    922.4
