     1     1
    CDC1    14     1     1     0     0
     1 FORWARD  OMEGA   
    14     1    20     6   50.000    5.000   500.0
     1 PRESSURE
     1     1    14     1    20     6     0     0     0.0   50.000    5.000    500.0    936.1
     1     1    14     1    20     7     0     0     1.0   49.865    5.066    499.8    933.8
     1     1    14     1    20     8     0     0     2.0   49.742    5.158    505.5    930.4
     1     1    14     1    20     9     0     0     3.0   49.632    5.275    516.8    926.3
     1     1    14     1    20    10     0     0     4.0   49.534    5.416    533.9    921.5
     1     1    14     1    20    11     0     0     5.0   49.447    5.582    557.0    916.0
     1     1    14     1    20    12     0     0     6.0   49.371    5.771    586.6    909.7
     1     1    14     1    20    13     0     0     7.0   49.292    5.971    618.7    902.2
     1     1    14     1    20    14     0     0     8.0   49.197    6.170    648.5    894.5
     1     1    14     1    20    15     0     0     9.0   49.085    6.365    675.4    886.6
     1     1    14     1    20    16     0     0    10.0   48.955    6.556    699.2    878.7
     1     1    14     1    20    17     0     0    11.0   48.807    6.742    720.0    870.5
     1     1    14     1    20    18     0     0    12.0   48.640    6.924    737.5    862.2
     1     1    14     1    20    19     0     0    13.0   48.462    7.098    752.4    853.8
     1     1    14     1    20    20     0     0    14.0   48.280    7.261    764.0    845.7
     1     1    14     1    20    21     0     0    15.0   48.094    7.411    772.0    837.8
     1     1    14     1    20    22     0     0    16.0   47.904    7.547    775.9    830.7
     1     1    14     1    20    23     0     0    17.0   47.710    7.665    775.5    824.5
     1     1    14     1    21     0     0     0    18.0   47.512    7.764    770.3    818.8
     1     1    14     1    21     1     0     0    19.0   47.304    7.842    760.5    819.5
     1     1    14     1    21     2     0     0    20.0   47.079    7.896    743.8    821.7
     1     1    14     1    21     3     0     0    21.0   46.836    7.927    720.4    824.9
     1     1    14     1    21     4     0     0    22.0   46.572    7.933    690.6    829.1
     1     1    14     1    21     5     0     0    23.0   46.285    7.913    654.8    834.1
     1     1    14     1    21     6     0     0    24.0   45.971    7.865    613.0    840.0
     1     1    14     1    21     7     0     0    25.0   45.650    7.794    568.1    846.1
     1     1    14     1    21     8     0     0    26.0   45.343    7.706    523.3    851.8
     1     1    14     1    21     9     0     0    27.0   45.054    7.604    479.2    857.5
     1     1    14     1    21    10     0     0    28.0   44.784    7.511    438.6    869.2
     1     1    14     1    21    11     0     0    29.0   44.536    7.450    402.0    881.7
     1     1    14     1    21    12     0     0    30.0   44.308    7.421    369.2    892.9
     1     1    14     1    21    13     0     0    31.0   44.091    7.421    339.3    902.3
     1     1    14     1    21    14     0     0    32.0   43.877    7.454    312.9    911.5
     1     1    14     1    21    15     0     0    33.0   43.665    7.521    290.2    920.3
     1     1    14     1    21    16     0     0    34.0   43.460    7.627    271.1    929.0
     1     1    14     1    21    17     0     0    35.0   43.263    7.772    255.6    937.1
     1     1    14     1    21    18     0     0    36.0   43.076    7.960    243.7    944.8
     1     1    14     1    21    19     0     0    37.0   42.911    8.181    236.0    951.7
     1     1    14     1    21    20     0     0    38.0   42.781    8.416    232.0    957.2
     1     1    14     1    21    21     0     0    39.0   42.683    8.657    231.1    961.3
     1     1    14     1    21    22     0     0    40.0   42.615    8.894    232.7    964.1
     1     1    14     1    21    23     0     0    41.0   42.575    9.122    236.4    965.8
     1     1    14     1    22     0     0     0    42.0   42.560    9.336    241.9    966.5
     1     1    14     1    22     1     0     0    43.0   42.554    9.538    249.2    966.6
     1     1    14     1    22     2     0     0    44.0   42.545    9.735    258.2    966.7
     1     1    14     1    22     3     0     0    45.0   42.529    9.926    269.2    966.7
     1     1    14     1    22     4     0     0    46.0   42.508   10.115    281.9    966.3
     1     1    14     1    22     5     0     0    47.0   42.483   10.305    295.3    965.1
     1     1    14     1    22     6     0     0    48.0   42.455   10.503    308.7    963.6
