     1     1
    CDC1    14     1     1     0     0
     1 FORWARD  OMEGA   
    14     1    21     0   50.000    5.000   500.0
     1 PRESSURE
     1     1    14     1    21     0     0     0     0.0   50.000    5.000    500.0    942.7
     1     1    14     1    21     1     0     0     1.0   49.863    5.194    522.5    935.8
     1     1    14     1    21     2     0     0     2.0   49.731    5.393    538.8    929.7
     1     1    14     1    21     3     0     0     3.0   49.602    5.595    548.9    924.2
     1     1    14     1    21     4     0     0     4.0   49.474    5.797    552.4    919.3
     1     1    14     1    21     5     0     0     5.0   49.345    5.998    549.4    914.9
     1     1    14     1    21     6     0     0     6.0   49.212    6.195    539.7    911.0
     1     1    14     1    21     7     0     0     7.0   49.079    6.389    525.6    907.5
     1     1    14     1    21     8     0     0     8.0   48.950    6.579    509.8    904.0
     1     1    14     1    21     9     0     0     9.0   48.826    6.767    492.5    900.5
     1     1    14     1    21    10     0     0    10.0   48.707    6.950    474.0    897.3
     1     1    14     1    21    11     0     0    11.0   48.592    7.130    454.6    894.1
     1     1    14     1    21    12     0     0    12.0   48.483    7.305    434.6    891.1
     1     1    14     1    21    13     0     0    13.0   48.376    7.471    413.5    888.3
     1     1    14     1    21    14     0     0    14.0   48.271    7.622    390.6    886.7
     1     1    14     1    21    15     0     0    15.0   48.168    7.759    366.1    885.3
     1     1    14     1    21    16     0     0    16.0   48.065    7.884    340.2    883.8
     1     1    14     1    21    17     0     0    17.0   47.963    7.997    313.2    882.6
     1     1    14     1    21    18     0     0    18.0   47.861    8.099    285.6    881.6
     1     1    14     1    21    19     0     0    19.0   47.766    8.188    260.3    881.0
     1     1    14     1    21    20     0     0    20.0   47.682    8.264    239.9    880.1
     1     1    14     1    21    21     0     0    21.0   47.610    8.328    223.8    879.2
     1     1    14     1    21    22     0     0    22.0   47.551    8.381    211.5    878.4
     1     1    14     1    21    23     0     0    23.0   47.504    8.423    202.7    877.7
     1     1    14     1    22     0     0     0    24.0   47.470    8.456    197.2    878.2
     1     1    14     1    22     1     0     0    25.0   47.444    8.480    193.0    878.1
     1     1    14     1    22     2     0     0    26.0   47.419    8.494    188.5    878.4
     1     1    14     1    22     3     0     0    27.0   47.396    8.499    183.5    878.7
     1     1    14     1    22     4     0     0    28.0   47.373    8.492    178.0    879.1
     1     1    14     1    22     5     0     0    29.0   47.352    8.475    172.2    879.7
     1     1    14     1    22     6     0     0    30.0   47.330    8.445    166.2    880.5
     1     1    14     1    22     7     0     0    31.0   47.315    8.415    160.0    881.6
     1     1    14     1    22     8     0     0    32.0   47.315    8.397    153.8    882.6
     1     1    14     1    22     9     0     0    33.0   47.329    8.391    147.4    883.4
     1     1    14     1    22    10     0     0    34.0   47.357    8.397    141.0    884.0
     1     1    14     1    22    11     0     0    35.0   47.401    8.416    134.4    884.5
     1     1    14     1    22    12     0     0    36.0   47.460    8.447    127.6    884.7
     1     1    14     1    22    13     0     0    37.0   47.524    8.487    121.0    885.7
     1     1    14     1    22    14     0     0    38.0   47.582    8.530    115.2    888.0
     1     1    14     1    22    15     0     0    39.0   47.634    8.577    109.9    889.9
     1     1    14     1    22    16     0     0    40.0   47.680    8.626    105.1    891.6
     1     1    14     1    22    17     0     0    41.0   47.722    8.678    100.9    893.1
     1     1    14     1    22    18     0     0    42.0   47.759    8.733     97.0    894.4
     1     1    14     1    22    19     0     0    43.0   47.802    8.781     94.0    895.9
     1     1    14     1    22    20     0     0    44.0   47.861    8.813     92.2    897.9
     1     1    14     1    22    21     0     0    45.0   47.934    8.828     91.3    900.5
     1     1    14     1    22    22     0     0    46.0   48.023    8.827     91.5    903.5
     1     1    14     1    22    23     0     0    47.0   48.125    8.811     92.7    907.1
     1     1    14     1    23     0     0     0    48.0   48.242    8.783     95.0    911.0
