     1     1
    CDC1    14     1     1     0     0
     1 FORWARD  OMEGA   
    14     1     4     0   50.000    5.000   500.0
     1 PRESSURE
     1     1    14     1     4     0     0     0     0.0   50.000    5.000    500.0    944.7
     1     1    14     1     4     1     0     0     1.0   50.306    5.640    485.5    940.6
     1     1    14     1     4     2     0     0     2.0   50.619    6.250    468.0    938.5
     1     1    14     1     4     3     0     0     3.0   50.931    6.828    447.4    938.1
     1     1    14     1     4     4     0     0     4.0   51.235    7.373    423.3    939.5
     1     1    14     1     4     5     0     0     5.0   51.527    7.890    396.2    943.2
     1     1    14     1     4     6     0     0     6.0   51.805    8.385    367.3    948.1
     1     1    14     1     4     7     0     0     7.0   52.076    8.830    339.1    952.6
     1     1    14     1     4     8     0     0     8.0   52.353    9.193    313.3    957.4
     1     1    14     1     4     9     0     0     9.0   52.631    9.475    289.7    961.6
     1     1    14     1     4    10     0     0    10.0   52.910    9.681    268.4    964.4
     1     1    14     1     4    11     0     0    11.0   53.187    9.818    249.4    966.8
     1     1    14     1     4    12     0     0    12.0   53.460    9.893    232.6    969.0
     1     1    14     1     4    13     0     0    13.0   53.736    9.917    218.9    970.9
     1     1    14     1     4    14     0     0    14.0   54.022    9.897    208.6    972.3
     1     1    14     1     4    15     0     0    15.0   54.322    9.823    201.9    973.5
     1     1    14     1     4    16     0     0    16.0   54.641    9.685    198.8    974.3
     1     1    14     1     4    17     0     0    17.0   54.983    9.476    199.7    975.0
     1     1    14     1     4    18     0     0    18.0   55.348    9.199    204.4    974.1
     1     1    14     1     4    19     0     0    19.0   55.718    8.911    211.6    972.4
     1     1    14     1     4    20     0     0    20.0   56.085    8.654    220.6    970.7
     1     1    14     1     4    21     0     0    21.0   56.448    8.413    231.4    968.8
     1     1    14     1     4    22     0     0    22.0   56.812    8.175    243.9    966.7
     1     1    14     1     4    23     0     0    23.0   57.181    7.921    258.3    964.3
     1     1    14     1     5     0     0     0    24.0   57.560    7.641    274.6    960.0
     1     1    14     1     5     1     0     0    25.0   57.943    7.373    290.1    948.3
     1     1    14     1     5     2     0     0    26.0   58.320    7.145    303.8    938.0
     1     1    14     1     5     3     0     0    27.0   58.690    6.937    316.1    928.6
     1     1    14     1     5     4     0     0    28.0   59.060    6.725    327.6    919.8
     1     1    14     1     5     5     0     0    29.0   59.430    6.488    338.6    911.6
     1     1    14     1     5     6     0     0    30.0   59.804    6.205    349.3    904.3
     1     1    14     1     5     7     0     0    31.0   60.171    5.910    355.7    903.3
     1     1    14     1     5     8     0     0    32.0   60.518    5.653    353.9    909.0
     1     1    14     1     5     9     0     0    33.0   60.848    5.434    345.1    915.2
     1     1    14     1     5    10     0     0    34.0   61.164    5.238    332.8    921.3
     1     1    14     1     5    11     0     0    35.0   61.474    5.056    320.0    927.2
     1     1    14     1     5    12     0     0    36.0   61.781    4.880    309.4    932.4
     1     1    14     1     5    13     0     0    37.0   62.098    4.717    300.6    937.0
     1     1    14     1     5    14     0     0    38.0   62.430    4.577    291.4    941.6
     1     1    14     1     5    15     0     0    39.0   62.773    4.476    280.2    946.5
     1     1    14     1     5    16     0     0    40.0   63.120    4.414    266.3    951.5
     1     1    14     1     5    17     0     0    41.0   63.468    4.380    250.0    956.4
     1     1    14     1     5    18     0     0    42.0   63.812    4.351    232.0    961.3
     1     1    14     1     5    19     0     0    43.0   64.151    4.294    215.5    966.4
     1     1    14     1     5    20     0     0    44.0   64.487    4.191    202.7    970.4
     1     1    14     1     5    21     0     0    45.0   64.816    4.058    192.8    973.3
     1     1    14     1     5    22     0     0    46.0   65.141    3.905    185.6    974.6
     1     1    14     1     5    23     0     0    47.0   65.464    3.716    181.6    974.1
     1     1    14     1     6     0     0     0    48.0   65.783    3.467    180.9    973.0
