     1     1
    CDC1    14     1     1     0     0
     1 FORWARD  OMEGA   
    14     1     7    18   50.000    5.000   500.0
     1 PRESSURE
     1     1    14     1     7    18     0     0     0.0   50.000    5.000    500.0    948.5
     1     1    14     1     7    19     0     0     1.0   50.306    5.401    460.0    950.3
     1     1    14     1     7    20     0     0     2.0   50.611    5.828    425.4    951.8
     1     1    14     1     7    21     0     0     3.0   50.912    6.277    396.4    953.1
     1     1    14     1     7    22     0     0     4.0   51.204    6.747    372.9    953.9
     1     1    14     1     7    23     0     0     5.0   51.484    7.238    354.2    954.5
     1     1    14     1     8     0     0     0     6.0   51.747    7.749    338.6    955.9
     1     1    14     1     8     1     0     0     7.0   51.998    8.275    321.9    958.6
     1     1    14     1     8     2     0     0     8.0   52.238    8.809    301.0    962.6
     1     1    14     1     8     3     0     0     9.0   52.470    9.340    275.6    967.5
     1     1    14     1     8     4     0     0    10.0   52.693    9.859    246.5    972.0
     1     1    14     1     8     5     0     0    11.0   52.906   10.356    217.1    976.5
     1     1    14     1     8     6     0     0    12.0   53.106   10.824    190.0    980.2
     1     1    14     1     8     7     0     0    13.0   53.298   11.282    167.0    983.2
     1     1    14     1     8     8     0     0    14.0   53.483   11.752    149.1    985.2
     1     1    14     1     8     9     0     0    15.0   53.660   12.234    135.2    986.4
     1     1    14     1     8    10     0     0    16.0   53.827   12.733    124.7    987.0
     1     1    14     1     8    11     0     0    17.0   53.984   13.248    117.2    987.0
     1     1    14     1     8    12     0     0    18.0   54.133   13.774    112.4    986.5
     1     1    14     1     8    13     0     0    19.0   54.281   14.306    109.2    986.2
     1     1    14     1     8    14     0     0    20.0   54.432   14.848    107.1    986.0
     1     1    14     1     8    15     0     0    21.0   54.580   15.416    106.2    986.4
     1     1    14     1     8    16     0     0    22.0   54.720   16.020    106.8    987.0
     1     1    14     1     8    17     0     0    23.0   54.845   16.659    110.3    987.5
     1     1    14     1     8    18     0     0    24.0   54.953   17.329    118.2    987.7
     1     1    14     1     8    19     0     0    25.0   55.046   18.005    129.9    987.0
     1     1    14     1     8    20     0     0    26.0   55.132   18.667    143.3    986.1
     1     1    14     1     8    21     0     0    27.0   55.211   19.324    157.9    985.0
     1     1    14     1     8    22     0     0    28.0   55.282   19.985    173.4    983.9
     1     1    14     1     8    23     0     0    29.0   55.341   20.654    189.5    981.2
     1     1    14     1     9     0     0     0    30.0   55.386   21.335    206.1    978.2
     1     1    14     1     9     1     0     0    31.0   55.419   22.035    224.7    974.6
     1     1    14     1     9     2     0     0    32.0   55.441   22.750    246.2    970.4
     1     1    14     1     9     3     0     0    33.0   55.448   23.470    268.6    965.8
     1     1    14     1     9     4     0     0    34.0   55.439   24.191    290.3    961.5
     1     1    14     1     9     5     0     0    35.0   55.411   24.923    310.9    957.5
     1     1    14     1     9     6     0     0    36.0   55.363   25.672    332.2    954.3
     1     1    14     1     9     7     0     0    37.0   55.298   26.422    353.6    950.1
     1     1    14     1     9     8     0     0    38.0   55.220   27.154    372.0    946.4
     1     1    14     1     9     9     0     0    39.0   55.129   27.871    386.7    942.6
     1     1    14     1     9    10     0     0    40.0   55.025   28.565    396.9    939.2
     1     1    14     1     9    11     0     0    41.0   54.908   29.230    402.4    937.7
     1     1    14     1     9    12     0     0    42.0   54.775   29.864    402.7    937.6
     1     1    14     1     9    13     0     0    43.0   54.641   30.462    399.9    937.4
     1     1    14     1     9    14     0     0    44.0   54.517   31.027    396.5    937.1
     1     1    14     1     9    15     0     0    45.0   54.398   31.568    391.3    937.1
     1     1    14     1     9    16     0     0    46.0   54.276   32.091    383.4    937.7
     1     1    14     1     9    17     0     0    47.0   54.148   32.600    372.3    938.9
     1     1    14     1     9    18     0     0    48.0   54.015   33.092    358.7    941.4
