     1     1
    CDC1    14     1     1     0     0
     1 FORWARD  OMEGA   
    14     1    10     6   50.000    5.000   500.0
     1 PRESSURE
     1     1    14     1    10     6     0     0     0.0   50.000    5.000    500.0    950.0
     1     1    14     1    10     7     0     0     1.0   50.060    5.428    498.9    947.3
     1     1    14     1    10     8     0     0     2.0   50.122    5.858    495.8    944.9
     1     1    14     1    10     9     0     0     3.0   50.186    6.290    490.6    942.7
     1     1    14     1    10    10     0     0     4.0   50.251    6.725    483.2    940.8
     1     1    14     1    10    11     0     0     5.0   50.317    7.166    473.6    939.2
     1     1    14     1    10    12     0     0     6.0   50.381    7.613    461.5    938.1
     1     1    14     1    10    13     0     0     7.0   50.443    8.068    447.8    938.1
     1     1    14     1    10    14     0     0     8.0   50.499    8.532    433.3    938.1
     1     1    14     1    10    15     0     0     9.0   50.547    9.003    417.9    938.3
     1     1    14     1    10    16     0     0    10.0   50.586    9.479    401.3    938.8
     1     1    14     1    10    17     0     0    11.0   50.613    9.957    383.4    939.4
     1     1    14     1    10    18     0     0    12.0   50.630   10.437    365.1    940.7
     1     1    14     1    10    19     0     0    13.0   50.646   10.918    349.2    941.9
     1     1    14     1    10    20     0     0    14.0   50.664   11.403    337.2    942.6
     1     1    14     1    10    21     0     0    15.0   50.682   11.889    328.2    943.0
     1     1    14     1    10    22     0     0    16.0   50.696   12.377    321.8    943.1
     1     1    14     1    10    23     0     0    17.0   50.705   12.865    317.3    943.3
     1     1    14     1    11     0     0     0    18.0   50.707   13.352    314.3    943.3
     1     1    14     1    11     1     0     0    19.0   50.706   13.833    310.3    942.9
     1     1    14     1    11     2     0     0    20.0   50.713   14.300    303.3    943.4
     1     1    14     1    11     3     0     0    21.0   50.729   14.749    293.4    944.4
     1     1    14     1    11     4     0     0    22.0   50.756   15.177    281.4    946.1
     1     1    14     1    11     5     0     0    23.0   50.796   15.580    267.8    948.5
     1     1    14     1    11     6     0     0    24.0   50.850   15.957    253.4    951.2
     1     1    14     1    11     7     0     0    25.0   50.919   16.320    240.2    954.1
     1     1    14     1    11     8     0     0    26.0   51.007   16.681    230.0    956.5
     1     1    14     1    11     9     0     0    27.0   51.112   17.035    222.6    958.8
     1     1    14     1    11    10     0     0    28.0   51.237   17.380    218.0    961.0
     1     1    14     1    11    11     0     0    29.0   51.380   17.718    216.0    962.9
     1     1    14     1    11    12     0     0    30.0   51.539   18.052    216.5    964.6
     1     1    14     1    11    13     0     0    31.0   51.705   18.401    218.8    965.6
     1     1    14     1    11    14     0     0    32.0   51.872   18.777    221.8    966.5
     1     1    14     1    11    15     0     0    33.0   52.045   19.171    225.4    967.3
     1     1    14     1    11    16     0     0    34.0   52.227   19.575    229.5    968.2
     1     1    14     1    11    17     0     0    35.0   52.425   19.978    234.1    969.3
     1     1    14     1    11    18     0     0    36.0   52.641   20.376    239.0    968.8
     1     1    14     1    11    19     0     0    37.0   52.852   20.792    244.6    967.0
     1     1    14     1    11    20     0     0    38.0   53.040   21.238    252.0    964.9
     1     1    14     1    11    21     0     0    39.0   53.214   21.707    261.4    962.5
     1     1    14     1    11    22     0     0    40.0   53.384   22.193    273.0    959.9
     1     1    14     1    11    23     0     0    41.0   53.556   22.692    287.2    956.9
     1     1    14     1    12     0     0     0    42.0   53.728   23.210    304.0    953.7
     1     1    14     1    12     1     0     0    43.0   53.882   23.759    323.5    950.4
     1     1    14     1    12     2     0     0    44.0   54.004   24.339    346.9    946.3
     1     1    14     1    12     3     0     0    45.0   54.101   24.939    375.6    941.5
     1     1    14     1    12     4     0     0    46.0   54.174   25.553    410.6    935.6
     1     1    14     1    12     5     0     0    47.0   54.230   26.166    452.8    928.7
     1     1    14     1    12     6     0     0    48.0   54.278   26.767    503.6    921.0
