     1     1
    CDC1    14     1     1     0     0
     1 FORWARD  OMEGA   
    14     1    19     0   50.000    5.000   500.0
     1 PRESSURE
     1     1    14     1    19     0     0     0     0.0   50.000    5.000    500.0    930.2
     1     1    14     1    19     1     0     0     1.0   50.218    4.928    508.9    929.1
     1     1    14     1    19     2     0     0     2.0   50.436    4.858    519.1    927.8
     1     1    14     1    19     3     0     0     3.0   50.653    4.787    530.7    926.3
     1     1    14     1    19     4     0     0     4.0   50.870    4.713    543.8    924.6
     1     1    14     1    19     5     0     0     5.0   51.088    4.636    558.4    922.8
     1     1    14     1    19     6     0     0     6.0   51.306    4.553    574.7    920.8
     1     1    14     1    19     7     0     0     7.0   51.525    4.460    591.7    919.1
     1     1    14     1    19     8     0     0     8.0   51.745    4.352    608.5    917.5
     1     1    14     1    19     9     0     0     9.0   51.965    4.229    624.8    915.9
     1     1    14     1    19    10     0     0    10.0   52.186    4.089    640.7    914.1
     1     1    14     1    19    11     0     0    11.0   52.410    3.932    655.9    912.1
     1     1    14     1    19    12     0     0    12.0   52.637    3.754    670.6    911.0
     1     1    14     1    19    13     0     0    13.0   52.870    3.556    685.1    910.6
     1     1    14     1    19    14     0     0    14.0   53.114    3.348    699.0    910.2
     1     1    14     1    19    15     0     0    15.0   53.372    3.131    712.5    909.6
     1     1    14     1    19    16     0     0    16.0   53.646    2.910    726.0    909.0
     1     1    14     1    19    17     0     0    17.0   53.942    2.685    739.6    908.2
     1     1    14     1    19    18     0     0    18.0   54.265    2.461    754.0    907.1
     1     1    14     1    19    19     0     0    19.0   54.611    2.230    769.3    905.6
     1     1    14     1    19    20     0     0    20.0   54.979    1.991    783.6    904.2
     1     1    14     1    19    21     0     0    21.0   55.366    1.743    795.3    903.7
     1     1    14     1    19    22     0     0    22.0   55.771    1.480    802.8    903.8
     1     1    14     1    19    23     0     0    23.0   56.197    1.203    806.2    904.1
     1     1    14     1    20     0     0     0    24.0   56.648    0.910    805.7    904.6
     1     1    14     1    20     1     0     0    25.0   57.126    0.605    805.2    905.3
     1     1    14     1    20     2     0     0    26.0   57.630    0.296    809.1    905.0
     1     1    14     1    20     3     0     0    27.0   58.127    0.066    819.7    905.2
     1     1    14     1    20     4     0     0    28.0   58.633   -0.172    832.2    897.3
     1     1    14     1    20     5     0     0    29.0   59.128   -0.342    856.0    897.4
     1     1    14     1    20     6     0     0    30.0   59.638   -0.509    888.9    896.8
     1     1    14     1    20     7     0     0    31.0   60.163   -0.692    928.2    894.7
     1     1    14     1    20     8     0     0    32.0   60.691   -0.916    965.9    890.8
     1     1    14     1    20     9     0     0    33.0   61.220   -1.180   1001.4    887.1
     1     1    14     1    20    10     0     0    34.0   61.757   -1.476   1037.5    883.3
     1     1    14     1    20    11     0     0    35.0   62.312   -1.799   1076.8    879.0
     1     1    14     1    20    12     0     0    36.0   62.887   -2.146   1120.2    872.9
     1     1    14     1    20    13     0     0    37.0   63.459   -2.514   1161.5    866.1
     1     1    14     1    20    14     0     0    38.0   64.009   -2.892   1195.8    860.6
     1     1    14     1    20    15     0     0    39.0   64.540   -3.275   1223.7    856.5
     1     1    14     1    20    16     0     0    40.0   65.056   -3.664   1245.8    854.0
     1     1    14     1    20    17     0     0    41.0   65.556   -4.075   1264.6    855.0
     1     1    14     1    20    18     0     0    42.0   66.042   -4.539   1281.2    856.6
     1     1    14     1    20    19     0     0    43.0   66.529   -5.066   1300.2    858.5
     1     1    14     1    20    20     0     0    44.0   67.030   -5.662   1325.5    858.7
     1     1    14     1    20    21     0     0    45.0   67.540   -6.333   1356.8    857.3
     1     1    14     1    20    22     0     0    46.0   68.049   -7.068   1390.3    851.9
     1     1    14     1    20    23     0     0    47.0   68.543   -7.876   1424.5    845.1
     1     1    14     1    21     0     0     0    48.0   69.012   -8.785   1459.3    837.4
