     1     1
    CDC1    14     1     1     0     0
     1 FORWARD  OMEGA   
    14     1     8    18   50.000    5.000   500.0
     1 PRESSURE
     1     1    14     1     8    18     0     0     0.0   50.000    5.000    500.0    951.0
     1     1    14     1     8    19     0     0     1.0   50.266    5.248    513.1    946.8
     1     1    14     1     8    20     0     0     2.0   50.533    5.551    521.3    943.4
     1     1    14     1     8    21     0     0     3.0   50.800    5.898    525.5    940.6
     1     1    14     1     8    22     0     0     4.0   51.065    6.276    526.8    938.4
     1     1    14     1     8    23     0     0     5.0   51.329    6.672    526.1    936.9
     1     1    14     1     9     0     0     0     6.0   51.589    7.074    524.4    936.0
     1     1    14     1     9     1     0     0     7.0   51.852    7.498    522.8    935.1
     1     1    14     1     9     2     0     0     8.0   52.131    7.963    522.6    935.3
     1     1    14     1     9     3     0     0     9.0   52.431    8.458    524.0    936.1
     1     1    14     1     9     4     0     0    10.0   52.752    8.964    528.1    936.4
     1     1    14     1     9     5     0     0    11.0   53.091    9.458    536.4    935.8
     1     1    14     1     9     6     0     0    12.0   53.446    9.928    550.4    934.3
     1     1    14     1     9     7     0     0    13.0   53.801   10.401    573.1    931.2
     1     1    14     1     9     8     0     0    14.0   54.143   10.914    606.1    926.1
     1     1    14     1     9     9     0     0    15.0   54.476   11.461    650.0    919.2
     1     1    14     1     9    10     0     0    16.0   54.807   12.029    705.4    910.0
     1     1    14     1     9    11     0     0    17.0   55.142   12.603    771.7    900.1
     1     1    14     1     9    12     0     0    18.0   55.477   13.169    845.7    891.4
     1     1    14     1     9    13     0     0    19.0   55.790   13.736    919.8    883.3
     1     1    14     1     9    14     0     0    20.0   56.071   14.325    992.2    875.3
     1     1    14     1     9    15     0     0    21.0   56.334   14.927   1065.7    867.3
     1     1    14     1     9    16     0     0    22.0   56.589   15.531   1143.9    859.1
     1     1    14     1     9    17     0     0    23.0   56.843   16.126   1230.3    850.3
     1     1    14     1     9    18     0     0    24.0   57.104   16.695   1330.6    840.0
     1     1    14     1     9    19     0     0    25.0   57.352   17.204   1441.5    826.9
     1     1    14     1     9    20     0     0    26.0   57.562   17.639   1557.1    813.6
     1     1    14     1     9    21     0     0    27.0   57.740   18.011   1672.3    800.2
     1     1    14     1     9    22     0     0    28.0   57.895   18.325   1784.8    787.4
     1     1    14     1     9    23     0     0    29.0   58.036   18.582   1893.7    774.9
     1     1    14     1    10     0     0     0    30.0   58.170   18.779   1998.1    763.3
     1     1    14     1    10     1     0     0    31.0   58.277   18.947   2099.1    753.8
     1     1    14     1    10     2     0     0    32.0   58.334   19.124   2198.0    744.3
     1     1    14     1    10     3     0     0    33.0   58.340   19.324   2294.3    734.5
     1     1    14     1    10     4     0     0    34.0   58.292   19.558   2387.7    724.9
     1     1    14     1    10     5     0     0    35.0   58.184   19.835   2477.5    715.3
     1     1    14     1    10     6     0     0    36.0   58.015   20.167   2563.1    705.6
     1     1    14     1    10     7     0     0    37.0   57.811   20.565   2643.1    697.6
     1     1    14     1    10     8     0     0    38.0   57.598   21.021   2711.1    690.7
     1     1    14     1    10     9     0     0    39.0   57.376   21.532   2768.2    685.1
     1     1    14     1    10    10     0     0    40.0   57.147   22.097   2812.9    680.8
     1     1    14     1    10    11     0     0    41.0   56.907   22.711   2843.6    677.9
     1     1    14     1    10    12     0     0    42.0   56.661   23.374   2859.1    676.7
     1     1    14     1    10    13     0     0    43.0   56.418   24.082   2862.0    676.9
     1     1    14     1    10    14     0     0    44.0   56.182   24.823   2856.6    676.8
     1     1    14     1    10    15     0     0    45.0   55.947   25.594   2846.8    677.5
     1     1    14     1    10    16     0     0    46.0   55.715   26.389   2834.7    677.9
     1     1    14     1    10    17     0     0    47.0   55.478   27.203   2822.1    677.4
     1     1    14     1    10    18     0     0    48.0   55.234   28.033   2813.3    676.4
