     1     1
    CDC1    14     1     1     0     0
     1 FORWARD  OMEGA   
    14     1    18     0   50.000    5.000   500.0
     1 PRESSURE
     1     1    14     1    18     0     0     0     0.0   50.000    5.000    500.0    936.0
     1     1    14     1    18     1     0     0     1.0   50.257    5.228    492.7    934.5
     1     1    14     1    18     2     0     0     2.0   50.520    5.424    481.1    934.2
     1     1    14     1    18     3     0     0     3.0   50.791    5.588    466.1    934.8
     1     1    14     1    18     4     0     0     4.0   51.068    5.717    448.6    936.2
     1     1    14     1    18     5     0     0     5.0   51.352    5.813    429.4    938.2
     1     1    14     1    18     6     0     0     6.0   51.643    5.876    409.3    940.6
     1     1    14     1    18     7     0     0     7.0   51.941    5.913    391.1    943.3
     1     1    14     1    18     8     0     0     8.0   52.247    5.928    377.2    945.0
     1     1    14     1    18     9     0     0     9.0   52.562    5.912    367.3    946.4
     1     1    14     1    18    10     0     0    10.0   52.881    5.836    361.9    948.4
     1     1    14     1    18    11     0     0    11.0   53.204    5.676    361.0    950.0
     1     1    14     1    18    12     0     0    12.0   53.532    5.427    365.1    951.1
     1     1    14     1    18    13     0     0    13.0   53.866    5.088    373.8    951.5
     1     1    14     1    18    14     0     0    14.0   54.205    4.670    386.1    951.2
     1     1    14     1    18    15     0     0    15.0   54.557    4.179    401.6    949.8
     1     1    14     1    18    16     0     0    16.0   54.927    3.622    420.0    947.5
     1     1    14     1    18    17     0     0    17.0   55.323    3.001    439.7    944.5
     1     1    14     1    18    18     0     0    18.0   55.749    2.309    457.6    941.5
     1     1    14     1    18    19     0     0    19.0   56.202    1.567    474.0    938.5
     1     1    14     1    18    20     0     0    20.0   56.675    0.793    489.1    935.5
     1     1    14     1    18    21     0     0    21.0   57.169   -0.016    499.9    921.0
     1     1    14     1    18    22     0     0    22.0   57.634   -0.748    505.4    922.1
     1     1    14     1    18    23     0     0    23.0   58.104   -1.526    508.9    925.1
     1     1    14     1    19     0     0     0    24.0   58.578   -2.339    510.3    928.2
     1     1    14     1    19     1     0     0    25.0   59.056   -3.182    511.0    929.2
     1     1    14     1    19     2     0     0    26.0   59.536   -4.040    513.2    929.4
     1     1    14     1    19     3     0     0    27.0   60.024   -4.912    518.3    929.2
     1     1    14     1    19     4     0     0    28.0   60.516   -5.764    526.2    928.2
     1     1    14     1    19     5     0     0    29.0   61.008   -6.569    535.8    927.2
     1     1    14     1    19     6     0     0    30.0   61.507   -7.345    546.0    926.2
     1     1    14     1    19     7     0     0    31.0   62.003   -8.105    557.9    926.2
     1     1    14     1    19     8     0     0    32.0   62.488   -8.858    572.7    925.5
     1     1    14     1    19     9     0     0    33.0   62.958   -9.594    591.5    925.5
     1     1    14     1    19    10     0     0    34.0   63.410  -10.304    614.0    923.5
     1     1    14     1    19    11     0     0    35.0   63.849  -10.999    639.1    918.7
     1     1    14     1    19    12     0     0    36.0   64.279  -11.690    666.1    912.1
     1     1    14     1    19    13     0     0    37.0   64.712  -12.408    693.8    903.9
     1     1    14     1    19    14     0     0    38.0   65.146  -13.179    720.8    895.2
     1     1    14     1    19    15     0     0    39.0   65.560  -13.986    747.5    887.8
     1     1    14     1    19    16     0     0    40.0   65.944  -14.818    774.4    880.7
     1     1    14     1    19    17     0     0    41.0   66.288  -15.683    803.2    876.9
     1     1    14     1    19    18     0     0    42.0   66.585  -16.589    832.6    874.3
     1     1    14     1    19    19     0     0    43.0   66.825  -17.536    860.3    872.2
     1     1    14     1    19    20     0     0    44.0   66.998  -18.519    884.4    874.7
     1     1    14     1    19    21     0     0    45.0   67.094  -19.535    904.6    877.0
     1     1    14     1    19    22     0     0    46.0   67.111  -20.571    921.5    879.4
     1     1    14     1    19    23     0     0    47.0   67.052  -21.604    936.3    881.8
     1     1    14     1    20     0     0     0    48.0   66.922  -22.605    950.7    883.3
