     1     1
    CDC1    14     1     1     0     0
     1 FORWARD  OMEGA   
    14     1    25    12   50.000    5.000   500.0
     1 PRESSURE
     1     1    14     1    25    12     0     0     0.0   50.000    5.000    500.0    950.6
     1     1    14     1    25    13     0     0     1.0   50.152    5.196    493.8    949.1
     1     1    14     1    25    14     0     0     2.0   50.314    5.456    494.1    946.1
     1     1    14     1    25    15     0     0     3.0   50.485    5.768    501.5    942.3
     1     1    14     1    25    16     0     0     4.0   50.665    6.119    516.9    937.7
     1     1    14     1    25    17     0     0     5.0   50.857    6.496    541.4    932.3
     1     1    14     1    25    18     0     0     6.0   51.063    6.889    576.1    926.1
     1     1    14     1    25    19     0     0     7.0   51.261    7.288    619.7    919.1
     1     1    14     1    25    20     0     0     8.0   51.423    7.680    670.4    911.3
     1     1    14     1    25    21     0     0     9.0   51.543    8.064    725.3    903.6
     1     1    14     1    25    22     0     0    10.0   51.621    8.444    782.3    896.1
     1     1    14     1    25    23     0     0    11.0   51.667    8.826    841.5    888.6
     1     1    14     1    26     0     0     0    12.0   51.685    9.214    903.5    881.0
     1     1    14     1    26     1     0     0    13.0   51.683    9.571    968.7    873.9
     1     1    14     1    26     2     0     0    14.0   51.656    9.868   1035.8    866.0
     1     1    14     1    26     3     0     0    15.0   51.599   10.116   1104.1    857.8
     1     1    14     1    26     4     0     0    16.0   51.506   10.325   1171.6    849.6
     1     1    14     1    26     5     0     0    17.0   51.374   10.507   1236.6    841.2
     1     1    14     1    26     6     0     0    18.0   51.201   10.670   1297.2    832.7
     1     1    14     1    26     7     0     0    19.0   51.010   10.854   1347.8    824.0
     1     1    14     1    26     8     0     0    20.0   50.832   11.085   1383.1    817.7
     1     1    14     1    26     9     0     0    21.0   50.669   11.358   1402.9    813.2
     1     1    14     1    26    10     0     0    22.0   50.521   11.666   1407.3    810.5
     1     1    14     1    26    11     0     0    23.0   50.386   12.006   1396.7    809.5
     1     1    14     1    26    12     0     0    24.0   50.261   12.373   1371.5    810.2
     1     1    14     1    26    13     0     0    25.0   50.157   12.770   1340.7    812.1
     1     1    14     1    26    14     0     0    26.0   50.087   13.195   1311.9    813.6
     1     1    14     1    26    15     0     0    27.0   50.046   13.636   1284.1    815.4
     1     1    14     1    26    16     0     0    28.0   50.026   14.086   1255.8    817.4
     1     1    14     1    26    17     0     0    29.0   50.019   14.540   1225.5    819.8
     1     1    14     1    26    18     0     0    30.0   50.016   14.995   1191.9    822.8
     1     1    14     1    26    19     0     0    31.0   50.038   15.420   1157.1    827.3
     1     1    14     1    26    20     0     0    32.0   50.114   15.785   1121.1    832.2
     1     1    14     1    26    21     0     0    33.0   50.247   16.093   1084.0    838.0
     1     1    14     1    26    22     0     0    34.0   50.440   16.343   1045.2    844.6
     1     1    14     1    26    23     0     0    35.0   50.695   16.536   1005.0    852.0
     1     1    14     1    27     0     0     0    36.0   51.014   16.671    963.9    860.4
     1     1    14     1    27     1     0     0    37.0   51.382   16.765    926.0    869.5
     1     1    14     1    27     2     0     0    38.0   51.780   16.832    893.8    877.4
     1     1    14     1    27     3     0     0    39.0   52.212   16.863    866.8    885.3
     1     1    14     1    27     4     0     0    40.0   52.675   16.842    844.0    891.2
     1     1    14     1    27     5     0     0    41.0   53.156   16.747    825.9    893.4
     1     1    14     1    27     6     0     0    42.0   53.642   16.565    814.6    894.4
     1     1    14     1    27     7     0     0    43.0   54.117   16.307    811.0    894.8
     1     1    14     1    27     8     0     0    44.0   54.565   15.990    816.4    893.8
     1     1    14     1    27     9     0     0    45.0   54.988   15.628    829.2    891.5
     1     1    14     1    27    10     0     0    46.0   55.379   15.235    848.7    890.6
     1     1    14     1    27    11     0     0    47.0   55.737   14.821    873.1    889.5
     1     1    14     1    27    12     0     0    48.0   56.071   14.392    901.0    888.1
