     1     1
    CDC1    14     1     1     0     0
     1 FORWARD  OMEGA   
    14     1     5    18   50.000    5.000   500.0
     1 PRESSURE
     1     1    14     1     5    18     0     0     0.0   50.000    5.000    500.0    944.3
     1     1    14     1     5    19     0     0     1.0   50.418    5.234    476.0    944.4
     1     1    14     1     5    20     0     0     2.0   50.857    5.521    454.4    944.0
     1     1    14     1     5    21     0     0     3.0   51.315    5.852    434.8    943.9
     1     1    14     1     5    22     0     0     4.0   51.795    6.217    416.6    944.5
     1     1    14     1     5    23     0     0     5.0   52.299    6.599    399.7    945.9
     1     1    14     1     6     0     0     0     6.0   52.824    6.971    385.0    948.9
     1     1    14     1     6     1     0     0     7.0   53.354    7.321    375.1    951.5
     1     1    14     1     6     2     0     0     8.0   53.874    7.662    372.7    953.0
     1     1    14     1     6     3     0     0     9.0   54.388    7.995    378.2    953.2
     1     1    14     1     6     4     0     0    10.0   54.900    8.314    392.7    952.1
     1     1    14     1     6     5     0     0    11.0   55.408    8.604    417.8    948.3
     1     1    14     1     6     6     0     0    12.0   55.912    8.843    456.0    942.8
     1     1    14     1     6     7     0     0    13.0   56.410    9.073    504.1    936.2
     1     1    14     1     6     8     0     0    14.0   56.897    9.331    557.3    929.8
     1     1    14     1     6     9     0     0    15.0   57.374    9.625    616.4    923.1
     1     1    14     1     6    10     0     0    16.0   57.848    9.968    676.8    905.6
     1     1    14     1     6    11     0     0    17.0   58.325   10.359    735.8    886.2
     1     1    14     1     6    12     0     0    18.0   58.806   10.789    793.5    868.9
     1     1    14     1     6    13     0     0    19.0   59.296   11.236    850.2    853.4
     1     1    14     1     6    14     0     0    20.0   59.800   11.694    904.5    839.1
     1     1    14     1     6    15     0     0    21.0   60.312   12.175    956.0    829.8
     1     1    14     1     6    16     0     0    22.0   60.825   12.675   1002.5    824.2
     1     1    14     1     6    17     0     0    23.0   61.336   13.188   1044.5    820.2
     1     1    14     1     6    18     0     0    24.0   61.848   13.713   1084.0    816.0
     1     1    14     1     6    19     0     0    25.0   62.349   14.243   1118.8    811.5
     1     1    14     1     6    20     0     0    26.0   62.821   14.759   1147.5    810.6
     1     1    14     1     6    21     0     0    27.0   63.256   15.251   1169.1    811.0
     1     1    14     1     6    22     0     0    28.0   63.655   15.712   1183.9    811.4
     1     1    14     1     6    23     0     0    29.0   64.018   16.144   1192.2    811.0
     1     1    14     1     7     0     0     0    30.0   64.348   16.547   1194.1    810.2
     1     1    14     1     7     1     0     0    31.0   64.660   16.935   1193.2    809.5
     1     1    14     1     7     2     0     0    32.0   64.968   17.330   1194.6    807.3
     1     1    14     1     7     3     0     0    33.0   65.270   17.734   1201.1    807.7
     1     1    14     1     7     4     0     0    34.0   65.565   18.138   1213.9    807.8
     1     1    14     1     7     5     0     0    35.0   65.853   18.542   1233.6    806.6
     1     1    14     1     7     6     0     0    36.0   66.132   18.950   1261.3    803.9
     1     1    14     1     7     7     0     0    37.0   66.400   19.333   1292.9    800.0
     1     1    14     1     7     8     0     0    38.0   66.656   19.666   1322.7    795.9
     1     1    14     1     7     9     0     0    39.0   66.899   19.960   1350.3    791.7
     1     1    14     1     7    10     0     0    40.0   67.128   20.222   1375.4    788.1
     1     1    14     1     7    11     0     0    41.0   67.343   20.461   1397.2    784.8
     1     1    14     1     7    12     0     0    42.0   67.542   20.680   1415.2    782.5
     1     1    14     1     7    13     0     0    43.0   67.733   20.855   1434.7    783.2
     1     1    14     1     7    14     0     0    44.0   67.923   20.959   1456.9    782.8
     1     1    14     1     7    15     0     0    45.0   68.111   20.993   1480.6    781.9
     1     1    14     1     7    16     0     0    46.0   68.296   20.954   1504.4    780.8
     1     1    14     1     7    17     0     0    47.0   68.478   20.843   1527.6    779.4
     1     1    14     1     7    18     0     0    48.0   68.654   20.659   1549.3    778.1
