     1     1
    CDC1    14     1     1     0     0
     1 FORWARD  OMEGA   
    14     1     3     0   50.000    5.000   500.0
     1 PRESSURE
     1     1    14     1     3     0     0     0     0.0   50.000    5.000    500.0    939.1
     1     1    14     1     3     1     0     0     1.0   50.411    5.310    496.1    936.8
     1     1    14     1     3     2     0     0     2.0   50.826    5.664    490.2    935.0
     1     1    14     1     3     3     0     0     3.0   51.251    6.054    483.2    933.7
     1     1    14     1     3     4     0     0     4.0   51.695    6.469    475.8    933.2
     1     1    14     1     3     5     0     0     5.0   52.169    6.899    469.1    933.4
     1     1    14     1     3     6     0     0     6.0   52.682    7.324    464.7    934.6
     1     1    14     1     3     7     0     0     7.0   53.208    7.724    463.2    937.2
     1     1    14     1     3     8     0     0     8.0   53.721    8.108    464.4    939.1
     1     1    14     1     3     9     0     0     9.0   54.227    8.483    469.2    939.9
     1     1    14     1     3    10     0     0    10.0   54.729    8.853    478.8    939.7
     1     1    14     1     3    11     0     0    11.0   55.229    9.211    494.5    937.8
     1     1    14     1     3    12     0     0    12.0   55.722    9.532    518.2    934.6
     1     1    14     1     3    13     0     0    13.0   56.206    9.824    550.3    930.6
     1     1    14     1     3    14     0     0    14.0   56.683   10.107    589.9    926.0
     1     1    14     1     3    15     0     0    15.0   57.158   10.390    637.4    920.7
     1     1    14     1     3    16     0     0    16.0   57.631   10.662    689.9    910.7
     1     1    14     1     3    17     0     0    17.0   58.113   10.922    741.1    892.4
     1     1    14     1     3    18     0     0    18.0   58.616   11.175    789.7    875.2
     1     1    14     1     3    19     0     0    19.0   59.141   11.413    838.4    859.1
     1     1    14     1     3    20     0     0    20.0   59.691   11.630    888.9    842.7
     1     1    14     1     3    21     0     0    21.0   60.267   11.821    939.5    829.9
     1     1    14     1     3    22     0     0    22.0   60.853   11.982    986.4    821.7
     1     1    14     1     3    23     0     0    23.0   61.438   12.116   1026.8    814.0
     1     1    14     1     4     0     0     0    24.0   62.021   12.226   1062.2    806.3
     1     1    14     1     4     1     0     0    25.0   62.595   12.316   1091.2    800.5
     1     1    14     1     4     2     0     0    26.0   63.148   12.397   1112.1    803.4
     1     1    14     1     4     3     0     0    27.0   63.674   12.478   1121.9    806.7
     1     1    14     1     4     4     0     0    28.0   64.181   12.565   1121.2    810.9
     1     1    14     1     4     5     0     0    29.0   64.674   12.665   1109.9    815.8
     1     1    14     1     4     6     0     0    30.0   65.154   12.792   1089.4    821.1
     1     1    14     1     4     7     0     0    31.0   65.603   12.943   1064.0    827.6
     1     1    14     1     4     8     0     0    32.0   66.009   13.097   1035.1    833.6
     1     1    14     1     4     9     0     0    33.0   66.378   13.243   1002.0    839.5
     1     1    14     1     4    10     0     0    34.0   66.716   13.372    963.9    845.8
     1     1    14     1     4    11     0     0    35.0   67.026   13.473    920.1    852.7
     1     1    14     1     4    12     0     0    36.0   67.312   13.531    870.0    859.6
     1     1    14     1     4    13     0     0    37.0   67.588   13.572    817.5    866.9
     1     1    14     1     4    14     0     0    38.0   67.866   13.627    769.1    873.9
     1     1    14     1     4    15     0     0    39.0   68.142   13.682    725.9    880.4
     1     1    14     1     4    16     0     0    40.0   68.419   13.729    688.1    886.6
     1     1    14     1     4    17     0     0    41.0   68.696   13.763    655.8    892.5
     1     1    14     1     4    18     0     0    42.0   68.972   13.773    629.2    898.0
     1     1    14     1     4    19     0     0    43.0   69.240   13.744    609.7    903.1
     1     1    14     1     4    20     0     0    44.0   69.490   13.662    597.8    907.3
     1     1    14     1     4    21     0     0    45.0   69.729   13.527    593.5    910.9
     1     1    14     1     4    22     0     0    46.0   69.962   13.333    596.6    913.7
     1     1    14     1     4    23     0     0    47.0   70.191   13.057    606.7    915.4
     1     1    14     1     5     0     0     0    48.0   70.416   12.670    623.4    916.7
