     1     1
    CDC1    14     1     1     0     0
     1 FORWARD  OMEGA   
    14     1    25     6   50.000    5.000   500.0
     1 PRESSURE
     1     1    14     1    25     6     0     0     0.0   50.000    5.000    500.0    950.2
     1     1    14     1    25     7     0     0     1.0   50.121    4.996    491.2    951.2
     1     1    14     1    25     8     0     0     2.0   50.257    5.022    482.9    951.8
     1     1    14     1    25     9     0     0     3.0   50.407    5.076    475.6    952.2
     1     1    14     1    25    10     0     0     4.0   50.574    5.158    469.7    952.2
     1     1    14     1    25    11     0     0     5.0   50.759    5.266    465.8    951.8
     1     1    14     1    25    12     0     0     6.0   50.965    5.399    464.4    951.0
     1     1    14     1    25    13     0     0     7.0   51.188    5.570    467.9    948.7
     1     1    14     1    25    14     0     0     8.0   51.421    5.788    479.2    945.2
     1     1    14     1    25    15     0     0     9.0   51.663    6.041    498.9    940.9
     1     1    14     1    25    16     0     0    10.0   51.916    6.323    528.3    935.8
     1     1    14     1    25    17     0     0    11.0   52.181    6.626    568.8    929.9
     1     1    14     1    25    18     0     0    12.0   52.461    6.950    622.2    923.1
     1     1    14     1    25    19     0     0    13.0   52.726    7.256    684.3    915.2
     1     1    14     1    25    20     0     0    14.0   52.945    7.518    749.8    907.4
     1     1    14     1    25    21     0     0    15.0   53.118    7.747    816.3    900.0
     1     1    14     1    25    22     0     0    16.0   53.247    7.957    881.2    893.0
     1     1    14     1    25    23     0     0    17.0   53.335    8.156    943.8    886.0
     1     1    14     1    26     0     0     0    18.0   53.384    8.352   1003.7    878.7
     1     1    14     1    26     1     0     0    19.0   53.408    8.517   1062.6    873.0
     1     1    14     1    26     2     0     0    20.0   53.416    8.626   1120.7    867.3
     1     1    14     1    26     3     0     0    21.0   53.403    8.686   1178.0    861.6
     1     1    14     1    26     4     0     0    22.0   53.367    8.703   1234.1    856.0
     1     1    14     1    26     5     0     0    23.0   53.305    8.681   1288.3    850.6
     1     1    14     1    26     6     0     0    24.0   53.214    8.623   1339.5    844.8
     1     1    14     1    26     7     0     0    25.0   53.115    8.575   1387.0    838.7
     1     1    14     1    26     8     0     0    26.0   53.038    8.570   1431.1    833.2
     1     1    14     1    26     9     0     0    27.0   52.984    8.603   1471.6    828.2
     1     1    14     1    26    10     0     0    28.0   52.958    8.669   1508.1    823.8
     1     1    14     1    26    11     0     0    29.0   52.959    8.760   1540.8    820.1
     1     1    14     1    26    12     0     0    30.0   52.988    8.869   1569.4    817.0
     1     1    14     1    26    13     0     0    31.0   53.047    9.000   1599.3    813.7
     1     1    14     1    26    14     0     0    32.0   53.139    9.153   1632.9    809.8
     1     1    14     1    26    15     0     0    33.0   53.265    9.321   1670.5    805.5
     1     1    14     1    26    16     0     0    34.0   53.428    9.492   1711.9    801.0
     1     1    14     1    26    17     0     0    35.0   53.628    9.659   1756.6    796.0
     1     1    14     1    26    18     0     0    36.0   53.866    9.808   1804.9    790.7
     1     1    14     1    26    19     0     0    37.0   54.127    9.912   1855.5    784.9
     1     1    14     1    26    20     0     0    38.0   54.394    9.958   1910.6    778.8
     1     1    14     1    26    21     0     0    39.0   54.667    9.953   1970.1    772.4
     1     1    14     1    26    22     0     0    40.0   54.947    9.908   2034.2    765.7
     1     1    14     1    26    23     0     0    41.0   55.236    9.831   2101.6    758.6
     1     1    14     1    27     0     0     0    42.0   55.539    9.729   2171.3    751.4
     1     1    14     1    27     1     0     0    43.0   55.848    9.598   2240.5    744.4
     1     1    14     1    27     2     0     0    44.0   56.155    9.438   2310.9    737.5
     1     1    14     1    27     3     0     0    45.0   56.458    9.247   2380.4    730.7
     1     1    14     1    27     4     0     0    46.0   56.757    9.024   2448.2    724.1
     1     1    14     1    27     5     0     0    47.0   57.050    8.769   2513.7    717.8
     1     1    14     1    27     6     0     0    48.0   57.334    8.481   2576.4    711.7
