     1     1
    CDC1    14     1     1     0     0
     1 FORWARD  OMEGA   
    14     1     4    18   50.000    5.000   500.0
     1 PRESSURE
     1     1    14     1     4    18     0     0     0.0   50.000    5.000    500.0    931.2
     1     1    14     1     4    19     0     0     1.0   50.234    5.277    462.0    934.0
     1     1    14     1     4    20     0     0     2.0   50.459    5.553    428.4    936.2
     1     1    14     1     4    21     0     0     3.0   50.675    5.837    397.6    938.4
     1     1    14     1     4    22     0     0     4.0   50.880    6.135    369.0    940.2
     1     1    14     1     4    23     0     0     5.0   51.073    6.451    342.2    941.6
     1     1    14     1     5     0     0     0     6.0   51.256    6.784    317.3    942.9
     1     1    14     1     5     1     0     0     7.0   51.427    7.126    293.0    945.4
     1     1    14     1     5     2     0     0     8.0   51.583    7.470    268.8    948.3
     1     1    14     1     5     3     0     0     9.0   51.719    7.827    245.4    952.1
     1     1    14     1     5     4     0     0    10.0   51.836    8.205    223.2    956.0
     1     1    14     1     5     5     0     0    11.0   51.933    8.608    202.6    959.8
     1     1    14     1     5     6     0     0    12.0   52.015    9.039    183.4    962.7
     1     1    14     1     5     7     0     0    13.0   52.089    9.471    167.5    966.1
     1     1    14     1     5     8     0     0    14.0   52.159    9.885    156.4    968.9
     1     1    14     1     5     9     0     0    15.0   52.217   10.290    149.4    971.3
     1     1    14     1     5    10     0     0    16.0   52.262   10.694    146.1    973.2
     1     1    14     1     5    11     0     0    17.0   52.290   11.105    146.0    974.6
     1     1    14     1     5    12     0     0    18.0   52.298   11.531    149.1    975.2
     1     1    14     1     5    13     0     0    19.0   52.299   11.970    151.1    975.4
     1     1    14     1     5    14     0     0    20.0   52.306   12.419    146.7    977.0
     1     1    14     1     5    15     0     0    21.0   52.318   12.874    136.5    979.2
     1     1    14     1     5    16     0     0    22.0   52.334   13.325    122.8    981.9
     1     1    14     1     5    17     0     0    23.0   52.349   13.769    107.8    984.9
     1     1    14     1     5    18     0     0    24.0   52.355   14.203     93.7    987.8
     1     1    14     1     5    19     0     0    25.0   52.356   14.621     82.4    989.8
     1     1    14     1     5    20     0     0    26.0   52.356   15.025     73.5    991.1
     1     1    14     1     5    21     0     0    27.0   52.356   15.420     64.9    992.1
     1     1    14     1     5    22     0     0    28.0   52.360   15.809     55.5    993.4
     1     1    14     1     5    23     0     0    29.0   52.366   16.196     46.1    994.8
     1     1    14     1     6     0     0     0    30.0   52.370   16.585     37.0    996.2
     1     1    14     1     6     1     0     0    31.0   52.383   16.953     28.7    997.4
     1     1    14     1     6     2     0     0    32.0   52.421   17.272     21.2    999.0
     1     1    14     1     6     3     0     0    33.0   52.485   17.540     14.8   1001.1
     1     1    14     1     6     4     0     0    34.0   52.578   17.758      9.4   1002.4
     1     1    14     1     6     5     0     0    35.0   52.698   17.934      4.8   1002.7
     1     1    14     1     6     6     0     0    36.0   52.842   18.084      0.4   1003.1
     1     1    14     1     6     7     0     0    37.0   53.001   18.228      0.0   1003.2
     1     1    14     1     6     8     0     0    38.0   53.165   18.378      0.0   1003.5
     1     1    14     1     6     9     0     0    39.0   53.336   18.529      0.0   1003.8
     1     1    14     1     6    10     0     0    40.0   53.514   18.674      0.0   1004.2
     1     1    14     1     6    11     0     0    41.0   53.699   18.805      0.0   1004.6
     1     1    14     1     6    12     0     0    42.0   53.893   18.915      0.0   1005.1
     1     1    14     1     6    13     0     0    43.0   54.096   19.005      0.0   1005.1
     1     1    14     1     6    14     0     0    44.0   54.309   19.077      0.0   1005.1
     1     1    14     1     6    15     0     0    45.0   54.533   19.128      0.0   1005.2
     1     1    14     1     6    16     0     0    46.0   54.772   19.156      0.0   1005.2
     1     1    14     1     6    17     0     0    47.0   55.028   19.160      0.0   1005.1
     1     1    14     1     6    18     0     0    48.0   55.305   19.152      0.0   1004.7
