     1     1
    CDC1    14     1     1     0     0
     1 FORWARD  OMEGA   
    14     1     2    12   50.000    5.000   500.0
     1 PRESSURE
     1     1    14     1     2    12     0     0     0.0   50.000    5.000    500.0    935.7
     1     1    14     1     2    13     0     0     1.0   50.218    5.571    477.8    934.6
     1     1    14     1     2    14     0     0     2.0   50.455    6.108    455.1    934.6
     1     1    14     1     2    15     0     0     3.0   50.698    6.630    432.5    935.4
     1     1    14     1     2    16     0     0     4.0   50.938    7.151    410.5    936.8
     1     1    14     1     2    17     0     0     5.0   51.163    7.688    389.5    938.9
     1     1    14     1     2    18     0     0     6.0   51.369    8.248    370.0    941.5
     1     1    14     1     2    19     0     0     7.0   51.566    8.803    351.9    944.0
     1     1    14     1     2    20     0     0     8.0   51.758    9.325    334.2    947.2
     1     1    14     1     2    21     0     0     9.0   51.939    9.815    316.7    951.0
     1     1    14     1     2    22     0     0    10.0   52.103   10.275    299.5    955.4
     1     1    14     1     2    23     0     0    11.0   52.247   10.709    282.8    960.0
     1     1    14     1     3     0     0     0    12.0   52.366   11.127    267.0    964.4
     1     1    14     1     3     1     0     0    13.0   52.479   11.521    252.8    968.2
     1     1    14     1     3     2     0     0    14.0   52.608   11.879    240.6    970.4
     1     1    14     1     3     3     0     0    15.0   52.751   12.199    230.0    972.0
     1     1    14     1     3     4     0     0    16.0   52.909   12.480    220.8    973.4
     1     1    14     1     3     5     0     0    17.0   53.084   12.723    212.8    974.2
     1     1    14     1     3     6     0     0    18.0   53.276   12.930    206.1    975.0
     1     1    14     1     3     7     0     0    19.0   53.485   13.113    200.8    975.2
     1     1    14     1     3     8     0     0    20.0   53.709   13.281    197.2    975.0
     1     1    14     1     3     9     0     0    21.0   53.948   13.433    195.4    974.5
     1     1    14     1     3    10     0     0    22.0   54.204   13.568    195.5    973.8
     1     1    14     1     3    11     0     0    23.0   54.477   13.688    198.0    972.8
     1     1    14     1     3    12     0     0    24.0   54.767   13.792    203.1    971.3
     1     1    14     1     3    13     0     0    25.0   55.072   13.895    211.0    969.5
     1     1    14     1     3    14     0     0    26.0   55.387   14.002    223.0    968.8
     1     1    14     1     3    15     0     0    27.0   55.709   14.106    239.8    967.5
     1     1    14     1     3    16     0     0    28.0   56.039   14.210    261.2    965.7
     1     1    14     1     3    17     0     0    29.0   56.376   14.315    286.9    963.6
     1     1    14     1     3    18     0     0    30.0   56.719   14.425    317.0    961.2
     1     1    14     1     3    19     0     0    31.0   57.058   14.543    354.6    958.8
     1     1    14     1     3    20     0     0    32.0   57.389   14.672    403.1    954.8
     1     1    14     1     3    21     0     0    33.0   57.718   14.814    460.9    945.5
     1     1    14     1     3    22     0     0    34.0   58.055   14.971    525.3    934.5
     1     1    14     1     3    23     0     0    35.0   58.406   15.136    594.2    923.7
     1     1    14     1     4     0     0     0    36.0   58.774   15.299    665.4    912.5
     1     1    14     1     4     1     0     0    37.0   59.155   15.471    734.1    901.5
     1     1    14     1     4     2     0     0    38.0   59.543   15.666    797.4    892.4
     1     1    14     1     4     3     0     0    39.0   59.939   15.869    856.7    884.6
     1     1    14     1     4     4     0     0    40.0   60.341   16.083    911.0    876.4
     1     1    14     1     4     5     0     0    41.0   60.751   16.312    959.3    868.7
     1     1    14     1     4     6     0     0    42.0   61.170   16.543   1002.4    861.6
     1     1    14     1     4     7     0     0    43.0   61.582   16.750   1039.3    855.4
     1     1    14     1     4     8     0     0    44.0   61.970   16.911   1069.7    850.0
     1     1    14     1     4     9     0     0    45.0   62.337   17.014   1094.6    844.8
     1     1    14     1     4    10     0     0    46.0   62.682   17.068   1113.8    839.8
     1     1    14     1     4    11     0     0    47.0   63.002   17.095   1126.2    835.6
     1     1    14     1     4    12     0     0    48.0   63.298   17.102   1131.4    832.2
