     1     1
    CDC1    14     1     1     0     0
     1 FORWARD  OMEGA   
    14     1    23     6   50.000    5.000   500.0
     1 PRESSURE
     1     1    14     1    23     6     0     0     0.0   50.000    5.000    500.0    946.5
     1     1    14     1    23     7     0     0     1.0   50.096    5.239    486.7    946.3
     1     1    14     1    23     8     0     0     2.0   50.207    5.491    476.4    945.6
     1     1    14     1    23     9     0     0     3.0   50.334    5.754    469.7    944.6
     1     1    14     1    23    10     0     0     4.0   50.477    6.023    467.0    943.2
     1     1    14     1    23    11     0     0     5.0   50.635    6.297    469.2    941.4
     1     1    14     1    23    12     0     0     6.0   50.808    6.572    476.8    939.2
     1     1    14     1    23    13     0     0     7.0   50.989    6.837    490.0    936.5
     1     1    14     1    23    14     0     0     8.0   51.167    7.082    507.5    933.5
     1     1    14     1    23    15     0     0     9.0   51.345    7.308    528.7    930.5
     1     1    14     1    23    16     0     0    10.0   51.525    7.514    552.6    927.4
     1     1    14     1    23    17     0     0    11.0   51.705    7.703    578.1    924.7
     1     1    14     1    23    18     0     0    12.0   51.884    7.874    603.7    922.3
     1     1    14     1    23    19     0     0    13.0   52.054    8.025    629.1    920.3
     1     1    14     1    23    20     0     0    14.0   52.204    8.154    655.6    917.8
     1     1    14     1    23    21     0     0    15.0   52.332    8.264    683.2    915.2
     1     1    14     1    23    22     0     0    16.0   52.437    8.360    711.9    912.4
     1     1    14     1    23    23     0     0    17.0   52.517    8.443    741.9    909.4
     1     1    14     1    24     0     0     0    18.0   52.575    8.516    773.3    906.0
     1     1    14     1    24     1     0     0    19.0   52.616    8.574    803.1    903.0
     1     1    14     1    24     2     0     0    20.0   52.648    8.614    828.9    900.7
     1     1    14     1    24     3     0     0    21.0   52.672    8.637    850.4    898.9
     1     1    14     1    24     4     0     0    22.0   52.686    8.644    867.6    897.5
     1     1    14     1    24     5     0     0    23.0   52.691    8.637    880.6    896.5
     1     1    14     1    24     6     0     0    24.0   52.686    8.617    889.3    896.0
     1     1    14     1    24     7     0     0    25.0   52.682    8.579    894.0    896.0
     1     1    14     1    24     8     0     0    26.0   52.690    8.512    894.3    896.5
     1     1    14     1    24     9     0     0    27.0   52.710    8.414    890.4    897.5
     1     1    14     1    24    10     0     0    28.0   52.744    8.284    882.4    899.0
     1     1    14     1    24    11     0     0    29.0   52.797    8.119    870.3    901.0
     1     1    14     1    24    12     0     0    30.0   52.870    7.916    854.1    903.5
     1     1    14     1    24    13     0     0    31.0   52.966    7.692    836.3    906.4
     1     1    14     1    24    14     0     0    32.0   53.084    7.466    819.5    909.2
     1     1    14     1    24    15     0     0    33.0   53.228    7.234    803.9    912.2
     1     1    14     1    24    16     0     0    34.0   53.401    6.995    790.0    915.2
     1     1    14     1    24    17     0     0    35.0   53.608    6.747    777.9    918.1
     1     1    14     1    24    18     0     0    36.0   53.850    6.488    768.0    920.8
     1     1    14     1    24    19     0     0    37.0   54.132    6.218    761.9    923.0
     1     1    14     1    24    20     0     0    38.0   54.452    5.941    760.2    924.6
     1     1    14     1    24    21     0     0    39.0   54.812    5.661    763.3    925.5
     1     1    14     1    24    22     0     0    40.0   55.214    5.387    771.9    925.2
     1     1    14     1    24    23     0     0    41.0   55.669    5.132    787.3    923.6
     1     1    14     1    25     0     0     0    42.0   56.179    4.902    811.8    920.8
     1     1    14     1    25     1     0     0    43.0   56.749    4.708    845.6    916.1
     1     1    14     1    25     2     0     0    44.0   57.384    4.559    890.0    910.6
     1     1    14     1    25     3     0     0    45.0   58.092    4.503    941.8    895.0
     1     1    14     1    25     4     0     0    46.0   58.872    4.607    999.0    875.1
     1     1    14     1    25     5     0     0    47.0   59.721    4.887   1059.4    852.1
     1     1    14     1    25     6     0     0    48.0   60.615    5.349   1122.0    839.1
