     1     1
    CDC1    14     1     1     0     0
     1 FORWARD  OMEGA   
    14     1    20     0   50.000    5.000   500.0
     1 PRESSURE
     1     1    14     1    20     0     0     0     0.0   50.000    5.000    500.0    934.5
     1     1    14     1    20     1     0     0     1.0   49.878    5.068    499.3    931.9
     1     1    14     1    20     2     0     0     2.0   49.752    5.130    498.9    929.1
     1     1    14     1    20     3     0     0     3.0   49.624    5.190    498.7    926.1
     1     1    14     1    20     4     0     0     4.0   49.495    5.250    498.4    923.1
     1     1    14     1    20     5     0     0     5.0   49.364    5.311    497.6    920.0
     1     1    14     1    20     6     0     0     6.0   49.234    5.376    496.2    916.8
     1     1    14     1    20     7     0     0     7.0   49.109    5.457    497.0    914.1
     1     1    14     1    20     8     0     0     8.0   48.995    5.561    502.7    910.2
     1     1    14     1    20     9     0     0     9.0   48.890    5.687    513.2    905.7
     1     1    14     1    20    10     0     0    10.0   48.794    5.835    528.6    900.5
     1     1    14     1    20    11     0     0    11.0   48.705    6.003    549.0    894.6
     1     1    14     1    20    12     0     0    12.0   48.620    6.189    574.7    887.8
     1     1    14     1    20    13     0     0    13.0   48.527    6.384    602.0    880.1
     1     1    14     1    20    14     0     0    14.0   48.415    6.579    627.0    872.1
     1     1    14     1    20    15     0     0    15.0   48.285    6.771    649.1    863.7
     1     1    14     1    20    16     0     0    16.0   48.134    6.961    668.2    855.0
     1     1    14     1    20    17     0     0    17.0   47.964    7.147    684.1    846.1
     1     1    14     1    20    18     0     0    18.0   47.774    7.330    696.7    836.8
     1     1    14     1    20    19     0     0    19.0   47.572    7.504    705.9    827.6
     1     1    14     1    20    20     0     0    20.0   47.367    7.656    711.9    824.3
     1     1    14     1    20    21     0     0    21.0   47.157    7.783    713.9    824.0
     1     1    14     1    20    22     0     0    22.0   46.942    7.882    711.3    824.6
     1     1    14     1    20    23     0     0    23.0   46.721    7.953    703.5    826.1
     1     1    14     1    21     0     0     0    24.0   46.492    7.994    690.4    828.4
     1     1    14     1    21     1     0     0    25.0   46.249    8.008    670.9    831.4
     1     1    14     1    21     2     0     0    26.0   45.984    7.997    645.0    835.4
     1     1    14     1    21     3     0     0    27.0   45.696    7.961    612.6    840.3
     1     1    14     1    21     4     0     0    28.0   45.384    7.898    574.7    845.3
     1     1    14     1    21     5     0     0    29.0   45.052    7.810    532.9    850.5
     1     1    14     1    21     6     0     0    30.0   44.702    7.724    492.0    864.1
     1     1    14     1    21     7     0     0    31.0   44.358    7.681    455.3    879.0
     1     1    14     1    21     8     0     0    32.0   44.038    7.682    423.2    892.8
     1     1    14     1    21     9     0     0    33.0   43.742    7.720    395.2    905.6
     1     1    14     1    21    10     0     0    34.0   43.468    7.785    370.5    917.2
     1     1    14     1    21    11     0     0    35.0   43.215    7.870    348.6    927.6
     1     1    14     1    21    12     0     0    36.0   42.981    7.966    328.6    937.4
     1     1    14     1    21    13     0     0    37.0   42.761    8.086    311.0    946.4
     1     1    14     1    21    14     0     0    38.0   42.549    8.248    297.3    954.9
     1     1    14     1    21    15     0     0    39.0   42.349    8.454    286.8    959.5
     1     1    14     1    21    16     0     0    40.0   42.163    8.704    279.8    962.4
     1     1    14     1    21    17     0     0    41.0   41.988    8.997    276.6    964.6
     1     1    14     1    21    18     0     0    42.0   41.822    9.333    277.7    966.1
     1     1    14     1    21    19     0     0    43.0   41.673    9.692    283.0    966.6
     1     1    14     1    21    20     0     0    44.0   41.547   10.047    291.8    966.2
     1     1    14     1    21    21     0     0    45.0   41.439   10.392    302.9    964.9
     1     1    14     1    21    22     0     0    46.0   41.343   10.720    315.4    963.3
     1     1    14     1    21    23     0     0    47.0   41.256   11.031    328.7    961.6
     1     1    14     1    22     0     0     0    48.0   41.176   11.322    342.2    960.0
