     1     1
    CDC1    14     1     1     0     0
     1 FORWARD  OMEGA   
    14     1    26     6   50.000    5.000   500.0
     1 PRESSURE
     1     1    14     1    26     6     0     0     0.0   50.000    5.000    500.0    947.2
     1     1    14     1    26     7     0     0     1.0   49.895    5.412    580.0    931.5
     1     1    14     1    26     8     0     0     2.0   49.835    5.841    647.4    918.0
     1     1    14     1    26     9     0     0     3.0   49.820    6.281    699.9    906.9
     1     1    14     1    26    10     0     0     4.0   49.847    6.730    735.9    899.1
     1     1    14     1    26    11     0     0     5.0   49.914    7.191    754.7    894.7
     1     1    14     1    26    12     0     0     6.0   50.020    7.665    756.2    893.4
     1     1    14     1    26    13     0     0     7.0   50.154    8.139    752.8    891.8
     1     1    14     1    26    14     0     0     8.0   50.307    8.607    756.3    888.6
     1     1    14     1    26    15     0     0     9.0   50.483    9.068    765.8    885.7
     1     1    14     1    26    16     0     0    10.0   50.686    9.521    779.8    883.1
     1     1    14     1    26    17     0     0    11.0   50.920    9.961    796.8    881.2
     1     1    14     1    26    18     0     0    12.0   51.187   10.387    815.6    880.8
     1     1    14     1    26    19     0     0    13.0   51.471   10.772    833.4    880.6
     1     1    14     1    26    20     0     0    14.0   51.760   11.094    850.2    881.0
     1     1    14     1    26    21     0     0    15.0   52.065   11.351    865.9    881.9
     1     1    14     1    26    22     0     0    16.0   52.391   11.540    881.3    883.2
     1     1    14     1    26    23     0     0    17.0   52.738   11.651    897.2    882.3
     1     1    14     1    27     0     0     0    18.0   53.104   11.673    917.6    879.6
     1     1    14     1    27     1     0     0    19.0   53.461   11.636    946.5    876.5
     1     1    14     1    27     2     0     0    20.0   53.785   11.580    986.2    871.6
     1     1    14     1    27     3     0     0    21.0   54.078   11.511   1035.2    865.6
     1     1    14     1    27     4     0     0    22.0   54.342   11.432   1092.7    858.9
     1     1    14     1    27     5     0     0    23.0   54.580   11.349   1157.5    851.4
     1     1    14     1    27     6     0     0    24.0   54.796   11.268   1228.9    843.4
     1     1    14     1    27     7     0     0    25.0   55.005   11.180   1300.1    836.0
     1     1    14     1    27     8     0     0    26.0   55.226   11.065   1364.0    829.8
     1     1    14     1    27     9     0     0    27.0   55.460   10.917   1419.2    824.8
     1     1    14     1    27    10     0     0    28.0   55.707   10.740   1466.3    820.7
     1     1    14     1    27    11     0     0    29.0   55.968   10.534   1506.2    817.4
     1     1    14     1    27    12     0     0    30.0   56.242   10.304   1539.6    814.6
     1     1    14     1    27    13     0     0    31.0   56.529   10.039   1571.9    812.8
     1     1    14     1    27    14     0     0    32.0   56.829    9.729   1605.5    810.2
     1     1    14     1    27    15     0     0    33.0   57.143    9.374   1641.6    807.4
     1     1    14     1    27    16     0     0    34.0   57.472    8.973   1681.1    804.1
     1     1    14     1    27    17     0     0    35.0   57.815    8.541   1717.5    793.6
     1     1    14     1    27    18     0     0    36.0   58.170    8.102   1753.4    782.4
     1     1    14     1    27    19     0     0    37.0   58.538    7.655   1786.9    771.0
     1     1    14     1    27    20     0     0    38.0   58.921    7.193   1814.4    761.8
     1     1    14     1    27    21     0     0    39.0   59.319    6.709   1836.0    754.8
     1     1    14     1    27    22     0     0    40.0   59.729    6.199   1851.2    749.7
     1     1    14     1    27    23     0     0    41.0   60.152    5.666   1861.6    750.0
     1     1    14     1    28     0     0     0    42.0   60.587    5.123   1866.7    757.8
     1     1    14     1    28     1     0     0    43.0   61.025    4.593   1864.3    766.8
     1     1    14     1    28     2     0     0    44.0   61.453    4.089   1857.7    775.0
     1     1    14     1    28     3     0     0    45.0   61.868    3.611   1845.5    783.2
     1     1    14     1    28     4     0     0    46.0   62.266    3.161   1826.8    791.5
     1     1    14     1    28     5     0     0    47.0   62.647    2.735   1801.4    799.2
     1     1    14     1    28     6     0     0    48.0   63.010    2.325   1770.4    804.4
