     1     1
    CDC1    14     1     1     0     0
     1 FORWARD  OMEGA   
    14     1     6    12   50.000    5.000   500.0
     1 PRESSURE
     1     1    14     1     6    12     0     0     0.0   50.000    5.000    500.0    940.7
     1     1    14     1     6    13     0     0     1.0   50.358    5.498    503.1    936.2
     1     1    14     1     6    14     0     0     2.0   50.728    6.036    497.7    933.7
     1     1    14     1     6    15     0     0     3.0   51.107    6.597    485.3    932.8
     1     1    14     1     6    16     0     0     4.0   51.493    7.167    467.5    933.5
     1     1    14     1     6    17     0     0     5.0   51.881    7.735    446.5    936.1
     1     1    14     1     6    18     0     0     6.0   52.267    8.289    424.5    940.8
     1     1    14     1     6    19     0     0     7.0   52.640    8.833    405.1    946.3
     1     1    14     1     6    20     0     0     8.0   52.996    9.365    390.7    949.8
     1     1    14     1     6    21     0     0     9.0   53.339    9.881    381.6    951.8
     1     1    14     1     6    22     0     0    10.0   53.675   10.386    377.5    952.5
     1     1    14     1     6    23     0     0    11.0   54.011   10.889    378.3    952.0
     1     1    14     1     7     0     0     0    12.0   54.346   11.394    384.5    950.5
     1     1    14     1     7     1     0     0    13.0   54.676   11.939    395.4    948.3
     1     1    14     1     7     2     0     0    14.0   54.990   12.561    410.1    945.0
     1     1    14     1     7     3     0     0    15.0   55.286   13.245    428.3    943.8
     1     1    14     1     7     4     0     0    16.0   55.562   13.962    448.9    942.5
     1     1    14     1     7     5     0     0    17.0   55.819   14.700    472.1    940.8
     1     1    14     1     7     6     0     0    18.0   56.060   15.442    497.4    939.3
     1     1    14     1     7     7     0     0    19.0   56.285   16.182    522.9    938.5
     1     1    14     1     7     8     0     0    20.0   56.488   16.930    547.0    937.7
     1     1    14     1     7     9     0     0    21.0   56.663   17.701    569.5    936.6
     1     1    14     1     7    10     0     0    22.0   56.811   18.511    590.0    934.1
     1     1    14     1     7    11     0     0    23.0   56.934   19.369    609.0    931.3
     1     1    14     1     7    12     0     0    24.0   57.030   20.276    627.2    927.8
     1     1    14     1     7    13     0     0    25.0   57.122   21.203    644.5    923.6
     1     1    14     1     7    14     0     0    26.0   57.225   22.124    659.3    919.5
     1     1    14     1     7    15     0     0    27.0   57.331   23.041    672.5    916.8
     1     1    14     1     7    16     0     0    28.0   57.439   23.951    684.8    915.2
     1     1    14     1     7    17     0     0    29.0   57.547   24.852    696.7    913.6
     1     1    14     1     7    18     0     0    30.0   57.651   25.742    709.4    912.9
     1     1    14     1     7    19     0     0    31.0   57.762   26.619    722.7    912.8
     1     1    14     1     7    20     0     0    32.0   57.876   27.489    733.0    912.8
     1     1    14     1     7    21     0     0    33.0   57.985   28.361    738.7    912.6
     1     1    14     1     7    22     0     0    34.0   58.081   29.245    739.1    912.8
     1     1    14     1     7    23     0     0    35.0   58.155   30.156    733.1    912.9
     1     1    14     1     8     0     0     0    36.0   58.202   31.103    720.8    911.3
     1     1    14     1     8     1     0     0    37.0   58.242   32.069    709.9    910.6
     1     1    14     1     8     2     0     0    38.0   58.285   33.030    706.4    908.1
     1     1    14     1     8     3     0     0    39.0   58.322   33.980    711.0    904.4
     1     1    14     1     8     4     0     0    40.0   58.342   34.919    723.5    899.6
     1     1    14     1     8     5     0     0    41.0   58.340   35.843    744.3    896.2
     1     1    14     1     8     6     0     0    42.0   58.317   36.753    772.8    891.9
     1     1    14     1     8     7     0     0    43.0   58.279   37.649    805.7    887.6
     1     1    14     1     8     8     0     0    44.0   58.239   38.531    839.4    886.0
     1     1    14     1     8     9     0     0    45.0   58.194   39.398    873.2    884.3
     1     1    14     1     8    10     0     0    46.0   58.134   40.256    906.8    882.2
     1     1    14     1     8    11     0     0    47.0   58.055   41.110    940.5    879.5
     1     1    14     1     8    12     0     0    48.0   57.952   41.966    975.7    876.4
