     1     1
    CDC1    14     1     1     0     0
     1 FORWARD  OMEGA   
    14     1     8     0   50.000    5.000   500.0
     1 PRESSURE
     1     1    14     1     8     0     0     0     0.0   50.000    5.000    500.0    949.0
     1     1    14     1     8     1     0     0     1.0   50.295    5.523    476.4    948.0
     1     1    14     1     8     2     0     0     2.0   50.567    6.061    452.4    947.8
     1     1    14     1     8     3     0     0     3.0   50.818    6.613    428.7    948.2
     1     1    14     1     8     4     0     0     4.0   51.048    7.176    406.0    949.1
     1     1    14     1     8     5     0     0     5.0   51.259    7.748    384.0    950.7
     1     1    14     1     8     6     0     0     6.0   51.454    8.324    360.6    952.8
     1     1    14     1     8     7     0     0     7.0   51.639    8.904    335.8    956.0
     1     1    14     1     8     8     0     0     8.0   51.817    9.492    311.4    959.7
     1     1    14     1     8     9     0     0     9.0   51.988   10.094    287.8    964.0
     1     1    14     1     8    10     0     0    10.0   52.152   10.710    267.0    969.0
     1     1    14     1     8    11     0     0    11.0   52.309   11.342    249.7    973.5
     1     1    14     1     8    12     0     0    12.0   52.462   11.990    235.5    977.8
     1     1    14     1     8    13     0     0    13.0   52.610   12.629    222.8    979.9
     1     1    14     1     8    14     0     0    14.0   52.751   13.240    210.8    980.7
     1     1    14     1     8    15     0     0    15.0   52.887   13.834    200.4    981.7
     1     1    14     1     8    16     0     0    16.0   53.017   14.427    191.9    982.3
     1     1    14     1     8    17     0     0    17.0   53.139   15.029    185.4    982.8
     1     1    14     1     8    18     0     0    18.0   53.253   15.651    181.7    983.2
     1     1    14     1     8    19     0     0    19.0   53.358   16.278    181.7    982.6
     1     1    14     1     8    20     0     0    20.0   53.458   16.893    185.5    982.1
     1     1    14     1     8    21     0     0    21.0   53.549   17.500    193.2    981.5
     1     1    14     1     8    22     0     0    22.0   53.631   18.104    204.2    980.4
     1     1    14     1     8    23     0     0    23.0   53.702   18.712    217.6    978.8
     1     1    14     1     9     0     0     0    24.0   53.759   19.334    233.4    977.0
     1     1    14     1     9     1     0     0    25.0   53.805   19.970    251.9    974.5
     1     1    14     1     9     2     0     0    26.0   53.847   20.615    272.9    970.8
     1     1    14     1     9     3     0     0    27.0   53.881   21.274    295.5    967.2
     1     1    14     1     9     4     0     0    28.0   53.906   21.951    319.8    963.8
     1     1    14     1     9     5     0     0    29.0   53.918   22.651    345.9    960.1
     1     1    14     1     9     6     0     0    30.0   53.912   23.371    373.3    955.7
     1     1    14     1     9     7     0     0    31.0   53.888   24.093    398.9    950.5
     1     1    14     1     9     8     0     0    32.0   53.853   24.803    420.0    946.1
     1     1    14     1     9     9     0     0    33.0   53.806   25.494    436.7    943.1
     1     1    14     1     9    10     0     0    34.0   53.751   26.159    448.9    941.1
     1     1    14     1     9    11     0     0    35.0   53.686   26.794    455.9    940.0
     1     1    14     1     9    12     0     0    36.0   53.609   27.398    457.3    939.8
     1     1    14     1     9    13     0     0    37.0   53.537   27.967    455.6    939.8
     1     1    14     1     9    14     0     0    38.0   53.482   28.501    453.8    939.4
     1     1    14     1     9    15     0     0    39.0   53.440   29.005    450.9    939.3
     1     1    14     1     9    16     0     0    40.0   53.408   29.482    446.0    939.6
     1     1    14     1     9    17     0     0    41.0   53.383   29.935    438.3    940.4
     1     1    14     1     9    18     0     0    42.0   53.364   30.366    427.8    941.0
     1     1    14     1     9    19     0     0    43.0   53.363   30.785    417.2    941.2
     1     1    14     1     9    20     0     0    44.0   53.391   31.203    408.9    940.7
     1     1    14     1     9    21     0     0    45.0   53.448   31.620    402.4    940.1
     1     1    14     1     9    22     0     0    46.0   53.534   32.039    397.2    939.3
     1     1    14     1     9    23     0     0    47.0   53.651   32.460    392.9    938.4
     1     1    14     1    10     0     0     0    48.0   53.797   32.883    389.5    938.0
