     1     1
    CDC1    14     1     1     0     0
     1 FORWARD  OMEGA   
    14     1    15    18   50.000    5.000   500.0
     1 PRESSURE
     1     1    14     1    15    18     0     0     0.0   50.000    5.000    500.0    940.3
     1     1    14     1    15    19     0     0     1.0   50.363    5.345    493.4    937.7
     1     1    14     1    15    20     0     0     2.0   50.716    5.670    489.0    935.4
     1     1    14     1    15    21     0     0     3.0   51.057    5.976    485.7    933.7
     1     1    14     1    15    22     0     0     4.0   51.384    6.266    482.5    932.6
     1     1    14     1    15    23     0     0     5.0   51.697    6.540    478.8    932.2
     1     1    14     1    16     0     0     0     6.0   51.992    6.799    473.9    932.4
     1     1    14     1    16     1     0     0     7.0   52.281    7.043    468.3    933.2
     1     1    14     1    16     2     0     0     8.0   52.575    7.267    464.2    934.3
     1     1    14     1    16     3     0     0     9.0   52.876    7.454    463.7    935.5
     1     1    14     1    16     4     0     0    10.0   53.187    7.589    469.2    936.4
     1     1    14     1    16     5     0     0    11.0   53.508    7.671    482.6    936.3
     1     1    14     1    16     6     0     0    12.0   53.843    7.700    506.4    935.2
     1     1    14     1    16     7     0     0    13.0   54.187    7.675    539.2    932.5
     1     1    14     1    16     8     0     0    14.0   54.538    7.597    579.5    929.4
     1     1    14     1    16     9     0     0    15.0   54.894    7.476    628.6    925.6
     1     1    14     1    16    10     0     0    16.0   55.254    7.312    684.9    918.5
     1     1    14     1    16    11     0     0    17.0   55.615    7.106    745.1    911.0
     1     1    14     1    16    12     0     0    18.0   55.980    6.862    809.0    903.5
     1     1    14     1    16    13     0     0    19.0   56.366    6.567    878.0    896.1
     1     1    14     1    16    14     0     0    20.0   56.787    6.201    953.9    888.1
     1     1    14     1    16    15     0     0    21.0   57.249    5.768   1037.7    878.9
     1     1    14     1    16    16     0     0    22.0   57.752    5.286   1126.4    865.4
     1     1    14     1    16    17     0     0    23.0   58.287    4.797   1213.3    849.1
     1     1    14     1    16    18     0     0    24.0   58.836    4.319   1295.6    835.6
     1     1    14     1    16    19     0     0    25.0   59.373    3.859   1369.7    824.0
     1     1    14     1    16    20     0     0    26.0   59.882    3.413   1434.2    816.3
     1     1    14     1    16    21     0     0    27.0   60.365    2.975   1492.0    815.6
     1     1    14     1    16    22     0     0    28.0   60.828    2.548   1541.2    817.1
     1     1    14     1    16    23     0     0    29.0   61.273    2.141   1582.0    816.8
     1     1    14     1    17     0     0     0    30.0   61.701    1.759   1619.3    815.8
     1     1    14     1    17     1     0     0    31.0   62.116    1.391   1650.3    814.3
     1     1    14     1    17     2     0     0    32.0   62.520    1.019   1670.9    813.9
     1     1    14     1    17     3     0     0    33.0   62.907    0.639   1681.4    812.0
     1     1    14     1    17     4     0     0    34.0   63.275    0.247   1685.6    810.1
     1     1    14     1    17     5     0     0    35.0   63.620   -0.162   1687.4    803.3
     1     1    14     1    17     6     0     0    36.0   63.945   -0.579   1692.4    801.6
     1     1    14     1    17     7     0     0    37.0   64.256   -0.984   1695.7    800.8
     1     1    14     1    17     8     0     0    38.0   64.552   -1.381   1703.6    799.1
     1     1    14     1    17     9     0     0    39.0   64.833   -1.775   1714.5    797.1
     1     1    14     1    17    10     0     0    40.0   65.101   -2.176   1728.1    795.5
     1     1    14     1    17    11     0     0    41.0   65.358   -2.599   1744.5    794.9
     1     1    14     1    17    12     0     0    42.0   65.609   -3.056   1762.0    795.0
     1     1    14     1    17    13     0     0    43.0   65.861   -3.557   1775.9    795.6
     1     1    14     1    17    14     0     0    44.0   66.116   -4.103   1783.9    797.6
     1     1    14     1    17    15     0     0    45.0   66.372   -4.694   1788.3    800.3
     1     1    14     1    17    16     0     0    46.0   66.629   -5.330   1790.7    803.2
     1     1    14     1    17    17     0     0    47.0   66.887   -6.014   1793.0    805.8
     1     1    14     1    17    18     0     0    48.0   67.147   -6.745   1797.7    808.0
