     1     1
    CDC1    14     1     1     0     0
     1 FORWARD  OMEGA   
    14     1     5     0   50.000    5.000   500.0
     1 PRESSURE
     1     1    14     1     5     0     0     0     0.0   50.000    5.000    500.0    933.0
     1     1    14     1     5     1     0     0     1.0   50.068    5.536    471.8    932.8
     1     1    14     1     5     2     0     0     2.0   50.134    6.032    440.7    933.7
     1     1    14     1     5     3     0     0     3.0   50.193    6.500    406.9    935.5
     1     1    14     1     5     4     0     0     4.0   50.240    6.949    370.8    937.6
     1     1    14     1     5     5     0     0     5.0   50.271    7.387    333.6    939.5
     1     1    14     1     5     6     0     0     6.0   50.286    7.818    297.0    942.4
     1     1    14     1     5     7     0     0     7.0   50.302    8.234    265.4    945.8
     1     1    14     1     5     8     0     0     8.0   50.328    8.631    242.0    947.9
     1     1    14     1     5     9     0     0     9.0   50.357    9.023    225.4    949.2
     1     1    14     1     5    10     0     0    10.0   50.379    9.423    214.9    949.8
     1     1    14     1     5    11     0     0    11.0   50.387    9.842    210.0    949.3
     1     1    14     1     5    12     0     0    12.0   50.373   10.294    210.9    948.4
     1     1    14     1     5    13     0     0    13.0   50.354   10.752    212.3    946.9
     1     1    14     1     5    14     0     0    14.0   50.345   11.189    209.1    947.0
     1     1    14     1     5    15     0     0    15.0   50.342   11.608    201.6    948.0
     1     1    14     1     5    16     0     0    16.0   50.342   12.013    190.2    949.4
     1     1    14     1     5    17     0     0    17.0   50.341   12.406    175.3    951.1
     1     1    14     1     5    18     0     0    18.0   50.340   12.789    158.3    953.4
     1     1    14     1     5    19     0     0    19.0   50.344   13.160    141.9    955.3
     1     1    14     1     5    20     0     0    20.0   50.356   13.519    127.6    957.0
     1     1    14     1     5    21     0     0    21.0   50.370   13.869    115.0    958.8
     1     1    14     1     5    22     0     0    22.0   50.385   14.210    103.8    960.5
     1     1    14     1     5    23     0     0    23.0   50.396   14.544     93.5    962.3
     1     1    14     1     6     0     0     0    24.0   50.403   14.874     83.9    964.0
     1     1    14     1     6     1     0     0    25.0   50.417   15.185     74.9    966.0
     1     1    14     1     6     2     0     0    26.0   50.452   15.461     66.3    967.8
     1     1    14     1     6     3     0     0    27.0   50.510   15.697     57.8    969.8
     1     1    14     1     6     4     0     0    28.0   50.592   15.894     49.3    972.2
     1     1    14     1     6     5     0     0    29.0   50.701   16.050     40.8    974.9
     1     1    14     1     6     6     0     0    30.0   50.839   16.162     32.5    978.0
     1     1    14     1     6     7     0     0    31.0   51.000   16.249     24.7    981.0
     1     1    14     1     6     8     0     0    32.0   51.174   16.331     17.9    984.2
     1     1    14     1     6     9     0     0    33.0   51.362   16.408     12.2    987.6
     1     1    14     1     6    10     0     0    34.0   51.566   16.484      6.8    990.4
     1     1    14     1     6    11     0     0    35.0   51.786   16.561      1.1    993.1
     1     1    14     1     6    12     0     0    36.0   52.022   16.644      0.0    996.0
     1     1    14     1     6    13     0     0    37.0   52.267   16.730      0.0    999.0
     1     1    14     1     6    14     0     0    38.0   52.515   16.817      0.0   1001.7
     1     1    14     1     6    15     0     0    39.0   52.763   16.901      0.0   1001.4
     1     1    14     1     6    16     0     0    40.0   53.011   16.982      0.0   1001.0
     1     1    14     1     6    17     0     0    41.0   53.262   17.063      0.0   1000.7
     1     1    14     1     6    18     0     0    42.0   53.517   17.144      0.0   1000.4
     1     1    14     1     6    19     0     0    43.0   53.779   17.232      0.0   1000.3
     1     1    14     1     6    20     0     0    44.0   54.048   17.331      0.0   1000.3
     1     1    14     1     6    21     0     0    45.0   54.324   17.443      0.0   1000.3
     1     1    14     1     6    22     0     0    46.0   54.603   17.570      0.0   1000.2
     1     1    14     1     6    23     0     0    47.0   54.884   17.710      0.5   1000.2
     1     1    14     1     7     0     0     0    48.0   55.164   17.867      1.7   1000.6
