     1     1
    CDC1    14     1     1     0     0
     1 FORWARD  OMEGA   
    14     1    24     6   50.000    5.000   500.0
     1 PRESSURE
     1     1    14     1    24     6     0     0     0.0   50.000    5.000    500.0    948.1
     1     1    14     1    24     7     0     0     1.0   49.919    5.280    542.0    939.0
     1     1    14     1    24     8     0     0     2.0   49.853    5.512    576.1    931.9
     1     1    14     1    24     9     0     0     3.0   49.805    5.696    601.5    926.6
     1     1    14     1    24    10     0     0     4.0   49.776    5.831    618.2    923.2
     1     1    14     1    24    11     0     0     5.0   49.768    5.920    626.1    921.5
     1     1    14     1    24    12     0     0     6.0   49.784    5.962    625.9    921.8
     1     1    14     1    24    13     0     0     7.0   49.820    5.972    621.6    923.7
     1     1    14     1    24    14     0     0     8.0   49.872    5.963    617.1    925.8
     1     1    14     1    24    15     0     0     9.0   49.942    5.936    613.0    928.3
     1     1    14     1    24    16     0     0    10.0   50.033    5.894    609.5    930.6
     1     1    14     1    24    17     0     0    11.0   50.145    5.833    606.0    931.7
     1     1    14     1    24    18     0     0    12.0   50.277    5.751    602.4    933.0
     1     1    14     1    24    19     0     0    13.0   50.432    5.667    599.6    934.2
     1     1    14     1    24    20     0     0    14.0   50.608    5.596    597.5    935.1
     1     1    14     1    24    21     0     0    15.0   50.804    5.540    596.0    935.8
     1     1    14     1    24    22     0     0    16.0   51.019    5.498    594.8    936.3
     1     1    14     1    24    23     0     0    17.0   51.252    5.471    593.9    936.7
     1     1    14     1    25     0     0     0    18.0   51.502    5.459    593.0    936.9
     1     1    14     1    25     1     0     0    19.0   51.759    5.453    591.7    936.9
     1     1    14     1    25     2     0     0    20.0   52.011    5.450    590.1    936.9
     1     1    14     1    25     3     0     0    21.0   52.262    5.450    588.1    936.9
     1     1    14     1    25     4     0     0    22.0   52.512    5.454    585.8    937.0
     1     1    14     1    25     5     0     0    23.0   52.769    5.456    584.4    938.0
     1     1    14     1    25     6     0     0    24.0   53.041    5.453    585.0    938.7
     1     1    14     1    25     7     0     0    25.0   53.342    5.458    590.5    939.0
     1     1    14     1    25     8     0     0    26.0   53.689    5.481    604.7    938.2
     1     1    14     1    25     9     0     0    27.0   54.083    5.519    629.8    936.4
     1     1    14     1    25    10     0     0    28.0   54.527    5.568    668.6    932.7
     1     1    14     1    25    11     0     0    29.0   55.020    5.621    724.9    926.9
     1     1    14     1    25    12     0     0    30.0   55.560    5.681    799.9    917.5
     1     1    14     1    25    13     0     0    31.0   56.127    5.736    890.5    906.0
     1     1    14     1    25    14     0     0    32.0   56.705    5.770    992.2    893.3
     1     1    14     1    25    15     0     0    33.0   57.299    5.781   1101.6    879.7
     1     1    14     1    25    16     0     0    34.0   57.913    5.804   1206.4    859.0
     1     1    14     1    25    17     0     0    35.0   58.545    5.873   1295.1    836.8
     1     1    14     1    25    18     0     0    36.0   59.195    5.981   1360.2    816.5
     1     1    14     1    25    19     0     0    37.0   59.856    6.113   1399.2    799.6
     1     1    14     1    25    20     0     0    38.0   60.520    6.262   1424.7    796.8
     1     1    14     1    25    21     0     0    39.0   61.178    6.424   1438.3    798.3
     1     1    14     1    25    22     0     0    40.0   61.833    6.602   1442.2    800.4
     1     1    14     1    25    23     0     0    41.0   62.485    6.798   1439.0    802.9
     1     1    14     1    26     0     0     0    42.0   63.112    7.011   1435.1    811.3
     1     1    14     1    26     1     0     0    43.0   63.685    7.252   1427.3    819.6
     1     1    14     1    26     2     0     0    44.0   64.203    7.542   1415.1    828.3
     1     1    14     1    26     3     0     0    45.0   64.668    7.887   1400.1    835.7
     1     1    14     1    26     4     0     0    46.0   65.083    8.280   1384.3    840.8
     1     1    14     1    26     5     0     0    47.0   65.453    8.686   1369.0    841.7
     1     1    14     1    26     6     0     0    48.0   65.785    9.065   1358.7    842.4
