     1     1
    CDC1    14     1     1     0     0
     1 FORWARD  OMEGA   
    14     1    22    12   50.000    5.000   500.0
     1 PRESSURE
     1     1    14     1    22    12     0     0     0.0   50.000    5.000    500.0    945.8
     1     1    14     1    22    13     0     0     1.0   50.186    5.130    467.7    948.6
     1     1    14     1    22    14     0     0     2.0   50.362    5.242    439.4    951.2
     1     1    14     1    22    15     0     0     3.0   50.528    5.336    414.5    953.6
     1     1    14     1    22    16     0     0     4.0   50.688    5.412    392.7    956.0
     1     1    14     1    22    17     0     0     5.0   50.841    5.471    373.3    957.9
     1     1    14     1    22    18     0     0     6.0   50.988    5.512    356.1    959.6
     1     1    14     1    22    19     0     0     7.0   51.134    5.535    341.8    961.2
     1     1    14     1    22    20     0     0     8.0   51.281    5.541    331.7    962.4
     1     1    14     1    22    21     0     0     9.0   51.428    5.533    325.4    963.2
     1     1    14     1    22    22     0     0    10.0   51.574    5.513    323.0    963.6
     1     1    14     1    22    23     0     0    11.0   51.719    5.484    324.4    963.6
     1     1    14     1    23     0     0     0    12.0   51.862    5.449    329.5    963.2
     1     1    14     1    23     1     0     0    13.0   52.007    5.418    334.0    962.2
     1     1    14     1    23     2     0     0    14.0   52.160    5.400    333.4    962.2
     1     1    14     1    23     3     0     0    15.0   52.322    5.394    327.2    962.8
     1     1    14     1    23     4     0     0    16.0   52.493    5.396    315.2    964.0
     1     1    14     1    23     5     0     0    17.0   52.678    5.400    298.1    966.6
     1     1    14     1    23     6     0     0    18.0   52.877    5.395    277.3    969.8
     1     1    14     1    23     7     0     0    19.0   53.087    5.376    258.5    973.1
     1     1    14     1    23     8     0     0    20.0   53.304    5.344    247.2    974.7
     1     1    14     1    23     9     0     0    21.0   53.528    5.300    243.0    975.5
     1     1    14     1    23    10     0     0    22.0   53.758    5.246    245.8    975.4
     1     1    14     1    23    11     0     0    23.0   53.991    5.186    255.4    974.3
     1     1    14     1    23    12     0     0    24.0   54.228    5.121    271.8    972.4
     1     1    14     1    23    13     0     0    25.0   54.458    5.038    292.9    969.9
     1     1    14     1    23    14     0     0    26.0   54.670    4.923    316.1    967.4
     1     1    14     1    23    15     0     0    27.0   54.863    4.781    341.0    964.7
     1     1    14     1    23    16     0     0    28.0   55.035    4.613    367.2    961.9
     1     1    14     1    23    17     0     0    29.0   55.189    4.428    394.7    958.6
     1     1    14     1    23    18     0     0    30.0   55.326    4.229    423.5    954.8
     1     1    14     1    23    19     0     0    31.0   55.446    4.029    452.2    951.5
     1     1    14     1    23    20     0     0    32.0   55.549    3.835    478.9    948.7
     1     1    14     1    23    21     0     0    33.0   55.636    3.645    502.6    946.3
     1     1    14     1    23    22     0     0    34.0   55.704    3.457    522.1    944.4
     1     1    14     1    23    23     0     0    35.0   55.753    3.269    536.9    943.1
     1     1    14     1    24     0     0     0    36.0   55.783    3.078    546.4    942.4
     1     1    14     1    24     1     0     0    37.0   55.815    2.877    552.4    942.2
     1     1    14     1    24     2     0     0    38.0   55.878    2.654    556.9    942.0
     1     1    14     1    24     3     0     0    39.0   55.979    2.407    560.0    941.9
     1     1    14     1    24     4     0     0    40.0   56.127    2.132    561.7    941.8
     1     1    14     1    24     5     0     0    41.0   56.332    1.824    562.2    941.9
     1     1    14     1    24     6     0     0    42.0   56.607    1.479    561.7    942.0
     1     1    14     1    24     7     0     0    43.0   56.956    1.104    558.9    942.1
     1     1    14     1    24     8     0     0    44.0   57.382    0.710    552.0    942.6
     1     1    14     1    24     9     0     0    45.0   57.887    0.311    543.4    943.3
     1     1    14     1    24    10     0     0    46.0   58.482    0.034    546.1    944.6
     1     1    14     1    24    11     0     0    47.0   59.143   -0.254    554.9    936.4
     1     1    14     1    24    12     0     0    48.0   59.896   -0.473    587.1    934.5
