     1     1
    CDC1    14     1     1     0     0
     1 FORWARD  OMEGA   
    14     1    14     6   50.000    5.000   500.0
     1 PRESSURE
     1     1    14     1    14     6     0     0     0.0   50.000    5.000    500.0    937.8
     1     1    14     1    14     7     0     0     1.0   50.065    5.182    494.5    937.3
     1     1    14     1    14     8     0     0     2.0   50.123    5.348    489.0    936.9
     1     1    14     1    14     9     0     0     3.0   50.174    5.502    483.5    936.6
     1     1    14     1    14    10     0     0     4.0   50.220    5.644    478.0    936.3
     1     1    14     1    14    11     0     0     5.0   50.259    5.776    472.3    936.1
     1     1    14     1    14    12     0     0     6.0   50.293    5.901    466.6    936.0
     1     1    14     1    14    13     0     0     7.0   50.323    6.032    461.6    936.4
     1     1    14     1    14    14     0     0     8.0   50.349    6.180    458.0    936.4
     1     1    14     1    14    15     0     0     9.0   50.369    6.345    455.9    936.2
     1     1    14     1    14    16     0     0    10.0   50.381    6.526    455.4    935.6
     1     1    14     1    14    17     0     0    11.0   50.382    6.721    456.6    934.6
     1     1    14     1    14    18     0     0    12.0   50.370    6.931    459.6    933.3
     1     1    14     1    14    19     0     0    13.0   50.353    7.153    464.3    931.6
     1     1    14     1    14    20     0     0    14.0   50.343    7.387    469.7    929.7
     1     1    14     1    14    21     0     0    15.0   50.339    7.634    476.0    927.9
     1     1    14     1    14    22     0     0    16.0   50.341    7.896    483.3    926.3
     1     1    14     1    14    23     0     0    17.0   50.348    8.175    491.6    924.5
     1     1    14     1    15     0     0     0    18.0   50.357    8.474    501.1    922.5
     1     1    14     1    15     1     0     0    19.0   50.374    8.785    509.9    920.1
     1     1    14     1    15     2     0     0    20.0   50.400    9.101    515.7    918.3
     1     1    14     1    15     3     0     0    21.0   50.434    9.422    517.8    917.0
     1     1    14     1    15     4     0     0    22.0   50.474    9.748    515.5    916.4
     1     1    14     1    15     5     0     0    23.0   50.518   10.080    508.2    916.5
     1     1    14     1    15     6     0     0    24.0   50.562   10.420    495.6    917.8
     1     1    14     1    15     7     0     0    25.0   50.605   10.755    480.1    919.7
     1     1    14     1    15     8     0     0    26.0   50.645   11.073    464.1    921.6
     1     1    14     1    15     9     0     0    27.0   50.684   11.374    447.8    923.6
     1     1    14     1    15    10     0     0    28.0   50.721   11.656    431.2    925.8
     1     1    14     1    15    11     0     0    29.0   50.758   11.921    414.5    928.2
     1     1    14     1    15    12     0     0    30.0   50.796   12.166    397.7    930.8
     1     1    14     1    15    13     0     0    31.0   50.841   12.391    379.6    933.2
     1     1    14     1    15    14     0     0    32.0   50.902   12.589    359.4    936.0
     1     1    14     1    15    15     0     0    33.0   50.981   12.758    338.1    939.2
     1     1    14     1    15    16     0     0    34.0   51.079   12.896    315.9    942.9
     1     1    14     1    15    17     0     0    35.0   51.196   13.000    293.3    947.0
     1     1    14     1    15    18     0     0    36.0   51.334   13.066    270.4    951.7
     1     1    14     1    15    19     0     0    37.0   51.486   13.104    248.3    956.5
     1     1    14     1    15    20     0     0    38.0   51.642   13.124    228.2    961.1
     1     1    14     1    15    21     0     0    39.0   51.799   13.123    210.0    965.6
     1     1    14     1    15    22     0     0    40.0   51.959   13.100    193.6    969.6
     1     1    14     1    15    23     0     0    41.0   52.118   13.055    179.3    973.1
     1     1    14     1    16     0     0     0    42.0   52.277   12.987    167.2    976.4
     1     1    14     1    16     1     0     0    43.0   52.437   12.890    157.8    979.3
     1     1    14     1    16     2     0     0    44.0   52.603   12.757    151.4    980.4
     1     1    14     1    16     3     0     0    45.0   52.778   12.590    147.7    980.2
     1     1    14     1    16     4     0     0    46.0   52.963   12.390    146.5    979.7
     1     1    14     1    16     5     0     0    47.0   53.158   12.161    147.8    979.0
     1     1    14     1    16     6     0     0    48.0   53.363   11.904    152.2    978.2
