     1     1
    CDC1    14     1     1     0     0
     1 FORWARD  OMEGA   
    14     1    10     0   50.000    5.000   500.0
     1 PRESSURE
     1     1    14     1    10     0     0     0     0.0   50.000    5.000    500.0    950.0
     1     1    14     1    10     1     0     0     1.0   50.003    5.533    515.4    944.2
     1     1    14     1    10     2     0     0     2.0   50.011    6.082    528.6    938.7
     1     1    14     1    10     3     0     0     3.0   50.021    6.644    539.9    933.6
     1     1    14     1    10     4     0     0     4.0   50.032    7.217    549.7    928.6
     1     1    14     1    10     5     0     0     5.0   50.042    7.801    557.9    924.2
     1     1    14     1    10     6     0     0     6.0   50.049    8.393    563.8    920.3
     1     1    14     1    10     7     0     0     7.0   50.054    8.993    565.7    916.6
     1     1    14     1    10     8     0     0     8.0   50.058    9.604    563.1    913.6
     1     1    14     1    10     9     0     0     9.0   50.063   10.225    555.5    911.9
     1     1    14     1    10    10     0     0    10.0   50.070   10.860    542.6    911.8
     1     1    14     1    10    11     0     0    11.0   50.081   11.511    524.2    912.4
     1     1    14     1    10    12     0     0    12.0   50.097   12.184    500.4    913.6
     1     1    14     1    10    13     0     0    13.0   50.110   12.875    475.0    916.1
     1     1    14     1    10    14     0     0    14.0   50.111   13.578    451.6    918.6
     1     1    14     1    10    15     0     0    15.0   50.101   14.291    431.4    920.7
     1     1    14     1    10    16     0     0    16.0   50.083   15.019    415.5    922.2
     1     1    14     1    10    17     0     0    17.0   50.058   15.755    404.8    924.0
     1     1    14     1    10    18     0     0    18.0   50.030   16.496    399.9    925.1
     1     1    14     1    10    19     0     0    19.0   49.993   17.240    398.2    925.5
     1     1    14     1    10    20     0     0    20.0   49.944   17.976    395.7    926.4
     1     1    14     1    10    21     0     0    21.0   49.880   18.699    390.8    927.6
     1     1    14     1    10    22     0     0    22.0   49.806   19.407    383.4    929.6
     1     1    14     1    10    23     0     0    23.0   49.725   20.098    373.8    931.7
     1     1    14     1    11     0     0     0    24.0   49.635   20.777    361.0    931.8
     1     1    14     1    11     1     0     0    25.0   49.543   21.439    345.4    932.1
     1     1    14     1    11     2     0     0    26.0   49.457   22.079    328.1    932.3
     1     1    14     1    11     3     0     0    27.0   49.380   22.698    310.2    932.9
     1     1    14     1    11     4     0     0    28.0   49.310   23.300    292.2    934.0
     1     1    14     1    11     5     0     0    29.0   49.248   23.889    274.3    934.9
     1     1    14     1    11     6     0     0    30.0   49.195   24.473    257.1    935.6
     1     1    14     1    11     7     0     0    31.0   49.144   25.057    240.4    936.8
     1     1    14     1    11     8     0     0    32.0   49.091   25.636    225.1    942.6
     1     1    14     1    11     9     0     0    33.0   49.038   26.206    211.7    948.0
     1     1    14     1    11    10     0     0    34.0   48.983   26.767    200.1    953.3
     1     1    14     1    11    11     0     0    35.0   48.924   27.321    190.2    957.9
     1     1    14     1    11    12     0     0    36.0   48.860   27.866    181.4    962.5
     1     1    14     1    11    13     0     0    37.0   48.799   28.388    172.3    967.0
     1     1    14     1    11    14     0     0    38.0   48.747   28.876    162.3    971.7
     1     1    14     1    11    15     0     0    39.0   48.704   29.333    151.5    976.5
     1     1    14     1    11    16     0     0    40.0   48.669   29.761    140.1    981.4
     1     1    14     1    11    17     0     0    41.0   48.643   30.160    128.4    984.9
     1     1    14     1    11    18     0     0    42.0   48.624   30.535    116.9    986.7
     1     1    14     1    11    19     0     0    43.0   48.616   30.890    105.5    988.1
     1     1    14     1    11    20     0     0    44.0   48.624   31.229     93.8    989.6
     1     1    14     1    11    21     0     0    45.0   48.646   31.549     82.2    991.3
     1     1    14     1    11    22     0     0    46.0   48.683   31.847     71.0    992.7
     1     1    14     1    11    23     0     0    47.0   48.733   32.119     60.6    993.6
     1     1    14     1    12     0     0     0    48.0   48.798   32.364     51.4    994.2
