     1     1
    CDC1    14     1     1     0     0
     1 FORWARD  OMEGA   
    14     1    25    18   50.000    5.000   500.0
     1 PRESSURE
     1     1    14     1    25    18     0     0     0.0   50.000    5.000    500.0    944.8
     1     1    14     1    25    19     0     0     1.0   50.134    5.617    524.4    938.0
     1     1    14     1    25    20     0     0     2.0   50.233    6.208    559.5    929.3
     1     1    14     1    25    21     0     0     3.0   50.300    6.792    605.1    919.4
     1     1    14     1    25    22     0     0     4.0   50.336    7.381    662.0    907.6
     1     1    14     1    25    23     0     0     5.0   50.339    7.981    729.7    895.0
     1     1    14     1    26     0     0     0     6.0   50.312    8.605    806.8    882.1
     1     1    14     1    26     1     0     0     7.0   50.260    9.211    891.4    870.1
     1     1    14     1    26     2     0     0     8.0   50.175    9.760    978.3    857.0
     1     1    14     1    26     3     0     0     9.0   50.050   10.260   1064.2    844.0
     1     1    14     1    26     4     0     0    10.0   49.880   10.717   1142.4    830.3
     1     1    14     1    26     5     0     0    11.0   49.663   11.134   1208.1    816.1
     1     1    14     1    26     6     0     0    12.0   49.398   11.521   1259.6    802.5
     1     1    14     1    26     7     0     0    13.0   49.110   11.906   1292.2    790.5
     1     1    14     1    26     8     0     0    14.0   48.827   12.297   1301.7    782.1
     1     1    14     1    26     9     0     0    15.0   48.549   12.681   1289.9    777.9
     1     1    14     1    26    10     0     0    16.0   48.279   13.047   1259.2    777.9
     1     1    14     1    26    11     0     0    17.0   48.018   13.386   1210.9    780.4
     1     1    14     1    26    12     0     0    18.0   47.762   13.695   1146.9    785.0
     1     1    14     1    26    13     0     0    19.0   47.516   13.978   1077.8    791.3
     1     1    14     1    26    14     0     0    20.0   47.287   14.226   1016.8    803.3
     1     1    14     1    26    15     0     0    21.0   47.069   14.423    958.3    814.9
     1     1    14     1    26    16     0     0    22.0   46.853   14.560    899.6    825.8
     1     1    14     1    26    17     0     0    23.0   46.634   14.626    839.4    835.6
     1     1    14     1    26    18     0     0    24.0   46.409   14.613    777.3    845.2
     1     1    14     1    26    19     0     0    25.0   46.205   14.551    718.8    854.3
     1     1    14     1    26    20     0     0    26.0   46.049   14.482    669.4    861.2
     1     1    14     1    26    21     0     0    27.0   45.943   14.418    630.1    866.5
     1     1    14     1    26    22     0     0    28.0   45.886   14.370    601.6    869.6
     1     1    14     1    26    23     0     0    29.0   45.878   14.344    583.7    870.9
     1     1    14     1    27     0     0     0    30.0   45.920   14.348    575.8    870.7
     1     1    14     1    27     1     0     0    31.0   45.989   14.383    572.6    869.1
     1     1    14     1    27     2     0     0    32.0   46.062   14.443    569.9    868.1
     1     1    14     1    27     3     0     0    33.0   46.137   14.530    567.3    867.4
     1     1    14     1    27     4     0     0    34.0   46.215   14.642    564.6    866.9
     1     1    14     1    27     5     0     0    35.0   46.297   14.777    561.8    866.7
     1     1    14     1    27     6     0     0    36.0   46.385   14.937    558.9    866.8
     1     1    14     1    27     7     0     0    37.0   46.470   15.112    557.6    868.1
     1     1    14     1    27     8     0     0    38.0   46.541   15.292    560.1    869.3
     1     1    14     1    27     9     0     0    39.0   46.597   15.480    567.1    870.3
     1     1    14     1    27    10     0     0    40.0   46.636   15.675    579.0    871.3
     1     1    14     1    27    11     0     0    41.0   46.659   15.878    596.1    872.0
     1     1    14     1    27    12     0     0    42.0   46.664   16.089    619.2    872.5
     1     1    14     1    27    13     0     0    43.0   46.654   16.282    644.1    871.5
     1     1    14     1    27    14     0     0    44.0   46.633   16.429    666.5    870.9
     1     1    14     1    27    15     0     0    45.0   46.601   16.532    686.7    870.0
     1     1    14     1    27    16     0     0    46.0   46.557   16.591    704.9    868.8
     1     1    14     1    27    17     0     0    47.0   46.503   16.606    721.4    867.4
     1     1    14     1    27    18     0     0    48.0   46.438   16.577    736.6    865.7
