     1     1
    CDC1    14     1     1     0     0
     1 FORWARD  OMEGA   
    14     1    14    12   50.000    5.000   500.0
     1 PRESSURE
     1     1    14     1    14    12     0     0     0.0   50.000    5.000    500.0    938.2
     1     1    14     1    14    13     0     0     1.0   50.006    5.188    492.4    938.5
     1     1    14     1    14    14     0     0     2.0   50.014    5.396    487.1    938.3
     1     1    14     1    14    15     0     0     3.0   50.021    5.621    483.9    937.6
     1     1    14     1    14    16     0     0     4.0   50.024    5.863    483.1    936.5
     1     1    14     1    14    17     0     0     5.0   50.017    6.121    484.7    934.9
     1     1    14     1    14    18     0     0     6.0   49.997    6.394    489.1    932.8
     1     1    14     1    14    19     0     0     7.0   49.973    6.674    495.5    929.6
     1     1    14     1    14    20     0     0     8.0   49.956    6.957    502.5    926.5
     1     1    14     1    14    21     0     0     9.0   49.944    7.246    510.2    923.5
     1     1    14     1    14    22     0     0    10.0   49.937    7.544    518.2    920.5
     1     1    14     1    14    23     0     0    11.0   49.934    7.856    526.9    918.2
     1     1    14     1    15     0     0     0    12.0   49.937    8.184    536.5    915.9
     1     1    14     1    15     1     0     0    13.0   49.947    8.523    545.2    913.3
     1     1    14     1    15     2     0     0    14.0   49.969    8.867    550.8    911.5
     1     1    14     1    15     3     0     0    15.0   50.001    9.216    552.4    910.5
     1     1    14     1    15     4     0     0    16.0   50.039    9.570    549.0    909.4
     1     1    14     1    15     5     0     0    17.0   50.081    9.928    539.5    909.0
     1     1    14     1    15     6     0     0    18.0   50.124   10.291    523.8    910.2
     1     1    14     1    15     7     0     0    19.0   50.166   10.651    505.0    912.2
     1     1    14     1    15     8     0     0    20.0   50.205   10.997    486.5    914.0
     1     1    14     1    15     9     0     0    21.0   50.241   11.329    468.4    915.9
     1     1    14     1    15    10     0     0    22.0   50.275   11.646    450.9    917.8
     1     1    14     1    15    11     0     0    23.0   50.308   11.947    434.1    919.9
     1     1    14     1    15    12     0     0    24.0   50.340   12.232    418.1    922.0
     1     1    14     1    15    13     0     0    25.0   50.378   12.497    400.8    923.9
     1     1    14     1    15    14     0     0    26.0   50.428   12.739    380.7    927.0
     1     1    14     1    15    15     0     0    27.0   50.492   12.955    358.7    930.0
     1     1    14     1    15    16     0     0    28.0   50.572   13.142    335.2    933.4
     1     1    14     1    15    17     0     0    29.0   50.669   13.297    310.6    937.4
     1     1    14     1    15    18     0     0    30.0   50.783   13.417    285.2    941.8
     1     1    14     1    15    19     0     0    31.0   50.911   13.511    260.6    946.5
     1     1    14     1    15    20     0     0    32.0   51.046   13.590    237.9    951.1
     1     1    14     1    15    21     0     0    33.0   51.186   13.651    217.0    955.7
     1     1    14     1    15    22     0     0    34.0   51.331   13.691    197.8    960.3
     1     1    14     1    15    23     0     0    35.0   51.481   13.710    180.2    964.0
     1     1    14     1    16     0     0     0    36.0   51.634   13.707    163.9    967.8
     1     1    14     1    16     1     0     0    37.0   51.791   13.674    149.8    971.3
     1     1    14     1    16     2     0     0    38.0   51.953   13.602    138.5    974.5
     1     1    14     1    16     3     0     0    39.0   52.119   13.493    130.1    977.5
     1     1    14     1    16     4     0     0    40.0   52.289   13.345    124.5    980.1
     1     1    14     1    16     5     0     0    41.0   52.465   13.162    121.7    982.5
     1     1    14     1    16     6     0     0    42.0   52.648   12.945    121.3    982.4
     1     1    14     1    16     7     0     0    43.0   52.839   12.705    122.2    981.8
     1     1    14     1    16     8     0     0    44.0   53.033   12.445    122.9    981.4
     1     1    14     1    16     9     0     0    45.0   53.230   12.163    123.8    980.9
     1     1    14     1    16    10     0     0    46.0   53.430   11.856    124.9    980.5
     1     1    14     1    16    11     0     0    47.0   53.635   11.520    126.4    980.1
     1     1    14     1    16    12     0     0    48.0   53.846   11.152    128.0    979.7
