     1     1
    CDC1    14     1     1     0     0
     1 FORWARD  OMEGA   
    14     1     2     6   50.000    5.000   500.0
     1 PRESSURE
     1     1    14     1     2     6     0     0     0.0   50.000    5.000    500.0    930.7
     1     1    14     1     2     7     0     0     1.0   50.363    5.472    486.7    929.4
     1     1    14     1     2     8     0     0     2.0   50.718    5.942    470.8    929.4
     1     1    14     1     2     9     0     0     3.0   51.064    6.407    454.2    930.1
     1     1    14     1     2    10     0     0     4.0   51.403    6.865    438.2    931.4
     1     1    14     1     2    11     0     0     5.0   51.738    7.312    424.6    932.9
     1     1    14     1     2    12     0     0     6.0   52.067    7.748    414.6    935.3
     1     1    14     1     2    13     0     0     7.0   52.390    8.180    408.1    938.8
     1     1    14     1     2    14     0     0     8.0   52.703    8.618    403.8    941.9
     1     1    14     1     2    15     0     0     9.0   53.006    9.064    402.7    943.8
     1     1    14     1     2    16     0     0    10.0   53.296    9.521    405.0    944.7
     1     1    14     1     2    17     0     0    11.0   53.570    9.993    411.1    944.5
     1     1    14     1     2    18     0     0    12.0   53.828   10.476    420.6    943.5
     1     1    14     1     2    19     0     0    13.0   54.075   10.953    432.1    942.4
     1     1    14     1     2    20     0     0    14.0   54.314   11.414    444.2    941.2
     1     1    14     1     2    21     0     0    15.0   54.537   11.878    456.9    939.6
     1     1    14     1     2    22     0     0    16.0   54.740   12.359    470.2    937.8
     1     1    14     1     2    23     0     0    17.0   54.918   12.864    484.1    936.2
     1     1    14     1     3     0     0     0    18.0   55.073   13.388    498.4    935.2
     1     1    14     1     3     1     0     0    19.0   55.230   13.890    514.2    934.4
     1     1    14     1     3     2     0     0    20.0   55.408   14.338    532.0    933.4
     1     1    14     1     3     3     0     0    21.0   55.602   14.742    551.0    932.4
     1     1    14     1     3     4     0     0    22.0   55.805   15.112    569.9    931.6
     1     1    14     1     3     5     0     0    23.0   56.017   15.452    587.8    931.1
     1     1    14     1     3     6     0     0    24.0   56.233   15.769    603.6    930.7
     1     1    14     1     3     7     0     0    25.0   56.456   16.064    621.2    930.3
     1     1    14     1     3     8     0     0    26.0   56.687   16.331    644.5    928.8
     1     1    14     1     3     9     0     0    27.0   56.925   16.571    673.8    926.3
     1     1    14     1     3    10     0     0    28.0   57.168   16.785    709.2    923.1
     1     1    14     1     3    11     0     0    29.0   57.413   16.976    751.1    919.2
     1     1    14     1     3    12     0     0    30.0   57.663   17.147    798.2    913.9
     1     1    14     1     3    13     0     0    31.0   57.924   17.307    847.4    907.8
     1     1    14     1     3    14     0     0    32.0   58.203   17.463    895.8    902.6
     1     1    14     1     3    15     0     0    33.0   58.504   17.612    943.8    897.2
     1     1    14     1     3    16     0     0    34.0   58.825   17.752    991.9    891.3
     1     1    14     1     3    17     0     0    35.0   59.168   17.878   1040.5    885.6
     1     1    14     1     3    18     0     0    36.0   59.533   17.990   1089.9    880.0
     1     1    14     1     3    19     0     0    37.0   59.916   18.086   1139.1    874.1
     1     1    14     1     3    20     0     0    38.0   60.314   18.183   1185.0    866.2
     1     1    14     1     3    21     0     0    39.0   60.729   18.295   1224.2    858.9
     1     1    14     1     3    22     0     0    40.0   61.157   18.425   1256.5    852.8
     1     1    14     1     3    23     0     0    41.0   61.594   18.575   1282.2    847.8
     1     1    14     1     4     0     0     0    42.0   62.035   18.744   1301.7    843.9
     1     1    14     1     4     1     0     0    43.0   62.481   18.924   1315.8    840.9
     1     1    14     1     4     2     0     0    44.0   62.926   19.117   1324.8    836.0
     1     1    14     1     4     3     0     0    45.0   63.366   19.344   1330.5    831.7
     1     1    14     1     4     4     0     0    46.0   63.805   19.613   1333.3    828.2
     1     1    14     1     4     5     0     0    47.0   64.245   19.938   1333.7    825.5
     1     1    14     1     4     6     0     0    48.0   64.689   20.329   1331.9    823.4
