     1     1
    CDC1    14     1     1     0     0
     1 FORWARD  OMEGA   
    14     1    13     0   50.000    5.000   500.0
     1 PRESSURE
     1     1    14     1    13     0     0     0     0.0   50.000    5.000    500.0    947.5
     1     1    14     1    13     1     0     0     1.0   50.353    5.368    522.4    941.7
     1     1    14     1    13     2     0     0     2.0   50.685    5.766    546.7    936.2
     1     1    14     1    13     3     0     0     3.0   50.996    6.201    574.3    930.8
     1     1    14     1    13     4     0     0     4.0   51.287    6.679    607.5    925.2
     1     1    14     1    13     5     0     0     5.0   51.560    7.200    648.8    918.8
     1     1    14     1    13     6     0     0     6.0   51.816    7.758    700.1    911.7
     1     1    14     1    13     7     0     0     7.0   52.051    8.317    752.4    905.8
     1     1    14     1    13     8     0     0     8.0   52.263    8.846    795.1    902.7
     1     1    14     1    13     9     0     0     9.0   52.461    9.349    829.0    900.8
     1     1    14     1    13    10     0     0    10.0   52.650    9.821    855.3    899.0
     1     1    14     1    13    11     0     0    11.0   52.836   10.258    876.3    897.2
     1     1    14     1    13    12     0     0    12.0   53.026   10.664    894.2    895.7
     1     1    14     1    13    13     0     0    13.0   53.216   11.033    912.0    894.2
     1     1    14     1    13    14     0     0    14.0   53.398   11.363    930.7    892.3
     1     1    14     1    13    15     0     0    15.0   53.571   11.663    949.8    889.7
     1     1    14     1    13    16     0     0    16.0   53.729   11.941    968.6    887.1
     1     1    14     1    13    17     0     0    17.0   53.872   12.201    985.9    884.5
     1     1    14     1    13    18     0     0    18.0   53.998   12.450   1000.9    882.0
     1     1    14     1    13    19     0     0    19.0   54.115   12.689   1015.5    880.6
     1     1    14     1    13    20     0     0    20.0   54.234   12.920   1031.4    878.9
     1     1    14     1    13    21     0     0    21.0   54.351   13.148   1048.9    877.0
     1     1    14     1    13    22     0     0    22.0   54.467   13.376   1068.2    874.9
     1     1    14     1    13    23     0     0    23.0   54.578   13.607   1089.4    872.6
     1     1    14     1    14     0     0     0    24.0   54.682   13.844   1112.8    870.1
     1     1    14     1    14     1     0     0    25.0   54.782   14.064   1134.5    867.0
     1     1    14     1    14     2     0     0    26.0   54.880   14.244   1150.2    864.9
     1     1    14     1    14     3     0     0    27.0   54.977   14.382   1159.7    863.5
     1     1    14     1    14     4     0     0    28.0   55.072   14.478   1162.9    863.2
     1     1    14     1    14     5     0     0    29.0   55.166   14.528   1160.0    863.6
     1     1    14     1    14     6     0     0    30.0   55.260   14.531   1151.2    864.8
     1     1    14     1    14     7     0     0    31.0   55.352   14.497   1141.1    866.8
     1     1    14     1    14     8     0     0    32.0   55.435   14.438   1132.9    868.2
     1     1    14     1    14     9     0     0    33.0   55.509   14.358   1126.5    869.3
     1     1    14     1    14    10     0     0    34.0   55.575   14.255   1121.6    870.3
     1     1    14     1    14    11     0     0    35.0   55.631   14.133   1117.8    871.1
     1     1    14     1    14    12     0     0    36.0   55.677   13.992   1115.0    871.7
     1     1    14     1    14    13     0     0    37.0   55.714   13.828   1110.8    872.2
     1     1    14     1    14    14     0     0    38.0   55.745   13.637   1102.3    873.5
     1     1    14     1    14    15     0     0    39.0   55.770   13.418   1089.8    875.1
     1     1    14     1    14    16     0     0    40.0   55.791   13.171   1073.0    877.3
     1     1    14     1    14    17     0     0    41.0   55.808   12.894   1052.0    879.9
     1     1    14     1    14    18     0     0    42.0   55.823   12.586   1026.7    883.1
     1     1    14     1    14    19     0     0    43.0   55.845   12.271   1001.4    886.9
     1     1    14     1    14    20     0     0    44.0   55.884   11.977    980.2    889.8
     1     1    14     1    14    21     0     0    45.0   55.943   11.706    962.8    892.3
     1     1    14     1    14    22     0     0    46.0   56.022   11.459    949.0    894.3
     1     1    14     1    14    23     0     0    47.0   56.122   11.236    938.9    895.8
     1     1    14     1    15     0     0     0    48.0   56.246   11.037    932.3    896.8
