     1     1
    CDC1    14     1     1     0     0
     1 FORWARD  OMEGA   
    14     1    26    12   50.000    5.000   500.0
     1 PRESSURE
     1     1    14     1    26    12     0     0     0.0   50.000    5.000    500.0    942.6
     1     1    14     1    26    13     0     0     1.0   50.319    5.409    505.0    936.6
     1     1    14     1    26    14     0     0     2.0   50.632    5.810    515.9    930.5
     1     1    14     1    26    15     0     0     3.0   50.947    6.198    532.4    924.8
     1     1    14     1    26    16     0     0     4.0   51.271    6.570    553.9    919.5
     1     1    14     1    26    17     0     0     5.0   51.611    6.926    579.9    914.6
     1     1    14     1    26    18     0     0     6.0   51.973    7.265    609.7    910.2
     1     1    14     1    26    19     0     0     7.0   52.334    7.573    640.1    906.1
     1     1    14     1    26    20     0     0     8.0   52.672    7.825    671.0    903.2
     1     1    14     1    26    21     0     0     9.0   52.990    8.002    703.7    900.1
     1     1    14     1    26    22     0     0    10.0   53.293    8.106    740.0    896.2
     1     1    14     1    26    23     0     0    11.0   53.583    8.150    780.6    891.7
     1     1    14     1    27     0     0     0    12.0   53.861    8.143    825.9    886.5
     1     1    14     1    27     1     0     0    13.0   54.115    8.114    877.8    881.9
     1     1    14     1    27     2     0     0    14.0   54.338    8.086    938.5    876.0
     1     1    14     1    27     3     0     0    15.0   54.532    8.063   1006.4    868.3
     1     1    14     1    27     4     0     0    16.0   54.701    8.048   1080.6    860.1
     1     1    14     1    27     5     0     0    17.0   54.847    8.044   1160.2    851.4
     1     1    14     1    27     6     0     0    18.0   54.975    8.053   1244.4    842.5
     1     1    14     1    27     7     0     0    19.0   55.107    8.063   1325.7    834.1
     1     1    14     1    27     8     0     0    20.0   55.268    8.049   1393.4    827.4
     1     1    14     1    27     9     0     0    21.0   55.456    8.006   1448.8    822.3
     1     1    14     1    27    10     0     0    22.0   55.669    7.934   1492.6    818.5
     1     1    14     1    27    11     0     0    23.0   55.906    7.832   1525.9    815.8
     1     1    14     1    27    12     0     0    24.0   56.165    7.700   1550.1    814.0
     1     1    14     1    27    13     0     0    25.0   56.444    7.527   1572.8    813.0
     1     1    14     1    27    14     0     0    26.0   56.741    7.303   1599.3    810.7
     1     1    14     1    27    15     0     0    27.0   57.056    7.023   1630.5    808.1
     1     1    14     1    27    16     0     0    28.0   57.389    6.686   1667.0    805.0
     1     1    14     1    27    17     0     0    29.0   57.738    6.302   1705.1    797.3
     1     1    14     1    27    18     0     0    30.0   58.095    5.890   1744.9    788.0
     1     1    14     1    27    19     0     0    31.0   58.461    5.451   1783.7    779.3
     1     1    14     1    27    20     0     0    32.0   58.836    4.978   1817.8    772.7
     1     1    14     1    27    21     0     0    33.0   59.217    4.466   1846.7    768.1
     1     1    14     1    27    22     0     0    34.0   59.599    3.910   1869.7    766.1
     1     1    14     1    27    23     0     0    35.0   59.979    3.309   1886.5    766.9
     1     1    14     1    28     0     0     0    36.0   60.356    2.677   1898.8    773.6
     1     1    14     1    28     1     0     0    37.0   60.719    2.056   1902.5    779.1
     1     1    14     1    28     2     0     0    38.0   61.057    1.469   1900.0    783.1
     1     1    14     1    28     3     0     0    39.0   61.367    0.917   1892.4    786.9
     1     1    14     1    28     4     0     0    40.0   61.649    0.398   1879.8    790.7
     1     1    14     1    28     5     0     0    41.0   61.833   -0.106   1856.9    788.3
     1     1    14     1    28     6     0     0    42.0   61.934   -0.609   1833.7    791.0
     1     1    14     1    28     7     0     0    43.0   62.046   -1.112   1814.9    794.1
     1     1    14     1    28     8     0     0    44.0   62.178   -1.639   1803.5    795.9
     1     1    14     1    28     9     0     0    45.0   62.329   -2.189   1800.1    796.9
     1     1    14     1    28    10     0     0    46.0   62.493   -2.761   1804.8    796.7
     1     1    14     1    28    11     0     0    47.0   62.654   -3.354   1818.9    794.4
     1     1    14     1    28    12     0     0    48.0   62.803   -3.966   1845.6    790.9
