     1     1
    CDC1    14     1     1     0     0
     1 FORWARD  OMEGA   
    14     1    17    18   50.000    5.000   500.0
     1 PRESSURE
     1     1    14     1    17    18     0     0     0.0   50.000    5.000    500.0    933.6
     1     1    14     1    17    19     0     0     1.0   50.323    5.253    479.4    934.5
     1     1    14     1    17    20     0     0     2.0   50.631    5.507    463.0    935.1
     1     1    14     1    17    21     0     0     3.0   50.925    5.763    450.6    935.7
     1     1    14     1    17    22     0     0     4.0   51.204    6.019    442.2    936.2
     1     1    14     1    17    23     0     0     5.0   51.468    6.278    438.2    936.6
     1     1    14     1    18     0     0     0     6.0   51.719    6.540    438.7    936.7
     1     1    14     1    18     1     0     0     7.0   51.966    6.787    440.2    936.0
     1     1    14     1    18     2     0     0     8.0   52.218    7.001    439.6    936.5
     1     1    14     1    18     3     0     0     9.0   52.474    7.182    437.6    937.6
     1     1    14     1    18     4     0     0    10.0   52.733    7.309    435.1    939.1
     1     1    14     1    18     5     0     0    11.0   52.992    7.362    432.9    940.5
     1     1    14     1    18     6     0     0    12.0   53.250    7.340    431.4    941.9
     1     1    14     1    18     7     0     0    13.0   53.510    7.248    432.1    943.2
     1     1    14     1    18     8     0     0    14.0   53.778    7.088    436.8    943.9
     1     1    14     1    18     9     0     0    15.0   54.054    6.859    445.8    944.1
     1     1    14     1    18    10     0     0    16.0   54.343    6.558    459.3    943.9
     1     1    14     1    18    11     0     0    17.0   54.649    6.181    478.0    943.1
     1     1    14     1    18    12     0     0    18.0   54.976    5.719    502.6    941.7
     1     1    14     1    18    13     0     0    19.0   55.332    5.174    530.0    938.6
     1     1    14     1    18    14     0     0    20.0   55.718    4.556    556.2    935.4
     1     1    14     1    18    15     0     0    21.0   56.135    3.865    580.0    932.3
     1     1    14     1    18    16     0     0    22.0   56.588    3.095    600.4    929.8
     1     1    14     1    18    17     0     0    23.0   57.081    2.239    615.9    927.2
     1     1    14     1    18    18     0     0    24.0   57.610    1.305    623.7    924.0
     1     1    14     1    18    19     0     0    25.0   58.166    0.364    624.8    923.2
     1     1    14     1    18    20     0     0    26.0   58.720   -0.508    621.8    917.1
     1     1    14     1    18    21     0     0    27.0   59.267   -1.354    618.9    921.0
     1     1    14     1    18    22     0     0    28.0   59.819   -2.246    613.1    925.5
     1     1    14     1    18    23     0     0    29.0   60.363   -3.149    606.4    926.0
     1     1    14     1    19     0     0     0    30.0   60.886   -4.016    604.0    924.3
     1     1    14     1    19     1     0     0    31.0   61.404   -4.840    607.9    922.3
     1     1    14     1    19     2     0     0    32.0   61.932   -5.625    617.0    921.7
     1     1    14     1    19     3     0     0    33.0   62.473   -6.384    629.2    921.2
     1     1    14     1    19     4     0     0    34.0   63.017   -7.115    643.5    921.5
     1     1    14     1    19     5     0     0    35.0   63.552   -7.820    657.6    922.0
     1     1    14     1    19     6     0     0    36.0   64.077   -8.516    669.3    922.2
     1     1    14     1    19     7     0     0    37.0   64.589   -9.212    680.4    922.8
     1     1    14     1    19     8     0     0    38.0   65.085   -9.910    694.6    922.0
     1     1    14     1    19     9     0     0    39.0   65.558  -10.606    710.1    916.4
     1     1    14     1    19    10     0     0    40.0   65.999  -11.293    726.7    910.5
     1     1    14     1    19    11     0     0    41.0   66.413  -11.967    743.6    904.8
     1     1    14     1    19    12     0     0    42.0   66.804  -12.626    759.9    899.6
     1     1    14     1    19    13     0     0    43.0   67.171  -13.301    776.8    895.5
     1     1    14     1    19    14     0     0    44.0   67.513  -14.021    796.3    891.2
     1     1    14     1    19    15     0     0    45.0   67.821  -14.776    819.0    887.6
     1     1    14     1    19    16     0     0    46.0   68.087  -15.552    844.5    886.5
     1     1    14     1    19    17     0     0    47.0   68.307  -16.345    871.6    886.2
     1     1    14     1    19    18     0     0    48.0   68.479  -17.154    899.3    885.7
