     1     1
    CDC1    14     1     1     0     0
     1 FORWARD  OMEGA   
    14     1    25     0   50.000    5.000   500.0
     1 PRESSURE
     1     1    14     1    25     0     0     0     0.0   50.000    5.000    500.0    951.2
     1     1    14     1    25     1     0     0     1.0   50.212    4.993    497.1    951.0
     1     1    14     1    25     2     0     0     2.0   50.414    4.983    493.2    951.1
     1     1    14     1    25     3     0     0     3.0   50.608    4.970    488.3    951.2
     1     1    14     1    25     4     0     0     4.0   50.795    4.957    482.5    951.5
     1     1    14     1    25     5     0     0     5.0   50.975    4.944    476.1    951.8
     1     1    14     1    25     6     0     0     6.0   51.151    4.932    468.9    952.3
     1     1    14     1    25     7     0     0     7.0   51.336    4.937    462.6    952.8
     1     1    14     1    25     8     0     0     8.0   51.543    4.971    458.5    952.8
     1     1    14     1    25     9     0     0     9.0   51.777    5.034    457.4    952.3
     1     1    14     1    25    10     0     0    10.0   52.039    5.127    460.1    951.1
     1     1    14     1    25    11     0     0    11.0   52.332    5.249    467.4    949.4
     1     1    14     1    25    12     0     0    12.0   52.660    5.393    481.1    947.7
     1     1    14     1    25    13     0     0    13.0   53.012    5.550    504.9    944.6
     1     1    14     1    25    14     0     0    14.0   53.373    5.715    541.5    940.1
     1     1    14     1    25    15     0     0    15.0   53.742    5.877    591.2    934.5
     1     1    14     1    25    16     0     0    16.0   54.117    6.025    654.8    927.4
     1     1    14     1    25    17     0     0    17.0   54.490    6.142    733.3    918.1
     1     1    14     1    25    18     0     0    18.0   54.855    6.219    826.6    907.5
     1     1    14     1    25    19     0     0    19.0   55.197    6.268    925.5    896.4
     1     1    14     1    25    20     0     0    20.0   55.504    6.305   1019.0    885.3
     1     1    14     1    25    21     0     0    21.0   55.780    6.336   1103.7    875.7
     1     1    14     1    25    22     0     0    22.0   56.033    6.359   1177.2    867.6
     1     1    14     1    25    23     0     0    23.0   56.266    6.374   1238.0    861.1
     1     1    14     1    26     0     0     0    24.0   56.482    6.378   1285.2    856.2
     1     1    14     1    26     1     0     0    25.0   56.702    6.351   1319.8    853.0
     1     1    14     1    26     2     0     0    26.0   56.947    6.278   1342.8    850.8
     1     1    14     1    26     3     0     0    27.0   57.217    6.164   1352.9    850.0
     1     1    14     1    26     4     0     0    28.0   57.514    6.014   1349.0    850.5
     1     1    14     1    26     5     0     0    29.0   57.834    5.848   1328.7    847.4
     1     1    14     1    26     6     0     0    30.0   58.173    5.683   1295.9    845.7
     1     1    14     1    26     7     0     0    31.0   58.551    5.512   1264.3    843.9
     1     1    14     1    26     8     0     0    32.0   58.990    5.321   1244.7    839.0
     1     1    14     1    26     9     0     0    33.0   59.494    5.101   1236.5    832.6
     1     1    14     1    26    10     0     0    34.0   60.064    4.835   1239.7    826.6
     1     1    14     1    26    11     0     0    35.0   60.680    4.507   1257.8    831.2
     1     1    14     1    26    12     0     0    36.0   61.322    4.095   1282.8    835.4
     1     1    14     1    26    13     0     0    37.0   61.981    3.592   1305.8    839.5
     1     1    14     1    26    14     0     0    38.0   62.641    3.010   1316.9    845.6
     1     1    14     1    26    15     0     0    39.0   63.277    2.372   1318.5    849.1
     1     1    14     1    26    16     0     0    40.0   63.867    1.706   1314.5    847.8
     1     1    14     1    26    17     0     0    41.0   64.405    1.008   1307.3    845.7
     1     1    14     1    26    18     0     0    42.0   64.889    0.266   1297.9    842.8
     1     1    14     1    26    19     0     0    43.0   65.317   -0.630   1293.6    839.5
     1     1    14     1    26    20     0     0    44.0   65.686   -1.636   1297.7    841.0
     1     1    14     1    26    21     0     0    45.0   65.997   -2.620   1304.1    842.7
     1     1    14     1    26    22     0     0    46.0   66.260   -3.626   1316.0    846.2
     1     1    14     1    26    23     0     0    47.0   66.486   -4.691   1334.1    849.0
     1     1    14     1    27     0     0     0    48.0   66.681   -5.818   1358.2    850.7
