     1     1
    CDC1    14     1     1     0     0
     1 FORWARD  OMEGA   
    14     1    11    12   50.000    5.000   500.0
     1 PRESSURE
     1     1    14     1    11    12     0     0     0.0   50.000    5.000    500.0    951.4
     1     1    14     1    11    13     0     0     1.0   49.921    5.493    493.5    947.4
     1     1    14     1    11    14     0     0     2.0   49.846    5.971    487.4    943.0
     1     1    14     1    11    15     0     0     3.0   49.768    6.442    481.4    938.2
     1     1    14     1    11    16     0     0     4.0   49.680    6.913    474.8    932.8
     1     1    14     1    11    17     0     0     5.0   49.577    7.392    466.9    926.7
     1     1    14     1    11    18     0     0     6.0   49.455    7.886    456.9    920.9
     1     1    14     1    11    19     0     0     7.0   49.328    8.377    444.6    915.9
     1     1    14     1    11    20     0     0     8.0   49.206    8.849    430.3    911.3
     1     1    14     1    11    21     0     0     9.0   49.082    9.303    413.4    907.0
     1     1    14     1    11    22     0     0    10.0   48.948    9.741    393.3    902.7
     1     1    14     1    11    23     0     0    11.0   48.802   10.161    370.1    899.4
     1     1    14     1    12     0     0     0    12.0   48.643   10.564    345.3    897.2
     1     1    14     1    12     1     0     0    13.0   48.485   10.953    321.6    894.8
     1     1    14     1    12     2     0     0    14.0   48.341   11.333    301.2    892.7
     1     1    14     1    12     3     0     0    15.0   48.207   11.701    284.1    890.9
     1     1    14     1    12     4     0     0    16.0   48.082   12.052    269.6    889.3
     1     1    14     1    12     5     0     0    17.0   47.965   12.381    257.5    888.0
     1     1    14     1    12     6     0     0    18.0   47.851   12.679    246.8    888.2
     1     1    14     1    12     7     0     0    19.0   47.747   12.949    235.2    889.5
     1     1    14     1    12     8     0     0    20.0   47.657   13.196    221.6    891.7
     1     1    14     1    12     9     0     0    21.0   47.582   13.419    206.8    894.5
     1     1    14     1    12    10     0     0    22.0   47.524   13.615    191.6    897.5
     1     1    14     1    12    11     0     0    23.0   47.483   13.785    176.9    900.8
     1     1    14     1    12    12     0     0    24.0   47.459   13.928    163.1    904.3
     1     1    14     1    12    13     0     0    25.0   47.448   14.054    151.3    907.1
     1     1    14     1    12    14     0     0    26.0   47.445   14.175    142.3    909.3
     1     1    14     1    12    15     0     0    27.0   47.450   14.294    135.9    911.2
     1     1    14     1    12    16     0     0    28.0   47.461   14.413    132.3    912.7
     1     1    14     1    12    17     0     0    29.0   47.478   14.536    131.3    914.0
     1     1    14     1    12    18     0     0    30.0   47.500   14.664    133.3    914.9
     1     1    14     1    12    19     0     0    31.0   47.520   14.808    133.8    916.3
     1     1    14     1    12    20     0     0    32.0   47.533   14.972    128.4    919.0
     1     1    14     1    12    21     0     0    33.0   47.539   15.151    117.0    923.0
     1     1    14     1    12    22     0     0    34.0   47.543   15.339    100.7    928.1
     1     1    14     1    12    23     0     0    35.0   47.543   15.534     80.7    934.0
     1     1    14     1    13     0     0     0    36.0   47.543   15.730     59.7    939.7
     1     1    14     1    13     1     0     0    37.0   47.546   15.915     43.5    944.5
     1     1    14     1    13     2     0     0    38.0   47.556   16.086     33.5    948.1
     1     1    14     1    13     3     0     0    39.0   47.570   16.246     27.4    951.2
     1     1    14     1    13     4     0     0    40.0   47.587   16.394     23.9    953.9
     1     1    14     1    13     5     0     0    41.0   47.606   16.530     21.9    956.1
     1     1    14     1    13     6     0     0    42.0   47.627   16.652     21.1    958.0
     1     1    14     1    13     7     0     0    43.0   47.651   16.765     20.6    959.6
     1     1    14     1    13     8     0     0    44.0   47.680   16.873     19.8    961.3
     1     1    14     1    13     9     0     0    45.0   47.714   16.977     18.8    962.9
     1     1    14     1    13    10     0     0    46.0   47.755   17.077     17.6    964.5
     1     1    14     1    13    11     0     0    47.0   47.803   17.173     16.4    966.0
     1     1    14     1    13    12     0     0    48.0   47.861   17.265     15.2    967.4
