     1     1
    CDC1    14     1     1     0     0
     1 FORWARD  OMEGA   
    14     1    12     6   50.000    5.000   500.0
     1 PRESSURE
     1     1    14     1    12     6     0     0     0.0   50.000    5.000    500.0    956.6
     1     1    14     1    12     7     0     0     1.0   50.081    5.014    497.0    956.2
     1     1    14     1    12     8     0     0     2.0   50.176    5.031    490.5    956.5
     1     1    14     1    12     9     0     0     3.0   50.286    5.053    480.5    957.2
     1     1    14     1    12    10     0     0     4.0   50.410    5.078    467.3    958.2
     1     1    14     1    12    11     0     0     5.0   50.547    5.104    451.1    959.6
     1     1    14     1    12    12     0     0     6.0   50.696    5.131    432.1    961.4
     1     1    14     1    12    13     0     0     7.0   50.861    5.157    415.6    963.1
     1     1    14     1    12    14     0     0     8.0   51.043    5.183    405.8    963.2
     1     1    14     1    12    15     0     0     9.0   51.245    5.206    402.5    962.6
     1     1    14     1    12    16     0     0    10.0   51.469    5.218    405.1    961.2
     1     1    14     1    12    17     0     0    11.0   51.716    5.215    413.4    959.2
     1     1    14     1    12    18     0     0    12.0   51.992    5.189    427.4    956.4
     1     1    14     1    12    19     0     0    13.0   52.298    5.170    444.4    952.6
     1     1    14     1    12    20     0     0    14.0   52.628    5.187    462.1    949.5
     1     1    14     1    12    21     0     0    15.0   52.978    5.226    481.1    947.5
     1     1    14     1    12    22     0     0    16.0   53.349    5.267    502.3    945.3
     1     1    14     1    12    23     0     0    17.0   53.745    5.296    527.3    942.9
     1     1    14     1    13     0     0     0    18.0   54.172    5.300    557.8    940.1
     1     1    14     1    13     1     0     0    19.0   54.608    5.298    596.7    936.6
     1     1    14     1    13     2     0     0    20.0   55.025    5.320    646.5    931.5
     1     1    14     1    13     3     0     0    21.0   55.417    5.366    706.8    923.5
     1     1    14     1    13     4     0     0    22.0   55.786    5.429    776.7    914.7
     1     1    14     1    13     5     0     0    23.0   56.137    5.495    857.0    905.1
     1     1    14     1    13     6     0     0    24.0   56.481    5.554    948.2    894.7
     1     1    14     1    13     7     0     0    25.0   56.817    5.607   1040.2    882.5
     1     1    14     1    13     8     0     0    26.0   57.147    5.665   1123.6    872.7
     1     1    14     1    13     9     0     0    27.0   57.478    5.738   1197.7    864.2
     1     1    14     1    13    10     0     0    28.0   57.815    5.835   1259.0    851.5
     1     1    14     1    13    11     0     0    29.0   58.155    5.957   1309.2    839.4
     1     1    14     1    13    12     0     0    30.0   58.499    6.087   1350.1    827.7
     1     1    14     1    13    13     0     0    31.0   58.841    6.200   1390.2    817.6
     1     1    14     1    13    14     0     0    32.0   59.172    6.292   1435.9    806.1
     1     1    14     1    13    15     0     0    33.0   59.486    6.383   1487.8    794.3
     1     1    14     1    13    16     0     0    34.0   59.778    6.490   1546.5    782.1
     1     1    14     1    13    17     0     0    35.0   60.045    6.627   1612.1    770.4
     1     1    14     1    13    18     0     0    36.0   60.285    6.799   1684.7    763.2
     1     1    14     1    13    19     0     0    37.0   60.505    6.994   1753.2    755.7
     1     1    14     1    13    20     0     0    38.0   60.713    7.196   1811.6    749.5
     1     1    14     1    13    21     0     0    39.0   60.912    7.404   1860.0    744.2
     1     1    14     1    13    22     0     0    40.0   61.104    7.614   1898.3    740.3
     1     1    14     1    13    23     0     0    41.0   61.291    7.824   1926.5    737.7
     1     1    14     1    14     0     0     0    42.0   61.472    8.033   1944.4    735.9
     1     1    14     1    14     1     0     0    43.0   61.648    8.228   1957.5    734.7
     1     1    14     1    14     2     0     0    44.0   61.819    8.396   1972.8    732.9
     1     1    14     1    14     3     0     0    45.0   61.984    8.540   1989.3    730.9
     1     1    14     1    14     4     0     0    46.0   62.142    8.664   2006.6    728.9
     1     1    14     1    14     5     0     0    47.0   62.293    8.770   2024.8    726.9
     1     1    14     1    14     6     0     0    48.0   62.436    8.861   2043.9    724.8
