     1     1
    CDC1    14     1     1     0     0
     1 FORWARD  OMEGA   
    14     1    17     0   50.000    5.000   500.0
     1 PRESSURE
     1     1    14     1    17     0     0     0     0.0   50.000    5.000    500.0    933.6
     1     1    14     1    17     1     0     0     1.0   50.375    5.506    499.1    929.5
     1     1    14     1    17     2     0     0     2.0   50.755    5.996    488.6    928.2
     1     1    14     1    17     3     0     0     3.0   51.141    6.466    471.3    928.7
     1     1    14     1    17     4     0     0     4.0   51.536    6.918    450.2    930.7
     1     1    14     1    17     5     0     0     5.0   51.941    7.351    428.0    933.8
     1     1    14     1    17     6     0     0     6.0   52.357    7.766    408.1    938.1
     1     1    14     1    17     7     0     0     7.0   52.758    8.129    394.7    942.4
     1     1    14     1    17     8     0     0     8.0   53.123    8.413    388.6    944.8
     1     1    14     1    17     9     0     0     9.0   53.455    8.622    388.3    946.2
     1     1    14     1    17    10     0     0    10.0   53.764    8.773    392.8    946.9
     1     1    14     1    17    11     0     0    11.0   54.052    8.878    401.1    946.9
     1     1    14     1    17    12     0     0    12.0   54.324    8.948    412.7    946.4
     1     1    14     1    17    13     0     0    13.0   54.592    8.962    427.1    945.4
     1     1    14     1    17    14     0     0    14.0   54.870    8.894    445.0    944.0
     1     1    14     1    17    15     0     0    15.0   55.163    8.737    465.9    942.2
     1     1    14     1    17    16     0     0    16.0   55.476    8.483    488.7    940.1
     1     1    14     1    17    17     0     0    17.0   55.813    8.131    513.2    938.1
     1     1    14     1    17    18     0     0    18.0   56.180    7.680    540.3    935.8
     1     1    14     1    17    19     0     0    19.0   56.572    7.162    572.9    932.9
     1     1    14     1    17    20     0     0    20.0   56.985    6.608    613.1    928.6
     1     1    14     1    17    21     0     0    21.0   57.419    6.023    660.2    923.1
     1     1    14     1    17    22     0     0    22.0   57.878    5.446    707.7    910.4
     1     1    14     1    17    23     0     0    23.0   58.363    4.914    752.2    898.7
     1     1    14     1    18     0     0     0    24.0   58.868    4.416    792.7    889.3
     1     1    14     1    18     1     0     0    25.0   59.384    3.920    827.1    882.6
     1     1    14     1    18     2     0     0    26.0   59.910    3.406    853.6    879.3
     1     1    14     1    18     3     0     0    27.0   60.437    2.885    871.5    884.4
     1     1    14     1    18     4     0     0    28.0   60.956    2.378    876.9    891.0
     1     1    14     1    18     5     0     0    29.0   61.471    1.895    870.6    895.7
     1     1    14     1    18     6     0     0    30.0   61.984    1.441    855.4    900.6
     1     1    14     1    18     7     0     0    31.0   62.498    1.014    836.0    906.0
     1     1    14     1    18     8     0     0    32.0   63.007    0.605    819.2    906.9
     1     1    14     1    18     9     0     0    33.0   63.505    0.206    810.5    905.9
     1     1    14     1    18    10     0     0    34.0   63.964   -0.197    818.8    896.9
     1     1    14     1    18    11     0     0    35.0   64.386   -0.597    846.6    891.9
     1     1    14     1    18    12     0     0    36.0   64.801   -0.978    883.0    887.1
     1     1    14     1    18    13     0     0    37.0   65.208   -1.346    922.4    883.2
     1     1    14     1    18    14     0     0    38.0   65.607   -1.724    957.2    881.5
     1     1    14     1    18    15     0     0    39.0   66.001   -2.111    987.3    880.4
     1     1    14     1    18    16     0     0    40.0   66.391   -2.495   1013.2    879.7
     1     1    14     1    18    17     0     0    41.0   66.776   -2.873   1036.7    880.5
     1     1    14     1    18    18     0     0    42.0   67.157   -3.239   1058.8    881.3
     1     1    14     1    18    19     0     0    43.0   67.534   -3.597   1081.0    881.6
     1     1    14     1    18    20     0     0    44.0   67.906   -3.963   1105.0    879.6
     1     1    14     1    18    21     0     0    45.0   68.278   -4.341   1130.0    877.2
     1     1    14     1    18    22     0     0    46.0   68.651   -4.722   1154.6    874.5
     1     1    14     1    18    23     0     0    47.0   69.024   -5.096   1177.3    871.7
     1     1    14     1    19     0     0     0    48.0   69.397   -5.453   1196.1    868.8
