     1     1
    CDC1    14     1     1     0     0
     1 FORWARD  OMEGA   
    14     1    24    18   50.000    5.000   500.0
     1 PRESSURE
     1     1    14     1    24    18     0     0     0.0   50.000    5.000    500.0    949.5
     1     1    14     1    24    19     0     0     1.0   50.170    4.885    503.7    949.5
     1     1    14     1    24    20     0     0     2.0   50.355    4.793    506.8    949.3
     1     1    14     1    24    21     0     0     3.0   50.555    4.723    509.0    949.1
     1     1    14     1    24    22     0     0     4.0   50.769    4.675    509.8    949.0
     1     1    14     1    24    23     0     0     5.0   50.996    4.648    509.1    948.9
     1     1    14     1    25     0     0     0     6.0   51.236    4.641    506.6    949.0
     1     1    14     1    25     1     0     0     7.0   51.480    4.642    502.5    949.0
     1     1    14     1    25     2     0     0     8.0   51.721    4.644    497.9    949.0
     1     1    14     1    25     3     0     0     9.0   51.960    4.650    492.8    949.0
     1     1    14     1    25     4     0     0    10.0   52.198    4.660    487.3    949.2
     1     1    14     1    25     5     0     0    11.0   52.439    4.676    481.6    949.3
     1     1    14     1    25     6     0     0    12.0   52.686    4.696    476.8    950.2
     1     1    14     1    25     7     0     0    13.0   52.960    4.723    476.2    950.9
     1     1    14     1    25     8     0     0    14.0   53.277    4.769    483.1    950.6
     1     1    14     1    25     9     0     0    15.0   53.638    4.829    499.2    949.2
     1     1    14     1    25    10     0     0    16.0   54.047    4.904    526.7    946.7
     1     1    14     1    25    11     0     0    17.0   54.508    4.993    568.6    942.8
     1     1    14     1    25    12     0     0    18.0   55.027    5.098    628.8    937.2
     1     1    14     1    25    13     0     0    19.0   55.574    5.197    705.7    926.4
     1     1    14     1    25    14     0     0    20.0   56.117    5.267    795.5    914.7
     1     1    14     1    25    15     0     0    21.0   56.662    5.305    895.4    902.6
     1     1    14     1    25    16     0     0    22.0   57.217    5.309   1002.3    889.4
     1     1    14     1    25    17     0     0    23.0   57.786    5.304   1107.1    871.3
     1     1    14     1    25    18     0     0    24.0   58.373    5.332   1198.0    850.5
     1     1    14     1    25    19     0     0    25.0   58.976    5.404   1267.8    833.2
     1     1    14     1    25    20     0     0    26.0   59.588    5.499   1314.8    817.8
     1     1    14     1    25    21     0     0    27.0   60.210    5.602   1345.9    808.7
     1     1    14     1    25    22     0     0    28.0   60.832    5.708   1369.8    810.0
     1     1    14     1    25    23     0     0    29.0   61.449    5.820   1386.3    811.7
     1     1    14     1    26     0     0     0    30.0   62.064    5.939   1398.8    813.7
     1     1    14     1    26     1     0     0    31.0   62.668    6.086   1406.0    816.2
     1     1    14     1    26     2     0     0    32.0   63.236    6.276   1407.1    822.0
     1     1    14     1    26     3     0     0    33.0   63.755    6.508   1402.6    828.4
     1     1    14     1    26     4     0     0    34.0   64.224    6.786   1395.1    835.0
     1     1    14     1    26     5     0     0    35.0   64.648    7.112   1387.2    841.6
     1     1    14     1    26     6     0     0    36.0   65.026    7.480   1381.5    847.7
     1     1    14     1    26     7     0     0    37.0   65.367    7.822   1371.0    846.9
     1     1    14     1    26     8     0     0    38.0   65.673    8.068   1358.0    847.9
     1     1    14     1    26     9     0     0    39.0   65.943    8.226   1342.1    850.1
     1     1    14     1    26    10     0     0    40.0   66.177    8.301   1323.7    853.0
     1     1    14     1    26    11     0     0    41.0   66.375    8.298   1303.3    856.6
     1     1    14     1    26    12     0     0    42.0   66.540    8.219   1280.8    860.5
     1     1    14     1    26    13     0     0    43.0   66.695    8.105   1258.3    864.2
     1     1    14     1    26    14     0     0    44.0   66.855    7.994   1239.5    867.2
     1     1    14     1    26    15     0     0    45.0   67.019    7.886   1223.8    869.9
     1     1    14     1    26    16     0     0    46.0   67.181    7.780   1211.0    872.2
     1     1    14     1    26    17     0     0    47.0   67.340    7.677   1201.4    874.1
     1     1    14     1    26    18     0     0    48.0   67.494    7.575   1194.7    875.6
