     1     1
    CDC1    14     1     1     0     0
     1 FORWARD  OMEGA   
    14     1     8     6   50.000    5.000   500.0
     1 PRESSURE
     1     1    14     1     8     6     0     0     0.0   50.000    5.000    500.0    951.7
     1     1    14     1     8     7     0     0     1.0   50.207    5.507    464.9    952.4
     1     1    14     1     8     8     0     0     2.0   50.410    6.022    435.3    952.8
     1     1    14     1     8     9     0     0     3.0   50.604    6.548    410.9    953.1
     1     1    14     1     8    10     0     0     4.0   50.786    7.089    390.9    953.2
     1     1    14     1     8    11     0     0     5.0   50.954    7.651    374.4    953.3
     1     1    14     1     8    12     0     0     6.0   51.110    8.243    360.3    954.0
     1     1    14     1     8    13     0     0     7.0   51.255    8.849    347.6    954.6
     1     1    14     1     8    14     0     0     8.0   51.393    9.441    335.5    955.7
     1     1    14     1     8    15     0     0     9.0   51.523   10.016    323.6    957.2
     1     1    14     1     8    16     0     0    10.0   51.647   10.570    312.0    959.7
     1     1    14     1     8    17     0     0    11.0   51.764   11.104    300.5    962.2
     1     1    14     1     8    18     0     0    12.0   51.874   11.621    289.1    964.9
     1     1    14     1     8    19     0     0    13.0   51.986   12.123    277.8    967.5
     1     1    14     1     8    20     0     0    14.0   52.106   12.606    267.2    970.4
     1     1    14     1     8    21     0     0    15.0   52.234   13.070    258.1    973.1
     1     1    14     1     8    22     0     0    16.0   52.369   13.516    251.4    975.5
     1     1    14     1     8    23     0     0    17.0   52.511   13.947    247.2    977.4
     1     1    14     1     9     0     0     0    18.0   52.658   14.370    245.5    976.7
     1     1    14     1     9     1     0     0    19.0   52.812   14.793    245.7    975.2
     1     1    14     1     9     2     0     0    20.0   52.978   15.215    247.5    974.0
     1     1    14     1     9     3     0     0    21.0   53.151   15.633    251.8    972.9
     1     1    14     1     9     4     0     0    22.0   53.328   16.046    259.6    971.4
     1     1    14     1     9     5     0     0    23.0   53.509   16.455    271.5    969.7
     1     1    14     1     9     6     0     0    24.0   53.692   16.864    288.4    967.5
     1     1    14     1     9     7     0     0    25.0   53.880   17.288    309.5    964.2
     1     1    14     1     9     8     0     0    26.0   54.078   17.732    332.7    960.9
     1     1    14     1     9     9     0     0    27.0   54.287   18.190    356.9    958.1
     1     1    14     1     9    10     0     0    28.0   54.508   18.652    381.5    955.8
     1     1    14     1     9    11     0     0    29.0   54.745   19.109    406.2    953.4
     1     1    14     1     9    12     0     0    30.0   55.001   19.554    430.5    951.5
     1     1    14     1     9    13     0     0    31.0   55.275   20.001    454.6    947.9
     1     1    14     1     9    14     0     0    32.0   55.567   20.470    479.5    942.5
     1     1    14     1     9    15     0     0    33.0   55.879   20.953    507.1    936.9
     1     1    14     1     9    16     0     0    34.0   56.216   21.442    539.6    930.8
     1     1    14     1     9    17     0     0    35.0   56.583   21.929    580.0    923.9
     1     1    14     1     9    18     0     0    36.0   56.981   22.411    631.4    915.9
     1     1    14     1     9    19     0     0    37.0   57.368   22.879    691.9    905.7
     1     1    14     1     9    20     0     0    38.0   57.710   23.321    756.6    897.0
     1     1    14     1     9    21     0     0    39.0   58.018   23.722    824.0    888.8
     1     1    14     1     9    22     0     0    40.0   58.303   24.072    893.9    880.5
     1     1    14     1     9    23     0     0    41.0   58.578   24.365    966.1    871.6
     1     1    14     1    10     0     0     0    42.0   58.849   24.594   1040.5    862.2
     1     1    14     1    10     1     0     0    43.0   59.100   24.763   1118.3    852.8
     1     1    14     1    10     2     0     0    44.0   59.314   24.883   1203.3    842.8
     1     1    14     1    10     3     0     0    45.0   59.497   24.949   1295.3    832.4
     1     1    14     1    10     4     0     0    46.0   59.649   24.952   1394.1    820.5
     1     1    14     1    10     5     0     0    47.0   59.771   24.885   1499.3    808.3
     1     1    14     1    10     6     0     0    48.0   59.861   24.753   1610.9    796.1
