     1     1
    CDC1    14     1     1     0     0
     1 FORWARD  OMEGA   
    14     1    29     0   50.000    5.000   500.0
     1 PRESSURE
     1     1    14     1    29     0     0     0     0.0   50.000    5.000    500.0    929.5
     1     1    14     1    29     1     0     0     1.0   50.366    4.808    471.0    932.9
     1     1    14     1    29     2     0     0     2.0   50.712    4.575    447.2    935.7
     1     1    14     1    29     3     0     0     3.0   51.036    4.297    426.8    938.4
     1     1    14     1    29     4     0     0     4.0   51.333    3.969    408.6    941.1
     1     1    14     1    29     5     0     0     5.0   51.601    3.589    391.5    943.9
     1     1    14     1    29     6     0     0     6.0   51.838    3.154    374.4    946.6
     1     1    14     1    29     7     0     0     7.0   52.049    2.672    359.4    949.3
     1     1    14     1    29     8     0     0     8.0   52.240    2.156    348.4    950.0
     1     1    14     1    29     9     0     0     9.0   52.406    1.610    341.0    950.0
     1     1    14     1    29    10     0     0    10.0   52.547    1.032    337.3    949.9
     1     1    14     1    29    11     0     0    11.0   52.664    0.421    337.1    949.6
     1     1    14     1    29    12     0     0    12.0   52.717   -0.163    342.5    943.5
     1     1    14     1    29    13     0     0    13.0   52.714   -0.698    352.3    942.3
     1     1    14     1    29    14     0     0    14.0   52.706   -1.231    360.9    941.8
     1     1    14     1    29    15     0     0    15.0   52.693   -1.761    368.1    941.4
     1     1    14     1    29    16     0     0    16.0   52.674   -2.288    373.9    941.2
     1     1    14     1    29    17     0     0    17.0   52.641   -2.802    377.8    941.2
     1     1    14     1    29    18     0     0    18.0   52.578   -3.288    379.3    941.3
     1     1    14     1    29    19     0     0    19.0   52.479   -3.744    378.8    942.1
     1     1    14     1    29    20     0     0    20.0   52.348   -4.165    376.5    942.8
     1     1    14     1    29    21     0     0    21.0   52.194   -4.554    372.8    943.7
     1     1    14     1    29    22     0     0    22.0   52.023   -4.913    367.2    944.8
     1     1    14     1    29    23     0     0    23.0   51.841   -5.243    359.8    946.8
     1     1    14     1    30     0     0     0    24.0   51.656   -5.541    350.8    949.1
     1     1    14     1    30     1     0     0    25.0   51.479   -5.790    341.3    951.1
     1     1    14     1    30     2     0     0    26.0   51.315   -5.977    331.7    953.0
     1     1    14     1    30     3     0     0    27.0   51.166   -6.109    322.6    954.8
     1     1    14     1    30     4     0     0    28.0   51.030   -6.193    314.1    956.4
     1     1    14     1    30     5     0     0    29.0   50.908   -6.233    306.1    957.9
     1     1    14     1    30     6     0     0    30.0   50.799   -6.236    298.8    959.2
     1     1    14     1    30     7     0     0    31.0   50.705   -6.213    293.3    960.0
     1     1    14     1    30     8     0     0    32.0   50.626   -6.175    290.9    960.1
     1     1    14     1    30     9     0     0    33.0   50.567   -6.124    291.7    959.8
     1     1    14     1    30    10     0     0    34.0   50.529   -6.064    295.8    959.0
     1     1    14     1    30    11     0     0    35.0   50.515   -5.995    303.4    957.8
     1     1    14     1    30    12     0     0    36.0   50.527   -5.919    314.8    956.2
     1     1    14     1    30    13     0     0    37.0   50.551   -5.847    327.5    954.3
     1     1    14     1    30    14     0     0    38.0   50.570   -5.792    339.2    952.9
     1     1    14     1    30    15     0     0    39.0   50.583   -5.752    349.6    951.7
     1     1    14     1    30    16     0     0    40.0   50.589   -5.726    358.6    950.7
     1     1    14     1    30    17     0     0    41.0   50.586   -5.716    366.0    949.9
     1     1    14     1    30    18     0     0    42.0   50.573   -5.719    371.8    949.4
     1     1    14     1    30    19     0     0    43.0   50.565   -5.732    375.6    949.3
     1     1    14     1    30    20     0     0    44.0   50.577   -5.752    376.9    949.5
     1     1    14     1    30    21     0     0    45.0   50.610   -5.784    375.6    950.0
     1     1    14     1    30    22     0     0    46.0   50.664   -5.826    371.6    950.8
     1     1    14     1    30    23     0     0    47.0   50.742   -5.882    365.1    951.9
     1     1    14     1    31     0     0     0    48.0   50.842   -5.950    356.4    953.2
