     1     1
    CDC1    14     1     1     0     0
     1 FORWARD  OMEGA   
    14     1    12    12   50.000    5.000   500.0
     1 PRESSURE
     1     1    14     1    12    12     0     0     0.0   50.000    5.000    500.0    955.1
     1     1    14     1    12    13     0     0     1.0   50.196    4.969    482.1    956.7
     1     1    14     1    12    14     0     0     2.0   50.410    4.954    472.2    956.8
     1     1    14     1    12    15     0     0     3.0   50.643    4.949    469.8    956.0
     1     1    14     1    12    16     0     0     4.0   50.897    4.950    474.1    954.3
     1     1    14     1    12    17     0     0     5.0   51.177    4.950    484.9    951.9
     1     1    14     1    12    18     0     0     6.0   51.484    4.940    501.9    948.7
     1     1    14     1    12    19     0     0     7.0   51.817    4.949    521.9    944.6
     1     1    14     1    12    20     0     0     8.0   52.174    5.008    542.5    940.5
     1     1    14     1    12    21     0     0     9.0   52.555    5.110    564.4    936.6
     1     1    14     1    12    22     0     0    10.0   52.954    5.234    588.6    934.3
     1     1    14     1    12    23     0     0    11.0   53.372    5.353    616.1    932.0
     1     1    14     1    13     0     0     0    12.0   53.812    5.450    648.7    928.9
     1     1    14     1    13     1     0     0    13.0   54.246    5.536    689.4    924.9
     1     1    14     1    13     2     0     0    14.0   54.646    5.640    740.3    919.4
     1     1    14     1    13     3     0     0    15.0   55.020    5.764    802.4    912.7
     1     1    14     1    13     4     0     0    16.0   55.371    5.903    875.0    904.0
     1     1    14     1    13     5     0     0    17.0   55.706    6.049    957.9    894.4
     1     1    14     1    13     6     0     0    18.0   56.032    6.190   1052.4    882.8
     1     1    14     1    13     7     0     0    19.0   56.350    6.329   1148.0    870.8
     1     1    14     1    13     8     0     0    20.0   56.664    6.476   1235.5    861.0
     1     1    14     1    13     9     0     0    21.0   56.981    6.635   1314.8    852.1
     1     1    14     1    13    10     0     0    22.0   57.310    6.803   1386.9    843.4
     1     1    14     1    13    11     0     0    23.0   57.649    6.977   1451.0    832.6
     1     1    14     1    13    12     0     0    24.0   57.996    7.155   1506.9    818.6
     1     1    14     1    13    13     0     0    25.0   58.339    7.322   1561.6    805.6
     1     1    14     1    13    14     0     0    26.0   58.666    7.473   1620.7    791.9
     1     1    14     1    13    15     0     0    27.0   58.971    7.627   1684.5    778.6
     1     1    14     1    13    16     0     0    28.0   59.251    7.800   1752.7    765.2
     1     1    14     1    13    17     0     0    29.0   59.503    8.007   1825.7    752.0
     1     1    14     1    13    18     0     0    30.0   59.726    8.258   1903.6    738.9
     1     1    14     1    13    19     0     0    31.0   59.924    8.546   1981.0    726.5
     1     1    14     1    13    20     0     0    32.0   60.104    8.847   2053.6    717.8
     1     1    14     1    13    21     0     0    33.0   60.267    9.152   2118.2    711.6
     1     1    14     1    13    22     0     0    34.0   60.413    9.455   2172.6    706.0
     1     1    14     1    13    23     0     0    35.0   60.545    9.756   2216.9    701.1
     1     1    14     1    14     0     0     0    36.0   60.663   10.053   2251.9    697.3
     1     1    14     1    14     1     0     0    37.0   60.770   10.330   2285.1    696.0
     1     1    14     1    14     2     0     0    38.0   60.869   10.573   2319.8    693.6
     1     1    14     1    14     3     0     0    39.0   60.961   10.784   2355.5    690.9
     1     1    14     1    14     4     0     0    40.0   61.043   10.965   2391.9    688.0
     1     1    14     1    14     5     0     0    41.0   61.115   11.118   2428.7    684.9
     1     1    14     1    14     6     0     0    42.0   61.175   11.244   2466.1    681.7
     1     1    14     1    14     7     0     0    43.0   61.218   11.363   2504.2    678.6
     1     1    14     1    14     8     0     0    44.0   61.241   11.489   2542.8    675.7
     1     1    14     1    14     9     0     0    45.0   61.244   11.625   2582.5    672.7
     1     1    14     1    14    10     0     0    46.0   61.227   11.771   2623.8    669.8
     1     1    14     1    14    11     0     0    47.0   61.189   11.928   2667.2    666.8
     1     1    14     1    14    12     0     0    48.0   61.131   12.098   2713.5    663.8
