     1     1
    CDC1    14     1     1     0     0
     1 FORWARD  OMEGA   
    14     1     4    12   50.000    5.000   500.0
     1 PRESSURE
     1     1    14     1     4    12     0     0     0.0   50.000    5.000    500.0    934.6
     1     1    14     1     4    13     0     0     1.0   50.435    5.002    497.4    932.9
     1     1    14     1     4    14     0     0     2.0   50.854    5.034    488.4    932.4
     1     1    14     1     4    15     0     0     3.0   51.259    5.086    475.4    932.4
     1     1    14     1     4    16     0     0     4.0   51.653    5.150    460.4    932.7
     1     1    14     1     4    17     0     0     5.0   52.039    5.219    445.6    933.3
     1     1    14     1     4    18     0     0     6.0   52.419    5.286    432.7    933.7
     1     1    14     1     4    19     0     0     7.0   52.791    5.363    422.5    935.7
     1     1    14     1     4    20     0     0     8.0   53.150    5.466    414.2    937.9
     1     1    14     1     4    21     0     0     9.0   53.498    5.590    407.5    939.9
     1     1    14     1     4    22     0     0    10.0   53.839    5.732    402.1    941.8
     1     1    14     1     4    23     0     0    11.0   54.175    5.891    398.1    943.5
     1     1    14     1     5     0     0     0    12.0   54.508    6.061    395.5    944.9
     1     1    14     1     5     1     0     0    13.0   54.831    6.246    395.4    946.9
     1     1    14     1     5     2     0     0    14.0   55.132    6.447    397.4    947.8
     1     1    14     1     5     3     0     0    15.0   55.409    6.658    400.7    947.7
     1     1    14     1     5     4     0     0    16.0   55.662    6.870    405.0    947.5
     1     1    14     1     5     5     0     0    17.0   55.896    7.076    410.4    947.0
     1     1    14     1     5     6     0     0    18.0   56.114    7.271    417.2    946.3
     1     1    14     1     5     7     0     0    19.0   56.323    7.449    424.9    945.7
     1     1    14     1     5     8     0     0    20.0   56.528    7.609    432.8    945.1
     1     1    14     1     5     9     0     0    21.0   56.724    7.759    439.9    944.5
     1     1    14     1     5    10     0     0    22.0   56.909    7.907    445.7    944.1
     1     1    14     1     5    11     0     0    23.0   57.081    8.057    449.4    943.9
     1     1    14     1     5    12     0     0    24.0   57.238    8.214    450.5    944.0
     1     1    14     1     5    13     0     0    25.0   57.396    8.365    450.8    944.3
     1     1    14     1     5    14     0     0    26.0   57.571    8.501    452.6    942.4
     1     1    14     1     5    15     0     0    27.0   57.763    8.636    455.4    937.1
     1     1    14     1     5    16     0     0    28.0   57.973    8.775    459.9    931.1
     1     1    14     1     5    17     0     0    29.0   58.200    8.919    466.0    924.3
     1     1    14     1     5    18     0     0    30.0   58.442    9.066    474.1    916.7
     1     1    14     1     5    19     0     0    31.0   58.715    9.202    483.8    908.2
     1     1    14     1     5    20     0     0    32.0   59.034    9.313    493.4    898.3
     1     1    14     1     5    21     0     0    33.0   59.398    9.403    502.7    887.1
     1     1    14     1     5    22     0     0    34.0   59.803    9.476    510.9    874.8
     1     1    14     1     5    23     0     0    35.0   60.242    9.544    517.9    868.4
     1     1    14     1     6     0     0     0    36.0   60.700    9.627    522.3    867.8
     1     1    14     1     6     1     0     0    37.0   61.170    9.706    527.4    867.1
     1     1    14     1     6     2     0     0    38.0   61.659    9.753    535.3    865.5
     1     1    14     1     6     3     0     0    39.0   62.173    9.755    544.0    863.9
     1     1    14     1     6     4     0     0    40.0   62.711    9.696    551.6    866.8
     1     1    14     1     6     5     0     0    41.0   63.256    9.565    555.5    877.0
     1     1    14     1     6     6     0     0    42.0   63.794    9.364    551.7    888.5
     1     1    14     1     6     7     0     0    43.0   64.308    9.121    538.6    900.5
     1     1    14     1     6     8     0     0    44.0   64.783    8.857    517.9    913.0
     1     1    14     1     6     9     0     0    45.0   65.227    8.547    492.7    923.2
     1     1    14     1     6    10     0     0    46.0   65.644    8.173    468.3    930.8
     1     1    14     1     6    11     0     0    47.0   66.039    7.717    447.7    937.7
     1     1    14     1     6    12     0     0    48.0   66.413    7.169    431.6    942.3
