     1     1
    CDC1    14     1     1     0     0
     1 FORWARD  OMEGA   
    14     1    12    18   50.000    5.000   500.0
     1 PRESSURE
     1     1    14     1    12    18     0     0     0.0   50.000    5.000    500.0    950.7
     1     1    14     1    12    19     0     0     1.0   50.328    5.033    523.7    946.7
     1     1    14     1    12    20     0     0     2.0   50.667    5.127    546.2    942.4
     1     1    14     1    12    21     0     0     3.0   51.019    5.276    567.9    938.1
     1     1    14     1    12    22     0     0     4.0   51.387    5.471    589.7    933.8
     1     1    14     1    12    23     0     0     5.0   51.776    5.703    612.2    929.8
     1     1    14     1    13     0     0     0     6.0   52.190    5.956    636.5    925.9
     1     1    14     1    13     1     0     0     7.0   52.600    6.229    665.3    922.4
     1     1    14     1    13     2     0     0     8.0   52.970    6.522    701.6    918.8
     1     1    14     1    13     3     0     0     9.0   53.305    6.824    746.6    914.0
     1     1    14     1    13     4     0     0    10.0   53.615    7.139    802.0    908.2
     1     1    14     1    13     5     0     0    11.0   53.909    7.464    869.8    901.1
     1     1    14     1    13     6     0     0    12.0   54.196    7.797    951.3    892.7
     1     1    14     1    13     7     0     0    13.0   54.468    8.131   1035.9    882.3
     1     1    14     1    13     8     0     0    14.0   54.723    8.463   1115.1    873.8
     1     1    14     1    13     9     0     0    15.0   54.969    8.802   1190.0    865.8
     1     1    14     1    13    10     0     0    16.0   55.215    9.151   1261.6    857.9
     1     1    14     1    13    11     0     0    17.0   55.471    9.501   1331.1    850.1
     1     1    14     1    13    12     0     0    18.0   55.749    9.843   1401.0    842.2
     1     1    14     1    13    13     0     0    19.0   56.041   10.153   1470.6    834.4
     1     1    14     1    13    14     0     0    20.0   56.329   10.422   1539.5    827.0
     1     1    14     1    13    15     0     0    21.0   56.609   10.663   1606.7    820.0
     1     1    14     1    13    16     0     0    22.0   56.880   10.891   1672.8    813.2
     1     1    14     1    13    17     0     0    23.0   57.139   11.116   1737.8    806.7
     1     1    14     1    13    18     0     0    24.0   57.386   11.351   1801.9    800.0
     1     1    14     1    13    19     0     0    25.0   57.617   11.605   1863.3    791.7
     1     1    14     1    13    20     0     0    26.0   57.827   11.885   1923.6    781.7
     1     1    14     1    13    21     0     0    27.0   58.012   12.192   1983.6    772.8
     1     1    14     1    13    22     0     0    28.0   58.171   12.522   2043.7    764.8
     1     1    14     1    13    23     0     0    29.0   58.301   12.871   2104.3    758.2
     1     1    14     1    14     0     0     0    30.0   58.401   13.237   2165.5    752.4
     1     1    14     1    14     1     0     0    31.0   58.481   13.594   2225.3    746.9
     1     1    14     1    14     2     0     0    32.0   58.549   13.919   2280.6    742.1
     1     1    14     1    14     3     0     0    33.0   58.606   14.213   2330.3    738.0
     1     1    14     1    14     4     0     0    34.0   58.653   14.476   2373.3    734.6
     1     1    14     1    14     5     0     0    35.0   58.691   14.708   2408.7    732.0
     1     1    14     1    14     6     0     0    36.0   58.719   14.910   2435.5    730.3
     1     1    14     1    14     7     0     0    37.0   58.736   15.097   2459.1    729.5
     1     1    14     1    14     8     0     0    38.0   58.739   15.290   2484.3    728.0
     1     1    14     1    14     9     0     0    39.0   58.730   15.490   2511.6    726.4
     1     1    14     1    14    10     0     0    40.0   58.708   15.699   2540.5    724.8
     1     1    14     1    14    11     0     0    41.0   58.676   15.917   2570.9    723.0
     1     1    14     1    14    12     0     0    42.0   58.634   16.145   2602.4    721.3
     1     1    14     1    14    13     0     0    43.0   58.583   16.379   2628.8    719.4
     1     1    14     1    14    14     0     0    44.0   58.523   16.612   2642.9    719.1
     1     1    14     1    14    15     0     0    45.0   58.454   16.840   2645.5    719.9
     1     1    14     1    14    16     0     0    46.0   58.375   17.060   2637.0    721.6
     1     1    14     1    14    17     0     0    47.0   58.286   17.267   2617.9    724.1
     1     1    14     1    14    18     0     0    48.0   58.187   17.459   2589.0    727.4
