     1     1
    CDC1    14     1     1     0     0
     1 FORWARD  OMEGA   
    14     1     3     6   -1.000  -75.000   500.0
     1 PRESSURE
     1     1    14     1     3     6     0     0     0.0   -1.000  -75.000    500.0    936.6
     1     1    14     1     3     7     0     0     1.0   -1.125  -75.004    494.2    939.3
     1     1    14     1     3     8     0     0     2.0   -1.242  -75.012    489.3    941.5
     1     1    14     1     3     9     0     0     3.0   -1.349  -75.025    485.2    943.2
     1     1    14     1     3    10     0     0     4.0   -1.446  -75.045    481.8    944.4
     1     1    14     1     3    11     0     0     5.0   -1.533  -75.073    478.9    944.9
     1     1    14     1     3    12     0     0     6.0   -1.610  -75.110    476.7    944.7
     1     1    14     1     3    13     0     0     7.0   -1.680  -75.149    476.7    944.5
     1     1    14     1     3    14     0     0     8.0   -1.748  -75.187    479.7    943.8
     1     1    14     1     3    15     0     0     9.0   -1.815  -75.222    485.9    942.9
     1     1    14     1     3    16     0     0    10.0   -1.882  -75.255    495.1    941.7
     1     1    14     1     3    17     0     0    11.0   -1.950  -75.285    507.0    940.4
     1     1    14     1     3    18     0     0    12.0   -2.020  -75.313    521.5    939.0
     1     1    14     1     3    19     0     0    13.0   -2.088  -75.342    536.7    936.7
     1     1    14     1     3    20     0     0    14.0   -2.152  -75.377    551.2    934.4
     1     1    14     1     3    21     0     0    15.0   -2.212  -75.417    565.2    931.8
     1     1    14     1     3    22     0     0    16.0   -2.267  -75.462    579.0    928.9
     1     1    14     1     3    23     0     0    17.0   -2.317  -75.512    592.9    925.7
     1     1    14     1     4     0     0     0    18.0   -2.363  -75.566    607.4    922.1
     1     1    14     1     4     1     0     0    19.0   -2.408  -75.627    621.2    918.6
     1     1    14     1     4     2     0     0    20.0   -2.454  -75.695    633.7    914.8
     1     1    14     1     4     3     0     0    21.0   -2.501  -75.772    645.0    910.8
     1     1    14     1     4     4     0     0    22.0   -2.549  -75.856    655.2    905.7
     1     1    14     1     4     5     0     0    23.0   -2.598  -75.949    664.9    900.3
     1     1    14     1     4     6     0     0    24.0   -2.648  -76.049    674.6    894.6
     1     1    14     1     4     7     0     0    25.0   -2.697  -76.152    686.0    888.5
     1     1    14     1     4     8     0     0    26.0   -2.745  -76.250    700.5    882.1
     1     1    14     1     4     9     0     0    27.0   -2.791  -76.347    717.9    875.5
     1     1    14     1     4    10     0     0    28.0   -2.835  -76.445    737.9    868.6
     1     1    14     1     4    11     0     0    29.0   -2.877  -76.544    760.6    861.4
     1     1    14     1     4    12     0     0    30.0   -2.915  -76.648    785.7    853.8
     1     1    14     1     4    13     0     0    31.0   -2.954  -76.760    812.1    845.6
     1     1    14     1     4    14     0     0    32.0   -2.994  -76.884    837.6    837.0
     1     1    14     1     4    15     0     0    33.0   -3.036  -77.022    861.8    827.9
     1     1    14     1     4    16     0     0    34.0   -3.082  -77.174    884.1    818.4
     1     1    14     1     4    17     0     0    35.0   -3.132  -77.341    903.5    808.4
     1     1    14     1     4    18     0     0    36.0   -3.186  -77.525    919.8    799.1
     1     1    14     1     4    19     0     0    37.0   -3.241  -77.711    937.2    798.3
     1     1    14     1     4    20     0     0    38.0   -3.293  -77.885    955.5    797.3
     1     1    14     1     4    21     0     0    39.0   -3.342  -78.044    975.3    796.1
     1     1    14     1     4    22     0     0    40.0   -3.389  -78.190    997.7    794.6
     1     1    14     1     4    23     0     0    41.0   -3.434  -78.321   1023.6    792.6
     1     1    14     1     5     0     0     0    42.0   -3.477  -78.437   1053.7    790.3
     1     1    14     1     5     1     0     0    43.0   -3.518  -78.539   1086.7    788.0
     1     1    14     1     5     2     0     0    44.0   -3.555  -78.627   1120.7    785.8
     1     1    14     1     5     3     0     0    45.0   -3.587  -78.702   1155.1    783.5
     1     1    14     1     5     4     0     0    46.0   -3.617  -78.764   1189.2    781.2
     1     1    14     1     5     5     0     0    47.0   -3.643  -78.814   1222.7    778.9
     1     1    14     1     5     6     0     0    48.0   -3.666  -78.853   1254.9    776.7
