     1     1
    CDC1    14     1     1     0     0
     1 FORWARD  OMEGA   
    14     1    21    18   -1.000  -75.000   500.0
     1 PRESSURE
     1     1    14     1    21    18     0     0     0.0   -1.000  -75.000    500.0    936.3
     1     1    14     1    21    19     0     0     1.0   -1.056  -75.004    498.3    936.8
     1     1    14     1    21    20     0     0     2.0   -1.113  -75.005    495.9    937.6
     1     1    14     1    21    21     0     0     3.0   -1.171  -75.005    492.8    938.5
     1     1    14     1    21    22     0     0     4.0   -1.230  -75.002    489.2    939.6
     1     1    14     1    21    23     0     0     5.0   -1.290  -74.997    485.0    940.8
     1     1    14     1    22     0     0     0     6.0   -1.351  -74.989    480.3    941.9
     1     1    14     1    22     1     0     0     7.0   -1.413  -74.982    475.3    944.3
     1     1    14     1    22     2     0     0     8.0   -1.480  -74.980    469.9    946.9
     1     1    14     1    22     3     0     0     9.0   -1.551  -74.982    464.1    949.6
     1     1    14     1    22     4     0     0    10.0   -1.628  -74.988    457.9    952.4
     1     1    14     1    22     5     0     0    11.0   -1.709  -74.999    451.2    955.5
     1     1    14     1    22     6     0     0    12.0   -1.796  -75.014    443.9    958.1
     1     1    14     1    22     7     0     0    13.0   -1.885  -75.032    436.8    959.7
     1     1    14     1    22     8     0     0    14.0   -1.971  -75.055    431.3    960.8
     1     1    14     1    22     9     0     0    15.0   -2.054  -75.082    427.0    961.4
     1     1    14     1    22    10     0     0    16.0   -2.133  -75.112    423.9    961.7
     1     1    14     1    22    11     0     0    17.0   -2.208  -75.146    421.8    961.5
     1     1    14     1    22    12     0     0    18.0   -2.278  -75.183    420.6    961.0
     1     1    14     1    22    13     0     0    19.0   -2.344  -75.227    421.4    960.2
     1     1    14     1    22    14     0     0    20.0   -2.406  -75.279    424.9    958.4
     1     1    14     1    22    15     0     0    21.0   -2.464  -75.341    431.4    955.7
     1     1    14     1    22    16     0     0    22.0   -2.518  -75.414    441.1    951.6
     1     1    14     1    22    17     0     0    23.0   -2.570  -75.498    454.0    946.1
     1     1    14     1    22    18     0     0    24.0   -2.619  -75.593    470.6    939.5
     1     1    14     1    22    19     0     0    25.0   -2.670  -75.690    489.6    932.2
     1     1    14     1    22    20     0     0    26.0   -2.724  -75.779    509.8    925.3
     1     1    14     1    22    21     0     0    27.0   -2.781  -75.861    531.5    918.6
     1     1    14     1    22    22     0     0    28.0   -2.843  -75.935    555.0    912.2
     1     1    14     1    22    23     0     0    29.0   -2.910  -76.004    580.7    905.9
     1     1    14     1    23     0     0     0    30.0   -2.981  -76.066    609.0    899.7
     1     1    14     1    23     1     0     0    31.0   -3.049  -76.119    637.6    894.1
     1     1    14     1    23     2     0     0    32.0   -3.107  -76.158    664.4    889.4
     1     1    14     1    23     3     0     0    33.0   -3.156  -76.184    689.3    885.7
     1     1    14     1    23     4     0     0    34.0   -3.196  -76.197    712.0    882.9
     1     1    14     1    23     5     0     0    35.0   -3.227  -76.198    732.3    881.0
     1     1    14     1    23     6     0     0    36.0   -3.248  -76.188    750.0    880.0
     1     1    14     1    23     7     0     0    37.0   -3.267  -76.174    767.1    879.2
     1     1    14     1    23     8     0     0    38.0   -3.288  -76.166    785.7    877.8
     1     1    14     1    23     9     0     0    39.0   -3.313  -76.162    806.0    876.1
     1     1    14     1    23    10     0     0    40.0   -3.342  -76.164    827.9    873.9
     1     1    14     1    23    11     0     0    41.0   -3.374  -76.171    851.5    871.3
     1     1    14     1    23    12     0     0    42.0   -3.411  -76.184    876.8    868.3
     1     1    14     1    23    13     0     0    43.0   -3.453  -76.204    903.1    864.5
     1     1    14     1    23    14     0     0    44.0   -3.503  -76.237    929.5    860.0
     1     1    14     1    23    15     0     0    45.0   -3.560  -76.281    956.1    854.8
     1     1    14     1    23    16     0     0    46.0   -3.624  -76.338    983.2    849.0
     1     1    14     1    23    17     0     0    47.0   -3.694  -76.408   1010.5    842.5
     1     1    14     1    23    18     0     0    48.0   -3.771  -76.494   1038.0    835.4
