     1     1
    CDC1    14     1     1     0     0
     1 FORWARD  OMEGA   
    14     1    28     6   -1.000  -75.000   500.0
     1 PRESSURE
     1     1    14     1    28     6     0     0     0.0   -1.000  -75.000    500.0    936.7
     1     1    14     1    28     7     0     0     1.0   -1.027  -75.113    505.2    932.2
     1     1    14     1    28     8     0     0     2.0   -1.043  -75.224    514.1    926.8
     1     1    14     1    28     9     0     0     3.0   -1.050  -75.335    526.5    920.9
     1     1    14     1    28    10     0     0     4.0   -1.047  -75.447    542.1    914.5
     1     1    14     1    28    11     0     0     5.0   -1.035  -75.558    560.6    907.7
     1     1    14     1    28    12     0     0     6.0   -1.015  -75.671    581.8    900.5
     1     1    14     1    28    13     0     0     7.0   -0.996  -75.783    606.9    893.4
     1     1    14     1    28    14     0     0     8.0   -0.989  -75.896    636.5    885.6
     1     1    14     1    28    15     0     0     9.0   -0.995  -76.008    670.7    877.4
     1     1    14     1    28    16     0     0    10.0   -1.016  -76.120    709.4    869.1
     1     1    14     1    28    17     0     0    11.0   -1.051  -76.230    752.4    860.7
     1     1    14     1    28    18     0     0    12.0   -1.101  -76.340    799.5    852.3
     1     1    14     1    28    19     0     0    13.0   -1.164  -76.446    847.4    843.6
     1     1    14     1    28    20     0     0    14.0   -1.237  -76.545    893.6    835.9
     1     1    14     1    28    21     0     0    15.0   -1.319  -76.636    938.5    828.4
     1     1    14     1    28    22     0     0    16.0   -1.412  -76.719    982.5    821.2
     1     1    14     1    28    23     0     0    17.0   -1.515  -76.792   1026.3    814.7
     1     1    14     1    29     0     0     0    18.0   -1.629  -76.856   1070.1    808.6
     1     1    14     1    29     1     0     0    19.0   -1.753  -76.910   1113.7    803.5
     1     1    14     1    29     2     0     0    20.0   -1.886  -76.957   1155.8    798.9
     1     1    14     1    29     3     0     0    21.0   -2.029  -76.998   1196.2    794.8
     1     1    14     1    29     4     0     0    22.0   -2.182  -77.034   1234.3    791.3
     1     1    14     1    29     5     0     0    23.0   -2.344  -77.065   1269.6    788.1
     1     1    14     1    29     6     0     0    24.0   -2.515  -77.093   1301.7    785.0
     1     1    14     1    29     7     0     0    25.0   -2.690  -77.128   1329.0    780.1
     1     1    14     1    29     8     0     0    26.0   -2.863  -77.177   1353.9    774.8
     1     1    14     1    29     9     0     0    27.0   -3.035  -77.241   1376.0    769.2
     1     1    14     1    29    10     0     0    28.0   -3.204  -77.316   1395.3    763.3
     1     1    14     1    29    11     0     0    29.0   -3.372  -77.402   1412.0    757.3
     1     1    14     1    29    12     0     0    30.0   -3.537  -77.497   1426.3    751.1
     1     1    14     1    29    13     0     0    31.0   -3.700  -77.594   1447.1    749.9
     1     1    14     1    29    14     0     0    32.0   -3.862  -77.690   1475.6    747.6
     1     1    14     1    29    15     0     0    33.0   -4.026  -77.784   1511.7    744.7
     1     1    14     1    29    16     0     0    34.0   -4.191  -77.876   1555.2    741.2
     1     1    14     1    29    17     0     0    35.0   -4.360  -77.965   1606.0    737.1
     1     1    14     1    29    18     0     0    36.0   -4.534  -78.051   1664.1    732.4
     1     1    14     1    29    19     0     0    37.0   -4.711  -78.130   1725.5    726.8
     1     1    14     1    29    20     0     0    38.0   -4.888  -78.198   1785.4    721.7
     1     1    14     1    29    21     0     0    39.0   -5.064  -78.256   1843.1    716.0
     1     1    14     1    29    22     0     0    40.0   -5.237  -78.301   1897.6    709.1
     1     1    14     1    29    23     0     0    41.0   -5.405  -78.334   1950.8    702.5
     1     1    14     1    30     0     0     0    42.0   -5.568  -78.355   2002.4    696.2
     1     1    14     1    30     1     0     0    43.0   -5.732  -78.371   2049.4    690.2
     1     1    14     1    30     2     0     0    44.0   -5.903  -78.389   2090.7    685.0
     1     1    14     1    30     3     0     0    45.0   -6.079  -78.406   2125.8    680.2
     1     1    14     1    30     4     0     0    46.0   -6.259  -78.424   2155.2    675.9
     1     1    14     1    30     5     0     0    47.0   -6.445  -78.442   2179.6    672.1
     1     1    14     1    30     6     0     0    48.0   -6.636  -78.462   2199.7    668.7
