     1     1
    CDC1    14     1     1     0     0
     1 FORWARD  OMEGA   
    14     1     2    18   -1.000  -75.000   500.0
     1 PRESSURE
     1     1    14     1     2    18     0     0     0.0   -1.000  -75.000    500.0    936.0
     1     1    14     1     2    19     0     0     1.0   -1.116  -75.074    516.0    932.7
     1     1    14     1     2    20     0     0     2.0   -1.231  -75.144    527.6    930.1
     1     1    14     1     2    21     0     0     3.0   -1.345  -75.211    535.1    928.0
     1     1    14     1     2    22     0     0     4.0   -1.457  -75.273    538.9    926.4
     1     1    14     1     2    23     0     0     5.0   -1.567  -75.330    539.2    925.3
     1     1    14     1     3     0     0     0     6.0   -1.675  -75.382    536.4    924.6
     1     1    14     1     3     1     0     0     7.0   -1.783  -75.424    532.3    925.8
     1     1    14     1     3     2     0     0     8.0   -1.894  -75.452    528.4    927.4
     1     1    14     1     3     3     0     0     9.0   -2.008  -75.465    524.3    929.7
     1     1    14     1     3     4     0     0    10.0   -2.124  -75.463    519.7    932.8
     1     1    14     1     3     5     0     0    11.0   -2.245  -75.448    514.3    936.7
     1     1    14     1     3     6     0     0    12.0   -2.370  -75.418    507.9    941.5
     1     1    14     1     3     7     0     0    13.0   -2.491  -75.387    501.0    945.7
     1     1    14     1     3     8     0     0    14.0   -2.600  -75.371    494.3    947.2
     1     1    14     1     3     9     0     0    15.0   -2.698  -75.367    488.1    947.7
     1     1    14     1     3    10     0     0    16.0   -2.784  -75.379    482.5    947.5
     1     1    14     1     3    11     0     0    17.0   -2.859  -75.406    477.5    946.5
     1     1    14     1     3    12     0     0    18.0   -2.922  -75.449    473.4    944.6
     1     1    14     1     3    13     0     0    19.0   -2.980  -75.498    471.4    942.7
     1     1    14     1     3    14     0     0    20.0   -3.041  -75.542    472.0    940.6
     1     1    14     1     3    15     0     0    21.0   -3.106  -75.582    474.9    938.4
     1     1    14     1     3    16     0     0    22.0   -3.175  -75.620    480.0    936.1
     1     1    14     1     3    17     0     0    23.0   -3.250  -75.655    486.7    933.7
     1     1    14     1     3    18     0     0    24.0   -3.332  -75.687    494.9    931.3
     1     1    14     1     3    19     0     0    25.0   -3.414  -75.720    504.2    928.3
     1     1    14     1     3    20     0     0    26.0   -3.489  -75.752    514.6    925.1
     1     1    14     1     3    21     0     0    27.0   -3.558  -75.783    526.4    921.8
     1     1    14     1     3    22     0     0    28.0   -3.620  -75.813    539.8    918.5
     1     1    14     1     3    23     0     0    29.0   -3.675  -75.841    554.8    915.2
     1     1    14     1     4     0     0     0    30.0   -3.721  -75.865    571.8    911.8
     1     1    14     1     4     1     0     0    31.0   -3.767  -75.892    589.1    908.9
     1     1    14     1     4     2     0     0    32.0   -3.820  -75.929    604.7    905.8
     1     1    14     1     4     3     0     0    33.0   -3.879  -75.976    619.0    902.3
     1     1    14     1     4     4     0     0    34.0   -3.945  -76.033    632.2    898.3
     1     1    14     1     4     5     0     0    35.0   -4.019  -76.101    644.5    893.7
     1     1    14     1     4     6     0     0    36.0   -4.100  -76.180    656.3    888.7
     1     1    14     1     4     7     0     0    37.0   -4.182  -76.267    668.6    882.8
     1     1    14     1     4     8     0     0    38.0   -4.257  -76.362    682.7    876.3
     1     1    14     1     4     9     0     0    39.0   -4.324  -76.466    698.0    869.2
     1     1    14     1     4    10     0     0    40.0   -4.383  -76.582    714.4    861.4
     1     1    14     1     4    11     0     0    41.0   -4.432  -76.714    731.5    852.8
     1     1    14     1     4    12     0     0    42.0   -4.472  -76.864    749.0    843.4
     1     1    14     1     4    13     0     0    43.0   -4.509  -77.032    765.7    833.2
     1     1    14     1     4    14     0     0    44.0   -4.553  -77.220    778.6    822.5
     1     1    14     1     4    15     0     0    45.0   -4.604  -77.429    787.2    811.2
     1     1    14     1     4    16     0     0    46.0   -4.661  -77.655    793.5    808.2
     1     1    14     1     4    17     0     0    47.0   -4.722  -77.890    795.8    809.9
     1     1    14     1     4    18     0     0    48.0   -4.786  -78.132    793.3    812.1
