     1     1
    CDC1    14     1     1     0     0
     1 FORWARD  OMEGA   
    14     1     3     0   -1.000  -75.000   500.0
     1 PRESSURE
     1     1    14     1     3     0     0     0     0.0   -1.000  -75.000    500.0    932.6
     1     1    14     1     3     1     0     0     1.0   -1.115  -75.062    490.0    934.1
     1     1    14     1     3     2     0     0     2.0   -1.229  -75.108    481.3    935.9
     1     1    14     1     3     3     0     0     3.0   -1.344  -75.140    473.8    938.1
     1     1    14     1     3     4     0     0     4.0   -1.459  -75.157    467.0    940.9
     1     1    14     1     3     5     0     0     5.0   -1.576  -75.160    460.7    944.2
     1     1    14     1     3     6     0     0     6.0   -1.694  -75.149    454.6    948.2
     1     1    14     1     3     7     0     0     7.0   -1.809  -75.135    448.6    951.5
     1     1    14     1     3     8     0     0     8.0   -1.913  -75.131    443.1    954.0
     1     1    14     1     3     9     0     0     9.0   -2.006  -75.137    437.8    955.9
     1     1    14     1     3    10     0     0    10.0   -2.088  -75.154    432.7    957.0
     1     1    14     1     3    11     0     0    11.0   -2.159  -75.183    427.7    957.3
     1     1    14     1     3    12     0     0    12.0   -2.218  -75.225    422.9    956.7
     1     1    14     1     3    13     0     0    13.0   -2.270  -75.270    420.1    956.2
     1     1    14     1     3    14     0     0    14.0   -2.321  -75.311    420.6    955.2
     1     1    14     1     3    15     0     0    15.0   -2.373  -75.349    424.2    954.0
     1     1    14     1     3    16     0     0    16.0   -2.425  -75.384    430.7    952.6
     1     1    14     1     3    17     0     0    17.0   -2.480  -75.416    439.9    951.1
     1     1    14     1     3    18     0     0    18.0   -2.537  -75.445    451.5    948.8
     1     1    14     1     3    19     0     0    19.0   -2.595  -75.475    464.3    945.4
     1     1    14     1     3    20     0     0    20.0   -2.649  -75.509    477.5    941.9
     1     1    14     1     3    21     0     0    21.0   -2.700  -75.546    491.2    938.1
     1     1    14     1     3    22     0     0    22.0   -2.746  -75.587    505.6    934.2
     1     1    14     1     3    23     0     0    23.0   -2.787  -75.631    520.8    930.0
     1     1    14     1     4     0     0     0    24.0   -2.825  -75.676    537.0    925.7
     1     1    14     1     4     1     0     0    25.0   -2.862  -75.727    552.9    921.6
     1     1    14     1     4     2     0     0    26.0   -2.903  -75.785    567.2    917.5
     1     1    14     1     4     3     0     0    27.0   -2.947  -75.850    580.2    913.2
     1     1    14     1     4     4     0     0    28.0   -2.994  -75.924    592.3    908.7
     1     1    14     1     4     5     0     0    29.0   -3.045  -76.006    603.8    903.8
     1     1    14     1     4     6     0     0    30.0   -3.098  -76.097    615.2    898.5
     1     1    14     1     4     7     0     0    31.0   -3.152  -76.192    627.9    892.4
     1     1    14     1     4     8     0     0    32.0   -3.203  -76.286    642.9    886.0
     1     1    14     1     4     9     0     0    33.0   -3.250  -76.382    660.0    879.2
     1     1    14     1     4    10     0     0    34.0   -3.293  -76.481    679.2    872.2
     1     1    14     1     4    11     0     0    35.0   -3.331  -76.586    700.2    864.7
     1     1    14     1     4    12     0     0    36.0   -3.365  -76.699    723.0    856.7
     1     1    14     1     4    13     0     0    37.0   -3.398  -76.823    746.5    848.0
     1     1    14     1     4    14     0     0    38.0   -3.434  -76.960    768.5    839.0
     1     1    14     1     4    15     0     0    39.0   -3.473  -77.112    788.6    829.5
     1     1    14     1     4    16     0     0    40.0   -3.517  -77.280    806.1    819.5
     1     1    14     1     4    17     0     0    41.0   -3.567  -77.465    820.0    809.1
     1     1    14     1     4    18     0     0    42.0   -3.620  -77.663    832.6    807.1
     1     1    14     1     4    19     0     0    43.0   -3.672  -77.857    844.5    807.2
     1     1    14     1     4    20     0     0    44.0   -3.720  -78.033    858.9    806.9
     1     1    14     1     4    21     0     0    45.0   -3.765  -78.191    876.7    806.1
     1     1    14     1     4    22     0     0    46.0   -3.807  -78.331    898.8    804.8
     1     1    14     1     4    23     0     0    47.0   -3.846  -78.453    925.8    802.7
     1     1    14     1     5     0     0     0    48.0   -3.883  -78.557    958.4    799.9
