     1     1
    CDC1    14     1     1     0     0
     1 FORWARD  OMEGA   
    14     1    29     6   -1.000  -75.000   500.0
     1 PRESSURE
     1     1    14     1    29     6     0     0     0.0   -1.000  -75.000    500.0    937.8
     1     1    14     1    29     7     0     0     1.0   -1.037  -74.999    507.4    937.3
     1     1    14     1    29     8     0     0     2.0   -1.074  -75.011    515.6    936.3
     1     1    14     1    29     9     0     0     3.0   -1.111  -75.037    524.9    934.6
     1     1    14     1    29    10     0     0     4.0   -1.149  -75.078    535.3    932.1
     1     1    14     1    29    11     0     0     5.0   -1.188  -75.132    547.1    928.9
     1     1    14     1    29    12     0     0     6.0   -1.228  -75.201    560.2    925.0
     1     1    14     1    29    13     0     0     7.0   -1.268  -75.277    576.3    920.9
     1     1    14     1    29    14     0     0     8.0   -1.307  -75.352    596.3    916.2
     1     1    14     1    29    15     0     0     9.0   -1.346  -75.428    620.8    911.1
     1     1    14     1    29    16     0     0    10.0   -1.385  -75.504    649.9    905.2
     1     1    14     1    29    17     0     0    11.0   -1.423  -75.580    684.2    898.6
     1     1    14     1    29    18     0     0    12.0   -1.462  -75.657    724.0    891.6
     1     1    14     1    29    19     0     0    13.0   -1.502  -75.730    765.0    884.3
     1     1    14     1    29    20     0     0    14.0   -1.542  -75.794    803.0    878.2
     1     1    14     1    29    21     0     0    15.0   -1.582  -75.848    837.6    873.0
     1     1    14     1    29    22     0     0    16.0   -1.622  -75.892    868.8    868.6
     1     1    14     1    29    23     0     0    17.0   -1.660  -75.926    896.5    865.0
     1     1    14     1    30     0     0     0    18.0   -1.696  -75.950    920.6    862.0
     1     1    14     1    30     1     0     0    19.0   -1.730  -75.969    941.4    859.8
     1     1    14     1    30     2     0     0    20.0   -1.759  -75.990    959.4    857.8
     1     1    14     1    30     3     0     0    21.0   -1.785  -76.010    974.4    856.1
     1     1    14     1    30     4     0     0    22.0   -1.808  -76.030    986.1    854.6
     1     1    14     1    30     5     0     0    23.0   -1.826  -76.049    994.3    853.5
     1     1    14     1    30     6     0     0    24.0   -1.841  -76.068    998.8    852.7
     1     1    14     1    30     7     0     0    25.0   -1.853  -76.092   1004.2    851.6
     1     1    14     1    30     8     0     0    26.0   -1.866  -76.130   1015.3    848.9
     1     1    14     1    30     9     0     0    27.0   -1.879  -76.180   1032.3    845.0
     1     1    14     1    30    10     0     0    28.0   -1.892  -76.244   1055.6    840.0
     1     1    14     1    30    11     0     0    29.0   -1.906  -76.321   1085.5    833.7
     1     1    14     1    30    12     0     0    30.0   -1.920  -76.411   1122.5    826.2
     1     1    14     1    30    13     0     0    31.0   -1.940  -76.511   1165.1    817.9
     1     1    14     1    30    14     0     0    32.0   -1.975  -76.615   1210.2    809.6
     1     1    14     1    30    15     0     0    33.0   -2.025  -76.723   1257.6    801.1
     1     1    14     1    30    16     0     0    34.0   -2.087  -76.835   1306.7    792.1
     1     1    14     1    30    17     0     0    35.0   -2.163  -76.949   1357.0    782.9
     1     1    14     1    30    18     0     0    36.0   -2.252  -77.067   1408.0    773.6
     1     1    14     1    30    19     0     0    37.0   -2.345  -77.187   1463.8    764.3
     1     1    14     1    30    20     0     0    38.0   -2.436  -77.308   1529.9    753.8
     1     1    14     1    30    21     0     0    39.0   -2.529  -77.433   1608.3    741.9
     1     1    14     1    30    22     0     0    40.0   -2.624  -77.564   1703.0    730.9
     1     1    14     1    30    23     0     0    41.0   -2.723  -77.701   1815.4    721.4
     1     1    14     1    31     0     0     0    42.0   -2.829  -77.849   1943.6    711.1
     1     1    14     1    31     1     0     0    43.0   -2.937  -78.006   2075.4    699.7
     1     1    14     1    31     2     0     0    44.0   -3.042  -78.165   2196.1    689.8
     1     1    14     1    31     3     0     0    45.0   -3.141  -78.325   2301.8    681.4
     1     1    14     1    31     4     0     0    46.0   -3.232  -78.485   2391.9    674.6
     1     1    14     1    31     5     0     0    47.0   -3.316  -78.648   2467.3    669.2
     1     1    14     1    31     6     0     0    48.0   -3.395  -78.816   2528.8    665.0
