     1     1
    CDC1    14     1     1     0     0
     1 FORWARD  OMEGA   
    14     1     8    12   -1.000  -75.000   500.0
     1 PRESSURE
     1     1    14     1     8    12     0     0     0.0   -1.000  -75.000    500.0    936.3
     1     1    14     1     8    13     0     0     1.0   -0.950  -75.038    512.8    932.6
     1     1    14     1     8    14     0     0     2.0   -0.900  -75.076    528.4    928.4
     1     1    14     1     8    15     0     0     3.0   -0.850  -75.114    547.0    924.0
     1     1    14     1     8    16     0     0     4.0   -0.802  -75.153    568.9    919.4
     1     1    14     1     8    17     0     0     5.0   -0.757  -75.191    594.6    914.5
     1     1    14     1     8    18     0     0     6.0   -0.714  -75.230    624.4    909.3
     1     1    14     1     8    19     0     0     7.0   -0.677  -75.269    654.2    903.2
     1     1    14     1     8    20     0     0     8.0   -0.647  -75.306    679.2    898.4
     1     1    14     1     8    21     0     0     9.0   -0.624  -75.342    699.5    894.3
     1     1    14     1     8    22     0     0    10.0   -0.608  -75.376    714.9    891.0
     1     1    14     1     8    23     0     0    11.0   -0.599  -75.408    725.5    888.4
     1     1    14     1     9     0     0     0    12.0   -0.596  -75.438    731.1    886.6
     1     1    14     1     9     1     0     0    13.0   -0.596  -75.469    734.0    885.5
     1     1    14     1     9     2     0     0    14.0   -0.595  -75.506    735.8    884.1
     1     1    14     1     9     3     0     0    15.0   -0.591  -75.549    736.7    882.5
     1     1    14     1     9     4     0     0    16.0   -0.586  -75.598    736.7    880.7
     1     1    14     1     9     5     0     0    17.0   -0.577  -75.652    735.6    878.8
     1     1    14     1     9     6     0     0    18.0   -0.565  -75.712    733.4    876.8
     1     1    14     1     9     7     0     0    19.0   -0.553  -75.770    730.3    874.7
     1     1    14     1     9     8     0     0    20.0   -0.544  -75.820    726.0    873.2
     1     1    14     1     9     9     0     0    21.0   -0.539  -75.861    720.5    872.2
     1     1    14     1     9    10     0     0    22.0   -0.537  -75.893    713.5    871.7
     1     1    14     1     9    11     0     0    23.0   -0.540  -75.916    705.2    871.8
     1     1    14     1     9    12     0     0    24.0   -0.547  -75.930    695.3    872.5
     1     1    14     1     9    13     0     0    25.0   -0.560  -75.941    688.0    873.4
     1     1    14     1     9    14     0     0    26.0   -0.579  -75.951    686.9    873.3
     1     1    14     1     9    15     0     0    27.0   -0.605  -75.962    692.0    872.6
     1     1    14     1     9    16     0     0    28.0   -0.638  -75.972    703.3    871.4
     1     1    14     1     9    17     0     0    29.0   -0.679  -75.984    720.8    869.6
     1     1    14     1     9    18     0     0    30.0   -0.728  -75.996    744.6    867.3
     1     1    14     1     9    19     0     0    31.0   -0.782  -76.014    771.1    864.2
     1     1    14     1     9    20     0     0    32.0   -0.834  -76.045    797.1    861.0
     1     1    14     1     9    21     0     0    33.0   -0.886  -76.087    822.4    857.5
     1     1    14     1     9    22     0     0    34.0   -0.937  -76.141    847.3    853.6
     1     1    14     1     9    23     0     0    35.0   -0.987  -76.206    872.0    849.2
     1     1    14     1    10     0     0     0    36.0   -1.037  -76.281    896.7    844.5
     1     1    14     1    10     1     0     0    37.0   -1.086  -76.367    920.9    839.2
     1     1    14     1    10     2     0     0    38.0   -1.131  -76.462    944.4    833.5
     1     1    14     1    10     3     0     0    39.0   -1.175  -76.567    966.7    827.4
     1     1    14     1    10     4     0     0    40.0   -1.216  -76.682    987.7    821.2
     1     1    14     1    10     5     0     0    41.0   -1.256  -76.806   1006.8    814.7
     1     1    14     1    10     6     0     0    42.0   -1.295  -76.939   1023.8    808.0
     1     1    14     1    10     7     0     0    43.0   -1.334  -77.072   1041.5    801.4
     1     1    14     1    10     8     0     0    44.0   -1.370  -77.196   1062.6    794.6
     1     1    14     1    10     9     0     0    45.0   -1.403  -77.309   1087.7    787.7
     1     1    14     1    10    10     0     0    46.0   -1.431  -77.411   1116.8    780.9
     1     1    14     1    10    11     0     0    47.0   -1.453  -77.503   1150.2    774.3
     1     1    14     1    10    12     0     0    48.0   -1.466  -77.583   1189.7    771.5
