     1     1
    CDC1    14     1     1     0     0
     1 FORWARD  OMEGA   
    14     1     4     6   -1.000  -75.000   500.0
     1 PRESSURE
     1     1    14     1     4     6     0     0     0.0   -1.000  -75.000    500.0    935.2
     1     1    14     1     4     7     0     0     1.0   -1.031  -75.092    501.5    932.2
     1     1    14     1     4     8     0     0     2.0   -1.068  -75.169    505.5    929.5
     1     1    14     1     4     9     0     0     3.0   -1.110  -75.230    511.8    927.2
     1     1    14     1     4    10     0     0     4.0   -1.157  -75.276    520.2    925.3
     1     1    14     1     4    11     0     0     5.0   -1.208  -75.309    530.6    923.8
     1     1    14     1     4    12     0     0     6.0   -1.264  -75.330    542.7    922.8
     1     1    14     1     4    13     0     0     7.0   -1.321  -75.349    557.2    921.2
     1     1    14     1     4    14     0     0     8.0   -1.372  -75.378    574.8    918.7
     1     1    14     1     4    15     0     0     9.0   -1.420  -75.416    595.3    915.6
     1     1    14     1     4    16     0     0    10.0   -1.464  -75.463    618.9    911.7
     1     1    14     1     4    17     0     0    11.0   -1.505  -75.520    645.5    906.7
     1     1    14     1     4    18     0     0    12.0   -1.543  -75.586    674.8    900.9
     1     1    14     1     4    19     0     0    13.0   -1.580  -75.663    703.7    894.7
     1     1    14     1     4    20     0     0    14.0   -1.614  -75.754    729.0    888.6
     1     1    14     1     4    21     0     0    15.0   -1.645  -75.856    751.0    882.3
     1     1    14     1     4    22     0     0    16.0   -1.673  -75.970    769.5    875.8
     1     1    14     1     4    23     0     0    17.0   -1.698  -76.094    784.7    869.1
     1     1    14     1     5     0     0     0    18.0   -1.719  -76.226    796.7    862.4
     1     1    14     1     5     1     0     0    19.0   -1.738  -76.355    807.5    856.3
     1     1    14     1     5     2     0     0    20.0   -1.752  -76.471    819.8    850.5
     1     1    14     1     5     3     0     0    21.0   -1.763  -76.572    833.5    845.1
     1     1    14     1     5     4     0     0    22.0   -1.768  -76.660    848.8    840.1
     1     1    14     1     5     5     0     0    23.0   -1.769  -76.735    865.9    835.5
     1     1    14     1     5     6     0     0    24.0   -1.765  -76.797    884.8    831.3
     1     1    14     1     5     7     0     0    25.0   -1.756  -76.854    904.1    826.9
     1     1    14     1     5     8     0     0    26.0   -1.744  -76.915    921.7    822.4
     1     1    14     1     5     9     0     0    27.0   -1.727  -76.981    937.5    817.9
     1     1    14     1     5    10     0     0    28.0   -1.706  -77.051    951.2    813.3
     1     1    14     1     5    11     0     0    29.0   -1.680  -77.126    962.5    808.8
     1     1    14     1     5    12     0     0    30.0   -1.649  -77.205    971.0    804.4
     1     1    14     1     5    13     0     0    31.0   -1.614  -77.289    979.7    800.2
     1     1    14     1     5    14     0     0    32.0   -1.576  -77.377    991.8    795.2
     1     1    14     1     5    15     0     0    33.0   -1.534  -77.470   1007.4    789.7
     1     1    14     1     5    16     0     0    34.0   -1.490  -77.566   1028.3    787.1
     1     1    14     1     5    17     0     0    35.0   -1.443  -77.664   1053.7    785.7
     1     1    14     1     5    18     0     0    36.0   -1.392  -77.764   1082.8    784.1
     1     1    14     1     5    19     0     0    37.0   -1.342  -77.867   1113.2    781.8
     1     1    14     1     5    20     0     0    38.0   -1.299  -77.976   1143.4    780.1
     1     1    14     1     5    21     0     0    39.0   -1.263  -78.091   1172.9    778.5
     1     1    14     1     5    22     0     0    40.0   -1.233  -78.211   1201.7    777.1
     1     1    14     1     5    23     0     0    41.0   -1.209  -78.337   1229.9    776.0
     1     1    14     1     6     0     0     0    42.0   -1.191  -78.467   1257.7    774.9
     1     1    14     1     6     1     0     0    43.0   -1.177  -78.592   1286.5    773.9
     1     1    14     1     6     2     0     0    44.0   -1.163  -78.704   1318.7    772.3
     1     1    14     1     6     3     0     0    45.0   -1.151  -78.804   1354.5    770.3
     1     1    14     1     6     4     0     0    46.0   -1.141  -78.893   1394.1    767.9
     1     1    14     1     6     5     0     0    47.0   -1.134  -78.972   1437.9    765.0
     1     1    14     1     6     6     0     0    48.0   -1.131  -79.042   1485.9    761.6
