     1     1
    CDC1    14     1     1     0     0
     1 FORWARD  OMEGA   
    14     1    22    18   -1.000  -75.000   500.0
     1 PRESSURE
     1     1    14     1    22    18     0     0     0.0   -1.000  -75.000    500.0    936.5
     1     1    14     1    22    19     0     0     1.0   -1.069  -75.084    520.2    932.0
     1     1    14     1    22    20     0     0     2.0   -1.138  -75.160    539.6    927.9
     1     1    14     1    22    21     0     0     3.0   -1.208  -75.229    558.5    924.2
     1     1    14     1    22    22     0     0     4.0   -1.280  -75.290    576.9    920.8
     1     1    14     1    22    23     0     0     5.0   -1.355  -75.345    595.1    917.8
     1     1    14     1    23     0     0     0     6.0   -1.433  -75.394    613.2    915.0
     1     1    14     1    23     1     0     0     7.0   -1.506  -75.437    630.2    912.8
     1     1    14     1    23     2     0     0     8.0   -1.564  -75.475    645.5    910.6
     1     1    14     1    23     3     0     0     9.0   -1.608  -75.506    658.7    908.8
     1     1    14     1    23     4     0     0    10.0   -1.638  -75.530    669.6    907.2
     1     1    14     1    23     5     0     0    11.0   -1.652  -75.547    678.2    906.1
     1     1    14     1    23     6     0     0    12.0   -1.652  -75.557    684.2    905.2
     1     1    14     1    23     7     0     0    13.0   -1.646  -75.565    689.9    904.5
     1     1    14     1    23     8     0     0    14.0   -1.640  -75.577    698.3    903.1
     1     1    14     1    23     9     0     0    15.0   -1.637  -75.594    709.3    901.2
     1     1    14     1    23    10     0     0    16.0   -1.635  -75.617    723.0    898.8
     1     1    14     1    23    11     0     0    17.0   -1.636  -75.645    739.4    895.9
     1     1    14     1    23    12     0     0    18.0   -1.638  -75.679    758.5    892.6
     1     1    14     1    23    13     0     0    19.0   -1.646  -75.719    780.1    888.3
     1     1    14     1    23    14     0     0    20.0   -1.665  -75.764    804.3    883.8
     1     1    14     1    23    15     0     0    21.0   -1.695  -75.816    831.1    878.9
     1     1    14     1    23    16     0     0    22.0   -1.735  -75.874    860.9    873.7
     1     1    14     1    23    17     0     0    23.0   -1.785  -75.940    893.8    868.1
     1     1    14     1    23    18     0     0    24.0   -1.845  -76.013    930.0    861.8
     1     1    14     1    23    19     0     0    25.0   -1.913  -76.090    967.3    855.3
     1     1    14     1    23    20     0     0    26.0   -1.986  -76.164   1002.5    849.4
     1     1    14     1    23    21     0     0    27.0   -2.065  -76.235   1035.6    844.0
     1     1    14     1    23    22     0     0    28.0   -2.150  -76.302   1066.4    839.1
     1     1    14     1    23    23     0     0    29.0   -2.243  -76.365   1094.8    834.7
     1     1    14     1    24     0     0     0    30.0   -2.342  -76.423   1120.9    830.8
     1     1    14     1    24     1     0     0    31.0   -2.443  -76.478   1144.1    827.3
     1     1    14     1    24     2     0     0    32.0   -2.536  -76.531   1163.1    823.8
     1     1    14     1    24     3     0     0    33.0   -2.621  -76.581   1177.7    820.2
     1     1    14     1    24     4     0     0    34.0   -2.699  -76.629   1188.2    817.1
     1     1    14     1    24     5     0     0    35.0   -2.768  -76.672   1194.5    814.6
     1     1    14     1    24     6     0     0    36.0   -2.829  -76.712   1196.8    812.7
     1     1    14     1    24     7     0     0    37.0   -2.890  -76.753   1198.8    810.7
     1     1    14     1    24     8     0     0    38.0   -2.961  -76.804   1206.1    807.4
     1     1    14     1    24     9     0     0    39.0   -3.039  -76.864   1218.2    803.3
     1     1    14     1    24    10     0     0    40.0   -3.127  -76.935   1235.1    798.2
     1     1    14     1    24    11     0     0    41.0   -3.221  -77.016   1256.9    792.2
     1     1    14     1    24    12     0     0    42.0   -3.324  -77.108   1284.0    785.0
     1     1    14     1    24    13     0     0    43.0   -3.429  -77.202   1313.3    777.1
     1     1    14     1    24    14     0     0    44.0   -3.533  -77.288   1340.6    770.1
     1     1    14     1    24    15     0     0    45.0   -3.639  -77.365   1365.0    763.8
     1     1    14     1    24    16     0     0    46.0   -3.746  -77.433   1385.5    758.3
     1     1    14     1    24    17     0     0    47.0   -3.856  -77.490   1401.4    753.8
     1     1    14     1    24    18     0     0    48.0   -3.969  -77.535   1412.8    752.1
