     1     1
    CDC1    14     1     1     0     0
     1 FORWARD  OMEGA   
    14     1    17    12   -1.000  -75.000   500.0
     1 PRESSURE
     1     1    14     1    17    12     0     0     0.0   -1.000  -75.000    500.0    938.8
     1     1    14     1    17    13     0     0     1.0   -0.947  -75.013    513.2    935.6
     1     1    14     1    17    14     0     0     2.0   -0.900  -75.023    533.6    931.6
     1     1    14     1    17    15     0     0     3.0   -0.860  -75.030    561.4    927.1
     1     1    14     1    17    16     0     0     4.0   -0.827  -75.034    596.9    922.1
     1     1    14     1    17    17     0     0     5.0   -0.800  -75.036    640.5    916.6
     1     1    14     1    17    18     0     0     6.0   -0.781  -75.035    692.6    909.8
     1     1    14     1    17    19     0     0     7.0   -0.767  -75.046    747.8    902.9
     1     1    14     1    17    20     0     0     8.0   -0.754  -75.083    799.2    896.2
     1     1    14     1    17    21     0     0     9.0   -0.741  -75.146    847.6    889.0
     1     1    14     1    17    22     0     0    10.0   -0.729  -75.235    893.3    881.2
     1     1    14     1    17    23     0     0    11.0   -0.718  -75.348    937.4    872.6
     1     1    14     1    18     0     0     0    12.0   -0.710  -75.486    981.1    862.8
     1     1    14     1    18     1     0     0    13.0   -0.703  -75.638   1025.1    852.6
     1     1    14     1    18     2     0     0    14.0   -0.697  -75.794   1068.7    842.3
     1     1    14     1    18     3     0     0    15.0   -0.691  -75.957   1110.4    832.1
     1     1    14     1    18     4     0     0    16.0   -0.685  -76.129   1149.1    822.1
     1     1    14     1    18     5     0     0    17.0   -0.681  -76.309   1183.6    812.2
     1     1    14     1    18     6     0     0    18.0   -0.678  -76.500   1212.7    802.6
     1     1    14     1    18     7     0     0    19.0   -0.680  -76.697   1238.7    793.1
     1     1    14     1    18     8     0     0    20.0   -0.690  -76.896   1265.5    783.3
     1     1    14     1    18     9     0     0    21.0   -0.706  -77.095   1292.8    773.3
     1     1    14     1    18    10     0     0    22.0   -0.725  -77.294   1320.9    763.4
     1     1    14     1    18    11     0     0    23.0   -0.745  -77.491   1350.0    753.4
     1     1    14     1    18    12     0     0    24.0   -0.762  -77.684   1386.0    752.5
     1     1    14     1    18    13     0     0    25.0   -0.779  -77.876   1423.9    752.0
     1     1    14     1    18    14     0     0    26.0   -0.803  -78.075   1463.2    751.5
     1     1    14     1    18    15     0     0    27.0   -0.834  -78.281   1503.0    750.9
     1     1    14     1    18    16     0     0    28.0   -0.870  -78.494   1542.2    750.5
     1     1    14     1    18    17     0     0    29.0   -0.914  -78.714   1579.4    750.2
     1     1    14     1    18    18     0     0    30.0   -0.964  -78.940   1613.3    750.3
     1     1    14     1    18    19     0     0    31.0   -1.017  -79.164   1642.9    750.4
     1     1    14     1    18    20     0     0    32.0   -1.071  -79.377   1669.0    750.4
     1     1    14     1    18    21     0     0    33.0   -1.125  -79.579   1692.0    750.4
     1     1    14     1    18    22     0     0    34.0   -1.180  -79.772   1712.3    750.3
     1     1    14     1    18    23     0     0    35.0   -1.236  -79.954   1730.7    750.1
     1     1    14     1    19     0     0     0    36.0   -1.290  -80.127   1750.4    752.8
     1     1    14     1    19     1     0     0    37.0   -1.337  -80.291   1772.2    756.8
     1     1    14     1    19     2     0     0    38.0   -1.372  -80.447   1796.3    760.2
     1     1    14     1    19     3     0     0    39.0   -1.394  -80.595   1823.3    763.2
     1     1    14     1    19     4     0     0    40.0   -1.404  -80.737   1853.2    765.8
     1     1    14     1    19     5     0     0    41.0   -1.403  -80.873   1886.4    767.9
     1     1    14     1    19     6     0     0    42.0   -1.391  -81.004   1923.2    769.5
     1     1    14     1    19     7     0     0    43.0   -1.372  -81.131   1960.8    770.4
     1     1    14     1    19     8     0     0    44.0   -1.349  -81.253   1996.5    771.6
     1     1    14     1    19     9     0     0    45.0   -1.321  -81.371   2029.8    772.8
     1     1    14     1    19    10     0     0    46.0   -1.288  -81.485   2060.6    774.2
     1     1    14     1    19    11     0     0    47.0   -1.251  -81.595   2088.4    775.6
     1     1    14     1    19    12     0     0    48.0   -1.209  -81.700   2113.2    777.2
