     1     1
    CDC1    14     1     1     0     0
     1 FORWARD  OMEGA   
    14     1    28     0   -1.000  -75.000   500.0
     1 PRESSURE
     1     1    14     1    28     0     0     0     0.0   -1.000  -75.000    500.0    935.6
     1     1    14     1    28     1     0     0     1.0   -1.011  -75.132    525.1    928.0
     1     1    14     1    28     2     0     0     2.0   -1.027  -75.259    549.4    920.6
     1     1    14     1    28     3     0     0     3.0   -1.045  -75.384    572.4    913.6
     1     1    14     1    28     4     0     0     4.0   -1.067  -75.507    593.8    906.9
     1     1    14     1    28     5     0     0     5.0   -1.092  -75.631    613.3    900.5
     1     1    14     1    28     6     0     0     6.0   -1.119  -75.757    630.5    894.0
     1     1    14     1    28     7     0     0     7.0   -1.143  -75.882    648.0    887.4
     1     1    14     1    28     8     0     0     8.0   -1.159  -76.008    668.3    880.0
     1     1    14     1    28     9     0     0     9.0   -1.168  -76.133    690.9    872.3
     1     1    14     1    28    10     0     0    10.0   -1.170  -76.259    715.4    864.4
     1     1    14     1    28    11     0     0    11.0   -1.165  -76.383    741.4    856.3
     1     1    14     1    28    12     0     0    12.0   -1.155  -76.507    768.4    848.2
     1     1    14     1    28    13     0     0    13.0   -1.149  -76.628    798.0    840.5
     1     1    14     1    28    14     0     0    14.0   -1.157  -76.747    831.5    832.7
     1     1    14     1    28    15     0     0    15.0   -1.180  -76.861    868.8    824.8
     1     1    14     1    28    16     0     0    16.0   -1.219  -76.973    909.8    816.9
     1     1    14     1    28    17     0     0    17.0   -1.275  -77.080    954.3    808.6
     1     1    14     1    28    18     0     0    18.0   -1.349  -77.184   1002.1    800.3
     1     1    14     1    28    19     0     0    19.0   -1.438  -77.282   1051.6    791.8
     1     1    14     1    28    20     0     0    20.0   -1.540  -77.370   1101.4    784.1
     1     1    14     1    28    21     0     0    21.0   -1.655  -77.449   1152.0    776.8
     1     1    14     1    28    22     0     0    22.0   -1.782  -77.518   1204.4    770.7
     1     1    14     1    28    23     0     0    23.0   -1.921  -77.577   1259.2    766.8
     1     1    14     1    29     0     0     0    24.0   -2.070  -77.628   1315.1    762.4
     1     1    14     1    29     1     0     0    25.0   -2.231  -77.672   1370.5    758.4
     1     1    14     1    29     2     0     0    26.0   -2.401  -77.714   1422.6    754.8
     1     1    14     1    29     3     0     0    27.0   -2.580  -77.754   1470.9    751.2
     1     1    14     1    29     4     0     0    28.0   -2.767  -77.794   1515.1    747.4
     1     1    14     1    29     5     0     0    29.0   -2.959  -77.837   1554.9    744.0
     1     1    14     1    29     6     0     0    30.0   -3.156  -77.883   1590.2    741.0
     1     1    14     1    29     7     0     0    31.0   -3.354  -77.939   1621.3    738.1
     1     1    14     1    29     8     0     0    32.0   -3.547  -78.005   1649.2    735.7
     1     1    14     1    29     9     0     0    33.0   -3.735  -78.082   1674.2    733.4
     1     1    14     1    29    10     0     0    34.0   -3.918  -78.165   1696.6    731.6
     1     1    14     1    29    11     0     0    35.0   -4.098  -78.255   1716.8    730.0
     1     1    14     1    29    12     0     0    36.0   -4.275  -78.348   1735.3    728.7
     1     1    14     1    29    13     0     0    37.0   -4.452  -78.442   1756.8    727.6
     1     1    14     1    29    14     0     0    38.0   -4.633  -78.532   1785.6    725.5
     1     1    14     1    29    15     0     0    39.0   -4.820  -78.618   1821.4    722.7
     1     1    14     1    29    16     0     0    40.0   -5.014  -78.698   1863.9    719.1
     1     1    14     1    29    17     0     0    41.0   -5.214  -78.769   1911.2    713.7
     1     1    14     1    29    18     0     0    42.0   -5.419  -78.827   1964.3    708.0
     1     1    14     1    29    19     0     0    43.0   -5.623  -78.871   2019.3    702.1
     1     1    14     1    29    20     0     0    44.0   -5.821  -78.900   2071.3    696.9
     1     1    14     1    29    21     0     0    45.0   -6.011  -78.916   2120.4    691.8
     1     1    14     1    29    22     0     0    46.0   -6.192  -78.920   2166.7    686.6
     1     1    14     1    29    23     0     0    47.0   -6.360  -78.911   2210.0    681.5
     1     1    14     1    30     0     0     0    48.0   -6.518  -78.893   2250.8    676.5
