     1     1
    CDC1    14     1     1     0     0
     1 FORWARD  OMEGA   
    14     1     9    12   -1.000  -75.000   500.0
     1 PRESSURE
     1     1    14     1     9    12     0     0     0.0   -1.000  -75.000    500.0    938.0
     1     1    14     1     9    13     0     0     1.0   -1.047  -75.037    499.3    937.4
     1     1    14     1     9    14     0     0     2.0   -1.095  -75.074    501.9    936.3
     1     1    14     1     9    15     0     0     3.0   -1.145  -75.109    507.9    935.0
     1     1    14     1     9    16     0     0     4.0   -1.198  -75.142    517.2    933.4
     1     1    14     1     9    17     0     0     5.0   -1.252  -75.174    529.9    931.5
     1     1    14     1     9    18     0     0     6.0   -1.309  -75.204    546.1    929.5
     1     1    14     1     9    19     0     0     7.0   -1.366  -75.239    563.6    926.9
     1     1    14     1     9    20     0     0     8.0   -1.419  -75.288    580.6    924.0
     1     1    14     1     9    21     0     0     9.0   -1.468  -75.348    597.3    920.5
     1     1    14     1     9    22     0     0    10.0   -1.513  -75.422    613.8    916.4
     1     1    14     1     9    23     0     0    11.0   -1.555  -75.507    630.4    911.5
     1     1    14     1    10     0     0     0    12.0   -1.593  -75.604    647.6    905.9
     1     1    14     1    10     1     0     0    13.0   -1.629  -75.709    665.1    899.8
     1     1    14     1    10     2     0     0    14.0   -1.663  -75.819    683.0    893.5
     1     1    14     1    10     3     0     0    15.0   -1.695  -75.935    700.9    886.9
     1     1    14     1    10     4     0     0    16.0   -1.724  -76.057    718.6    880.1
     1     1    14     1    10     5     0     0    17.0   -1.753  -76.186    735.7    873.1
     1     1    14     1    10     6     0     0    18.0   -1.780  -76.322    752.1    865.9
     1     1    14     1    10     7     0     0    19.0   -1.809  -76.458    769.7    858.6
     1     1    14     1    10     8     0     0    20.0   -1.841  -76.587    790.3    851.1
     1     1    14     1    10     9     0     0    21.0   -1.874  -76.711    814.4    843.5
     1     1    14     1    10    10     0     0    22.0   -1.908  -76.828    842.1    835.9
     1     1    14     1    10    11     0     0    23.0   -1.942  -76.938    873.7    828.2
     1     1    14     1    10    12     0     0    24.0   -1.974  -77.041    909.3    820.3
     1     1    14     1    10    13     0     0    25.0   -2.011  -77.135    947.5    812.2
     1     1    14     1    10    14     0     0    26.0   -2.056  -77.220    986.3    804.7
     1     1    14     1    10    15     0     0    27.0   -2.111  -77.295   1025.5    797.8
     1     1    14     1    10    16     0     0    28.0   -2.175  -77.361   1064.8    791.4
     1     1    14     1    10    17     0     0    29.0   -2.248  -77.420   1103.9    785.5
     1     1    14     1    10    18     0     0    30.0   -2.331  -77.472   1142.6    780.1
     1     1    14     1    10    19     0     0    31.0   -2.419  -77.519   1181.8    776.0
     1     1    14     1    10    20     0     0    32.0   -2.509  -77.560   1221.6    773.2
     1     1    14     1    10    21     0     0    33.0   -2.600  -77.595   1262.1    769.5
     1     1    14     1    10    22     0     0    34.0   -2.692  -77.624   1304.2    765.5
     1     1    14     1    10    23     0     0    35.0   -2.785  -77.646   1348.7    761.2
     1     1    14     1    11     0     0     0    36.0   -2.880  -77.662   1396.4    756.8
     1     1    14     1    11     1     0     0    37.0   -2.978  -77.678   1444.5    752.1
     1     1    14     1    11     2     0     0    38.0   -3.083  -77.702   1491.1    748.0
     1     1    14     1    11     3     0     0    39.0   -3.195  -77.732   1535.2    744.1
     1     1    14     1    11     4     0     0    40.0   -3.314  -77.769   1576.4    740.6
     1     1    14     1    11     5     0     0    41.0   -3.439  -77.814   1614.3    737.5
     1     1    14     1    11     6     0     0    42.0   -3.572  -77.865   1648.6    734.7
     1     1    14     1    11     7     0     0    43.0   -3.708  -77.919   1679.0    732.1
     1     1    14     1    11     8     0     0    44.0   -3.843  -77.970   1704.3    730.0
     1     1    14     1    11     9     0     0    45.0   -3.979  -78.018   1724.7    728.3
     1     1    14     1    11    10     0     0    46.0   -4.115  -78.064   1739.7    727.2
     1     1    14     1    11    11     0     0    47.0   -4.252  -78.108   1749.1    726.6
     1     1    14     1    11    12     0     0    48.0   -4.390  -78.152   1752.7    726.5
