     1     1
    CDC1    14     1     1     0     0
     1 FORWARD  OMEGA   
    14     1    19     0   -1.000  -75.000   500.0
     1 PRESSURE
     1     1    14     1    19     0     0     0     0.0   -1.000  -75.000    500.0    937.5
     1     1    14     1    19     1     0     0     1.0   -1.017  -75.086    525.6    931.6
     1     1    14     1    19     2     0     0     2.0   -1.033  -75.162    549.3    926.3
     1     1    14     1    19     3     0     0     3.0   -1.048  -75.230    570.9    921.7
     1     1    14     1    19     4     0     0     4.0   -1.061  -75.289    590.4    917.7
     1     1    14     1    19     5     0     0     5.0   -1.072  -75.339    607.8    914.2
     1     1    14     1    19     6     0     0     6.0   -1.081  -75.381    622.9    911.2
     1     1    14     1    19     7     0     0     7.0   -1.089  -75.424    636.4    907.9
     1     1    14     1    19     8     0     0     8.0   -1.097  -75.479    649.8    904.1
     1     1    14     1    19     9     0     0     9.0   -1.105  -75.545    663.2    899.8
     1     1    14     1    19    10     0     0    10.0   -1.114  -75.622    677.1    895.1
     1     1    14     1    19    11     0     0    11.0   -1.123  -75.709    692.2    889.8
     1     1    14     1    19    12     0     0    12.0   -1.132  -75.806    709.0    884.0
     1     1    14     1    19    13     0     0    13.0   -1.142  -75.908    730.1    878.0
     1     1    14     1    19    14     0     0    14.0   -1.152  -76.013    756.7    871.3
     1     1    14     1    19    15     0     0    15.0   -1.165  -76.120    788.9    863.9
     1     1    14     1    19    16     0     0    16.0   -1.181  -76.231    826.5    856.0
     1     1    14     1    19    17     0     0    17.0   -1.202  -76.345    869.5    847.7
     1     1    14     1    19    18     0     0    18.0   -1.229  -76.462    917.4    838.8
     1     1    14     1    19    19     0     0    19.0   -1.266  -76.574    970.0    829.0
     1     1    14     1    19    20     0     0    20.0   -1.319  -76.671   1026.9    819.7
     1     1    14     1    19    21     0     0    21.0   -1.386  -76.753   1088.3    810.9
     1     1    14     1    19    22     0     0    22.0   -1.467  -76.820   1154.6    802.6
     1     1    14     1    19    23     0     0    23.0   -1.561  -76.872   1226.2    794.7
     1     1    14     1    20     0     0     0    24.0   -1.668  -76.907   1303.8    786.7
     1     1    14     1    20     1     0     0    25.0   -1.773  -76.939   1381.4    778.4
     1     1    14     1    20     2     0     0    26.0   -1.864  -76.982   1452.8    770.8
     1     1    14     1    20     3     0     0    27.0   -1.942  -77.034   1516.5    763.4
     1     1    14     1    20     4     0     0    28.0   -2.007  -77.096   1571.4    756.5
     1     1    14     1    20     5     0     0    29.0   -2.060  -77.167   1616.7    749.9
     1     1    14     1    20     6     0     0    30.0   -2.100  -77.247   1651.8    743.8
     1     1    14     1    20     7     0     0    31.0   -2.135  -77.334   1681.8    738.0
     1     1    14     1    20     8     0     0    32.0   -2.172  -77.427   1711.7    731.6
     1     1    14     1    20     9     0     0    33.0   -2.209  -77.525   1742.9    726.1
     1     1    14     1    20    10     0     0    34.0   -2.247  -77.627   1777.4    723.9
     1     1    14     1    20    11     0     0    35.0   -2.283  -77.731   1812.3    721.7
     1     1    14     1    20    12     0     0    36.0   -2.319  -77.838   1847.5    719.5
     1     1    14     1    20    13     0     0    37.0   -2.356  -77.947   1885.0    717.3
     1     1    14     1    20    14     0     0    38.0   -2.396  -78.060   1925.6    714.8
     1     1    14     1    20    15     0     0    39.0   -2.439  -78.176   1969.6    711.9
     1     1    14     1    20    16     0     0    40.0   -2.486  -78.294   2017.2    708.7
     1     1    14     1    20    17     0     0    41.0   -2.536  -78.413   2068.1    705.2
     1     1    14     1    20    18     0     0    42.0   -2.588  -78.532   2122.4    701.5
     1     1    14     1    20    19     0     0    43.0   -2.642  -78.641   2177.8    696.5
     1     1    14     1    20    20     0     0    44.0   -2.698  -78.727   2233.5    691.6
     1     1    14     1    20    21     0     0    45.0   -2.756  -78.794   2289.2    686.8
     1     1    14     1    20    22     0     0    46.0   -2.816  -78.840   2344.9    681.9
     1     1    14     1    20    23     0     0    47.0   -2.878  -78.867   2400.6    676.9
     1     1    14     1    21     0     0     0    48.0   -2.943  -78.875   2456.0    672.0
