     1     1
    CDC1    14     1     1     0     0
     1 FORWARD  OMEGA   
    14     1    26    18   -1.000  -75.000   500.0
     1 PRESSURE
     1     1    14     1    26    18     0     0     0.0   -1.000  -75.000    500.0    934.0
     1     1    14     1    26    19     0     0     1.0   -1.094  -75.052    501.6    933.4
     1     1    14     1    26    20     0     0     2.0   -1.184  -75.101    502.6    932.9
     1     1    14     1    26    21     0     0     3.0   -1.271  -75.148    503.2    932.4
     1     1    14     1    26    22     0     0     4.0   -1.355  -75.193    503.3    931.9
     1     1    14     1    26    23     0     0     5.0   -1.438  -75.234    503.2    931.6
     1     1    14     1    27     0     0     0     6.0   -1.520  -75.271    502.8    931.4
     1     1    14     1    27     1     0     0     7.0   -1.596  -75.305    502.3    931.7
     1     1    14     1    27     2     0     0     8.0   -1.665  -75.338    501.5    932.0
     1     1    14     1    27     3     0     0     9.0   -1.727  -75.368    500.4    932.2
     1     1    14     1    27     4     0     0    10.0   -1.782  -75.398    498.9    932.4
     1     1    14     1    27     5     0     0    11.0   -1.830  -75.427    496.7    932.5
     1     1    14     1    27     6     0     0    12.0   -1.872  -75.456    493.8    932.6
     1     1    14     1    27     7     0     0    13.0   -1.909  -75.491    490.9    931.9
     1     1    14     1    27     8     0     0    14.0   -1.942  -75.540    488.7    930.2
     1     1    14     1    27     9     0     0    15.0   -1.971  -75.601    487.5    927.8
     1     1    14     1    27    10     0     0    16.0   -1.995  -75.675    487.5    924.6
     1     1    14     1    27    11     0     0    17.0   -2.015  -75.761    489.0    920.5
     1     1    14     1    27    12     0     0    18.0   -2.031  -75.858    492.4    915.7
     1     1    14     1    27    13     0     0    19.0   -2.049  -75.958    499.5    910.8
     1     1    14     1    27    14     0     0    20.0   -2.077  -76.056    510.9    905.6
     1     1    14     1    27    15     0     0    21.0   -2.115  -76.152    526.8    900.1
     1     1    14     1    27    16     0     0    22.0   -2.163  -76.248    547.3    894.3
     1     1    14     1    27    17     0     0    23.0   -2.223  -76.342    572.6    888.2
     1     1    14     1    27    18     0     0    24.0   -2.294  -76.438    603.1    881.8
     1     1    14     1    27    19     0     0    25.0   -2.364  -76.535    638.3    874.1
     1     1    14     1    27    20     0     0    26.0   -2.423  -76.633    678.4    865.5
     1     1    14     1    27    21     0     0    27.0   -2.469  -76.731    723.6    856.4
     1     1    14     1    27    22     0     0    28.0   -2.503  -76.829    774.1    846.8
     1     1    14     1    27    23     0     0    29.0   -2.525  -76.926    830.1    836.6
     1     1    14     1    28     0     0     0    30.0   -2.535  -77.021    891.8    826.2
     1     1    14     1    28     1     0     0    31.0   -2.546  -77.117    955.0    815.0
     1     1    14     1    28     2     0     0    32.0   -2.569  -77.218   1015.0    804.4
     1     1    14     1    28     3     0     0    33.0   -2.606  -77.322   1071.1    794.1
     1     1    14     1    28     4     0     0    34.0   -2.656  -77.432   1122.4    784.2
     1     1    14     1    28     5     0     0    35.0   -2.720  -77.547   1169.3    777.0
     1     1    14     1    28     6     0     0    36.0   -2.793  -77.666   1211.7    774.0
     1     1    14     1    28     7     0     0    37.0   -2.868  -77.783   1249.4    771.3
     1     1    14     1    28     8     0     0    38.0   -2.940  -77.896   1283.3    768.5
     1     1    14     1    28     9     0     0    39.0   -3.007  -78.004   1313.5    766.0
     1     1    14     1    28    10     0     0    40.0   -3.070  -78.108   1339.8    764.0
     1     1    14     1    28    11     0     0    41.0   -3.128  -78.208   1362.0    762.3
     1     1    14     1    28    12     0     0    42.0   -3.180  -78.305   1380.1    761.0
     1     1    14     1    28    13     0     0    43.0   -3.235  -78.399   1398.2    760.3
     1     1    14     1    28    14     0     0    44.0   -3.303  -78.487   1420.7    758.8
     1     1    14     1    28    15     0     0    45.0   -3.386  -78.572   1447.8    756.9
     1     1    14     1    28    16     0     0    46.0   -3.484  -78.652   1479.4    754.5
     1     1    14     1    28    17     0     0    47.0   -3.599  -78.727   1515.9    751.7
     1     1    14     1    28    18     0     0    48.0   -3.731  -78.799   1557.5    748.6
