     1     1
    CDC1    14     1     1     0     0
     1 FORWARD  OMEGA   
    14     1     7     6   -1.000  -75.000   500.0
     1 PRESSURE
     1     1    14     1     7     6     0     0     0.0   -1.000  -75.000    500.0    937.7
     1     1    14     1     7     7     0     0     1.0   -0.955  -75.031    512.5    934.1
     1     1    14     1     7     8     0     0     2.0   -0.920  -75.064    525.6    930.5
     1     1    14     1     7     9     0     0     3.0   -0.895  -75.097    539.1    927.1
     1     1    14     1     7    10     0     0     4.0   -0.880  -75.131    553.0    923.8
     1     1    14     1     7    11     0     0     5.0   -0.875  -75.164    567.3    920.8
     1     1    14     1     7    12     0     0     6.0   -0.880  -75.196    581.8    917.9
     1     1    14     1     7    13     0     0     7.0   -0.887  -75.226    597.6    915.2
     1     1    14     1     7    14     0     0     8.0   -0.887  -75.255    615.5    912.2
     1     1    14     1     7    15     0     0     9.0   -0.880  -75.282    635.6    908.8
     1     1    14     1     7    16     0     0    10.0   -0.867  -75.308    657.8    904.9
     1     1    14     1     7    17     0     0    11.0   -0.849  -75.331    682.3    900.8
     1     1    14     1     7    18     0     0    12.0   -0.824  -75.353    709.2    896.5
     1     1    14     1     7    19     0     0    13.0   -0.797  -75.371    735.4    892.0
     1     1    14     1     7    20     0     0    14.0   -0.770  -75.384    757.3    888.5
     1     1    14     1     7    21     0     0    15.0   -0.742  -75.394    774.8    885.6
     1     1    14     1     7    22     0     0    16.0   -0.712  -75.400    787.7    883.3
     1     1    14     1     7    23     0     0    17.0   -0.682  -75.404    795.8    881.7
     1     1    14     1     8     0     0     0    18.0   -0.650  -75.404    799.0    880.6
     1     1    14     1     8     1     0     0    19.0   -0.615  -75.402    800.4    880.6
     1     1    14     1     8     2     0     0    20.0   -0.574  -75.397    803.0    880.2
     1     1    14     1     8     3     0     0    21.0   -0.526  -75.388    807.2    879.7
     1     1    14     1     8     4     0     0    22.0   -0.472  -75.377    812.9    879.0
     1     1    14     1     8     5     0     0    23.0   -0.411  -75.364    820.5    878.1
     1     1    14     1     8     6     0     0    24.0   -0.341  -75.349    829.9    877.0
     1     1    14     1     8     7     0     0    25.0   -0.267  -75.338    840.3    874.9
     1     1    14     1     8     8     0     0    26.0   -0.190  -75.335    851.2    872.6
     1     1    14     1     8     9     0     0    27.0   -0.111  -75.340    862.6    869.9
     1     1    14     1     8    10     0     0    28.0   -0.030  -75.352    874.4    866.9
     1     1    14     1     8    11     0     0    29.0    0.054  -75.372    887.2    863.3
     1     1    14     1     8    12     0     0    30.0    0.139  -75.400    902.1    859.1
     1     1    14     1     8    13     0     0    31.0    0.219  -75.433    921.4    854.7
     1     1    14     1     8    14     0     0    32.0    0.292  -75.467    946.7    849.4
     1     1    14     1     8    15     0     0    33.0    0.355  -75.504    977.6    843.8
     1     1    14     1     8    16     0     0    34.0    0.409  -75.543   1013.5    838.0
     1     1    14     1     8    17     0     0    35.0    0.454  -75.583   1054.2    832.0
     1     1    14     1     8    18     0     0    36.0    0.491  -75.626   1099.3    825.8
     1     1    14     1     8    19     0     0    37.0    0.518  -75.670   1144.6    819.4
     1     1    14     1     8    20     0     0    38.0    0.536  -75.712   1185.0    814.1
     1     1    14     1     8    21     0     0    39.0    0.546  -75.754   1220.9    809.6
     1     1    14     1     8    22     0     0    40.0    0.548  -75.793   1252.2    805.6
     1     1    14     1     8    23     0     0    41.0    0.541  -75.830   1278.8    802.1
     1     1    14     1     9     0     0     0    42.0    0.527  -75.865   1300.7    799.2
     1     1    14     1     9     1     0     0    43.0    0.510  -75.904   1319.5    796.9
     1     1    14     1     9     2     0     0    44.0    0.497  -75.953   1336.4    794.3
     1     1    14     1     9     3     0     0    45.0    0.489  -76.013   1351.4    791.6
     1     1    14     1     9     4     0     0    46.0    0.486  -76.082   1364.7    788.7
     1     1    14     1     9     5     0     0    47.0    0.488  -76.160   1376.4    785.7
     1     1    14     1     9     6     0     0    48.0    0.495  -76.247   1386.5    782.6
