     1     1
    CDC1    14     1     1     0     0
     1 FORWARD  OMEGA   
    14     1     5     0   -1.000  -75.000   500.0
     1 PRESSURE
     1     1    14     1     5     0     0     0     0.0   -1.000  -75.000    500.0    934.4
     1     1    14     1     5     1     0     0     1.0   -0.997  -75.127    505.4    928.9
     1     1    14     1     5     2     0     0     2.0   -0.991  -75.237    510.6    924.1
     1     1    14     1     5     3     0     0     3.0   -0.981  -75.329    516.1    919.8
     1     1    14     1     5     4     0     0     4.0   -0.966  -75.404    521.8    916.2
     1     1    14     1     5     5     0     0     5.0   -0.947  -75.464    527.9    913.2
     1     1    14     1     5     6     0     0     6.0   -0.923  -75.507    534.5    910.7
     1     1    14     1     5     7     0     0     7.0   -0.897  -75.541    541.7    908.2
     1     1    14     1     5     8     0     0     8.0   -0.870  -75.573    549.6    905.8
     1     1    14     1     5     9     0     0     9.0   -0.844  -75.603    558.2    903.5
     1     1    14     1     5    10     0     0    10.0   -0.819  -75.630    567.3    901.2
     1     1    14     1     5    11     0     0    11.0   -0.794  -75.655    576.9    899.0
     1     1    14     1     5    12     0     0    12.0   -0.769  -75.677    586.7    896.9
     1     1    14     1     5    13     0     0    13.0   -0.741  -75.696    598.5    894.7
     1     1    14     1     5    14     0     0    14.0   -0.706  -75.714    614.0    891.9
     1     1    14     1     5    15     0     0    15.0   -0.665  -75.731    633.5    888.6
     1     1    14     1     5    16     0     0    16.0   -0.619  -75.746    657.2    884.6
     1     1    14     1     5    17     0     0    17.0   -0.567  -75.760    685.4    880.2
     1     1    14     1     5    18     0     0    18.0   -0.510  -75.773    718.2    875.4
     1     1    14     1     5    19     0     0    19.0   -0.453  -75.795    752.7    869.7
     1     1    14     1     5    20     0     0    20.0   -0.399  -75.836    786.2    863.9
     1     1    14     1     5    21     0     0    21.0   -0.349  -75.897    818.1    857.7
     1     1    14     1     5    22     0     0    22.0   -0.302  -75.978    848.4    851.0
     1     1    14     1     5    23     0     0    23.0   -0.258  -76.078    876.9    844.1
     1     1    14     1     6     0     0     0    24.0   -0.217  -76.197    903.6    836.8
     1     1    14     1     6     1     0     0    25.0   -0.175  -76.320    930.8    829.4
     1     1    14     1     6     2     0     0    26.0   -0.128  -76.433    961.3    821.8
     1     1    14     1     6     3     0     0    27.0   -0.079  -76.537    995.2    814.2
     1     1    14     1     6     4     0     0    28.0   -0.027  -76.632   1032.8    806.8
     1     1    14     1     6     5     0     0    29.0    0.025  -76.718   1074.5    799.5
     1     1    14     1     6     6     0     0    30.0    0.077  -76.796   1121.0    792.6
     1     1    14     1     6     7     0     0    31.0    0.126  -76.867   1168.2    785.9
     1     1    14     1     6     8     0     0    32.0    0.172  -76.936   1211.1    780.2
     1     1    14     1     6     9     0     0    33.0    0.216  -77.000   1249.7    775.1
     1     1    14     1     6    10     0     0    34.0    0.260  -77.061   1284.0    770.4
     1     1    14     1     6    11     0     0    35.0    0.306  -77.117   1313.7    766.4
     1     1    14     1     6    12     0     0    36.0    0.354  -77.167   1338.9    763.1
     1     1    14     1     6    13     0     0    37.0    0.402  -77.213   1366.3    760.1
     1     1    14     1     6    14     0     0    38.0    0.444  -77.258   1402.1    755.9
     1     1    14     1     6    15     0     0    39.0    0.481  -77.301   1446.5    751.1
     1     1    14     1     6    16     0     0    40.0    0.512  -77.345   1499.3    745.6
     1     1    14     1     6    17     0     0    41.0    0.540  -77.392   1560.9    739.4
     1     1    14     1     6    18     0     0    42.0    0.564  -77.442   1631.2    732.5
     1     1    14     1     6    19     0     0    43.0    0.586  -77.492   1710.1    724.4
     1     1    14     1     6    20     0     0    44.0    0.610  -77.535   1800.1    717.1
     1     1    14     1     6    21     0     0    45.0    0.635  -77.573   1899.7    709.5
     1     1    14     1     6    22     0     0    46.0    0.663  -77.607   2009.2    701.2
     1     1    14     1     6    23     0     0    47.0    0.693  -77.635   2129.5    692.1
     1     1    14     1     7     0     0     0    48.0    0.730  -77.663   2259.1    681.7
