     1     1
    CDC1    14     1     1     0     0
     1 FORWARD  OMEGA   
    14     1     2    12   -1.000  -75.000   500.0
     1 PRESSURE
     1     1    14     1     2    12     0     0     0.0   -1.000  -75.000    500.0    935.4
     1     1    14     1     2    13     0     0     1.0   -1.151  -75.046    481.6    938.9
     1     1    14     1     2    14     0     0     2.0   -1.288  -75.095    469.9    940.9
     1     1    14     1     2    15     0     0     3.0   -1.414  -75.146    464.6    941.7
     1     1    14     1     2    16     0     0     4.0   -1.531  -75.201    465.5    941.5
     1     1    14     1     2    17     0     0     5.0   -1.641  -75.259    472.6    940.1
     1     1    14     1     2    18     0     0     6.0   -1.746  -75.321    485.7    937.8
     1     1    14     1     2    19     0     0     7.0   -1.850  -75.382    500.2    934.2
     1     1    14     1     2    20     0     0     8.0   -1.954  -75.440    511.7    931.5
     1     1    14     1     2    21     0     0     9.0   -2.058  -75.493    520.4    929.4
     1     1    14     1     2    22     0     0    10.0   -2.161  -75.541    526.5    927.7
     1     1    14     1     2    23     0     0    11.0   -2.264  -75.583    530.2    926.4
     1     1    14     1     3     0     0     0    12.0   -2.365  -75.621    531.8    925.6
     1     1    14     1     3     1     0     0    13.0   -2.468  -75.647    532.1    926.5
     1     1    14     1     3     2     0     0    14.0   -2.575  -75.659    531.4    927.0
     1     1    14     1     3     3     0     0    15.0   -2.688  -75.655    529.5    927.8
     1     1    14     1     3     4     0     0    16.0   -2.807  -75.634    526.4    929.6
     1     1    14     1     3     5     0     0    17.0   -2.932  -75.596    521.8    932.3
     1     1    14     1     3     6     0     0    18.0   -3.063  -75.541    515.4    936.1
     1     1    14     1     3     7     0     0    19.0   -3.191  -75.486    508.3    939.4
     1     1    14     1     3     8     0     0    20.0   -3.308  -75.448    501.9    941.8
     1     1    14     1     3     9     0     0    21.0   -3.414  -75.428    496.2    943.2
     1     1    14     1     3    10     0     0    22.0   -3.508  -75.428    491.2    943.6
     1     1    14     1     3    11     0     0    23.0   -3.590  -75.449    487.1    942.9
     1     1    14     1     3    12     0     0    24.0   -3.661  -75.491    483.9    941.0
     1     1    14     1     3    13     0     0    25.0   -3.727  -75.541    482.9    938.8
     1     1    14     1     3    14     0     0    26.0   -3.799  -75.588    484.0    936.5
     1     1    14     1     3    15     0     0    27.0   -3.877  -75.632    487.0    934.1
     1     1    14     1     3    16     0     0    28.0   -3.962  -75.674    491.7    931.6
     1     1    14     1     3    17     0     0    29.0   -4.056  -75.713    497.5    929.0
     1     1    14     1     3    18     0     0    30.0   -4.158  -75.752    504.2    926.5
     1     1    14     1     3    19     0     0    31.0   -4.261  -75.788    511.6    923.3
     1     1    14     1     3    20     0     0    32.0   -4.354  -75.820    520.8    920.3
     1     1    14     1     3    21     0     0    33.0   -4.438  -75.846    531.9    917.3
     1     1    14     1     3    22     0     0    34.0   -4.510  -75.866    545.0    914.5
     1     1    14     1     3    23     0     0    35.0   -4.571  -75.878    560.4    911.8
     1     1    14     1     4     0     0     0    36.0   -4.621  -75.881    578.2    909.4
     1     1    14     1     4     1     0     0    37.0   -4.669  -75.885    596.3    907.6
     1     1    14     1     4     2     0     0    38.0   -4.728  -75.901    612.4    905.6
     1     1    14     1     4     3     0     0    39.0   -4.797  -75.928    626.7    903.0
     1     1    14     1     4     4     0     0    40.0   -4.877  -75.968    639.4    899.9
     1     1    14     1     4     5     0     0    41.0   -4.969  -76.020    650.6    896.3
     1     1    14     1     4     6     0     0    42.0   -5.073  -76.084    660.0    889.9
     1     1    14     1     4     7     0     0    43.0   -5.179  -76.160    668.9    881.6
     1     1    14     1     4     8     0     0    44.0   -5.273  -76.246    679.1    872.8
     1     1    14     1     4     9     0     0    45.0   -5.356  -76.347    689.9    863.8
     1     1    14     1     4    10     0     0    46.0   -5.427  -76.464    701.0    854.5
     1     1    14     1     4    11     0     0    47.0   -5.484  -76.600    711.7    844.7
     1     1    14     1     4    12     0     0    48.0   -5.527  -76.758    721.6    834.4
