     1     1
    CDC1    14     1     1     0     0
     1 FORWARD  OMEGA   
    14     1     3    18   -1.000  -75.000   500.0
     1 PRESSURE
     1     1    14     1     3    18     0     0     0.0   -1.000  -75.000    500.0    935.4
     1     1    14     1     3    19     0     0     1.0   -1.074  -75.029    519.4    933.3
     1     1    14     1     3    20     0     0     2.0   -1.146  -75.066    536.2    931.3
     1     1    14     1     3    21     0     0     3.0   -1.215  -75.109    550.8    929.1
     1     1    14     1     3    22     0     0     4.0   -1.280  -75.159    563.2    926.7
     1     1    14     1     3    23     0     0     5.0   -1.341  -75.215    573.7    924.2
     1     1    14     1     4     0     0     0     6.0   -1.399  -75.277    582.7    921.4
     1     1    14     1     4     1     0     0     7.0   -1.453  -75.345    590.6    918.8
     1     1    14     1     4     2     0     0     8.0   -1.504  -75.419    598.3    915.9
     1     1    14     1     4     3     0     0     9.0   -1.552  -75.499    605.7    912.7
     1     1    14     1     4     4     0     0    10.0   -1.597  -75.586    613.1    909.1
     1     1    14     1     4     5     0     0    11.0   -1.639  -75.680    620.7    905.1
     1     1    14     1     4     6     0     0    12.0   -1.678  -75.781    629.1    900.6
     1     1    14     1     4     7     0     0    13.0   -1.716  -75.880    639.4    895.7
     1     1    14     1     4     8     0     0    14.0   -1.755  -75.970    652.8    890.8
     1     1    14     1     4     9     0     0    15.0   -1.796  -76.053    669.0    886.0
     1     1    14     1     4    10     0     0    16.0   -1.839  -76.128    688.1    881.2
     1     1    14     1     4    11     0     0    17.0   -1.882  -76.198    709.9    876.3
     1     1    14     1     4    12     0     0    18.0   -1.926  -76.264    734.4    871.3
     1     1    14     1     4    13     0     0    19.0   -1.971  -76.333    761.2    865.8
     1     1    14     1     4    14     0     0    20.0   -2.014  -76.411    789.3    859.7
     1     1    14     1     4    15     0     0    21.0   -2.057  -76.500    818.5    853.1
     1     1    14     1     4    16     0     0    22.0   -2.101  -76.599    848.2    846.1
     1     1    14     1     4    17     0     0    23.0   -2.144  -76.709    877.9    838.5
     1     1    14     1     4    18     0     0    24.0   -2.189  -76.830    907.1    830.6
     1     1    14     1     4    19     0     0    25.0   -2.234  -76.962    934.2    821.9
     1     1    14     1     4    20     0     0    26.0   -2.279  -77.100    958.6    813.3
     1     1    14     1     4    21     0     0    27.0   -2.326  -77.242    980.3    804.8
     1     1    14     1     4    22     0     0    28.0   -2.373  -77.387    999.6    796.3
     1     1    14     1     4    23     0     0    29.0   -2.421  -77.531   1017.5    789.6
     1     1    14     1     5     0     0     0    30.0   -2.468  -77.670   1036.6    788.6
     1     1    14     1     5     1     0     0    31.0   -2.512  -77.796   1056.4    787.9
     1     1    14     1     5     2     0     0    32.0   -2.549  -77.904   1078.6    786.6
     1     1    14     1     5     3     0     0    33.0   -2.580  -77.995   1103.1    785.1
     1     1    14     1     5     4     0     0    34.0   -2.604  -78.069   1129.3    783.4
     1     1    14     1     5     5     0     0    35.0   -2.623  -78.127   1156.9    781.5
     1     1    14     1     5     6     0     0    36.0   -2.637  -78.170   1185.6    779.5
     1     1    14     1     5     7     0     0    37.0   -2.647  -78.210   1212.6    777.2
     1     1    14     1     5     8     0     0    38.0   -2.654  -78.259   1234.5    775.6
     1     1    14     1     5     9     0     0    39.0   -2.657  -78.317   1251.4    774.4
     1     1    14     1     5    10     0     0    40.0   -2.656  -78.382   1263.0    773.7
     1     1    14     1     5    11     0     0    41.0   -2.651  -78.455   1268.7    773.6
     1     1    14     1     5    12     0     0    42.0   -2.640  -78.534   1268.3    774.1
     1     1    14     1     5    13     0     0    43.0   -2.623  -78.620   1265.4    775.4
     1     1    14     1     5    14     0     0    44.0   -2.599  -78.713   1263.3    776.3
     1     1    14     1     5    15     0     0    45.0   -2.569  -78.813   1262.3    777.1
     1     1    14     1     5    16     0     0    46.0   -2.530  -78.919   1262.3    777.9
     1     1    14     1     5    17     0     0    47.0   -2.485  -79.030   1263.4    778.6
     1     1    14     1     5    18     0     0    48.0   -2.431  -79.146   1265.7    779.4
