     1     1
    CDC1    14     1     1     0     0
     1 FORWARD  OMEGA   
    14     1     9     6   -1.000  -75.000   500.0
     1 PRESSURE
     1     1    14     1     9     6     0     0     0.0   -1.000  -75.000    500.0    937.5
     1     1    14     1     9     7     0     0     1.0   -1.015  -75.058    500.8    935.3
     1     1    14     1     9     8     0     0     2.0   -1.034  -75.111    500.9    933.5
     1     1    14     1     9     9     0     0     3.0   -1.057  -75.159    500.2    932.1
     1     1    14     1     9    10     0     0     4.0   -1.084  -75.202    498.7    931.0
     1     1    14     1     9    11     0     0     5.0   -1.115  -75.241    496.3    930.2
     1     1    14     1     9    12     0     0     6.0   -1.150  -75.276    492.8    929.8
     1     1    14     1     9    13     0     0     7.0   -1.188  -75.309    490.6    929.4
     1     1    14     1     9    14     0     0     8.0   -1.229  -75.339    491.7    928.6
     1     1    14     1     9    15     0     0     9.0   -1.272  -75.368    496.3    927.5
     1     1    14     1     9    16     0     0    10.0   -1.317  -75.394    504.3    926.1
     1     1    14     1     9    17     0     0    11.0   -1.366  -75.419    515.6    924.5
     1     1    14     1     9    18     0     0    12.0   -1.418  -75.440    530.4    922.8
     1     1    14     1     9    19     0     0    13.0   -1.470  -75.468    546.8    920.5
     1     1    14     1     9    20     0     0    14.0   -1.519  -75.509    563.1    917.8
     1     1    14     1     9    21     0     0    15.0   -1.565  -75.563    579.4    914.5
     1     1    14     1     9    22     0     0    16.0   -1.608  -75.629    596.0    910.5
     1     1    14     1     9    23     0     0    17.0   -1.648  -75.708    613.1    905.9
     1     1    14     1    10     0     0     0    18.0   -1.685  -75.799    631.2    900.5
     1     1    14     1    10     1     0     0    19.0   -1.721  -75.898    649.9    894.4
     1     1    14     1    10     2     0     0    20.0   -1.755  -76.003    668.8    888.2
     1     1    14     1    10     3     0     0    21.0   -1.787  -76.114    687.5    881.7
     1     1    14     1    10     4     0     0    22.0   -1.819  -76.231    705.9    875.0
     1     1    14     1    10     5     0     0    23.0   -1.849  -76.355    723.7    868.0
     1     1    14     1    10     6     0     0    24.0   -1.879  -76.487    740.6    860.9
     1     1    14     1    10     7     0     0    25.0   -1.910  -76.618    758.7    853.6
     1     1    14     1    10     8     0     0    26.0   -1.944  -76.744    780.1    846.1
     1     1    14     1    10     9     0     0    27.0   -1.979  -76.863    805.0    838.5
     1     1    14     1    10    10     0     0    28.0   -2.014  -76.977    833.8    830.8
     1     1    14     1    10    11     0     0    29.0   -2.049  -77.083    866.6    823.1
     1     1    14     1    10    12     0     0    30.0   -2.082  -77.183    903.5    815.2
     1     1    14     1    10    13     0     0    31.0   -2.119  -77.273    942.7    807.0
     1     1    14     1    10    14     0     0    32.0   -2.165  -77.354    982.1    799.7
     1     1    14     1    10    15     0     0    33.0   -2.221  -77.426   1021.4    792.9
     1     1    14     1    10    16     0     0    34.0   -2.286  -77.489   1060.4    786.6
     1     1    14     1    10    17     0     0    35.0   -2.360  -77.545   1099.7    783.1
     1     1    14     1    10    18     0     0    36.0   -2.442  -77.596   1137.9    780.3
     1     1    14     1    10    19     0     0    37.0   -2.529  -77.640   1175.8    777.5
     1     1    14     1    10    20     0     0    38.0   -2.617  -77.678   1213.8    774.2
     1     1    14     1    10    21     0     0    39.0   -2.705  -77.709   1253.2    770.7
     1     1    14     1    10    22     0     0    40.0   -2.794  -77.733   1294.5    766.7
     1     1    14     1    10    23     0     0    41.0   -2.884  -77.751   1338.6    762.5
     1     1    14     1    11     0     0     0    42.0   -2.975  -77.763   1386.0    758.0
     1     1    14     1    11     1     0     0    43.0   -3.069  -77.776   1434.0    753.4
     1     1    14     1    11     2     0     0    44.0   -3.171  -77.796   1480.5    749.2
     1     1    14     1    11     3     0     0    45.0   -3.279  -77.823   1524.7    745.4
     1     1    14     1    11     4     0     0    46.0   -3.395  -77.858   1566.1    741.9
     1     1    14     1    11     5     0     0    47.0   -3.517  -77.900   1604.3    738.7
     1     1    14     1    11     6     0     0    48.0   -3.647  -77.950   1639.0    735.9
