     1     1
    CDC1    14     1     1     0     0
     1 FORWARD  OMEGA   
    14     1     4    18   -1.000  -75.000   500.0
     1 PRESSURE
     1     1    14     1     4    18     0     0     0.0   -1.000  -75.000    500.0    934.0
     1     1    14     1     4    19     0     0     1.0   -1.037  -75.058    526.6    929.5
     1     1    14     1     4    20     0     0     2.0   -1.067  -75.131    550.1    924.7
     1     1    14     1     4    21     0     0     3.0   -1.093  -75.219    570.3    919.5
     1     1    14     1     4    22     0     0     4.0   -1.112  -75.322    587.2    914.0
     1     1    14     1     4    23     0     0     5.0   -1.125  -75.439    600.7    908.1
     1     1    14     1     5     0     0     0     6.0   -1.132  -75.570    610.6    901.8
     1     1    14     1     5     1     0     0     7.0   -1.135  -75.699    619.1    896.2
     1     1    14     1     5     2     0     0     8.0   -1.132  -75.812    628.3    890.7
     1     1    14     1     5     3     0     0     9.0   -1.125  -75.911    638.4    885.7
     1     1    14     1     5     4     0     0    10.0   -1.113  -75.994    649.6    881.2
     1     1    14     1     5     5     0     0    11.0   -1.094  -76.064    662.1    877.0
     1     1    14     1     5     6     0     0    12.0   -1.070  -76.120    675.9    873.2
     1     1    14     1     5     7     0     0    13.0   -1.042  -76.169    690.4    869.3
     1     1    14     1     5     8     0     0    14.0   -1.012  -76.218    704.9    865.5
     1     1    14     1     5     9     0     0    15.0   -0.980  -76.266    719.1    861.7
     1     1    14     1     5    10     0     0    16.0   -0.945  -76.314    732.8    858.0
     1     1    14     1     5    11     0     0    17.0   -0.909  -76.362    745.7    854.4
     1     1    14     1     5    12     0     0    18.0   -0.869  -76.408    757.7    851.0
     1     1    14     1     5    13     0     0    19.0   -0.826  -76.452    771.3    847.7
     1     1    14     1     5    14     0     0    20.0   -0.778  -76.496    789.0    843.8
     1     1    14     1     5    15     0     0    21.0   -0.726  -76.539    811.3    839.5
     1     1    14     1     5    16     0     0    22.0   -0.670  -76.581    838.3    834.8
     1     1    14     1     5    17     0     0    23.0   -0.611  -76.623    870.4    829.7
     1     1    14     1     5    18     0     0    24.0   -0.549  -76.664    907.7    824.2
     1     1    14     1     5    19     0     0    25.0   -0.490  -76.714    947.2    817.2
     1     1    14     1     5    20     0     0    26.0   -0.438  -76.782    985.4    810.3
     1     1    14     1     5    21     0     0    27.0   -0.393  -76.867   1021.9    803.1
     1     1    14     1     5    22     0     0    28.0   -0.354  -76.969   1056.8    795.7
     1     1    14     1     5    23     0     0    29.0   -0.321  -77.086   1090.0    788.1
     1     1    14     1     6     0     0     0    30.0   -0.295  -77.217   1121.4    780.2
     1     1    14     1     6     1     0     0    31.0   -0.273  -77.351   1153.6    772.7
     1     1    14     1     6     2     0     0    32.0   -0.253  -77.474   1189.9    765.0
     1     1    14     1     6     3     0     0    33.0   -0.235  -77.587   1232.5    761.8
     1     1    14     1     6     4     0     0    34.0   -0.219  -77.688   1279.1    759.1
     1     1    14     1     6     5     0     0    35.0   -0.206  -77.777   1329.3    755.8
     1     1    14     1     6     6     0     0    36.0   -0.197  -77.856   1383.4    752.2
     1     1    14     1     6     7     0     0    37.0   -0.191  -77.930   1437.1    748.5
     1     1    14     1     6     8     0     0    38.0   -0.182  -78.000   1483.0    745.9
     1     1    14     1     6     9     0     0    39.0   -0.171  -78.066   1521.8    743.8
     1     1    14     1     6    10     0     0    40.0   -0.156  -78.129   1553.0    742.4
     1     1    14     1     6    11     0     0    41.0   -0.137  -78.187   1576.4    741.6
     1     1    14     1     6    12     0     0    42.0   -0.112  -78.240   1592.0    741.5
     1     1    14     1     6    13     0     0    43.0   -0.086  -78.289   1606.3    741.6
     1     1    14     1     6    14     0     0    44.0   -0.065  -78.338   1627.1    740.6
     1     1    14     1     6    15     0     0    45.0   -0.049  -78.387   1653.8    739.1
     1     1    14     1     6    16     0     0    46.0   -0.038  -78.437   1686.1    736.9
     1     1    14     1     6    17     0     0    47.0   -0.032  -78.490   1723.9    734.4
     1     1    14     1     6    18     0     0    48.0   -0.030  -78.545   1766.9    731.4
