     1     1
    CDC1    14     1     1     0     0
     1 FORWARD  OMEGA   
    14     1     5    18   -1.000  -75.000   500.0
     1 PRESSURE
     1     1    14     1     5    18     0     0     0.0   -1.000  -75.000    500.0    937.1
     1     1    14     1     5    19     0     0     1.0   -0.948  -75.014    521.4    933.1
     1     1    14     1     5    20     0     0     2.0   -0.898  -75.044    542.2    928.5
     1     1    14     1     5    21     0     0     3.0   -0.850  -75.091    562.2    923.4
     1     1    14     1     5    22     0     0     4.0   -0.804  -75.157    581.4    917.8
     1     1    14     1     5    23     0     0     5.0   -0.758  -75.241    599.8    911.7
     1     1    14     1     6     0     0     0     6.0   -0.715  -75.343    617.4    905.0
     1     1    14     1     6     1     0     0     7.0   -0.667  -75.450    635.8    898.4
     1     1    14     1     6     2     0     0     8.0   -0.612  -75.545    656.3    891.6
     1     1    14     1     6     3     0     0     9.0   -0.548  -75.630    679.1    885.0
     1     1    14     1     6     4     0     0    10.0   -0.476  -75.706    704.3    878.5
     1     1    14     1     6     5     0     0    11.0   -0.396  -75.772    732.0    872.0
     1     1    14     1     6     6     0     0    12.0   -0.309  -75.831    762.4    865.5
     1     1    14     1     6     7     0     0    13.0   -0.221  -75.887    792.6    859.0
     1     1    14     1     6     8     0     0    14.0   -0.141  -75.945    819.8    853.1
     1     1    14     1     6     9     0     0    15.0   -0.067  -76.003    843.6    847.8
     1     1    14     1     6    10     0     0    16.0    0.003  -76.060    863.8    843.1
     1     1    14     1     6    11     0     0    17.0    0.068  -76.114    880.7    839.1
     1     1    14     1     6    12     0     0    18.0    0.129  -76.163    894.7    835.7
     1     1    14     1     6    13     0     0    19.0    0.184  -76.206    911.3    832.6
     1     1    14     1     6    14     0     0    20.0    0.231  -76.242    935.3    828.4
     1     1    14     1     6    15     0     0    21.0    0.270  -76.271    966.9    823.9
     1     1    14     1     6    16     0     0    22.0    0.300  -76.296   1005.8    818.9
     1     1    14     1     6    17     0     0    23.0    0.322  -76.317   1052.0    813.5
     1     1    14     1     6    18     0     0    24.0    0.336  -76.336   1105.5    807.6
     1     1    14     1     6    19     0     0    25.0    0.344  -76.351   1164.0    801.4
     1     1    14     1     6    20     0     0    26.0    0.350  -76.363   1226.4    795.4
     1     1    14     1     6    21     0     0    27.0    0.352  -76.371   1293.2    788.8
     1     1    14     1     6    22     0     0    28.0    0.353  -76.374   1365.5    781.8
     1     1    14     1     6    23     0     0    29.0    0.351  -76.375   1444.5    774.3
     1     1    14     1     7     0     0     0    30.0    0.348  -76.371   1531.1    766.5
     1     1    14     1     7     1     0     0    31.0    0.346  -76.370   1622.4    758.5
     1     1    14     1     7     2     0     0    32.0    0.346  -76.381   1714.1    750.3
     1     1    14     1     7     3     0     0    33.0    0.346  -76.404   1805.9    741.7
     1     1    14     1     7     4     0     0    34.0    0.345  -76.439   1897.7    733.0
     1     1    14     1     7     5     0     0    35.0    0.341  -76.484   1989.3    724.2
     1     1    14     1     7     6     0     0    36.0    0.332  -76.542   2080.5    715.4
     1     1    14     1     7     7     0     0    37.0    0.321  -76.607   2170.4    705.8
     1     1    14     1     7     8     0     0    38.0    0.311  -76.677   2258.5    696.1
     1     1    14     1     7     9     0     0    39.0    0.305  -76.751   2343.7    686.8
     1     1    14     1     7    10     0     0    40.0    0.303  -76.829   2425.9    677.8
     1     1    14     1     7    11     0     0    41.0    0.306  -76.912   2505.0    669.1
     1     1    14     1     7    12     0     0    42.0    0.314  -77.000   2580.9    660.7
     1     1    14     1     7    13     0     0    43.0    0.325  -77.092   2655.9    652.6
     1     1    14     1     7    14     0     0    44.0    0.337  -77.189   2734.7    643.9
     1     1    14     1     7    15     0     0    45.0    0.349  -77.289   2816.1    635.1
     1     1    14     1     7    16     0     0    46.0    0.361  -77.394   2899.7    626.2
     1     1    14     1     7    17     0     0    47.0    0.371  -77.502   2985.1    617.3
     1     1    14     1     7    18     0     0    48.0    0.378  -77.613   3077.8    612.2
