     1     1
    CDC1    14     1     1     0     0
     1 FORWARD  OMEGA   
    14     1    20    12   -1.000  -75.000   500.0
     1 PRESSURE
     1     1    14     1    20    12     0     0     0.0   -1.000  -75.000    500.0    937.6
     1     1    14     1    20    13     0     0     1.0   -0.998  -75.101    498.0    933.9
     1     1    14     1    20    14     0     0     2.0   -1.000  -75.203    499.1    929.6
     1     1    14     1    20    15     0     0     3.0   -1.006  -75.308    503.1    925.0
     1     1    14     1    20    16     0     0     4.0   -1.016  -75.414    509.8    920.1
     1     1    14     1    20    17     0     0     5.0   -1.030  -75.524    519.0    914.9
     1     1    14     1    20    18     0     0     6.0   -1.049  -75.636    530.5    909.4
     1     1    14     1    20    19     0     0     7.0   -1.071  -75.744    542.8    903.1
     1     1    14     1    20    20     0     0     8.0   -1.100  -75.841    555.4    897.6
     1     1    14     1    20    21     0     0     9.0   -1.134  -75.926    567.9    892.7
     1     1    14     1    20    22     0     0    10.0   -1.175  -75.996    580.2    888.4
     1     1    14     1    20    23     0     0    11.0   -1.222  -76.052    592.3    884.9
     1     1    14     1    21     0     0     0    12.0   -1.275  -76.092    604.0    882.2
     1     1    14     1    21     1     0     0    13.0   -1.327  -76.122    615.1    881.1
     1     1    14     1    21     2     0     0    14.0   -1.369  -76.145    625.1    880.1
     1     1    14     1    21     3     0     0    15.0   -1.402  -76.163    633.9    879.2
     1     1    14     1    21     4     0     0    16.0   -1.425  -76.175    641.4    878.6
     1     1    14     1    21     5     0     0    17.0   -1.439  -76.183    647.3    878.3
     1     1    14     1    21     6     0     0    18.0   -1.442  -76.185    651.7    878.3
     1     1    14     1    21     7     0     0    19.0   -1.449  -76.183    652.3    878.1
     1     1    14     1    21     8     0     0    20.0   -1.472  -76.177    647.1    879.3
     1     1    14     1    21     9     0     0    21.0   -1.512  -76.165    635.7    881.6
     1     1    14     1    21    10     0     0    22.0   -1.569  -76.146    618.1    885.2
     1     1    14     1    21    11     0     0    23.0   -1.644  -76.121    594.3    889.7
     1     1    14     1    21    12     0     0    24.0   -1.737  -76.086    564.3    895.4
     1     1    14     1    21    13     0     0    25.0   -1.835  -76.048    534.0    901.9
     1     1    14     1    21    14     0     0    26.0   -1.925  -76.012    508.8    907.2
     1     1    14     1    21    15     0     0    27.0   -2.005  -75.982    488.9    911.7
     1     1    14     1    21    16     0     0    28.0   -2.077  -75.958    474.3    915.2
     1     1    14     1    21    17     0     0    29.0   -2.138  -75.943    465.1    917.6
     1     1    14     1    21    18     0     0    30.0   -2.188  -75.938    461.4    918.7
     1     1    14     1    21    19     0     0    31.0   -2.232  -75.934    460.5    918.8
     1     1    14     1    21    20     0     0    32.0   -2.273  -75.922    460.2    919.4
     1     1    14     1    21    21     0     0    33.0   -2.311  -75.904    460.3    920.3
     1     1    14     1    21    22     0     0    34.0   -2.345  -75.879    460.7    921.4
     1     1    14     1    21    23     0     0    35.0   -2.377  -75.846    461.3    922.9
     1     1    14     1    22     0     0     0    36.0   -2.405  -75.807    462.3    924.6
     1     1    14     1    22     1     0     0    37.0   -2.437  -75.765    463.1    927.6
     1     1    14     1    22     2     0     0    38.0   -2.477  -75.726    463.3    930.8
     1     1    14     1    22     3     0     0    39.0   -2.525  -75.690    462.6    933.7
     1     1    14     1    22     4     0     0    40.0   -2.582  -75.655    461.1    936.2
     1     1    14     1    22     5     0     0    41.0   -2.648  -75.624    458.7    938.7
     1     1    14     1    22     6     0     0    42.0   -2.723  -75.595    455.2    941.1
     1     1    14     1    22     7     0     0    43.0   -2.801  -75.571    450.9    942.6
     1     1    14     1    22     8     0     0    44.0   -2.877  -75.555    446.7    943.8
     1     1    14     1    22     9     0     0    45.0   -2.950  -75.545    442.6    944.6
     1     1    14     1    22    10     0     0    46.0   -3.020  -75.541    438.7    945.0
     1     1    14     1    22    11     0     0    47.0   -3.087  -75.542    435.1    945.2
     1     1    14     1    22    12     0     0    48.0   -3.152  -75.549    431.9    945.0
