     1     1
    CDC1    14     1     1     0     0
     1 FORWARD  OMEGA   
    14     1    15     6   -1.000  -75.000   500.0
     1 PRESSURE
     1     1    14     1    15     6     0     0     0.0   -1.000  -75.000    500.0    938.3
     1     1    14     1    15     7     0     0     1.0   -1.036  -75.089    520.6    933.1
     1     1    14     1    15     8     0     0     2.0   -1.082  -75.175    542.7    927.9
     1     1    14     1    15     9     0     0     3.0   -1.137  -75.258    566.1    922.9
     1     1    14     1    15    10     0     0     4.0   -1.200  -75.339    590.9    918.0
     1     1    14     1    15    11     0     0     5.0   -1.271  -75.415    616.8    913.3
     1     1    14     1    15    12     0     0     6.0   -1.347  -75.489    643.9    908.3
     1     1    14     1    15    13     0     0     7.0   -1.433  -75.564    674.2    903.2
     1     1    14     1    15    14     0     0     8.0   -1.529  -75.646    709.6    897.2
     1     1    14     1    15    15     0     0     9.0   -1.637  -75.737    750.5    890.5
     1     1    14     1    15    16     0     0    10.0   -1.757  -75.837    797.4    882.9
     1     1    14     1    15    17     0     0    11.0   -1.891  -75.950    850.5    874.4
     1     1    14     1    15    18     0     0    12.0   -2.037  -76.076    910.3    864.8
     1     1    14     1    15    19     0     0    13.0   -2.191  -76.202    973.1    853.7
     1     1    14     1    15    20     0     0    14.0   -2.346  -76.314   1034.8    843.8
     1     1    14     1    15    21     0     0    15.0   -2.503  -76.411   1095.8    834.7
     1     1    14     1    15    22     0     0    16.0   -2.663  -76.492   1155.1    824.8
     1     1    14     1    15    23     0     0    17.0   -2.827  -76.556   1213.4    815.9
     1     1    14     1    16     0     0     0    18.0   -2.996  -76.604   1270.9    808.0
     1     1    14     1    16     1     0     0    19.0   -3.165  -76.650   1326.8    800.2
     1     1    14     1    16     2     0     0    20.0   -3.331  -76.712   1380.8    791.9
     1     1    14     1    16     3     0     0    21.0   -3.494  -76.789   1432.4    783.3
     1     1    14     1    16     4     0     0    22.0   -3.654  -76.884   1480.8    774.2
     1     1    14     1    16     5     0     0    23.0   -3.810  -76.999   1525.2    764.7
     1     1    14     1    16     6     0     0    24.0   -3.963  -77.133   1564.5    754.8
     1     1    14     1    16     7     0     0    25.0   -4.115  -77.286   1599.6    744.5
     1     1    14     1    16     8     0     0    26.0   -4.272  -77.455   1631.1    733.7
     1     1    14     1    16     9     0     0    27.0   -4.431  -77.636   1663.5    729.4
     1     1    14     1    16    10     0     0    28.0   -4.590  -77.826   1692.9    727.9
     1     1    14     1    16    11     0     0    29.0   -4.750  -78.024   1716.9    727.1
     1     1    14     1    16    12     0     0    30.0   -4.909  -78.229   1735.1    727.0
     1     1    14     1    16    13     0     0    31.0   -5.067  -78.439   1749.6    726.7
     1     1    14     1    16    14     0     0    32.0   -5.221  -78.649   1765.4    725.7
     1     1    14     1    16    15     0     0    33.0   -5.370  -78.857   1784.0    725.2
     1     1    14     1    16    16     0     0    34.0   -5.516  -79.061   1804.9    725.3
     1     1    14     1    16    17     0     0    35.0   -5.659  -79.263   1827.5    726.0
     1     1    14     1    16    18     0     0    36.0   -5.801  -79.461   1851.0    727.4
     1     1    14     1    16    19     0     0    37.0   -5.933  -79.652   1875.5    728.9
     1     1    14     1    16    20     0     0    38.0   -6.051  -79.830   1904.0    730.4
     1     1    14     1    16    21     0     0    39.0   -6.155  -79.995   1936.9    731.6
     1     1    14     1    16    22     0     0    40.0   -6.246  -80.143   1975.7    733.6
     1     1    14     1    16    23     0     0    41.0   -6.322  -80.272   2019.4    734.5
     1     1    14     1    17     0     0     0    42.0   -6.385  -80.384   2068.7    734.2
     1     1    14     1    17     1     0     0    43.0   -6.441  -80.488   2120.5    733.7
     1     1    14     1    17     2     0     0    44.0   -6.497  -80.594   2169.0    733.7
     1     1    14     1    17     3     0     0    45.0   -6.549  -80.702   2214.8    733.8
     1     1    14     1    17     4     0     0    46.0   -6.597  -80.813   2257.9    734.2
     1     1    14     1    17     5     0     0    47.0   -6.641  -80.928   2298.5    734.9
     1     1    14     1    17     6     0     0    48.0   -6.679  -81.047   2336.6    736.0
