     1     1
    CDC1    14     1     1     0     0
     1 FORWARD  OMEGA   
    14     1    16    12   -1.000  -75.000   500.0
     1 PRESSURE
     1     1    14     1    16    12     0     0     0.0   -1.000  -75.000    500.0    937.7
     1     1    14     1    16    13     0     0     1.0   -1.156  -75.088    506.7    936.4
     1     1    14     1    16    14     0     0     2.0   -1.307  -75.173    519.8    933.9
     1     1    14     1    16    15     0     0     3.0   -1.454  -75.257    538.5    930.8
     1     1    14     1    16    16     0     0     4.0   -1.600  -75.343    562.2    926.9
     1     1    14     1    16    17     0     0     5.0   -1.745  -75.432    590.3    922.5
     1     1    14     1    16    18     0     0     6.0   -1.888  -75.529    622.1    917.3
     1     1    14     1    16    19     0     0     7.0   -2.018  -75.633    655.4    910.2
     1     1    14     1    16    20     0     0     8.0   -2.121  -75.747    688.8    902.4
     1     1    14     1    16    21     0     0     9.0   -2.198  -75.869    722.8    893.8
     1     1    14     1    16    22     0     0    10.0   -2.247  -75.999    757.9    884.3
     1     1    14     1    16    23     0     0    11.0   -2.271  -76.137    794.7    874.1
     1     1    14     1    17     0     0     0    12.0   -2.271  -76.281    833.7    863.2
     1     1    14     1    17     1     0     0    13.0   -2.261  -76.426    874.5    852.8
     1     1    14     1    17     2     0     0    14.0   -2.255  -76.567    916.7    842.7
     1     1    14     1    17     3     0     0    15.0   -2.253  -76.706    960.5    832.1
     1     1    14     1    17     4     0     0    16.0   -2.257  -76.844   1006.2    821.6
     1     1    14     1    17     5     0     0    17.0   -2.267  -76.982   1053.7    811.1
     1     1    14     1    17     6     0     0    18.0   -2.283  -77.122   1103.2    800.5
     1     1    14     1    17     7     0     0    19.0   -2.304  -77.269   1154.5    789.2
     1     1    14     1    17     8     0     0    20.0   -2.328  -77.427   1207.3    777.3
     1     1    14     1    17     9     0     0    21.0   -2.352  -77.594   1263.0    769.5
     1     1    14     1    17    10     0     0    22.0   -2.374  -77.768   1319.9    765.0
     1     1    14     1    17    11     0     0    23.0   -2.395  -77.945   1374.8    760.9
     1     1    14     1    17    12     0     0    24.0   -2.415  -78.126   1426.8    757.1
     1     1    14     1    17    13     0     0    25.0   -2.440  -78.305   1476.6    753.7
     1     1    14     1    17    14     0     0    26.0   -2.475  -78.479   1524.6    750.4
     1     1    14     1    17    15     0     0    27.0   -2.521  -78.650   1571.0    747.2
     1     1    14     1    17    16     0     0    28.0   -2.578  -78.820   1615.6    744.3
     1     1    14     1    17    17     0     0    29.0   -2.643  -78.989   1658.4    741.5
     1     1    14     1    17    18     0     0    30.0   -2.716  -79.160   1699.2    738.6
     1     1    14     1    17    19     0     0    31.0   -2.796  -79.331   1745.0    736.0
     1     1    14     1    17    20     0     0    32.0   -2.882  -79.503   1800.6    732.1
     1     1    14     1    17    21     0     0    33.0   -2.973  -79.673   1866.8    727.3
     1     1    14     1    17    22     0     0    34.0   -3.073  -79.844   1943.8    721.7
     1     1    14     1    17    23     0     0    35.0   -3.182  -80.015   2032.5    715.8
     1     1    14     1    18     0     0     0    36.0   -3.297  -80.186   2136.5    713.7
     1     1    14     1    18     1     0     0    37.0   -3.412  -80.358   2238.6    710.4
     1     1    14     1    18     2     0     0    38.0   -3.519  -80.534   2328.4    709.4
     1     1    14     1    18     3     0     0    39.0   -3.620  -80.714   2407.5    709.4
     1     1    14     1    18     4     0     0    40.0   -3.714  -80.897   2477.3    710.3
     1     1    14     1    18     5     0     0    41.0   -3.802  -81.083   2539.4    711.9
     1     1    14     1    18     6     0     0    42.0   -3.883  -81.272   2595.4    714.1
     1     1    14     1    18     7     0     0    43.0   -3.956  -81.462   2646.1    716.5
     1     1    14     1    18     8     0     0    44.0   -4.020  -81.652   2692.9    719.1
     1     1    14     1    18     9     0     0    45.0   -4.075  -81.842   2733.6    722.2
     1     1    14     1    18    10     0     0    46.0   -4.122  -82.032   2766.7    725.8
     1     1    14     1    18    11     0     0    47.0   -4.163  -82.221   2790.5    730.1
     1     1    14     1    18    12     0     0    48.0   -4.197  -82.408   2803.2    735.4
