     1     1
    CDC1    14     1     1     0     0
     1 FORWARD  OMEGA   
    14     1     4    12   -1.000  -75.000   500.0
     1 PRESSURE
     1     1    14     1     4    12     0     0     0.0   -1.000  -75.000    500.0    936.4
     1     1    14     1     4    13     0     0     1.0   -1.066  -75.005    510.1    936.1
     1     1    14     1     4    14     0     0     2.0   -1.127  -75.021    523.6    934.8
     1     1    14     1     4    15     0     0     3.0   -1.182  -75.047    540.5    932.6
     1     1    14     1     4    16     0     0     4.0   -1.232  -75.083    560.9    929.6
     1     1    14     1     4    17     0     0     5.0   -1.278  -75.128    584.8    925.8
     1     1    14     1     4    18     0     0     6.0   -1.320  -75.183    612.1    921.2
     1     1    14     1     4    19     0     0     7.0   -1.358  -75.251    639.5    915.8
     1     1    14     1     4    20     0     0     8.0   -1.391  -75.332    663.5    910.3
     1     1    14     1     4    21     0     0     9.0   -1.421  -75.428    684.1    904.4
     1     1    14     1     4    22     0     0    10.0   -1.446  -75.536    701.3    898.3
     1     1    14     1     4    23     0     0    11.0   -1.467  -75.657    715.1    892.0
     1     1    14     1     5     0     0     0    12.0   -1.483  -75.788    725.5    885.5
     1     1    14     1     5     1     0     0    13.0   -1.495  -75.918    734.5    879.6
     1     1    14     1     5     2     0     0    14.0   -1.503  -76.034    744.4    874.0
     1     1    14     1     5     3     0     0    15.0   -1.507  -76.135    755.3    868.9
     1     1    14     1     5     4     0     0    16.0   -1.507  -76.223    767.6    864.2
     1     1    14     1     5     5     0     0    17.0   -1.501  -76.297    781.2    859.8
     1     1    14     1     5     6     0     0    18.0   -1.490  -76.358    796.3    855.9
     1     1    14     1     5     7     0     0    19.0   -1.474  -76.414    811.9    851.8
     1     1    14     1     5     8     0     0    20.0   -1.456  -76.472    827.0    847.8
     1     1    14     1     5     9     0     0    21.0   -1.433  -76.531    841.4    843.8
     1     1    14     1     5    10     0     0    22.0   -1.406  -76.592    854.7    839.7
     1     1    14     1     5    11     0     0    23.0   -1.375  -76.655    866.6    835.7
     1     1    14     1     5    12     0     0    24.0   -1.340  -76.719    876.9    831.8
     1     1    14     1     5    13     0     0    25.0   -1.300  -76.785    888.2    828.0
     1     1    14     1     5    14     0     0    26.0   -1.256  -76.853    903.3    823.6
     1     1    14     1     5    15     0     0    27.0   -1.207  -76.922    922.4    818.5
     1     1    14     1     5    16     0     0    28.0   -1.157  -76.993    945.8    812.9
     1     1    14     1     5    17     0     0    29.0   -1.104  -77.068    973.7    806.8
     1     1    14     1     5    18     0     0    30.0   -1.050  -77.146   1006.4    800.2
     1     1    14     1     5    19     0     0    31.0   -1.000  -77.233   1041.1    792.7
     1     1    14     1     5    20     0     0    32.0   -0.958  -77.335   1075.1    785.0
     1     1    14     1     5    21     0     0    33.0   -0.925  -77.450   1108.1    777.2
     1     1    14     1     5    22     0     0    34.0   -0.900  -77.577   1141.9    773.0
     1     1    14     1     5    23     0     0    35.0   -0.881  -77.712   1175.5    771.7
     1     1    14     1     6     0     0     0    36.0   -0.867  -77.853   1207.7    770.7
     1     1    14     1     6     1     0     0    37.0   -0.855  -77.989   1239.9    769.9
     1     1    14     1     6     2     0     0    38.0   -0.843  -78.111   1275.0    768.3
     1     1    14     1     6     3     0     0    39.0   -0.832  -78.220   1313.0    766.3
     1     1    14     1     6     4     0     0    40.0   -0.823  -78.317   1354.4    763.9
     1     1    14     1     6     5     0     0    41.0   -0.817  -78.403   1399.3    761.0
     1     1    14     1     6     6     0     0    42.0   -0.815  -78.479   1448.0    757.7
     1     1    14     1     6     7     0     0    43.0   -0.815  -78.550   1495.8    754.1
     1     1    14     1     6     8     0     0    44.0   -0.816  -78.620   1535.9    751.8
     1     1    14     1     6     9     0     0    45.0   -0.815  -78.687   1568.7    750.0
     1     1    14     1     6    10     0     0    46.0   -0.814  -78.751   1593.9    748.9
     1     1    14     1     6    11     0     0    47.0   -0.811  -78.812   1611.4    748.4
     1     1    14     1     6    12     0     0    48.0   -0.806  -78.868   1620.9    748.6
