     1     1
    CDC1    14     1     1     0     0
     1 FORWARD  OMEGA   
    14     1    20    18   -1.000  -75.000   500.0
     1 PRESSURE
     1     1    14     1    20    18     0     0     0.0   -1.000  -75.000    500.0    938.1
     1     1    14     1    20    19     0     0     1.0   -1.029  -75.099    505.7    933.2
     1     1    14     1    20    20     0     0     2.0   -1.065  -75.188    511.3    928.8
     1     1    14     1    20    21     0     0     3.0   -1.107  -75.266    516.6    924.9
     1     1    14     1    20    22     0     0     4.0   -1.154  -75.332    521.6    921.7
     1     1    14     1    20    23     0     0     5.0   -1.209  -75.386    526.2    919.2
     1     1    14     1    21     0     0     0     6.0   -1.270  -75.426    530.3    917.4
     1     1    14     1    21     1     0     0     7.0   -1.331  -75.455    533.8    917.4
     1     1    14     1    21     2     0     0     8.0   -1.383  -75.479    536.5    917.5
     1     1    14     1    21     3     0     0     9.0   -1.425  -75.498    538.1    917.8
     1     1    14     1    21     4     0     0    10.0   -1.459  -75.511    538.7    918.2
     1     1    14     1    21     5     0     0    11.0   -1.484  -75.520    538.1    918.9
     1     1    14     1    21     6     0     0    12.0   -1.500  -75.524    536.2    919.7
     1     1    14     1    21     7     0     0    13.0   -1.519  -75.522    531.1    920.5
     1     1    14     1    21     8     0     0    14.0   -1.556  -75.513    520.8    922.6
     1     1    14     1    21     9     0     0    15.0   -1.612  -75.496    505.4    926.0
     1     1    14     1    21    10     0     0    16.0   -1.685  -75.470    484.7    930.7
     1     1    14     1    21    11     0     0    17.0   -1.776  -75.435    458.8    936.8
     1     1    14     1    21    12     0     0    18.0   -1.886  -75.388    427.9    944.5
     1     1    14     1    21    13     0     0    19.0   -2.000  -75.337    397.3    953.0
     1     1    14     1    21    14     0     0    20.0   -2.103  -75.295    372.0    959.4
     1     1    14     1    21    15     0     0    21.0   -2.194  -75.263    352.1    964.3
     1     1    14     1    21    16     0     0    22.0   -2.273  -75.244    337.6    967.9
     1     1    14     1    21    17     0     0    23.0   -2.340  -75.240    328.5    970.1
     1     1    14     1    21    18     0     0    24.0   -2.395  -75.251    324.7    970.7
     1     1    14     1    21    19     0     0    25.0   -2.441  -75.267    323.6    970.0
     1     1    14     1    21    20     0     0    26.0   -2.485  -75.278    322.7    969.8
     1     1    14     1    21    21     0     0    27.0   -2.525  -75.283    321.9    969.3
     1     1    14     1    21    22     0     0    28.0   -2.562  -75.283    321.2    968.8
     1     1    14     1    21    23     0     0    29.0   -2.595  -75.277    320.6    968.6
     1     1    14     1    22     0     0     0    30.0   -2.625  -75.265    320.0    968.7
     1     1    14     1    22     1     0     0    31.0   -2.657  -75.252    319.0    970.1
     1     1    14     1    22     2     0     0    32.0   -2.698  -75.240    317.0    971.6
     1     1    14     1    22     3     0     0    33.0   -2.748  -75.230    314.2    973.1
     1     1    14     1    22     4     0     0    34.0   -2.807  -75.221    310.3    974.6
     1     1    14     1    22     5     0     0    35.0   -2.874  -75.214    305.5    976.1
     1     1    14     1    22     6     0     0    36.0   -2.951  -75.208    299.7    977.7
     1     1    14     1    22     7     0     0    37.0   -3.030  -75.204    293.5    978.5
     1     1    14     1    22     8     0     0    38.0   -3.107  -75.205    288.0    978.9
     1     1    14     1    22     9     0     0    39.0   -3.181  -75.209    283.2    979.0
     1     1    14     1    22    10     0     0    40.0   -3.251  -75.217    279.1    978.9
     1     1    14     1    22    11     0     0    41.0   -3.319  -75.229    275.6    978.6
     1     1    14     1    22    12     0     0    42.0   -3.384  -75.244    272.7    978.0
     1     1    14     1    22    13     0     0    43.0   -3.446  -75.267    271.7    977.1
     1     1    14     1    22    14     0     0    44.0   -3.505  -75.305    273.6    975.0
     1     1    14     1    22    15     0     0    45.0   -3.561  -75.356    278.4    971.9
     1     1    14     1    22    16     0     0    46.0   -3.614  -75.423    286.1    967.6
     1     1    14     1    22    17     0     0    47.0   -3.664  -75.504    296.7    962.3
     1     1    14     1    22    18     0     0    48.0   -3.713  -75.601    310.3    955.9
