     1     1
    CDC1    14     1     1     0     0
     1 FORWARD  OMEGA   
    14     1     5    12   -1.000  -75.000   500.0
     1 PRESSURE
     1     1    14     1     5    12     0     0     0.0   -1.000  -75.000    500.0    937.5
     1     1    14     1     5    13     0     0     1.0   -0.991  -75.006    506.9    936.4
     1     1    14     1     5    14     0     0     2.0   -0.974  -75.013    516.8    934.7
     1     1    14     1     5    15     0     0     3.0   -0.949  -75.020    529.8    932.5
     1     1    14     1     5    16     0     0     4.0   -0.916  -75.027    546.2    929.8
     1     1    14     1     5    17     0     0     5.0   -0.876  -75.034    566.2    926.7
     1     1    14     1     5    18     0     0     6.0   -0.827  -75.040    589.8    923.1
     1     1    14     1     5    19     0     0     7.0   -0.776  -75.055    614.7    918.7
     1     1    14     1     5    20     0     0     8.0   -0.727  -75.087    638.9    913.6
     1     1    14     1     5    21     0     0     9.0   -0.680  -75.139    661.9    907.9
     1     1    14     1     5    22     0     0    10.0   -0.634  -75.210    683.8    901.7
     1     1    14     1     5    23     0     0    11.0   -0.589  -75.302    704.5    895.0
     1     1    14     1     6     0     0     0    12.0   -0.546  -75.413    723.8    887.9
     1     1    14     1     6     1     0     0    13.0   -0.499  -75.528    743.7    881.0
     1     1    14     1     6     2     0     0    14.0   -0.444  -75.633    766.0    874.1
     1     1    14     1     6     3     0     0    15.0   -0.382  -75.728    790.8    867.2
     1     1    14     1     6     4     0     0    16.0   -0.312  -75.814    818.2    860.4
     1     1    14     1     6     5     0     0    17.0   -0.235  -75.891    848.6    853.7
     1     1    14     1     6     6     0     0    18.0   -0.151  -75.960    882.0    847.0
     1     1    14     1     6     7     0     0    19.0   -0.068  -76.026    915.6    840.1
     1     1    14     1     6     8     0     0    20.0    0.009  -76.092    945.9    833.7
     1     1    14     1     6     9     0     0    21.0    0.080  -76.155    973.2    828.2
     1     1    14     1     6    10     0     0    22.0    0.146  -76.214    997.6    823.3
     1     1    14     1     6    11     0     0    23.0    0.209  -76.269   1019.1    819.0
     1     1    14     1     6    12     0     0    24.0    0.269  -76.319   1037.4    815.4
     1     1    14     1     6    13     0     0    25.0    0.325  -76.363   1058.5    812.1
     1     1    14     1     6    14     0     0    26.0    0.373  -76.401   1087.2    807.9
     1     1    14     1     6    15     0     0    27.0    0.412  -76.433   1123.8    803.2
     1     1    14     1     6    16     0     0    28.0    0.444  -76.462   1168.2    798.1
     1     1    14     1     6    17     0     0    29.0    0.469  -76.489   1220.2    792.5
     1     1    14     1     6    18     0     0    30.0    0.486  -76.515   1280.0    786.2
     1     1    14     1     6    19     0     0    31.0    0.498  -76.539   1346.0    779.0
     1     1    14     1     6    20     0     0    32.0    0.508  -76.560   1417.7    771.7
     1     1    14     1     6    21     0     0    33.0    0.516  -76.576   1496.0    764.1
     1     1    14     1     6    22     0     0    34.0    0.522  -76.588   1581.7    756.1
     1     1    14     1     6    23     0     0    35.0    0.526  -76.595   1676.1    747.6
     1     1    14     1     7     0     0     0    36.0    0.531  -76.598   1779.9    738.0
     1     1    14     1     7     1     0     0    37.0    0.537  -76.608   1889.4    728.1
     1     1    14     1     7     2     0     0    38.0    0.542  -76.631   1999.6    718.4
     1     1    14     1     7     3     0     0    39.0    0.546  -76.668   2110.9    708.6
     1     1    14     1     7     4     0     0    40.0    0.547  -76.720   2222.2    698.1
     1     1    14     1     7     5     0     0    41.0    0.547  -76.784   2332.2    687.7
     1     1    14     1     7     6     0     0    42.0    0.545  -76.861   2441.0    677.3
     1     1    14     1     7     7     0     0    43.0    0.546  -76.946   2547.4    666.5
     1     1    14     1     7     8     0     0    44.0    0.554  -77.038   2651.9    656.1
     1     1    14     1     7     9     0     0    45.0    0.570  -77.136   2753.6    645.7
     1     1    14     1     7    10     0     0    46.0    0.595  -77.240   2852.7    635.7
     1     1    14     1     7    11     0     0    47.0    0.627  -77.351   2949.3    626.1
     1     1    14     1     7    12     0     0    48.0    0.667  -77.470   3043.6    616.9
