     1     1
    CDC1    14     1     1     0     0
     1 FORWARD  OMEGA   
    14     1    25    18   -1.000  -75.000   500.0
     1 PRESSURE
     1     1    14     1    25    18     0     0     0.0   -1.000  -75.000    500.0    935.4
     1     1    14     1    25    19     0     0     1.0   -1.075  -75.020    514.9    934.2
     1     1    14     1    25    20     0     0     2.0   -1.155  -75.036    527.0    933.6
     1     1    14     1    25    21     0     0     3.0   -1.240  -75.048    535.8    933.6
     1     1    14     1    25    22     0     0     4.0   -1.331  -75.057    541.2    934.2
     1     1    14     1    25    23     0     0     5.0   -1.427  -75.062    543.1    935.4
     1     1    14     1    26     0     0     0     6.0   -1.528  -75.064    541.3    937.2
     1     1    14     1    26     1     0     0     7.0   -1.633  -75.066    536.9    940.0
     1     1    14     1    26     2     0     0     8.0   -1.740  -75.070    531.5    942.8
     1     1    14     1    26     3     0     0     9.0   -1.851  -75.076    525.3    945.5
     1     1    14     1    26     4     0     0    10.0   -1.966  -75.084    518.8    948.3
     1     1    14     1    26     5     0     0    11.0   -2.085  -75.095    512.1    951.1
     1     1    14     1    26     6     0     0    12.0   -2.210  -75.108    505.6    953.8
     1     1    14     1    26     7     0     0    13.0   -2.336  -75.132    501.0    955.5
     1     1    14     1    26     8     0     0    14.0   -2.458  -75.173    500.6    955.6
     1     1    14     1    26     9     0     0    15.0   -2.574  -75.230    504.3    952.9
     1     1    14     1    26    10     0     0    16.0   -2.683  -75.301    512.8    948.3
     1     1    14     1    26    11     0     0    17.0   -2.785  -75.385    526.7    942.5
     1     1    14     1    26    12     0     0    18.0   -2.877  -75.483    546.1    935.4
     1     1    14     1    26    13     0     0    19.0   -2.962  -75.579    568.1    927.9
     1     1    14     1    26    14     0     0    20.0   -3.042  -75.657    588.3    921.8
     1     1    14     1    26    15     0     0    21.0   -3.120  -75.720    606.9    916.7
     1     1    14     1    26    16     0     0    22.0   -3.197  -75.770    623.6    912.4
     1     1    14     1    26    17     0     0    23.0   -3.273  -75.809    638.3    908.6
     1     1    14     1    26    18     0     0    24.0   -3.349  -75.837    650.9    905.5
     1     1    14     1    26    19     0     0    25.0   -3.426  -75.858    663.2    903.1
     1     1    14     1    26    20     0     0    26.0   -3.503  -75.873    677.3    900.6
     1     1    14     1    26    21     0     0    27.0   -3.582  -75.883    693.2    898.3
     1     1    14     1    26    22     0     0    28.0   -3.661  -75.887    710.9    896.0
     1     1    14     1    26    23     0     0    29.0   -3.741  -75.886    730.6    893.7
     1     1    14     1    27     0     0     0    30.0   -3.821  -75.879    752.5    891.6
     1     1    14     1    27     1     0     0    31.0   -3.903  -75.871    774.6    889.8
     1     1    14     1    27     2     0     0    32.0   -3.988  -75.866    795.3    888.3
     1     1    14     1    27     3     0     0    33.0   -4.076  -75.865    814.5    886.7
     1     1    14     1    27     4     0     0    34.0   -4.167  -75.866    831.9    885.2
     1     1    14     1    27     5     0     0    35.0   -4.262  -75.869    847.7    883.8
     1     1    14     1    27     6     0     0    36.0   -4.362  -75.874    861.8    882.5
     1     1    14     1    27     7     0     0    37.0   -4.464  -75.890    874.1    880.3
     1     1    14     1    27     8     0     0    38.0   -4.567  -75.925    885.3    877.2
     1     1    14     1    27     9     0     0    39.0   -4.670  -75.979    894.8    873.3
     1     1    14     1    27    10     0     0    40.0   -4.773  -76.053    902.5    868.6
     1     1    14     1    27    11     0     0    41.0   -4.876  -76.146    907.9    863.2
     1     1    14     1    27    12     0     0    42.0   -4.978  -76.258    911.0    857.1
     1     1    14     1    27    13     0     0    43.0   -5.084  -76.377    915.7    848.7
     1     1    14     1    27    14     0     0    44.0   -5.197  -76.492    926.0    838.7
     1     1    14     1    27    15     0     0    45.0   -5.321  -76.602    942.9    827.9
     1     1    14     1    27    16     0     0    46.0   -5.458  -76.706    966.7    816.5
     1     1    14     1    27    17     0     0    47.0   -5.611  -76.802    997.6    804.4
     1     1    14     1    27    18     0     0    48.0   -5.786  -76.890   1036.0    791.6
