     1     1
    CDC1    14     1     1     0     0
     1 FORWARD  OMEGA   
    14     1    10    12   -1.000  -75.000   500.0
     1 PRESSURE
     1     1    14     1    10    12     0     0     0.0   -1.000  -75.000    500.0    937.1
     1     1    14     1    10    13     0     0     1.0   -1.058  -75.104    517.5    932.0
     1     1    14     1    10    14     0     0     2.0   -1.120  -75.203    539.3    926.4
     1     1    14     1    10    15     0     0     3.0   -1.185  -75.297    565.0    920.7
     1     1    14     1    10    16     0     0     4.0   -1.255  -75.386    594.4    914.9
     1     1    14     1    10    17     0     0     5.0   -1.332  -75.471    627.2    909.1
     1     1    14     1    10    18     0     0     6.0   -1.415  -75.550    662.9    902.8
     1     1    14     1    10    19     0     0     7.0   -1.499  -75.630    698.2    896.5
     1     1    14     1    10    20     0     0     8.0   -1.576  -75.715    729.7    890.7
     1     1    14     1    10    21     0     0     9.0   -1.646  -75.804    757.9    885.0
     1     1    14     1    10    22     0     0    10.0   -1.711  -75.894    783.1    879.4
     1     1    14     1    10    23     0     0    11.0   -1.771  -75.985    805.6    874.0
     1     1    14     1    11     0     0     0    12.0   -1.826  -76.075    825.9    868.8
     1     1    14     1    11     1     0     0    13.0   -1.878  -76.166    846.9    863.9
     1     1    14     1    11     2     0     0    14.0   -1.929  -76.259    871.5    858.3
     1     1    14     1    11     3     0     0    15.0   -1.980  -76.354    899.3    852.3
     1     1    14     1    11     4     0     0    16.0   -2.032  -76.453    929.9    845.6
     1     1    14     1    11     5     0     0    17.0   -2.086  -76.555    963.1    838.3
     1     1    14     1    11     6     0     0    18.0   -2.143  -76.660    998.3    830.6
     1     1    14     1    11     7     0     0    19.0   -2.206  -76.766   1032.4    822.7
     1     1    14     1    11     8     0     0    20.0   -2.276  -76.869   1063.0    815.6
     1     1    14     1    11     9     0     0    21.0   -2.351  -76.969   1089.9    809.1
     1     1    14     1    11    10     0     0    22.0   -2.431  -77.066   1112.9    803.0
     1     1    14     1    11    11     0     0    23.0   -2.515  -77.162   1131.9    797.2
     1     1    14     1    11    12     0     0    24.0   -2.600  -77.256   1146.9    791.4
     1     1    14     1    11    13     0     0    25.0   -2.691  -77.352   1163.9    785.8
     1     1    14     1    11    14     0     0    26.0   -2.791  -77.452   1186.8    778.9
     1     1    14     1    11    15     0     0    27.0   -2.903  -77.556   1217.0    774.0
     1     1    14     1    11    16     0     0    28.0   -3.025  -77.664   1253.3    771.1
     1     1    14     1    11    17     0     0    29.0   -3.159  -77.774   1294.0    767.5
     1     1    14     1    11    18     0     0    30.0   -3.306  -77.885   1338.7    763.7
     1     1    14     1    11    19     0     0    31.0   -3.460  -77.992   1383.3    759.3
     1     1    14     1    11    20     0     0    32.0   -3.611  -78.087   1424.2    755.7
     1     1    14     1    11    21     0     0    33.0   -3.759  -78.172   1461.8    752.5
     1     1    14     1    11    22     0     0    34.0   -3.903  -78.246   1496.5    749.5
     1     1    14     1    11    23     0     0    35.0   -4.043  -78.310   1528.7    746.7
     1     1    14     1    12     0     0     0    36.0   -4.177  -78.364   1558.6    744.1
     1     1    14     1    12     1     0     0    37.0   -4.312  -78.412   1586.3    742.1
     1     1    14     1    12     2     0     0    38.0   -4.454  -78.456   1610.5    740.5
     1     1    14     1    12     3     0     0    39.0   -4.602  -78.496   1631.2    739.2
     1     1    14     1    12     4     0     0    40.0   -4.756  -78.533   1648.1    738.2
     1     1    14     1    12     5     0     0    41.0   -4.916  -78.566   1661.0    737.5
     1     1    14     1    12     6     0     0    42.0   -5.082  -78.596   1669.2    736.2
     1     1    14     1    12     7     0     0    43.0   -5.246  -78.625   1672.8    734.2
     1     1    14     1    12     8     0     0    44.0   -5.402  -78.653   1674.0    732.6
     1     1    14     1    12     9     0     0    45.0   -5.552  -78.683   1672.2    731.5
     1     1    14     1    12    10     0     0    46.0   -5.694  -78.715   1667.2    730.9
     1     1    14     1    12    11     0     0    47.0   -5.831  -78.748   1658.7    731.0
     1     1    14     1    12    12     0     0    48.0   -5.962  -78.784   1646.6    731.5
