     1     1
    CDC1    14     1     1     0     0
     1 FORWARD  OMEGA   
    14     1    13     6   -1.000  -75.000   500.0
     1 PRESSURE
     1     1    14     1    13     6     0     0     0.0   -1.000  -75.000    500.0    939.1
     1     1    14     1    13     7     0     0     1.0   -0.933  -75.146    520.5    929.5
     1     1    14     1    13     8     0     0     2.0   -0.889  -75.278    537.4    921.4
     1     1    14     1    13     9     0     0     3.0   -0.865  -75.397    550.4    914.7
     1     1    14     1    13    10     0     0     4.0   -0.860  -75.503    559.2    909.4
     1     1    14     1    13    11     0     0     5.0   -0.874  -75.595    563.4    905.3
     1     1    14     1    13    12     0     0     6.0   -0.906  -75.675    563.0    902.6
     1     1    14     1    13    13     0     0     7.0   -0.945  -75.748    563.6    900.6
     1     1    14     1    13    14     0     0     8.0   -0.982  -75.824    570.7    897.2
     1     1    14     1    13    15     0     0     9.0   -1.016  -75.903    584.3    893.1
     1     1    14     1    13    16     0     0    10.0   -1.051  -75.984    604.5    888.2
     1     1    14     1    13    17     0     0    11.0   -1.086  -76.068    631.3    882.4
     1     1    14     1    13    18     0     0    12.0   -1.124  -76.154    664.9    875.7
     1     1    14     1    13    19     0     0    13.0   -1.162  -76.248    700.6    867.9
     1     1    14     1    13    20     0     0    14.0   -1.195  -76.357    734.0    860.3
     1     1    14     1    13    21     0     0    15.0   -1.222  -76.478    764.8    852.4
     1     1    14     1    13    22     0     0    16.0   -1.244  -76.609    792.9    844.3
     1     1    14     1    13    23     0     0    17.0   -1.260  -76.750    818.3    836.0
     1     1    14     1    14     0     0     0    18.0   -1.270  -76.898    840.7    827.7
     1     1    14     1    14     1     0     0    19.0   -1.279  -77.051    862.5    819.8
     1     1    14     1    14     2     0     0    20.0   -1.292  -77.206    885.2    811.5
     1     1    14     1    14     3     0     0    21.0   -1.310  -77.365    908.8    802.8
     1     1    14     1    14     4     0     0    22.0   -1.335  -77.528    933.5    795.3
     1     1    14     1    14     5     0     0    23.0   -1.363  -77.695    961.4    794.8
     1     1    14     1    14     6     0     0    24.0   -1.395  -77.866    989.2    794.4
     1     1    14     1    14     7     0     0    25.0   -1.424  -78.030   1016.1    793.7
     1     1    14     1    14     8     0     0    26.0   -1.445  -78.178   1041.2    793.0
     1     1    14     1    14     9     0     0    27.0   -1.456  -78.310   1064.9    792.2
     1     1    14     1    14    10     0     0    28.0   -1.458  -78.426   1087.4    791.3
     1     1    14     1    14    11     0     0    29.0   -1.450  -78.528   1108.9    790.4
     1     1    14     1    14    12     0     0    30.0   -1.433  -78.615   1129.7    789.3
     1     1    14     1    14    13     0     0    31.0   -1.414  -78.695   1147.4    788.3
     1     1    14     1    14    14     0     0    32.0   -1.404  -78.772   1159.5    788.1
     1     1    14     1    14    15     0     0    33.0   -1.402  -78.846   1165.8    788.3
     1     1    14     1    14    16     0     0    34.0   -1.409  -78.919   1166.0    789.1
     1     1    14     1    14    17     0     0    35.0   -1.425  -78.988   1159.9    790.4
     1     1    14     1    14    18     0     0    36.0   -1.450  -79.054   1147.3    792.2
     1     1    14     1    14    19     0     0    37.0   -1.485  -79.116   1138.2    794.3
     1     1    14     1    14    20     0     0    38.0   -1.529  -79.173   1141.5    794.3
     1     1    14     1    14    21     0     0    39.0   -1.581  -79.225   1157.8    793.0
     1     1    14     1    14    22     0     0    40.0   -1.642  -79.273   1187.4    790.4
     1     1    14     1    14    23     0     0    41.0   -1.712  -79.317   1230.8    786.5
     1     1    14     1    15     0     0     0    42.0   -1.789  -79.358   1288.7    781.0
     1     1    14     1    15     1     0     0    43.0   -1.867  -79.402   1353.2    774.2
     1     1    14     1    15     2     0     0    44.0   -1.940  -79.457   1416.1    768.6
     1     1    14     1    15     3     0     0    45.0   -2.009  -79.522   1476.8    763.3
     1     1    14     1    15     4     0     0    46.0   -2.074  -79.596   1534.9    758.4
     1     1    14     1    15     5     0     0    47.0   -2.137  -79.681   1590.0    753.9
     1     1    14     1    15     6     0     0    48.0   -2.197  -79.775   1641.9    749.8
