     1     1
    CDC1    14     1     1     0     0
     1 FORWARD  OMEGA   
    14     1    21     6   -1.000  -75.000   500.0
     1 PRESSURE
     1     1    14     1    21     6     0     0     0.0   -1.000  -75.000    500.0    937.1
     1     1    14     1    21     7     0     0     1.0   -1.022  -75.006    491.9    938.0
     1     1    14     1    21     8     0     0     2.0   -1.061  -75.005    479.5    940.2
     1     1    14     1    21     9     0     0     3.0   -1.119  -74.996    462.8    943.5
     1     1    14     1    21    10     0     0     4.0   -1.195  -74.978    441.8    947.5
     1     1    14     1    21    11     0     0     5.0   -1.288  -74.950    416.8    952.3
     1     1    14     1    21    12     0     0     6.0   -1.398  -74.910    387.8    957.9
     1     1    14     1    21    13     0     0     7.0   -1.509  -74.868    360.0    963.0
     1     1    14     1    21    14     0     0     8.0   -1.609  -74.833    337.4    966.7
     1     1    14     1    21    15     0     0     9.0   -1.696  -74.808    320.0    969.7
     1     1    14     1    21    16     0     0    10.0   -1.772  -74.795    307.4    972.1
     1     1    14     1    21    17     0     0    11.0   -1.837  -74.794    299.6    973.8
     1     1    14     1    21    18     0     0    12.0   -1.890  -74.806    296.4    974.9
     1     1    14     1    21    19     0     0    13.0   -1.936  -74.823    295.4    975.2
     1     1    14     1    21    20     0     0    14.0   -1.982  -74.838    294.2    975.7
     1     1    14     1    21    21     0     0    15.0   -2.027  -74.849    292.8    976.3
     1     1    14     1    21    22     0     0    16.0   -2.070  -74.858    291.3    976.8
     1     1    14     1    21    23     0     0    17.0   -2.111  -74.862    289.5    977.2
     1     1    14     1    22     0     0     0    18.0   -2.151  -74.863    287.7    977.6
     1     1    14     1    22     1     0     0    19.0   -2.193  -74.864    285.5    979.3
     1     1    14     1    22     2     0     0    20.0   -2.242  -74.868    282.6    981.2
     1     1    14     1    22     3     0     0    21.0   -2.297  -74.874    279.0    983.4
     1     1    14     1    22     4     0     0    22.0   -2.360  -74.883    274.8    985.8
     1     1    14     1    22     5     0     0    23.0   -2.430  -74.894    269.8    988.5
     1     1    14     1    22     6     0     0    24.0   -2.507  -74.906    264.0    991.3
     1     1    14     1    22     7     0     0    25.0   -2.587  -74.921    258.0    992.1
     1     1    14     1    22     8     0     0    26.0   -2.664  -74.939    252.9    992.8
     1     1    14     1    22     9     0     0    27.0   -2.738  -74.960    248.7    993.4
     1     1    14     1    22    10     0     0    28.0   -2.809  -74.983    245.2    994.0
     1     1    14     1    22    11     0     0    29.0   -2.877  -75.009    242.4    993.9
     1     1    14     1    22    12     0     0    30.0   -2.941  -75.037    240.3    992.5
     1     1    14     1    22    13     0     0    31.0   -3.002  -75.071    240.2    991.0
     1     1    14     1    22    14     0     0    32.0   -3.059  -75.118    242.8    988.4
     1     1    14     1    22    15     0     0    33.0   -3.112  -75.176    248.2    984.8
     1     1    14     1    22    16     0     0    34.0   -3.162  -75.246    256.6    980.3
     1     1    14     1    22    17     0     0    35.0   -3.209  -75.330    267.9    974.7
     1     1    14     1    22    18     0     0    36.0   -3.253  -75.427    282.1    968.2
     1     1    14     1    22    19     0     0    37.0   -3.297  -75.527    297.9    960.8
     1     1    14     1    22    20     0     0    38.0   -3.342  -75.617    313.9    954.1
     1     1    14     1    22    21     0     0    39.0   -3.389  -75.700    330.7    947.8
     1     1    14     1    22    22     0     0    40.0   -3.437  -75.774    348.6    941.8
     1     1    14     1    22    23     0     0    41.0   -3.487  -75.840    368.2    936.1
     1     1    14     1    23     0     0     0    42.0   -3.540  -75.899    389.6    930.4
     1     1    14     1    23     1     0     0    43.0   -3.589  -75.947    411.3    925.5
     1     1    14     1    23     2     0     0    44.0   -3.631  -75.979    431.2    922.0
     1     1    14     1    23     3     0     0    45.0   -3.665  -75.996    449.2    919.5
     1     1    14     1    23     4     0     0    46.0   -3.691  -75.997    465.0    918.1
     1     1    14     1    23     5     0     0    47.0   -3.709  -75.983    478.5    917.8
     1     1    14     1    23     6     0     0    48.0   -3.719  -75.955    489.3    918.5
