     1     1
    CDC1    14     1     1     0     0
     1 FORWARD  OMEGA   
    14     1    14     0   -1.000  -75.000   500.0
     1 PRESSURE
     1     1    14     1    14     0     0     0     0.0   -1.000  -75.000    500.0    937.9
     1     1    14     1    14     1     0     0     1.0   -0.999  -75.167    515.7    929.7
     1     1    14     1    14     2     0     0     2.0   -0.997  -75.327    533.5    921.3
     1     1    14     1    14     3     0     0     3.0   -0.994  -75.483    553.5    912.9
     1     1    14     1    14     4     0     0     4.0   -0.991  -75.636    575.6    904.5
     1     1    14     1    14     5     0     0     5.0   -0.989  -75.789    600.0    895.9
     1     1    14     1    14     6     0     0     6.0   -0.987  -75.943    626.7    887.0
     1     1    14     1    14     7     0     0     7.0   -0.988  -76.091    653.1    877.7
     1     1    14     1    14     8     0     0     8.0   -0.990  -76.225    676.8    869.8
     1     1    14     1    14     9     0     0     9.0   -0.993  -76.344    698.2    862.7
     1     1    14     1    14    10     0     0    10.0   -0.996  -76.447    717.6    856.6
     1     1    14     1    14    11     0     0    11.0   -0.997  -76.536    735.3    851.3
     1     1    14     1    14    12     0     0    12.0   -0.997  -76.608    751.3    846.8
     1     1    14     1    14    13     0     0    13.0   -1.000  -76.672    765.1    842.6
     1     1    14     1    14    14     0     0    14.0   -1.012  -76.732    776.0    839.0
     1     1    14     1    14    15     0     0    15.0   -1.034  -76.789    783.5    836.0
     1     1    14     1    14    16     0     0    16.0   -1.066  -76.842    787.3    833.6
     1     1    14     1    14    17     0     0    17.0   -1.107  -76.891    787.1    831.8
     1     1    14     1    14    18     0     0    18.0   -1.157  -76.935    782.6    830.6
     1     1    14     1    14    19     0     0    19.0   -1.219  -76.979    780.2    830.0
     1     1    14     1    14    20     0     0    20.0   -1.291  -77.027    786.1    827.9
     1     1    14     1    14    21     0     0    21.0   -1.375  -77.078    800.7    824.9
     1     1    14     1    14    22     0     0    22.0   -1.471  -77.131    824.5    821.1
     1     1    14     1    14    23     0     0    23.0   -1.580  -77.186    858.2    816.3
     1     1    14     1    15     0     0     0    24.0   -1.702  -77.241    902.7    810.8
     1     1    14     1    15     1     0     0    25.0   -1.827  -77.298    953.1    803.7
     1     1    14     1    15     2     0     0    26.0   -1.945  -77.359   1003.9    796.9
     1     1    14     1    15     3     0     0    27.0   -2.057  -77.425   1054.3    790.0
     1     1    14     1    15     4     0     0    28.0   -2.163  -77.496   1103.4    783.0
     1     1    14     1    15     5     0     0    29.0   -2.266  -77.573   1152.1    779.5
     1     1    14     1    15     6     0     0    30.0   -2.365  -77.655   1197.7    776.6
     1     1    14     1    15     7     0     0    31.0   -2.460  -77.740   1240.4    773.7
     1     1    14     1    15     8     0     0    32.0   -2.552  -77.828   1280.1    770.2
     1     1    14     1    15     9     0     0    33.0   -2.638  -77.920   1316.6    766.9
     1     1    14     1    15    10     0     0    34.0   -2.719  -78.017   1349.4    764.0
     1     1    14     1    15    11     0     0    35.0   -2.792  -78.118   1377.6    761.6
     1     1    14     1    15    12     0     0    36.0   -2.858  -78.224   1400.7    759.7
     1     1    14     1    15    13     0     0    37.0   -2.924  -78.338   1423.9    758.6
     1     1    14     1    15    14     0     0    38.0   -2.997  -78.465   1454.1    756.4
     1     1    14     1    15    15     0     0    39.0   -3.078  -78.604   1490.4    753.8
     1     1    14     1    15    16     0     0    40.0   -3.166  -78.755   1532.2    750.9
     1     1    14     1    15    17     0     0    41.0   -3.261  -78.920   1579.2    747.8
     1     1    14     1    15    18     0     0    42.0   -3.363  -79.099   1630.9    744.5
     1     1    14     1    15    19     0     0    43.0   -3.469  -79.277   1685.0    740.4
     1     1    14     1    15    20     0     0    44.0   -3.577  -79.443   1741.1    736.2
     1     1    14     1    15    21     0     0    45.0   -3.686  -79.595   1800.2    731.8
     1     1    14     1    15    22     0     0    46.0   -3.797  -79.736   1863.6    727.0
     1     1    14     1    15    23     0     0    47.0   -3.912  -79.866   1932.6    721.7
     1     1    14     1    16     0     0     0    48.0   -4.031  -79.987   2008.3    716.0
