     1     1
    CDC1    14     1     1     0     0
     1 FORWARD  OMEGA   
    14     1     6     6   -1.000  -75.000   500.0
     1 PRESSURE
     1     1    14     1     6     6     0     0     0.0   -1.000  -75.000    500.0    937.3
     1     1    14     1     6     7     0     0     1.0   -0.916  -75.014    515.1    933.4
     1     1    14     1     6     8     0     0     2.0   -0.843  -75.039    527.6    929.7
     1     1    14     1     6     9     0     0     3.0   -0.780  -75.071    537.5    926.2
     1     1    14     1     6    10     0     0     4.0   -0.728  -75.111    544.7    922.9
     1     1    14     1     6    11     0     0     5.0   -0.687  -75.157    549.2    919.9
     1     1    14     1     6    12     0     0     6.0   -0.656  -75.207    550.9    917.2
     1     1    14     1     6    13     0     0     7.0   -0.633  -75.257    554.6    914.6
     1     1    14     1     6    14     0     0     8.0   -0.614  -75.303    564.4    911.2
     1     1    14     1     6    15     0     0     9.0   -0.600  -75.345    580.5    907.4
     1     1    14     1     6    16     0     0    10.0   -0.592  -75.382    603.0    903.3
     1     1    14     1     6    17     0     0    11.0   -0.589  -75.416    631.8    898.8
     1     1    14     1     6    18     0     0    12.0   -0.593  -75.447    666.9    893.5
     1     1    14     1     6    19     0     0    13.0   -0.600  -75.476    703.9    888.1
     1     1    14     1     6    20     0     0    14.0   -0.606  -75.503    738.3    883.5
     1     1    14     1     6    21     0     0    15.0   -0.611  -75.528    770.7    879.4
     1     1    14     1     6    22     0     0    16.0   -0.616  -75.549    801.4    875.6
     1     1    14     1     6    23     0     0    17.0   -0.621  -75.568    830.8    872.1
     1     1    14     1     7     0     0     0    18.0   -0.624  -75.582    859.2    868.9
     1     1    14     1     7     1     0     0    19.0   -0.625  -75.594    886.8    866.1
     1     1    14     1     7     2     0     0    20.0   -0.619  -75.608    914.9    863.1
     1     1    14     1     7     3     0     0    21.0   -0.607  -75.623    942.8    859.7
     1     1    14     1     7     4     0     0    22.0   -0.590  -75.639    970.7    856.2
     1     1    14     1     7     5     0     0    23.0   -0.567  -75.657    998.3    852.6
     1     1    14     1     7     6     0     0    24.0   -0.538  -75.675   1025.3    849.1
     1     1    14     1     7     7     0     0    25.0   -0.512  -75.692   1051.9    845.2
     1     1    14     1     7     8     0     0    26.0   -0.494  -75.705   1078.6    841.5
     1     1    14     1     7     9     0     0    27.0   -0.485  -75.714   1105.1    838.2
     1     1    14     1     7    10     0     0    28.0   -0.485  -75.719   1131.0    835.3
     1     1    14     1     7    11     0     0    29.0   -0.494  -75.720   1156.2    832.7
     1     1    14     1     7    12     0     0    30.0   -0.510  -75.717   1180.5    830.5
     1     1    14     1     7    13     0     0    31.0   -0.530  -75.712   1205.6    828.7
     1     1    14     1     7    14     0     0    32.0   -0.546  -75.708   1233.6    826.4
     1     1    14     1     7    15     0     0    33.0   -0.560  -75.706   1264.4    823.7
     1     1    14     1     7    16     0     0    34.0   -0.571  -75.706   1298.1    820.5
     1     1    14     1     7    17     0     0    35.0   -0.581  -75.709   1335.0    816.7
     1     1    14     1     7    18     0     0    36.0   -0.590  -75.718   1375.3    812.5
     1     1    14     1     7    19     0     0    37.0   -0.598  -75.730   1415.1    807.7
     1     1    14     1     7    20     0     0    38.0   -0.605  -75.746   1450.8    803.7
     1     1    14     1     7    21     0     0    39.0   -0.610  -75.765   1482.4    799.9
     1     1    14     1     7    22     0     0    40.0   -0.613  -75.786   1510.0    796.4
     1     1    14     1     7    23     0     0    41.0   -0.614  -75.810   1533.6    793.2
     1     1    14     1     8     0     0     0    42.0   -0.611  -75.837   1553.1    790.2
     1     1    14     1     8     1     0     0    43.0   -0.606  -75.864   1571.8    788.1
     1     1    14     1     8     2     0     0    44.0   -0.597  -75.889   1591.5    785.6
     1     1    14     1     8     3     0     0    45.0   -0.587  -75.914   1612.8    783.0
     1     1    14     1     8     4     0     0    46.0   -0.574  -75.937   1635.8    780.3
     1     1    14     1     8     5     0     0    47.0   -0.560  -75.960   1660.7    777.4
     1     1    14     1     8     6     0     0    48.0   -0.544  -75.982   1687.6    774.4
