     1     1
    CDC1    14     1     1     0     0
     1 FORWARD  OMEGA   
    14     1    18     0   -1.000  -75.000   500.0
     1 PRESSURE
     1     1    14     1    18     0     0     0     0.0   -1.000  -75.000    500.0    937.1
     1     1    14     1    18     1     0     0     1.0   -0.964  -75.104    519.0    930.6
     1     1    14     1    18     2     0     0     2.0   -0.928  -75.201    540.1    924.0
     1     1    14     1    18     3     0     0     3.0   -0.889  -75.295    562.5    917.4
     1     1    14     1    18     4     0     0     4.0   -0.848  -75.387    585.3    910.9
     1     1    14     1    18     5     0     0     5.0   -0.803  -75.479    608.0    904.5
     1     1    14     1    18     6     0     0     6.0   -0.755  -75.573    629.7    897.9
     1     1    14     1    18     7     0     0     7.0   -0.709  -75.672    650.4    890.9
     1     1    14     1    18     8     0     0     8.0   -0.671  -75.776    670.9    883.9
     1     1    14     1    18     9     0     0     9.0   -0.641  -75.884    691.0    877.0
     1     1    14     1    18    10     0     0    10.0   -0.617  -75.996    711.0    870.1
     1     1    14     1    18    11     0     0    11.0   -0.601  -76.111    730.7    863.3
     1     1    14     1    18    12     0     0    12.0   -0.590  -76.229    750.4    856.6
     1     1    14     1    18    13     0     0    13.0   -0.586  -76.355    773.0    849.5
     1     1    14     1    18    14     0     0    14.0   -0.592  -76.494    801.3    841.3
     1     1    14     1    18    15     0     0    15.0   -0.607  -76.646    834.9    832.3
     1     1    14     1    18    16     0     0    16.0   -0.632  -76.812    873.1    822.6
     1     1    14     1    18    17     0     0    17.0   -0.667  -76.992    915.1    812.0
     1     1    14     1    18    18     0     0    18.0   -0.713  -77.188    959.9    800.3
     1     1    14     1    18    19     0     0    19.0   -0.766  -77.392   1003.9    788.2
     1     1    14     1    18    20     0     0    20.0   -0.820  -77.594   1046.8    781.6
     1     1    14     1    18    21     0     0    21.0   -0.873  -77.788   1088.9    780.6
     1     1    14     1    18    22     0     0    22.0   -0.926  -77.973   1127.7    779.8
     1     1    14     1    18    23     0     0    23.0   -0.978  -78.147   1163.2    779.0
     1     1    14     1    19     0     0     0    24.0   -1.030  -78.312   1195.8    778.2
     1     1    14     1    19     1     0     0    25.0   -1.078  -78.467   1227.7    777.8
     1     1    14     1    19     2     0     0    26.0   -1.118  -78.613   1259.8    777.0
     1     1    14     1    19     3     0     0    27.0   -1.149  -78.750   1292.9    775.8
     1     1    14     1    19     4     0     0    28.0   -1.172  -78.880   1327.4    774.3
     1     1    14     1    19     5     0     0    29.0   -1.186  -79.004   1363.6    772.6
     1     1    14     1    19     6     0     0    30.0   -1.191  -79.121   1402.0    770.6
     1     1    14     1    19     7     0     0    31.0   -1.190  -79.235   1442.3    768.2
     1     1    14     1    19     8     0     0    32.0   -1.187  -79.348   1485.0    765.5
     1     1    14     1    19     9     0     0    33.0   -1.182  -79.459   1529.2    762.8
     1     1    14     1    19    10     0     0    34.0   -1.174  -79.569   1574.5    760.0
     1     1    14     1    19    11     0     0    35.0   -1.163  -79.678   1620.5    757.2
     1     1    14     1    19    12     0     0    36.0   -1.150  -79.784   1666.6    754.4
     1     1    14     1    19    13     0     0    37.0   -1.142  -79.891   1713.2    751.6
     1     1    14     1    19    14     0     0    38.0   -1.148  -80.002   1761.4    748.7
     1     1    14     1    19    15     0     0    39.0   -1.167  -80.116   1813.2    748.1
     1     1    14     1    19    16     0     0    40.0   -1.201  -80.235   1866.3    747.5
     1     1    14     1    19    17     0     0    41.0   -1.249  -80.357   1920.4    746.9
     1     1    14     1    19    18     0     0    42.0   -1.311  -80.482   1975.2    746.4
     1     1    14     1    19    19     0     0    43.0   -1.382  -80.604   2032.5    745.3
     1     1    14     1    19    20     0     0    44.0   -1.455  -80.712   2094.2    743.4
     1     1    14     1    19    21     0     0    45.0   -1.529  -80.808   2161.1    740.5
     1     1    14     1    19    22     0     0    46.0   -1.603  -80.891   2233.8    736.5
     1     1    14     1    19    23     0     0    47.0   -1.675  -80.961   2312.6    731.5
     1     1    14     1    20     0     0     0    48.0   -1.744  -81.018   2398.6    725.5
