     1     1
    CDC1    14     1     1     0     0
     1 FORWARD  OMEGA   
    14     1    24     6   -1.000  -75.000   500.0
     1 PRESSURE
     1     1    14     1    24     6     0     0     0.0   -1.000  -75.000    500.0    937.4
     1     1    14     1    24     7     0     0     1.0   -1.002  -75.043    488.1    937.3
     1     1    14     1    24     8     0     0     2.0   -1.019  -75.085    479.9    936.8
     1     1    14     1    24     9     0     0     3.0   -1.052  -75.126    475.0    936.3
     1     1    14     1    24    10     0     0     4.0   -1.100  -75.167    473.2    935.7
     1     1    14     1    24    11     0     0     5.0   -1.163  -75.208    474.6    935.0
     1     1    14     1    24    12     0     0     6.0   -1.241  -75.249    478.9    934.2
     1     1    14     1    24    13     0     0     7.0   -1.321  -75.290    486.0    932.9
     1     1    14     1    24    14     0     0     8.0   -1.396  -75.328    495.1    931.3
     1     1    14     1    24    15     0     0     9.0   -1.464  -75.362    506.1    929.5
     1     1    14     1    24    16     0     0    10.0   -1.525  -75.395    519.1    927.6
     1     1    14     1    24    17     0     0    11.0   -1.581  -75.424    534.1    925.4
     1     1    14     1    24    18     0     0    12.0   -1.630  -75.450    551.1    923.1
     1     1    14     1    24    19     0     0    13.0   -1.678  -75.476    567.1    920.6
     1     1    14     1    24    20     0     0    14.0   -1.731  -75.503    579.1    918.7
     1     1    14     1    24    21     0     0    15.0   -1.787  -75.531    587.1    917.3
     1     1    14     1    24    22     0     0    16.0   -1.846  -75.559    591.2    916.3
     1     1    14     1    24    23     0     0    17.0   -1.908  -75.589    591.4    915.6
     1     1    14     1    25     0     0     0    18.0   -1.973  -75.618    588.0    915.4
     1     1    14     1    25     1     0     0    19.0   -2.038  -75.644    581.9    916.4
     1     1    14     1    25     2     0     0    20.0   -2.099  -75.662    574.3    917.7
     1     1    14     1    25     3     0     0    21.0   -2.157  -75.672    564.8    919.5
     1     1    14     1    25     4     0     0    22.0   -2.213  -75.675    553.3    921.8
     1     1    14     1    25     5     0     0    23.0   -2.266  -75.670    539.5    924.7
     1     1    14     1    25     6     0     0    24.0   -2.316  -75.658    523.3    928.2
     1     1    14     1    25     7     0     0    25.0   -2.363  -75.637    506.4    931.7
     1     1    14     1    25     8     0     0    26.0   -2.404  -75.607    490.5    935.2
     1     1    14     1    25     9     0     0    27.0   -2.439  -75.569    475.4    939.0
     1     1    14     1    25    10     0     0    28.0   -2.467  -75.522    460.9    943.0
     1     1    14     1    25    11     0     0    29.0   -2.490  -75.468    446.6    947.4
     1     1    14     1    25    12     0     0    30.0   -2.506  -75.406    432.6    951.9
     1     1    14     1    25    13     0     0    31.0   -2.521  -75.349    420.0    956.4
     1     1    14     1    25    14     0     0    32.0   -2.542  -75.306    410.7    959.7
     1     1    14     1    25    15     0     0    33.0   -2.569  -75.278    404.9    961.8
     1     1    14     1    25    16     0     0    34.0   -2.602  -75.265    403.0    962.7
     1     1    14     1    25    17     0     0    35.0   -2.642  -75.265    405.0    962.4
     1     1    14     1    25    18     0     0    36.0   -2.689  -75.278    411.2    961.0
     1     1    14     1    25    19     0     0    37.0   -2.743  -75.293    418.4    958.9
     1     1    14     1    25    20     0     0    38.0   -2.805  -75.299    423.2    957.7
     1     1    14     1    25    21     0     0    39.0   -2.875  -75.299    425.4    957.3
     1     1    14     1    25    22     0     0    40.0   -2.952  -75.293    424.8    957.5
     1     1    14     1    25    23     0     0    41.0   -3.035  -75.280    421.4    958.3
     1     1    14     1    26     0     0     0    42.0   -3.125  -75.261    414.7    959.8
     1     1    14     1    26     1     0     0    43.0   -3.219  -75.241    406.4    962.2
     1     1    14     1    26     2     0     0    44.0   -3.320  -75.223    398.4    964.3
     1     1    14     1    26     3     0     0    45.0   -3.426  -75.206    390.8    966.3
     1     1    14     1    26     4     0     0    46.0   -3.538  -75.190    383.8    968.0
     1     1    14     1    26     5     0     0    47.0   -3.658  -75.175    377.3    969.6
     1     1    14     1    26     6     0     0    48.0   -3.785  -75.160    371.4    971.0
