     1     1
    CDC1    14     1     1     0     0
     1 FORWARD  OMEGA   
    14     1     2     0   -1.000  -75.000   500.0
     1 PRESSURE
     1     1    14     1     2     0     0     0     0.0   -1.000  -75.000    500.0    934.7
     1     1    14     1     2     1     0     0     1.0   -1.162  -75.114    494.9    933.7
     1     1    14     1     2     2     0     0     2.0   -1.308  -75.205    489.1    933.2
     1     1    14     1     2     3     0     0     3.0   -1.441  -75.275    482.4    933.3
     1     1    14     1     2     4     0     0     4.0   -1.561  -75.323    474.3    934.2
     1     1    14     1     2     5     0     0     5.0   -1.669  -75.351    464.5    936.0
     1     1    14     1     2     6     0     0     6.0   -1.766  -75.357    452.7    938.8
     1     1    14     1     2     7     0     0     7.0   -1.858  -75.355    439.4    942.2
     1     1    14     1     2     8     0     0     8.0   -1.952  -75.357    424.7    945.6
     1     1    14     1     2     9     0     0     9.0   -2.046  -75.364    409.0    949.0
     1     1    14     1     2    10     0     0    10.0   -2.140  -75.375    392.1    952.3
     1     1    14     1     2    11     0     0    11.0   -2.232  -75.393    374.3    955.2
     1     1    14     1     2    12     0     0    12.0   -2.322  -75.417    355.6    957.6
     1     1    14     1     2    13     0     0    13.0   -2.408  -75.447    339.2    959.6
     1     1    14     1     2    14     0     0    14.0   -2.488  -75.481    327.8    960.4
     1     1    14     1     2    15     0     0    15.0   -2.565  -75.517    321.3    959.4
     1     1    14     1     2    16     0     0    16.0   -2.641  -75.557    319.9    957.5
     1     1    14     1     2    17     0     0    17.0   -2.717  -75.599    323.3    954.9
     1     1    14     1     2    18     0     0    18.0   -2.793  -75.642    331.4    951.8
     1     1    14     1     2    19     0     0    19.0   -2.871  -75.684    341.4    947.8
     1     1    14     1     2    20     0     0    20.0   -2.950  -75.719    350.3    944.5
     1     1    14     1     2    21     0     0    21.0   -3.030  -75.749    358.4    941.7
     1     1    14     1     2    22     0     0    22.0   -3.110  -75.773    365.7    939.2
     1     1    14     1     2    23     0     0    23.0   -3.190  -75.790    372.5    937.1
     1     1    14     1     3     0     0     0    24.0   -3.269  -75.800    379.0    935.3
     1     1    14     1     3     1     0     0    25.0   -3.352  -75.799    384.5    935.1
     1     1    14     1     3     2     0     0    26.0   -3.442  -75.783    388.7    935.8
     1     1    14     1     3     3     0     0    27.0   -3.539  -75.750    391.2    937.5
     1     1    14     1     3     4     0     0    28.0   -3.644  -75.701    391.8    940.2
     1     1    14     1     3     5     0     0    29.0   -3.756  -75.636    390.2    944.1
     1     1    14     1     3     6     0     0    30.0   -3.877  -75.554    386.1    949.0
     1     1    14     1     3     7     0     0    31.0   -3.995  -75.474    381.0    953.8
     1     1    14     1     3     8     0     0    32.0   -4.101  -75.416    376.0    957.1
     1     1    14     1     3     9     0     0    33.0   -4.196  -75.381    371.4    959.3
     1     1    14     1     3    10     0     0    34.0   -4.278  -75.369    367.3    960.3
     1     1    14     1     3    11     0     0    35.0   -4.349  -75.383    363.8    959.9
     1     1    14     1     3    12     0     0    36.0   -4.408  -75.422    361.2    958.2
     1     1    14     1     3    13     0     0    37.0   -4.464  -75.472    360.6    955.9
     1     1    14     1     3    14     0     0    38.0   -4.527  -75.518    362.4    953.5
     1     1    14     1     3    15     0     0    39.0   -4.598  -75.562    366.4    950.9
     1     1    14     1     3    16     0     0    40.0   -4.679  -75.604    372.2    948.3
     1     1    14     1     3    17     0     0    41.0   -4.770  -75.644    379.3    945.7
     1     1    14     1     3    18     0     0    42.0   -4.872  -75.683    387.4    942.8
     1     1    14     1     3    19     0     0    43.0   -4.975  -75.719    396.3    939.4
     1     1    14     1     3    20     0     0    44.0   -5.067  -75.747    406.8    934.0
     1     1    14     1     3    21     0     0    45.0   -5.147  -75.765    419.2    928.4
     1     1    14     1     3    22     0     0    46.0   -5.217  -75.773    433.6    923.5
     1     1    14     1     3    23     0     0    47.0   -5.274  -75.771    449.9    919.5
     1     1    14     1     4     0     0     0    48.0   -5.318  -75.756    467.9    916.4
