     1     1
    CDC1    14     1     1     0     0
     1 FORWARD  OMEGA   
    14     1    17     6   -1.000  -75.000   500.0
     1 PRESSURE
     1     1    14     1    17     6     0     0     0.0   -1.000  -75.000    500.0    937.6
     1     1    14     1    17     7     0     0     1.0   -0.972  -75.035    504.0    935.6
     1     1    14     1    17     8     0     0     2.0   -0.940  -75.067    510.0    933.2
     1     1    14     1    17     9     0     0     3.0   -0.903  -75.096    518.1    930.6
     1     1    14     1    17    10     0     0     4.0   -0.863  -75.123    527.9    927.9
     1     1    14     1    17    11     0     0     5.0   -0.817  -75.147    539.5    925.0
     1     1    14     1    17    12     0     0     6.0   -0.767  -75.168    552.8    922.1
     1     1    14     1    17    13     0     0     7.0   -0.717  -75.185    570.2    918.4
     1     1    14     1    17    14     0     0     8.0   -0.674  -75.198    595.1    914.1
     1     1    14     1    17    15     0     0     9.0   -0.637  -75.207    627.5    909.3
     1     1    14     1    17    16     0     0    10.0   -0.608  -75.214    667.7    903.4
     1     1    14     1    17    17     0     0    11.0   -0.588  -75.219    716.1    897.0
     1     1    14     1    17    18     0     0    12.0   -0.576  -75.223    772.9    890.1
     1     1    14     1    17    19     0     0    13.0   -0.570  -75.239    832.9    883.2
     1     1    14     1    17    20     0     0    14.0   -0.564  -75.282    889.5    876.3
     1     1    14     1    17    21     0     0    15.0   -0.560  -75.352    943.7    868.5
     1     1    14     1    17    22     0     0    16.0   -0.558  -75.451    996.0    859.5
     1     1    14     1    17    23     0     0    17.0   -0.557  -75.576   1047.6    849.9
     1     1    14     1    18     0     0     0    18.0   -0.561  -75.726   1100.0    839.5
     1     1    14     1    18     1     0     0    19.0   -0.566  -75.892   1152.9    828.4
     1     1    14     1    18     2     0     0    20.0   -0.571  -76.065   1204.2    817.5
     1     1    14     1    18     3     0     0    21.0   -0.577  -76.247   1252.5    806.6
     1     1    14     1    18     4     0     0    22.0   -0.584  -76.439   1296.7    795.5
     1     1    14     1    18     5     0     0    23.0   -0.596  -76.642   1335.3    784.7
     1     1    14     1    18     6     0     0    24.0   -0.612  -76.856   1367.2    774.2
     1     1    14     1    18     7     0     0    25.0   -0.634  -77.075   1395.2    764.0
     1     1    14     1    18     8     0     0    26.0   -0.663  -77.294   1423.9    753.6
     1     1    14     1    18     9     0     0    27.0   -0.695  -77.511   1453.6    743.8
     1     1    14     1    18    10     0     0    28.0   -0.725  -77.723   1491.6    743.7
     1     1    14     1    18    11     0     0    29.0   -0.749  -77.925   1530.8    743.3
     1     1    14     1    18    12     0     0    30.0   -0.768  -78.118   1570.3    742.6
     1     1    14     1    18    13     0     0    31.0   -0.787  -78.311   1610.5    742.0
     1     1    14     1    18    14     0     0    32.0   -0.812  -78.511   1650.8    741.4
     1     1    14     1    18    15     0     0    33.0   -0.845  -78.718   1690.3    740.7
     1     1    14     1    18    16     0     0    34.0   -0.884  -78.932   1727.8    740.1
     1     1    14     1    18    17     0     0    35.0   -0.929  -79.153   1761.8    740.0
     1     1    14     1    18    18     0     0    36.0   -0.982  -79.380   1790.7    740.2
     1     1    14     1    18    19     0     0    37.0   -1.038  -79.604   1814.4    740.6
     1     1    14     1    18    20     0     0    38.0   -1.095  -79.818   1834.8    740.9
     1     1    14     1    18    21     0     0    39.0   -1.152  -80.021   1852.9    741.6
     1     1    14     1    18    22     0     0    40.0   -1.208  -80.214   1872.7    746.2
     1     1    14     1    18    23     0     0    41.0   -1.259  -80.395   1891.8    750.3
     1     1    14     1    19     0     0     0    42.0   -1.308  -80.565   1910.2    754.2
     1     1    14     1    19     1     0     0    43.0   -1.349  -80.725   1930.2    758.2
     1     1    14     1    19     2     0     0    44.0   -1.377  -80.878   1953.0    761.7
     1     1    14     1    19     3     0     0    45.0   -1.394  -81.024   1979.1    764.7
     1     1    14     1    19     4     0     0    46.0   -1.399  -81.163   2008.7    767.2
     1     1    14     1    19     5     0     0    47.0   -1.395  -81.297   2042.1    769.1
     1     1    14     1    19     6     0     0    48.0   -1.380  -81.426   2079.7    770.6
