     1     1
    CDC1    14     1     1     0     0
     1 FORWARD  OMEGA   
    14     1    11    18   -1.000  -75.000   500.0
     1 PRESSURE
     1     1    14     1    11    18     0     0     0.0   -1.000  -75.000    500.0    936.7
     1     1    14     1    11    19     0     0     1.0   -1.075  -75.170    540.9    926.7
     1     1    14     1    11    20     0     0     2.0   -1.147  -75.338    580.7    916.8
     1     1    14     1    11    21     0     0     3.0   -1.215  -75.502    619.2    907.2
     1     1    14     1    11    22     0     0     4.0   -1.279  -75.662    656.3    897.1
     1     1    14     1    11    23     0     0     5.0   -1.338  -75.817    691.7    887.4
     1     1    14     1    12     0     0     0     6.0   -1.393  -75.966    725.5    878.1
     1     1    14     1    12     1     0     0     7.0   -1.444  -76.109    759.9    869.6
     1     1    14     1    12     2     0     0     8.0   -1.492  -76.247    797.3    860.9
     1     1    14     1    12     3     0     0     9.0   -1.538  -76.379    837.2    852.1
     1     1    14     1    12     4     0     0    10.0   -1.583  -76.507    879.4    843.4
     1     1    14     1    12     5     0     0    11.0   -1.627  -76.630    923.5    834.5
     1     1    14     1    12     6     0     0    12.0   -1.672  -76.748    969.0    825.3
     1     1    14     1    12     7     0     0    13.0   -1.723  -76.863   1014.1    816.1
     1     1    14     1    12     8     0     0    14.0   -1.778  -76.976   1057.5    807.5
     1     1    14     1    12     9     0     0    15.0   -1.837  -77.087   1099.5    799.2
     1     1    14     1    12    10     0     0    16.0   -1.897  -77.197   1140.5    791.0
     1     1    14     1    12    11     0     0    17.0   -1.956  -77.305   1181.0    783.0
     1     1    14     1    12    12     0     0    18.0   -2.010  -77.413   1221.3    775.1
     1     1    14     1    12    13     0     0    19.0   -2.060  -77.517   1263.1    767.9
     1     1    14     1    12    14     0     0    20.0   -2.107  -77.613   1309.2    764.4
     1     1    14     1    12    15     0     0    21.0   -2.152  -77.703   1356.3    760.9
     1     1    14     1    12    16     0     0    22.0   -2.195  -77.788   1404.7    757.3
     1     1    14     1    12    17     0     0    23.0   -2.237  -77.869   1454.4    753.5
     1     1    14     1    12    18     0     0    24.0   -2.278  -77.948   1505.5    749.7
     1     1    14     1    12    19     0     0    25.0   -2.320  -78.030   1557.6    745.7
     1     1    14     1    12    20     0     0    26.0   -2.363  -78.120   1608.6    741.9
     1     1    14     1    12    21     0     0    27.0   -2.407  -78.216   1659.6    738.2
     1     1    14     1    12    22     0     0    28.0   -2.451  -78.319   1711.2    734.1
     1     1    14     1    12    23     0     0    29.0   -2.497  -78.427   1764.1    730.0
     1     1    14     1    13     0     0     0    30.0   -2.542  -78.540   1819.0    725.6
     1     1    14     1    13     1     0     0    31.0   -2.585  -78.653   1874.4    721.3
     1     1    14     1    13     2     0     0    32.0   -2.626  -78.765   1930.0    717.1
     1     1    14     1    13     3     0     0    33.0   -2.664  -78.876   1984.8    713.1
     1     1    14     1    13     4     0     0    34.0   -2.701  -78.985   2038.7    709.2
     1     1    14     1    13     5     0     0    35.0   -2.739  -79.093   2091.4    705.4
     1     1    14     1    13     6     0     0    36.0   -2.776  -79.200   2142.3    701.7
     1     1    14     1    13     7     0     0    37.0   -2.815  -79.306   2186.1    698.0
     1     1    14     1    13     8     0     0    38.0   -2.859  -79.409   2215.5    696.0
     1     1    14     1    13     9     0     0    39.0   -2.908  -79.509   2231.3    695.2
     1     1    14     1    13    10     0     0    40.0   -2.961  -79.605   2233.7    695.6
     1     1    14     1    13    11     0     0    41.0   -3.020  -79.697   2223.1    697.0
     1     1    14     1    13    12     0     0    42.0   -3.083  -79.783   2199.9    699.5
     1     1    14     1    13    13     0     0    43.0   -3.148  -79.867   2176.1    703.1
     1     1    14     1    13    14     0     0    44.0   -3.211  -79.954   2162.0    704.9
     1     1    14     1    13    15     0     0    45.0   -3.271  -80.047   2158.0    707.4
     1     1    14     1    13    16     0     0    46.0   -3.328  -80.143   2163.6    710.7
     1     1    14     1    13    17     0     0    47.0   -3.380  -80.244   2176.5    713.5
     1     1    14     1    13    18     0     0    48.0   -3.429  -80.350   2196.5    715.9
