     1     1
    CDC1    14     1     1     0     0
     1 FORWARD  OMEGA   
    14     1     8     6   -1.000  -75.000   500.0
     1 PRESSURE
     1     1    14     1     8     6     0     0     0.0   -1.000  -75.000    500.0    936.9
     1     1    14     1     8     7     0     0     1.0   -0.948  -74.995    509.8    934.8
     1     1    14     1     8     8     0     0     2.0   -0.895  -74.999    520.0    932.6
     1     1    14     1     8     9     0     0     3.0   -0.840  -75.011    530.6    929.9
     1     1    14     1     8    10     0     0     4.0   -0.785  -75.030    541.7    926.8
     1     1    14     1     8    11     0     0     5.0   -0.727  -75.055    553.1    923.5
     1     1    14     1     8    12     0     0     6.0   -0.667  -75.087    565.0    919.8
     1     1    14     1     8    13     0     0     7.0   -0.606  -75.122    578.8    916.0
     1     1    14     1     8    14     0     0     8.0   -0.547  -75.156    595.9    911.9
     1     1    14     1     8    15     0     0     9.0   -0.491  -75.191    616.7    907.6
     1     1    14     1     8    16     0     0    10.0   -0.438  -75.225    641.3    902.6
     1     1    14     1     8    17     0     0    11.0   -0.390  -75.259    670.0    897.3
     1     1    14     1     8    18     0     0    12.0   -0.347  -75.294    703.1    891.6
     1     1    14     1     8    19     0     0    13.0   -0.311  -75.330    736.1    885.7
     1     1    14     1     8    20     0     0    14.0   -0.282  -75.366    763.9    880.9
     1     1    14     1     8    21     0     0    15.0   -0.261  -75.401    786.4    876.9
     1     1    14     1     8    22     0     0    16.0   -0.246  -75.435    803.7    873.6
     1     1    14     1     8    23     0     0    17.0   -0.239  -75.469    815.8    871.0
     1     1    14     1     9     0     0     0    18.0   -0.239  -75.501    822.5    869.1
     1     1    14     1     9     1     0     0    19.0   -0.241  -75.536    826.0    867.9
     1     1    14     1     9     2     0     0    20.0   -0.239  -75.577    828.1    866.4
     1     1    14     1     9     3     0     0    21.0   -0.233  -75.626    828.9    864.6
     1     1    14     1     9     4     0     0    22.0   -0.224  -75.681    828.4    862.8
     1     1    14     1     9     5     0     0    23.0   -0.210  -75.743    826.5    860.7
     1     1    14     1     9     6     0     0    24.0   -0.190  -75.812    823.3    858.4
     1     1    14     1     9     7     0     0    25.0   -0.169  -75.878    819.0    856.2
     1     1    14     1     9     8     0     0    26.0   -0.150  -75.933    813.5    854.6
     1     1    14     1     9     9     0     0    27.0   -0.135  -75.976    806.6    853.5
     1     1    14     1     9    10     0     0    28.0   -0.123  -76.008    798.2    853.1
     1     1    14     1     9    11     0     0    29.0   -0.114  -76.028    788.1    853.3
     1     1    14     1     9    12     0     0    30.0   -0.111  -76.037    776.4    854.2
     1     1    14     1     9    13     0     0    31.0   -0.113  -76.040    768.0    855.4
     1     1    14     1     9    14     0     0    32.0   -0.123  -76.045    767.0    855.4
     1     1    14     1     9    15     0     0    33.0   -0.141  -76.052    773.7    854.7
     1     1    14     1     9    16     0     0    34.0   -0.168  -76.061    788.0    853.3
     1     1    14     1     9    17     0     0    35.0   -0.204  -76.072    810.0    851.2
     1     1    14     1     9    18     0     0    36.0   -0.250  -76.086    839.8    848.3
     1     1    14     1     9    19     0     0    37.0   -0.300  -76.107    872.9    844.6
     1     1    14     1     9    20     0     0    38.0   -0.351  -76.139    904.6    841.1
     1     1    14     1     9    21     0     0    39.0   -0.401  -76.182    935.0    837.0
     1     1    14     1     9    22     0     0    40.0   -0.452  -76.235    964.1    832.6
     1     1    14     1     9    23     0     0    41.0   -0.503  -76.298    992.0    828.0
     1     1    14     1    10     0     0     0    42.0   -0.555  -76.371   1018.8    823.1
     1     1    14     1    10     1     0     0    43.0   -0.605  -76.455   1044.4    818.0
     1     1    14     1    10     2     0     0    44.0   -0.651  -76.550   1069.2    812.6
     1     1    14     1    10     3     0     0    45.0   -0.694  -76.658   1092.8    806.8
     1     1    14     1    10     4     0     0    46.0   -0.734  -76.777   1114.7    800.7
     1     1    14     1    10     5     0     0    47.0   -0.771  -76.907   1134.6    794.3
     1     1    14     1    10     6     0     0    48.0   -0.807  -77.049   1152.3    787.7
