     1     1
    CDC1    14     1     1     0     0
     1 FORWARD  OMEGA   
    14     1    17    18   -1.000  -75.000   500.0
     1 PRESSURE
     1     1    14     1    17    18     0     0     0.0   -1.000  -75.000    500.0    935.3
     1     1    14     1    17    19     0     0     1.0   -0.976  -75.003    546.8    930.0
     1     1    14     1    17    20     0     0     2.0   -0.951  -75.028    590.1    924.4
     1     1    14     1    17    21     0     0     3.0   -0.925  -75.074    630.0    918.4
     1     1    14     1    17    22     0     0     4.0   -0.900  -75.144    667.0    911.2
     1     1    14     1    17    23     0     0     5.0   -0.876  -75.236    701.8    903.5
     1     1    14     1    18     0     0     0     6.0   -0.852  -75.350    735.3    895.3
     1     1    14     1    18     1     0     0     7.0   -0.830  -75.475    769.0    886.8
     1     1    14     1    18     2     0     0     8.0   -0.807  -75.600    803.4    878.2
     1     1    14     1    18     3     0     0     9.0   -0.782  -75.728    837.3    869.6
     1     1    14     1    18     4     0     0    10.0   -0.756  -75.861    869.7    861.1
     1     1    14     1    18     5     0     0    11.0   -0.728  -76.001    899.5    852.7
     1     1    14     1    18     6     0     0    12.0   -0.698  -76.149    926.1    844.1
     1     1    14     1    18     7     0     0    13.0   -0.673  -76.305    950.5    835.4
     1     1    14     1    18     8     0     0    14.0   -0.655  -76.465    975.4    826.5
     1     1    14     1    18     9     0     0    15.0   -0.646  -76.628   1000.6    817.6
     1     1    14     1    18    10     0     0    16.0   -0.641  -76.794   1026.2    808.7
     1     1    14     1    18    11     0     0    17.0   -0.641  -76.961   1052.4    799.8
     1     1    14     1    18    12     0     0    18.0   -0.644  -77.129   1079.2    790.8
     1     1    14     1    18    13     0     0    19.0   -0.651  -77.303   1108.6    781.8
     1     1    14     1    18    14     0     0    20.0   -0.668  -77.490   1141.4    771.9
     1     1    14     1    18    15     0     0    21.0   -0.693  -77.686   1181.5    770.9
     1     1    14     1    18    16     0     0    22.0   -0.724  -77.888   1223.4    770.4
     1     1    14     1    18    17     0     0    23.0   -0.761  -78.096   1265.7    769.8
     1     1    14     1    18    18     0     0    24.0   -0.805  -78.312   1307.1    769.1
     1     1    14     1    18    19     0     0    25.0   -0.851  -78.525   1345.7    768.3
     1     1    14     1    18    20     0     0    26.0   -0.897  -78.728   1380.8    767.7
     1     1    14     1    18    21     0     0    27.0   -0.944  -78.921   1412.4    767.2
     1     1    14     1    18    22     0     0    28.0   -0.991  -79.104   1440.9    766.8
     1     1    14     1    18    23     0     0    29.0   -1.039  -79.278   1466.9    766.3
     1     1    14     1    19     0     0     0    30.0   -1.089  -79.442   1490.7    765.8
     1     1    14     1    19     1     0     0    31.0   -1.134  -79.598   1514.9    765.7
     1     1    14     1    19     2     0     0    32.0   -1.170  -79.746   1541.2    765.1
     1     1    14     1    19     3     0     0    33.0   -1.197  -79.889   1570.1    764.3
     1     1    14     1    19     4     0     0    34.0   -1.214  -80.025   1602.5    763.7
     1     1    14     1    19     5     0     0    35.0   -1.221  -80.156   1639.7    765.4
     1     1    14     1    19     6     0     0    36.0   -1.217  -80.283   1680.1    766.7
     1     1    14     1    19     7     0     0    37.0   -1.205  -80.405   1721.6    767.0
     1     1    14     1    19     8     0     0    38.0   -1.189  -80.524   1762.6    767.5
     1     1    14     1    19     9     0     0    39.0   -1.169  -80.639   1802.8    768.0
     1     1    14     1    19    10     0     0    40.0   -1.144  -80.751   1842.1    768.4
     1     1    14     1    19    11     0     0    41.0   -1.115  -80.859   1880.2    768.9
     1     1    14     1    19    12     0     0    42.0   -1.081  -80.964   1917.2    769.4
     1     1    14     1    19    13     0     0    43.0   -1.054  -81.067   1954.4    770.1
     1     1    14     1    19    14     0     0    44.0   -1.042  -81.171   1993.4    770.3
     1     1    14     1    19    15     0     0    45.0   -1.048  -81.276   2033.2    770.6
     1     1    14     1    19    16     0     0    46.0   -1.070  -81.383   2073.3    770.8
     1     1    14     1    19    17     0     0    47.0   -1.110  -81.492   2113.0    771.0
     1     1    14     1    19    18     0     0    48.0   -1.166  -81.603   2152.1    771.5
