     1     1
    CDC1    14     1     1     0     0
     1 FORWARD  OMEGA   
    14     1    23     6   -1.000  -75.000   500.0
     1 PRESSURE
     1     1    14     1    23     6     0     0     0.0   -1.000  -75.000    500.0    937.2
     1     1    14     1    23     7     0     0     1.0   -0.975  -75.012    493.3    937.2
     1     1    14     1    23     8     0     0     2.0   -0.953  -75.027    489.5    936.6
     1     1    14     1    23     9     0     0     3.0   -0.932  -75.046    488.7    935.6
     1     1    14     1    23    10     0     0     4.0   -0.914  -75.070    491.0    934.2
     1     1    14     1    23    11     0     0     5.0   -0.898  -75.097    496.3    932.3
     1     1    14     1    23    12     0     0     6.0   -0.884  -75.130    504.8    929.9
     1     1    14     1    23    13     0     0     7.0   -0.878  -75.166    516.0    926.6
     1     1    14     1    23    14     0     0     8.0   -0.884  -75.205    529.3    923.3
     1     1    14     1    23    15     0     0     9.0   -0.902  -75.246    545.1    919.9
     1     1    14     1    23    16     0     0    10.0   -0.934  -75.290    563.4    916.4
     1     1    14     1    23    17     0     0    11.0   -0.977  -75.337    584.4    912.7
     1     1    14     1    23    18     0     0    12.0   -1.033  -75.388    608.3    908.9
     1     1    14     1    23    19     0     0    13.0   -1.096  -75.439    632.4    905.2
     1     1    14     1    23    20     0     0    14.0   -1.160  -75.488    653.7    901.9
     1     1    14     1    23    21     0     0    15.0   -1.226  -75.534    672.4    899.2
     1     1    14     1    23    22     0     0    16.0   -1.294  -75.577    688.1    896.9
     1     1    14     1    23    23     0     0    17.0   -1.365  -75.615    700.9    895.2
     1     1    14     1    24     0     0     0    18.0   -1.439  -75.648    710.6    894.0
     1     1    14     1    24     1     0     0    19.0   -1.510  -75.679    717.8    893.4
     1     1    14     1    24     2     0     0    20.0   -1.571  -75.711    723.2    892.6
     1     1    14     1    24     3     0     0    21.0   -1.623  -75.744    726.7    891.9
     1     1    14     1    24     4     0     0    22.0   -1.666  -75.777    728.1    891.2
     1     1    14     1    24     5     0     0    23.0   -1.700  -75.810    727.6    890.6
     1     1    14     1    24     6     0     0    24.0   -1.724  -75.843    725.0    890.0
     1     1    14     1    24     7     0     0    25.0   -1.749  -75.878    723.0    889.3
     1     1    14     1    24     8     0     0    26.0   -1.785  -75.917    724.3    887.9
     1     1    14     1    24     9     0     0    27.0   -1.834  -75.960    729.0    886.1
     1     1    14     1    24    10     0     0    28.0   -1.894  -76.009    737.0    883.8
     1     1    14     1    24    11     0     0    29.0   -1.966  -76.064    748.4    881.1
     1     1    14     1    24    12     0     0    30.0   -2.048  -76.125    763.5    877.7
     1     1    14     1    24    13     0     0    31.0   -2.134  -76.187    781.8    873.8
     1     1    14     1    24    14     0     0    32.0   -2.215  -76.244    801.8    869.9
     1     1    14     1    24    15     0     0    33.0   -2.292  -76.297    823.4    866.0
     1     1    14     1    24    16     0     0    34.0   -2.364  -76.344    846.4    862.1
     1     1    14     1    24    17     0     0    35.0   -2.432  -76.386    870.5    858.4
     1     1    14     1    24    18     0     0    36.0   -2.495  -76.422    895.5    854.8
     1     1    14     1    24    19     0     0    37.0   -2.559  -76.454    919.0    850.5
     1     1    14     1    24    20     0     0    38.0   -2.627  -76.487    939.1    846.5
     1     1    14     1    24    21     0     0    39.0   -2.699  -76.518    955.9    842.9
     1     1    14     1    24    22     0     0    40.0   -2.773  -76.548    969.7    839.7
     1     1    14     1    24    23     0     0    41.0   -2.848  -76.576    980.5    836.9
     1     1    14     1    25     0     0     0    42.0   -2.925  -76.601    988.6    834.5
     1     1    14     1    25     1     0     0    43.0   -3.001  -76.619    993.9    833.3
     1     1    14     1    25     2     0     0    44.0   -3.079  -76.625    996.9    833.0
     1     1    14     1    25     3     0     0    45.0   -3.157  -76.620    997.3    833.5
     1     1    14     1    25     4     0     0    46.0   -3.238  -76.602    995.1    834.8
     1     1    14     1    25     5     0     0    47.0   -3.321  -76.572    990.3    837.0
     1     1    14     1    25     6     0     0    48.0   -3.408  -76.531    982.9    840.0
