     1     1
    CDC1    14     1     1     0     0
     1 FORWARD  OMEGA   
    14     1    27    18   -1.000  -75.000   500.0
     1 PRESSURE
     1     1    14     1    27    18     0     0     0.0   -1.000  -75.000    500.0    936.4
     1     1    14     1    27    19     0     0     1.0   -1.077  -75.124    518.2    930.9
     1     1    14     1    27    20     0     0     2.0   -1.142  -75.246    540.3    924.6
     1     1    14     1    27    21     0     0     3.0   -1.195  -75.367    566.5    917.6
     1     1    14     1    27    22     0     0     4.0   -1.236  -75.488    597.2    910.0
     1     1    14     1    27    23     0     0     5.0   -1.264  -75.608    632.5    901.7
     1     1    14     1    28     0     0     0     6.0   -1.281  -75.727    673.0    892.2
     1     1    14     1    28     1     0     0     7.0   -1.294  -75.846    715.4    882.6
     1     1    14     1    28     2     0     0     8.0   -1.312  -75.966    756.2    873.8
     1     1    14     1    28     3     0     0     9.0   -1.336  -76.089    794.9    865.2
     1     1    14     1    28     4     0     0    10.0   -1.364  -76.215    831.0    856.9
     1     1    14     1    28     5     0     0    11.0   -1.398  -76.346    864.3    848.8
     1     1    14     1    28     6     0     0    12.0   -1.436  -76.482    894.4    840.9
     1     1    14     1    28     7     0     0    13.0   -1.474  -76.621    923.4    832.6
     1     1    14     1    28     8     0     0    14.0   -1.507  -76.759    953.4    823.9
     1     1    14     1    28     9     0     0    15.0   -1.536  -76.895    983.9    815.1
     1     1    14     1    28    10     0     0    16.0   -1.563  -77.029   1014.0    806.6
     1     1    14     1    28    11     0     0    17.0   -1.588  -77.160   1043.3    798.2
     1     1    14     1    28    12     0     0    18.0   -1.611  -77.287   1071.2    790.2
     1     1    14     1    28    13     0     0    19.0   -1.642  -77.409   1100.0    783.0
     1     1    14     1    28    14     0     0    20.0   -1.689  -77.525   1132.8    776.8
     1     1    14     1    28    15     0     0    21.0   -1.750  -77.635   1170.9    774.9
     1     1    14     1    28    16     0     0    22.0   -1.824  -77.740   1211.8    772.7
     1     1    14     1    28    17     0     0    23.0   -1.912  -77.839   1255.8    770.2
     1     1    14     1    28    18     0     0    24.0   -2.017  -77.933   1302.9    767.0
     1     1    14     1    28    19     0     0    25.0   -2.135  -78.020   1351.6    763.1
     1     1    14     1    28    20     0     0    26.0   -2.262  -78.095   1401.3    759.1
     1     1    14     1    28    21     0     0    27.0   -2.400  -78.161   1451.9    755.0
     1     1    14     1    28    22     0     0    28.0   -2.549  -78.217   1503.6    750.5
     1     1    14     1    28    23     0     0    29.0   -2.708  -78.265   1556.6    745.7
     1     1    14     1    29     0     0     0    30.0   -2.876  -78.306   1611.0    740.8
     1     1    14     1    29     1     0     0    31.0   -3.054  -78.344   1664.7    736.2
     1     1    14     1    29     2     0     0    32.0   -3.236  -78.387   1714.8    731.9
     1     1    14     1    29     3     0     0    33.0   -3.423  -78.434   1761.0    728.1
     1     1    14     1    29     4     0     0    34.0   -3.614  -78.487   1803.0    724.7
     1     1    14     1    29     5     0     0    35.0   -3.806  -78.548   1840.5    721.8
     1     1    14     1    29     6     0     0    36.0   -4.000  -78.617   1873.0    719.4
     1     1    14     1    29     7     0     0    37.0   -4.192  -78.695   1902.2    717.2
     1     1    14     1    29     8     0     0    38.0   -4.381  -78.780   1928.4    715.4
     1     1    14     1    29     9     0     0    39.0   -4.569  -78.869   1952.7    713.8
     1     1    14     1    29    10     0     0    40.0   -4.757  -78.960   1975.5    712.4
     1     1    14     1    29    11     0     0    41.0   -4.946  -79.052   1997.4    711.1
     1     1    14     1    29    12     0     0    42.0   -5.138  -79.142   2018.2    709.4
     1     1    14     1    29    13     0     0    43.0   -5.330  -79.223   2041.3    707.8
     1     1    14     1    29    14     0     0    44.0   -5.526  -79.295   2071.2    705.6
     1     1    14     1    29    15     0     0    45.0   -5.727  -79.355   2106.6    703.2
     1     1    14     1    29    16     0     0    46.0   -5.933  -79.402   2146.9    700.4
     1     1    14     1    29    17     0     0    47.0   -6.141  -79.432   2191.6    696.9
     1     1    14     1    29    18     0     0    48.0   -6.351  -79.445   2240.7    692.9
