     1     1
    CDC1    14     1     1     0     0
     1 FORWARD  OMEGA   
    14     1     6     0   -1.000  -75.000   500.0
     1 PRESSURE
     1     1    14     1     6     0     0     0     0.0   -1.000  -75.000    500.0    935.9
     1     1    14     1     6     1     0     0     1.0   -0.957  -75.095    513.6    930.1
     1     1    14     1     6     2     0     0     2.0   -0.904  -75.177    529.0    924.4
     1     1    14     1     6     3     0     0     3.0   -0.842  -75.247    546.1    918.9
     1     1    14     1     6     4     0     0     4.0   -0.771  -75.306    565.1    913.5
     1     1    14     1     6     5     0     0     5.0   -0.690  -75.354    586.0    908.3
     1     1    14     1     6     6     0     0     6.0   -0.599  -75.393    608.9    903.2
     1     1    14     1     6     7     0     0     7.0   -0.507  -75.432    631.2    897.6
     1     1    14     1     6     8     0     0     8.0   -0.425  -75.477    651.0    892.3
     1     1    14     1     6     9     0     0     9.0   -0.352  -75.526    667.8    887.4
     1     1    14     1     6    10     0     0    10.0   -0.286  -75.577    681.6    882.9
     1     1    14     1     6    11     0     0    11.0   -0.228  -75.630    692.1    878.9
     1     1    14     1     6    12     0     0    12.0   -0.177  -75.683    699.2    875.5
     1     1    14     1     6    13     0     0    13.0   -0.133  -75.732    708.1    872.4
     1     1    14     1     6    14     0     0    14.0   -0.095  -75.774    723.2    868.5
     1     1    14     1     6    15     0     0    15.0   -0.065  -75.809    744.7    864.4
     1     1    14     1     6    16     0     0    16.0   -0.042  -75.838    772.6    860.1
     1     1    14     1     6    17     0     0    17.0   -0.027  -75.860    806.9    855.5
     1     1    14     1     6    18     0     0    18.0   -0.021  -75.877    847.6    850.8
     1     1    14     1     6    19     0     0    19.0   -0.020  -75.891    891.4    845.8
     1     1    14     1     6    20     0     0    20.0   -0.020  -75.902    936.0    841.0
     1     1    14     1     6    21     0     0    21.0   -0.022  -75.912    981.9    836.0
     1     1    14     1     6    22     0     0    22.0   -0.026  -75.918   1029.7    831.0
     1     1    14     1     6    23     0     0    23.0   -0.032  -75.921   1080.2    826.0
     1     1    14     1     7     0     0     0    24.0   -0.041  -75.920   1133.9    821.0
     1     1    14     1     7     1     0     0    25.0   -0.047  -75.919   1188.9    816.1
     1     1    14     1     7     2     0     0    26.0   -0.048  -75.921   1243.3    811.3
     1     1    14     1     7     3     0     0    27.0   -0.043  -75.928   1296.8    806.2
     1     1    14     1     7     4     0     0    28.0   -0.034  -75.941   1349.5    800.8
     1     1    14     1     7     5     0     0    29.0   -0.022  -75.959   1401.3    795.4
     1     1    14     1     7     6     0     0    30.0   -0.007  -75.983   1452.0    789.9
     1     1    14     1     7     7     0     0    31.0    0.005  -76.010   1501.8    784.0
     1     1    14     1     7     8     0     0    32.0    0.010  -76.037   1551.6    778.2
     1     1    14     1     7     9     0     0    33.0    0.008  -76.063   1600.6    772.7
     1     1    14     1     7    10     0     0    34.0    0.000  -76.089   1648.4    767.5
     1     1    14     1     7    11     0     0    35.0   -0.014  -76.115   1694.7    762.3
     1     1    14     1     7    12     0     0    36.0   -0.032  -76.141   1739.2    757.3
     1     1    14     1     7    13     0     0    37.0   -0.052  -76.169   1784.5    752.6
     1     1    14     1     7    14     0     0    38.0   -0.072  -76.202   1834.1    747.2
     1     1    14     1     7    15     0     0    39.0   -0.094  -76.241   1887.8    741.4
     1     1    14     1     7    16     0     0    40.0   -0.117  -76.285   1945.3    735.1
     1     1    14     1     7    17     0     0    41.0   -0.142  -76.335   2006.7    728.4
     1     1    14     1     7    18     0     0    42.0   -0.171  -76.392   2071.5    721.2
     1     1    14     1     7    19     0     0    43.0   -0.202  -76.456   2135.5    713.7
     1     1    14     1     7    20     0     0    44.0   -0.229  -76.527   2194.2    706.5
     1     1    14     1     7    21     0     0    45.0   -0.252  -76.604   2247.9    699.5
     1     1    14     1     7    22     0     0    46.0   -0.270  -76.686   2296.9    692.8
     1     1    14     1     7    23     0     0    47.0   -0.282  -76.773   2341.5    686.4
     1     1    14     1     8     0     0     0    48.0   -0.288  -76.864   2381.9    680.1
