     1     1
    CDC1    14     1     1     0     0
     1 FORWARD  OMEGA   
    14     1    21    12   -1.000  -75.000   500.0
     1 PRESSURE
     1     1    14     1    21    12     0     0     0.0   -1.000  -75.000    500.0    937.8
     1     1    14     1    21    13     0     0     1.0   -1.115  -74.973    470.5    943.2
     1     1    14     1    21    14     0     0     2.0   -1.219  -74.950    446.2    947.7
     1     1    14     1    21    15     0     0     3.0   -1.311  -74.931    427.2    951.4
     1     1    14     1    21    16     0     0     4.0   -1.391  -74.920    413.2    954.3
     1     1    14     1    21    17     0     0     5.0   -1.460  -74.917    404.2    956.5
     1     1    14     1    21    18     0     0     6.0   -1.518  -74.924    400.2    957.8
     1     1    14     1    21    19     0     0     7.0   -1.570  -74.935    398.3    958.2
     1     1    14     1    21    20     0     0     8.0   -1.623  -74.944    396.2    958.9
     1     1    14     1    21    21     0     0     9.0   -1.675  -74.949    393.7    959.7
     1     1    14     1    21    22     0     0    10.0   -1.726  -74.952    390.8    960.5
     1     1    14     1    21    23     0     0    11.0   -1.777  -74.951    387.7    961.3
     1     1    14     1    22     0     0     0    12.0   -1.827  -74.948    384.4    962.1
     1     1    14     1    22     1     0     0    13.0   -1.879  -74.944    380.7    964.1
     1     1    14     1    22     2     0     0    14.0   -1.937  -74.945    376.5    966.3
     1     1    14     1    22     3     0     0    15.0   -2.001  -74.949    371.8    968.7
     1     1    14     1    22     4     0     0    16.0   -2.071  -74.957    366.5    971.3
     1     1    14     1    22     5     0     0    17.0   -2.149  -74.968    360.5    974.1
     1     1    14     1    22     6     0     0    18.0   -2.233  -74.982    353.8    977.2
     1     1    14     1    22     7     0     0    19.0   -2.319  -74.999    347.1    979.7
     1     1    14     1    22     8     0     0    20.0   -2.403  -75.020    341.5    980.8
     1     1    14     1    22     9     0     0    21.0   -2.482  -75.043    336.9    981.4
     1     1    14     1    22    10     0     0    22.0   -2.558  -75.070    333.2    980.7
     1     1    14     1    22    11     0     0    23.0   -2.629  -75.098    330.3    979.4
     1     1    14     1    22    12     0     0    24.0   -2.696  -75.129    328.3    977.9
     1     1    14     1    22    13     0     0    25.0   -2.760  -75.166    328.3    976.2
     1     1    14     1    22    14     0     0    26.0   -2.820  -75.214    331.0    973.6
     1     1    14     1    22    15     0     0    27.0   -2.876  -75.273    336.7    970.1
     1     1    14     1    22    16     0     0    28.0   -2.928  -75.343    345.4    965.7
     1     1    14     1    22    17     0     0    29.0   -2.978  -75.426    357.3    960.3
     1     1    14     1    22    18     0     0    30.0   -3.025  -75.522    372.5    954.1
     1     1    14     1    22    19     0     0    31.0   -3.072  -75.620    389.7    946.8
     1     1    14     1    22    20     0     0    32.0   -3.121  -75.710    407.8    939.7
     1     1    14     1    22    21     0     0    33.0   -3.173  -75.792    427.0    933.0
     1     1    14     1    22    22     0     0    34.0   -3.229  -75.866    447.7    926.5
     1     1    14     1    22    23     0     0    35.0   -3.287  -75.934    470.3    920.2
     1     1    14     1    23     0     0     0    36.0   -3.349  -75.995    495.0    914.0
     1     1    14     1    23     1     0     0    37.0   -3.409  -76.045    520.1    909.0
     1     1    14     1    23     2     0     0    38.0   -3.460  -76.081    543.4    905.1
     1     1    14     1    23     3     0     0    39.0   -3.502  -76.101    564.8    902.3
     1     1    14     1    23     4     0     0    40.0   -3.536  -76.108    584.2    900.5
     1     1    14     1    23     5     0     0    41.0   -3.562  -76.100    601.2    899.6
     1     1    14     1    23     6     0     0    42.0   -3.580  -76.079    615.7    899.6
     1     1    14     1    23     7     0     0    43.0   -3.596  -76.054    629.4    899.7
     1     1    14     1    23     8     0     0    44.0   -3.614  -76.034    644.7    899.1
     1     1    14     1    23     9     0     0    45.0   -3.637  -76.018    661.5    898.1
     1     1    14     1    23    10     0     0    46.0   -3.663  -76.007    679.9    896.7
     1     1    14     1    23    11     0     0    47.0   -3.694  -76.001    699.9    894.9
     1     1    14     1    23    12     0     0    48.0   -3.730  -76.000    721.6    892.7
