     1     1
    CDC1    14     1     1     0     0
     1 FORWARD  OMEGA   
    14     1    16     6   -1.000  -75.000   500.0
     1 PRESSURE
     1     1    14     1    16     6     0     0     0.0   -1.000  -75.000    500.0    936.8
     1     1    14     1    16     7     0     0     1.0   -1.097  -75.076    522.0    933.2
     1     1    14     1    16     8     0     0     2.0   -1.206  -75.153    542.6    929.9
     1     1    14     1    16     9     0     0     3.0   -1.325  -75.231    562.3    926.8
     1     1    14     1    16    10     0     0     4.0   -1.454  -75.312    581.1    923.8
     1     1    14     1    16    11     0     0     5.0   -1.590  -75.397    599.4    920.7
     1     1    14     1    16    12     0     0     6.0   -1.734  -75.486    617.5    917.4
     1     1    14     1    16    13     0     0     7.0   -1.879  -75.579    638.2    913.4
     1     1    14     1    16    14     0     0     8.0   -2.023  -75.676    663.0    908.2
     1     1    14     1    16    15     0     0     9.0   -2.166  -75.778    691.6    902.3
     1     1    14     1    16    16     0     0    10.0   -2.309  -75.889    723.4    895.6
     1     1    14     1    16    17     0     0    11.0   -2.451  -76.009    757.9    888.1
     1     1    14     1    16    18     0     0    12.0   -2.595  -76.142    794.3    878.4
     1     1    14     1    16    19     0     0    13.0   -2.726  -76.286    832.1    867.1
     1     1    14     1    16    20     0     0    14.0   -2.829  -76.439    871.4    855.5
     1     1    14     1    16    21     0     0    15.0   -2.907  -76.599    912.6    843.6
     1     1    14     1    16    22     0     0    16.0   -2.961  -76.765    956.3    830.7
     1     1    14     1    16    23     0     0    17.0   -2.992  -76.938   1003.1    817.5
     1     1    14     1    17     0     0     0    18.0   -3.004  -77.116   1053.5    803.9
     1     1    14     1    17     1     0     0    19.0   -3.012  -77.297   1106.4    790.7
     1     1    14     1    17     2     0     0    20.0   -3.028  -77.475   1161.1    777.7
     1     1    14     1    17     3     0     0    21.0   -3.051  -77.652   1220.7    772.4
     1     1    14     1    17     4     0     0    22.0   -3.077  -77.825   1281.6    768.1
     1     1    14     1    17     5     0     0    23.0   -3.107  -77.996   1343.2    763.6
     1     1    14     1    17     6     0     0    24.0   -3.140  -78.164   1405.7    759.1
     1     1    14     1    17     7     0     0    25.0   -3.176  -78.333   1468.1    754.2
     1     1    14     1    17     8     0     0    26.0   -3.215  -78.508   1528.7    749.7
     1     1    14     1    17     9     0     0    27.0   -3.258  -78.686   1586.5    745.5
     1     1    14     1    17    10     0     0    28.0   -3.304  -78.869   1640.2    741.9
     1     1    14     1    17    11     0     0    29.0   -3.355  -79.055   1688.6    738.4
     1     1    14     1    17    12     0     0    30.0   -3.412  -79.244   1730.4    735.6
     1     1    14     1    17    13     0     0    31.0   -3.476  -79.434   1767.4    733.7
     1     1    14     1    17    14     0     0    32.0   -3.547  -79.625   1801.7    731.9
     1     1    14     1    17    15     0     0    33.0   -3.625  -79.819   1833.6    730.3
     1     1    14     1    17    16     0     0    34.0   -3.708  -80.017   1863.7    729.6
     1     1    14     1    17    17     0     0    35.0   -3.789  -80.218   1897.1    734.6
     1     1    14     1    17    18     0     0    36.0   -3.866  -80.419   1929.5    739.8
     1     1    14     1    17    19     0     0    37.0   -3.936  -80.615   1967.4    744.5
     1     1    14     1    17    20     0     0    38.0   -4.000  -80.798   2014.1    747.3
     1     1    14     1    17    21     0     0    39.0   -4.061  -80.971   2069.6    748.8
     1     1    14     1    17    22     0     0    40.0   -4.119  -81.133   2133.3    749.1
     1     1    14     1    17    23     0     0    41.0   -4.176  -81.285   2204.3    748.2
     1     1    14     1    18     0     0     0    42.0   -4.232  -81.428   2281.6    746.0
     1     1    14     1    18     1     0     0    43.0   -4.286  -81.571   2358.2    743.8
     1     1    14     1    18     2     0     0    44.0   -4.335  -81.721   2428.3    743.2
     1     1    14     1    18     3     0     0    45.0   -4.380  -81.877   2493.0    743.2
     1     1    14     1    18     4     0     0    46.0   -4.420  -82.039   2553.3    743.9
     1     1    14     1    18     5     0     0    47.0   -4.456  -82.206   2610.8    745.0
     1     1    14     1    18     6     0     0    48.0   -4.489  -82.378   2666.8    746.4
