     1     1
    CDC1    14     1     1     0     0
     1 FORWARD  OMEGA   
    14     1    23    12   -1.000  -75.000   500.0
     1 PRESSURE
     1     1    14     1    23    12     0     0     0.0   -1.000  -75.000    500.0    937.7
     1     1    14     1    23    13     0     0     1.0   -0.995  -75.036    508.8    934.9
     1     1    14     1    23    14     0     0     2.0   -1.003  -75.073    519.3    931.9
     1     1    14     1    23    15     0     0     3.0   -1.022  -75.114    531.9    928.8
     1     1    14     1    23    16     0     0     4.0   -1.054  -75.157    546.6    925.7
     1     1    14     1    23    17     0     0     5.0   -1.098  -75.202    563.5    922.5
     1     1    14     1    23    18     0     0     6.0   -1.154  -75.251    582.7    919.1
     1     1    14     1    23    19     0     0     7.0   -1.216  -75.300    602.0    916.2
     1     1    14     1    23    20     0     0     8.0   -1.279  -75.346    618.8    913.8
     1     1    14     1    23    21     0     0     9.0   -1.343  -75.388    632.9    911.7
     1     1    14     1    23    22     0     0    10.0   -1.408  -75.427    644.3    910.1
     1     1    14     1    23    23     0     0    11.0   -1.476  -75.461    653.0    908.9
     1     1    14     1    24     0     0     0    12.0   -1.546  -75.490    658.9    908.3
     1     1    14     1    24     1     0     0    13.0   -1.612  -75.517    662.5    908.2
     1     1    14     1    24     2     0     0    14.0   -1.669  -75.544    664.3    908.0
     1     1    14     1    24     3     0     0    15.0   -1.717  -75.570    664.4    907.8
     1     1    14     1    24     4     0     0    16.0   -1.756  -75.597    662.7    907.7
     1     1    14     1    24     5     0     0    17.0   -1.786  -75.623    659.1    907.6
     1     1    14     1    24     6     0     0    18.0   -1.807  -75.648    653.7    907.7
     1     1    14     1    24     7     0     0    19.0   -1.828  -75.676    648.9    907.6
     1     1    14     1    24     8     0     0    20.0   -1.861  -75.706    647.6    906.8
     1     1    14     1    24     9     0     0    21.0   -1.906  -75.742    649.6    905.6
     1     1    14     1    24    10     0     0    22.0   -1.962  -75.781    654.9    904.0
     1     1    14     1    24    11     0     0    23.0   -2.030  -75.827    663.6    901.9
     1     1    14     1    24    12     0     0    24.0   -2.108  -75.878    675.9    899.3
     1     1    14     1    24    13     0     0    25.0   -2.189  -75.930    691.2    896.0
     1     1    14     1    24    14     0     0    26.0   -2.265  -75.979    708.1    892.7
     1     1    14     1    24    15     0     0    27.0   -2.334  -76.023    726.7    889.3
     1     1    14     1    24    16     0     0    28.0   -2.398  -76.063    746.8    885.9
     1     1    14     1    24    17     0     0    29.0   -2.456  -76.098    768.1    882.6
     1     1    14     1    24    18     0     0    30.0   -2.508  -76.129    790.5    879.2
     1     1    14     1    24    19     0     0    31.0   -2.561  -76.156    811.7    875.2
     1     1    14     1    24    20     0     0    32.0   -2.620  -76.183    829.3    871.8
     1     1    14     1    24    21     0     0    33.0   -2.684  -76.208    843.3    868.9
     1     1    14     1    24    22     0     0    34.0   -2.752  -76.231    854.0    866.4
     1     1    14     1    24    23     0     0    35.0   -2.823  -76.251    861.4    864.3
     1     1    14     1    25     0     0     0    36.0   -2.897  -76.268    865.7    862.7
     1     1    14     1    25     1     0     0    37.0   -2.973  -76.278    866.9    862.4
     1     1    14     1    25     2     0     0    38.0   -3.050  -76.277    865.6    862.9
     1     1    14     1    25     3     0     0    39.0   -3.127  -76.266    861.7    864.1
     1     1    14     1    25     4     0     0    40.0   -3.207  -76.244    855.2    866.1
     1     1    14     1    25     5     0     0    41.0   -3.290  -76.211    845.9    868.9
     1     1    14     1    25     6     0     0    42.0   -3.376  -76.167    833.8    872.5
     1     1    14     1    25     7     0     0    43.0   -3.462  -76.116    821.3    876.1
     1     1    14     1    25     8     0     0    44.0   -3.545  -76.062    810.5    879.5
     1     1    14     1    25     9     0     0    45.0   -3.623  -76.006    801.4    882.8
     1     1    14     1    25    10     0     0    46.0   -3.696  -75.948    794.3    886.1
     1     1    14     1    25    11     0     0    47.0   -3.765  -75.891    789.2    889.1
     1     1    14     1    25    12     0     0    48.0   -3.829  -75.835    786.4    891.9
