     1     1
    CDC1    14     1     1     0     0
     1 FORWARD  OMEGA   
    14     1    14    18   -1.000  -75.000   500.0
     1 PRESSURE
     1     1    14     1    14    18     0     0     0.0   -1.000  -75.000    500.0    938.2
     1     1    14     1    14    19     0     0     1.0   -1.093  -75.018    500.6    939.0
     1     1    14     1    14    20     0     0     2.0   -1.189  -75.048    504.0    938.9
     1     1    14     1    14    21     0     0     3.0   -1.288  -75.088    510.2    938.1
     1     1    14     1    14    22     0     0     4.0   -1.391  -75.139    519.5    936.7
     1     1    14     1    14    23     0     0     5.0   -1.498  -75.198    532.1    934.5
     1     1    14     1    15     0     0     0     6.0   -1.610  -75.264    548.4    931.7
     1     1    14     1    15     1     0     0     7.0   -1.719  -75.333    566.8    928.8
     1     1    14     1    15     2     0     0     8.0   -1.818  -75.403    585.9    925.7
     1     1    14     1    15     3     0     0     9.0   -1.909  -75.475    605.6    922.2
     1     1    14     1    15     4     0     0    10.0   -1.990  -75.552    625.6    918.3
     1     1    14     1    15     5     0     0    11.0   -2.062  -75.633    646.1    913.5
     1     1    14     1    15     6     0     0    12.0   -2.125  -75.721    666.7    908.2
     1     1    14     1    15     7     0     0    13.0   -2.187  -75.810    688.0    902.5
     1     1    14     1    15     8     0     0    14.0   -2.253  -75.893    710.3    896.9
     1     1    14     1    15     9     0     0    15.0   -2.323  -75.973    733.1    891.5
     1     1    14     1    15    10     0     0    16.0   -2.396  -76.048    756.5    886.3
     1     1    14     1    15    11     0     0    17.0   -2.470  -76.119    780.1    881.3
     1     1    14     1    15    12     0     0    18.0   -2.547  -76.188    803.7    875.8
     1     1    14     1    15    13     0     0    19.0   -2.630  -76.262    830.5    869.7
     1     1    14     1    15    14     0     0    20.0   -2.726  -76.350    863.9    861.9
     1     1    14     1    15    15     0     0    21.0   -2.834  -76.455    903.9    852.8
     1     1    14     1    15    16     0     0    22.0   -2.955  -76.575    951.0    841.9
     1     1    14     1    15    17     0     0    23.0   -3.086  -76.714   1005.4    829.3
     1     1    14     1    15    18     0     0    24.0   -3.228  -76.871   1067.2    815.3
     1     1    14     1    15    19     0     0    25.0   -3.375  -77.029   1132.5    800.6
     1     1    14     1    15    20     0     0    26.0   -3.524  -77.172   1196.8    787.6
     1     1    14     1    15    21     0     0    27.0   -3.676  -77.299   1260.6    775.3
     1     1    14     1    15    22     0     0    28.0   -3.833  -77.412   1324.7    763.4
     1     1    14     1    15    23     0     0    29.0   -3.996  -77.512   1389.8    752.8
     1     1    14     1    16     0     0     0    30.0   -4.164  -77.599   1458.3    746.7
     1     1    14     1    16     1     0     0    31.0   -4.332  -77.689   1524.0    741.1
     1     1    14     1    16     2     0     0    32.0   -4.494  -77.799   1583.5    736.5
     1     1    14     1    16     3     0     0    33.0   -4.649  -77.929   1635.9    732.9
     1     1    14     1    16     4     0     0    34.0   -4.797  -78.079   1680.5    729.9
     1     1    14     1    16     5     0     0    35.0   -4.937  -78.249   1716.5    727.8
     1     1    14     1    16     6     0     0    36.0   -5.068  -78.438   1743.3    726.2
     1     1    14     1    16     7     0     0    37.0   -5.195  -78.636   1764.8    725.1
     1     1    14     1    16     8     0     0    38.0   -5.320  -78.835   1783.2    724.7
     1     1    14     1    16     9     0     0    39.0   -5.446  -79.035   1799.1    725.1
     1     1    14     1    16    10     0     0    40.0   -5.573  -79.234   1812.4    726.4
     1     1    14     1    16    11     0     0    41.0   -5.702  -79.431   1823.1    728.5
     1     1    14     1    16    12     0     0    42.0   -5.834  -79.624   1831.0    731.4
     1     1    14     1    16    13     0     0    43.0   -5.966  -79.813   1838.4    735.3
     1     1    14     1    16    14     0     0    44.0   -6.096  -79.997   1846.9    739.4
     1     1    14     1    16    15     0     0    45.0   -6.223  -80.173   1856.6    745.7
     1     1    14     1    16    16     0     0    46.0   -6.346  -80.339   1865.2    751.7
     1     1    14     1    16    17     0     0    47.0   -6.465  -80.497   1872.8    757.5
     1     1    14     1    16    18     0     0    48.0   -6.580  -80.649   1879.7    763.1
