     1     1
    CDC1    14     1     1     0     0
     1 FORWARD  OMEGA   
    14     1     2     6   -1.000  -75.000   500.0
     1 PRESSURE
     1     1    14     1     2     6     0     0     0.0   -1.000  -75.000    500.0    935.3
     1     1    14     1     2     7     0     0     1.0   -1.109  -75.029    485.9    937.6
     1     1    14     1     2     8     0     0     2.0   -1.223  -75.056    470.4    940.4
     1     1    14     1     2     9     0     0     3.0   -1.340  -75.083    453.5    943.4
     1     1    14     1     2    10     0     0     4.0   -1.458  -75.110    435.4    946.7
     1     1    14     1     2    11     0     0     5.0   -1.577  -75.139    416.1    950.0
     1     1    14     1     2    12     0     0     6.0   -1.695  -75.170    395.6    953.4
     1     1    14     1     2    13     0     0     7.0   -1.806  -75.205    377.7    956.4
     1     1    14     1     2    14     0     0     8.0   -1.907  -75.242    365.5    957.8
     1     1    14     1     2    15     0     0     9.0   -2.002  -75.284    359.0    958.2
     1     1    14     1     2    16     0     0    10.0   -2.091  -75.330    357.8    957.8
     1     1    14     1     2    17     0     0    11.0   -2.177  -75.379    362.0    956.5
     1     1    14     1     2    18     0     0    12.0   -2.261  -75.432    371.6    954.5
     1     1    14     1     2    19     0     0    13.0   -2.345  -75.485    382.6    951.3
     1     1    14     1     2    20     0     0    14.0   -2.429  -75.534    391.6    948.7
     1     1    14     1     2    21     0     0    15.0   -2.514  -75.577    398.7    946.3
     1     1    14     1     2    22     0     0    16.0   -2.598  -75.616    404.0    943.2
     1     1    14     1     2    23     0     0    17.0   -2.682  -75.647    408.0    940.6
     1     1    14     1     3     0     0     0    18.0   -2.766  -75.673    410.8    938.4
     1     1    14     1     3     1     0     0    19.0   -2.852  -75.687    412.7    937.9
     1     1    14     1     3     2     0     0    20.0   -2.944  -75.685    413.8    938.3
     1     1    14     1     3     3     0     0    21.0   -3.043  -75.668    413.8    939.6
     1     1    14     1     3     4     0     0    22.0   -3.147  -75.635    412.5    941.8
     1     1    14     1     3     5     0     0    23.0   -3.258  -75.585    409.6    945.0
     1     1    14     1     3     6     0     0    24.0   -3.375  -75.520    404.8    949.2
     1     1    14     1     3     7     0     0    25.0   -3.491  -75.455    399.3    953.1
     1     1    14     1     3     8     0     0    26.0   -3.594  -75.409    394.0    955.9
     1     1    14     1     3     9     0     0    27.0   -3.686  -75.383    389.1    957.7
     1     1    14     1     3    10     0     0    28.0   -3.766  -75.378    384.6    958.5
     1     1    14     1     3    11     0     0    29.0   -3.834  -75.394    380.6    957.9
     1     1    14     1     3    12     0     0    30.0   -3.891  -75.432    377.4    956.2
     1     1    14     1     3    13     0     0    31.0   -3.944  -75.480    376.1    954.2
     1     1    14     1     3    14     0     0    32.0   -4.002  -75.524    377.4    952.0
     1     1    14     1     3    15     0     0    33.0   -4.068  -75.565    381.0    949.6
     1     1    14     1     3    16     0     0    34.0   -4.141  -75.604    386.5    947.1
     1     1    14     1     3    17     0     0    35.0   -4.222  -75.642    393.6    944.5
     1     1    14     1     3    18     0     0    36.0   -4.314  -75.678    402.0    941.7
     1     1    14     1     3    19     0     0    37.0   -4.406  -75.712    411.4    938.4
     1     1    14     1     3    20     0     0    38.0   -4.488  -75.741    422.3    935.1
     1     1    14     1     3    21     0     0    39.0   -4.560  -75.765    434.8    931.9
     1     1    14     1     3    22     0     0    40.0   -4.621  -75.782    449.3    928.9
     1     1    14     1     3    23     0     0    41.0   -4.670  -75.792    465.7    926.1
     1     1    14     1     4     0     0     0    42.0   -4.708  -75.793    484.3    923.5
     1     1    14     1     4     1     0     0    43.0   -4.745  -75.796    503.1    921.6
     1     1    14     1     4     2     0     0    44.0   -4.792  -75.811    519.9    919.4
     1     1    14     1     4     3     0     0    45.0   -4.851  -75.836    534.9    916.9
     1     1    14     1     4     4     0     0    46.0   -4.922  -75.873    548.1    914.0
     1     1    14     1     4     5     0     0    47.0   -5.005  -75.923    559.9    910.5
     1     1    14     1     4     6     0     0    48.0   -5.101  -75.984    569.7    903.6
