     1     1
    CDC1    14     1     1     0     0
     1 FORWARD  OMEGA   
    14     1    29     0   -1.000  -75.000   500.0
     1 PRESSURE
     1     1    14     1    29     0     0     0     0.0   -1.000  -75.000    500.0    935.4
     1     1    14     1    29     1     0     0     1.0   -1.049  -75.077    507.2    932.9
     1     1    14     1    29     2     0     0     2.0   -1.099  -75.136    515.6    930.9
     1     1    14     1    29     3     0     0     3.0   -1.148  -75.178    524.7    929.4
     1     1    14     1    29     4     0     0     4.0   -1.199  -75.205    534.3    928.5
     1     1    14     1    29     5     0     0     5.0   -1.249  -75.217    543.9    928.3
     1     1    14     1    29     6     0     0     6.0   -1.300  -75.215    553.1    928.7
     1     1    14     1    29     7     0     0     7.0   -1.350  -75.213    562.1    928.4
     1     1    14     1    29     8     0     0     8.0   -1.400  -75.227    571.8    927.3
     1     1    14     1    29     9     0     0     9.0   -1.449  -75.257    582.3    925.5
     1     1    14     1    29    10     0     0    10.0   -1.497  -75.302    593.6    922.8
     1     1    14     1    29    11     0     0    11.0   -1.546  -75.362    605.8    919.4
     1     1    14     1    29    12     0     0    12.0   -1.596  -75.439    619.0    915.2
     1     1    14     1    29    13     0     0    13.0   -1.644  -75.523    635.2    910.6
     1     1    14     1    29    14     0     0    14.0   -1.692  -75.608    655.4    905.2
     1     1    14     1    29    15     0     0    15.0   -1.739  -75.693    680.2    899.3
     1     1    14     1    29    16     0     0    16.0   -1.786  -75.778    710.0    892.9
     1     1    14     1    29    17     0     0    17.0   -1.831  -75.864    745.0    886.0
     1     1    14     1    29    18     0     0    18.0   -1.876  -75.951    785.7    878.5
     1     1    14     1    29    19     0     0    19.0   -1.922  -76.034    827.9    870.7
     1     1    14     1    29    20     0     0    20.0   -1.967  -76.105    867.4    864.3
     1     1    14     1    29    21     0     0    21.0   -2.012  -76.166    904.0    858.6
     1     1    14     1    29    22     0     0    22.0   -2.056  -76.216    937.9    853.4
     1     1    14     1    29    23     0     0    23.0   -2.099  -76.255    969.2    848.8
     1     1    14     1    30     0     0     0    24.0   -2.141  -76.283    997.9    845.0
     1     1    14     1    30     1     0     0    25.0   -2.182  -76.307   1023.2    842.2
     1     1    14     1    30     2     0     0    26.0   -2.221  -76.330   1044.9    839.7
     1     1    14     1    30     3     0     0    27.0   -2.260  -76.354   1062.3    837.7
     1     1    14     1    30     4     0     0    28.0   -2.297  -76.376   1075.2    836.2
     1     1    14     1    30     5     0     0    29.0   -2.332  -76.397   1083.1    835.1
     1     1    14     1    30     6     0     0    30.0   -2.366  -76.416   1086.0    834.7
     1     1    14     1    30     7     0     0    31.0   -2.398  -76.441   1088.2    834.0
     1     1    14     1    30     8     0     0    32.0   -2.428  -76.476   1095.0    831.9
     1     1    14     1    30     9     0     0    33.0   -2.457  -76.523   1106.5    828.7
     1     1    14     1    30    10     0     0    34.0   -2.483  -76.581   1122.7    824.6
     1     1    14     1    30    11     0     0    35.0   -2.508  -76.650   1143.8    819.3
     1     1    14     1    30    12     0     0    36.0   -2.531  -76.729   1170.3    812.9
     1     1    14     1    30    13     0     0    37.0   -2.561  -76.818   1201.6    805.9
     1     1    14     1    30    14     0     0    38.0   -2.604  -76.913   1235.1    798.5
     1     1    14     1    30    15     0     0    39.0   -2.662  -77.013   1271.2    790.4
     1     1    14     1    30    16     0     0    40.0   -2.734  -77.118   1309.8    781.8
     1     1    14     1    30    17     0     0    41.0   -2.821  -77.227   1350.8    772.7
     1     1    14     1    30    18     0     0    42.0   -2.921  -77.339   1394.2    763.3
     1     1    14     1    30    19     0     0    43.0   -3.028  -77.453   1445.1    753.7
     1     1    14     1    30    20     0     0    44.0   -3.134  -77.568   1509.9    746.0
     1     1    14     1    30    21     0     0    45.0   -3.240  -77.687   1588.4    739.7
     1     1    14     1    30    22     0     0    46.0   -3.346  -77.813   1679.3    732.5
     1     1    14     1    30    23     0     0    47.0   -3.453  -77.946   1783.4    723.9
     1     1    14     1    31     0     0     0    48.0   -3.562  -78.090   1901.6    714.5
