     1     1
    CDC1    14     1     1     0     0
     1 FORWARD  OMEGA   
    14     1    11    12   -1.000  -75.000   500.0
     1 PRESSURE
     1     1    14     1    11    12     0     0     0.0   -1.000  -75.000    500.0    937.6
     1     1    14     1    11    13     0     0     1.0   -1.057  -75.094    505.0    934.6
     1     1    14     1    11    14     0     0     2.0   -1.116  -75.201    517.8    929.8
     1     1    14     1    11    15     0     0     3.0   -1.179  -75.322    538.7    923.5
     1     1    14     1    11    16     0     0     4.0   -1.246  -75.458    567.8    915.9
     1     1    14     1    11    17     0     0     5.0   -1.319  -75.608    605.3    906.9
     1     1    14     1    11    18     0     0     6.0   -1.399  -75.772    651.2    896.3
     1     1    14     1    11    19     0     0     7.0   -1.482  -75.940    700.2    884.2
     1     1    14     1    11    20     0     0     8.0   -1.561  -76.103    747.5    873.1
     1     1    14     1    11    21     0     0     9.0   -1.636  -76.259    792.8    862.5
     1     1    14     1    11    22     0     0    10.0   -1.707  -76.408    836.3    852.4
     1     1    14     1    11    23     0     0    11.0   -1.773  -76.549    877.8    842.9
     1     1    14     1    12     0     0     0    12.0   -1.835  -76.681    917.6    833.7
     1     1    14     1    12     1     0     0    13.0   -1.894  -76.806    957.2    825.0
     1     1    14     1    12     2     0     0    14.0   -1.953  -76.926    998.7    816.2
     1     1    14     1    12     3     0     0    15.0   -2.014  -77.041   1041.4    807.6
     1     1    14     1    12     4     0     0    16.0   -2.078  -77.151   1084.7    799.2
     1     1    14     1    12     5     0     0    17.0   -2.144  -77.255   1128.0    791.1
     1     1    14     1    12     6     0     0    18.0   -2.215  -77.355   1170.7    783.3
     1     1    14     1    12     7     0     0    19.0   -2.289  -77.450   1212.1    775.7
     1     1    14     1    12     8     0     0    20.0   -2.362  -77.545   1253.6    770.4
     1     1    14     1    12     9     0     0    21.0   -2.433  -77.637   1295.3    767.4
     1     1    14     1    12    10     0     0    22.0   -2.499  -77.728   1335.9    764.4
     1     1    14     1    12    11     0     0    23.0   -2.560  -77.817   1375.3    761.1
     1     1    14     1    12    12     0     0    24.0   -2.615  -77.904   1413.8    757.9
     1     1    14     1    12    13     0     0    25.0   -2.666  -77.988   1451.4    754.9
     1     1    14     1    12    14     0     0    26.0   -2.715  -78.069   1489.0    751.9
     1     1    14     1    12    15     0     0    27.0   -2.764  -78.147   1526.5    749.0
     1     1    14     1    12    16     0     0    28.0   -2.812  -78.226   1564.2    746.1
     1     1    14     1    12    17     0     0    29.0   -2.859  -78.305   1602.1    743.3
     1     1    14     1    12    18     0     0    30.0   -2.906  -78.387   1640.6    740.5
     1     1    14     1    12    19     0     0    31.0   -2.953  -78.472   1680.8    737.4
     1     1    14     1    12    20     0     0    32.0   -3.001  -78.563   1722.7    734.1
     1     1    14     1    12    21     0     0    33.0   -3.051  -78.658   1767.5    730.5
     1     1    14     1    12    22     0     0    34.0   -3.101  -78.757   1815.7    726.7
     1     1    14     1    12    23     0     0    35.0   -3.152  -78.858   1868.1    722.6
     1     1    14     1    13     0     0     0    36.0   -3.203  -78.960   1925.5    718.2
     1     1    14     1    13     1     0     0    37.0   -3.255  -79.063   1984.5    713.6
     1     1    14     1    13     2     0     0    38.0   -3.305  -79.164   2042.8    709.4
     1     1    14     1    13     3     0     0    39.0   -3.356  -79.264   2099.4    705.3
     1     1    14     1    13     4     0     0    40.0   -3.406  -79.364   2153.3    701.4
     1     1    14     1    13     5     0     0    41.0   -3.456  -79.465   2203.7    697.6
     1     1    14     1    13     6     0     0    42.0   -3.506  -79.568   2250.4    694.2
     1     1    14     1    13     7     0     0    43.0   -3.557  -79.671   2289.1    691.2
     1     1    14     1    13     8     0     0    44.0   -3.614  -79.773   2313.1    689.8
     1     1    14     1    13     9     0     0    45.0   -3.677  -79.872   2323.5    689.6
     1     1    14     1    13    10     0     0    46.0   -3.745  -79.970   2320.2    690.5
     1     1    14     1    13    11     0     0    47.0   -3.819  -80.062   2305.9    694.3
     1     1    14     1    13    12     0     0    48.0   -3.897  -80.148   2279.9    699.7
