     1     1
    CDC1    14     1     1     0     0
     1 FORWARD  OMEGA   
    14     1    26     0   -1.000  -75.000   500.0
     1 PRESSURE
     1     1    14     1    26     0     0     0     0.0   -1.000  -75.000    500.0    934.5
     1     1    14     1    26     1     0     0     1.0   -1.099  -75.009    497.7    936.5
     1     1    14     1    26     2     0     0     2.0   -1.200  -75.019    494.3    938.7
     1     1    14     1    26     3     0     0     3.0   -1.303  -75.031    490.1    940.9
     1     1    14     1    26     4     0     0     4.0   -1.408  -75.043    485.3    943.2
     1     1    14     1    26     5     0     0     5.0   -1.516  -75.058    480.1    945.6
     1     1    14     1    26     6     0     0     6.0   -1.627  -75.073    474.8    947.9
     1     1    14     1    26     7     0     0     7.0   -1.742  -75.098    470.9    949.3
     1     1    14     1    26     8     0     0     8.0   -1.856  -75.139    470.5    949.5
     1     1    14     1    26     9     0     0     9.0   -1.969  -75.195    473.9    948.4
     1     1    14     1    26    10     0     0    10.0   -2.079  -75.266    481.6    946.1
     1     1    14     1    26    11     0     0    11.0   -2.184  -75.352    494.0    942.3
     1     1    14     1    26    12     0     0    12.0   -2.280  -75.453    511.7    937.1
     1     1    14     1    26    13     0     0    13.0   -2.368  -75.554    531.9    931.1
     1     1    14     1    26    14     0     0    14.0   -2.449  -75.638    550.5    926.2
     1     1    14     1    26    15     0     0    15.0   -2.525  -75.705    567.3    921.8
     1     1    14     1    26    16     0     0    16.0   -2.598  -75.757    581.9    917.7
     1     1    14     1    26    17     0     0    17.0   -2.669  -75.793    594.4    914.4
     1     1    14     1    26    18     0     0    18.0   -2.739  -75.817    604.5    912.0
     1     1    14     1    26    19     0     0    19.0   -2.809  -75.833    613.6    910.4
     1     1    14     1    26    20     0     0    20.0   -2.882  -75.844    623.8    908.7
     1     1    14     1    26    21     0     0    21.0   -2.955  -75.851    635.1    906.9
     1     1    14     1    26    22     0     0    22.0   -3.030  -75.854    647.5    905.2
     1     1    14     1    26    23     0     0    23.0   -3.106  -75.853    661.2    903.5
     1     1    14     1    27     0     0     0    24.0   -3.184  -75.848    676.3    901.9
     1     1    14     1    27     1     0     0    25.0   -3.262  -75.842    691.3    900.7
     1     1    14     1    27     2     0     0    26.0   -3.340  -75.840    705.0    899.6
     1     1    14     1    27     3     0     0    27.0   -3.418  -75.841    717.1    898.6
     1     1    14     1    27     4     0     0    28.0   -3.498  -75.845    727.6    897.5
     1     1    14     1    27     5     0     0    29.0   -3.578  -75.853    736.4    896.6
     1     1    14     1    27     6     0     0    30.0   -3.659  -75.862    743.6    895.6
     1     1    14     1    27     7     0     0    31.0   -3.741  -75.882    749.7    893.9
     1     1    14     1    27     8     0     0    32.0   -3.820  -75.919    755.6    891.1
     1     1    14     1    27     9     0     0    33.0   -3.899  -75.974    761.1    887.6
     1     1    14     1    27    10     0     0    34.0   -3.975  -76.046    766.0    883.3
     1     1    14     1    27    11     0     0    35.0   -4.050  -76.135    770.3    878.1
     1     1    14     1    27    12     0     0    36.0   -4.122  -76.241    774.0    872.2
     1     1    14     1    27    13     0     0    37.0   -4.199  -76.353    780.6    866.4
     1     1    14     1    27    14     0     0    38.0   -4.284  -76.462    792.0    860.0
     1     1    14     1    27    15     0     0    39.0   -4.381  -76.569    808.7    853.1
     1     1    14     1    27    16     0     0    40.0   -4.489  -76.674    831.0    845.8
     1     1    14     1    27    17     0     0    41.0   -4.610  -76.776    859.1    838.0
     1     1    14     1    27    18     0     0    42.0   -4.745  -76.876    893.1    829.9
     1     1    14     1    27    19     0     0    43.0   -4.884  -76.972    931.0    820.8
     1     1    14     1    27    20     0     0    44.0   -5.013  -77.059    970.1    811.8
     1     1    14     1    27    21     0     0    45.0   -5.134  -77.135   1009.1    800.6
     1     1    14     1    27    22     0     0    46.0   -5.247  -77.200   1048.8    790.2
     1     1    14     1    27    23     0     0    47.0   -5.354  -77.251   1088.3    780.8
     1     1    14     1    28     0     0     0    48.0   -5.455  -77.291   1126.9    772.3
