     1     1
    CDC1    14     1     1     0     0
     1 FORWARD  OMEGA   
    14     1    12    18   -1.000  -75.000   500.0
     1 PRESSURE
     1     1    14     1    12    18     0     0     0.0   -1.000  -75.000    500.0    937.8
     1     1    14     1    12    19     0     0     1.0   -1.044  -74.992    518.1    936.6
     1     1    14     1    12    20     0     0     2.0   -1.086  -75.012    534.1    935.1
     1     1    14     1    12    21     0     0     3.0   -1.125  -75.059    548.2    932.3
     1     1    14     1    12    22     0     0     4.0   -1.160  -75.132    560.6    928.6
     1     1    14     1    12    23     0     0     5.0   -1.192  -75.230    571.4    923.8
     1     1    14     1    13     0     0     0     6.0   -1.222  -75.352    580.4    918.1
     1     1    14     1    13     1     0     0     7.0   -1.241  -75.487    590.4    912.3
     1     1    14     1    13     2     0     0     8.0   -1.244  -75.626    604.3    905.4
     1     1    14     1    13     3     0     0     9.0   -1.231  -75.771    622.4    897.7
     1     1    14     1    13     4     0     0    10.0   -1.202  -75.923    645.1    888.6
     1     1    14     1    13     5     0     0    11.0   -1.156  -76.082    672.6    878.6
     1     1    14     1    13     6     0     0    12.0   -1.094  -76.251    705.0    867.7
     1     1    14     1    13     7     0     0    13.0   -1.032  -76.419    737.7    856.0
     1     1    14     1    13     8     0     0    14.0   -0.983  -76.578    765.8    846.0
     1     1    14     1    13     9     0     0    15.0   -0.947  -76.728    788.6    837.2
     1     1    14     1    13    10     0     0    16.0   -0.921  -76.871    805.8    829.5
     1     1    14     1    13    11     0     0    17.0   -0.903  -77.006    817.0    822.7
     1     1    14     1    13    12     0     0    18.0   -0.891  -77.135    822.0    816.8
     1     1    14     1    13    13     0     0    19.0   -0.884  -77.261    828.0    811.9
     1     1    14     1    13    14     0     0    20.0   -0.882  -77.386    841.6    805.8
     1     1    14     1    13    15     0     0    21.0   -0.885  -77.509    863.3    799.5
     1     1    14     1    13    16     0     0    22.0   -0.896  -77.627    895.2    798.6
     1     1    14     1    13    17     0     0    23.0   -0.914  -77.738    934.9    796.4
     1     1    14     1    13    18     0     0    24.0   -0.940  -77.844    982.0    793.5
     1     1    14     1    13    19     0     0    25.0   -0.967  -77.950   1030.5    789.8
     1     1    14     1    13    20     0     0    26.0   -0.987  -78.059   1074.3    787.1
     1     1    14     1    13    21     0     0    27.0   -0.999  -78.171   1113.2    784.9
     1     1    14     1    13    22     0     0    28.0   -1.003  -78.285   1147.2    783.2
     1     1    14     1    13    23     0     0    29.0   -1.000  -78.401   1176.1    782.0
     1     1    14     1    14     0     0     0    30.0   -0.988  -78.518   1199.8    781.3
     1     1    14     1    14     1     0     0    31.0   -0.973  -78.640   1221.4    781.4
     1     1    14     1    14     2     0     0    32.0   -0.962  -78.767   1243.8    781.4
     1     1    14     1    14     3     0     0    33.0   -0.956  -78.902   1267.0    781.2
     1     1    14     1    14     4     0     0    34.0   -0.953  -79.044   1290.8    781.0
     1     1    14     1    14     5     0     0    35.0   -0.956  -79.194   1315.2    780.9
     1     1    14     1    14     6     0     0    36.0   -0.964  -79.351   1340.2    780.8
     1     1    14     1    14     7     0     0    37.0   -0.970  -79.506   1364.8    780.3
     1     1    14     1    14     8     0     0    38.0   -0.966  -79.645   1389.8    779.7
     1     1    14     1    14     9     0     0    39.0   -0.953  -79.770   1415.2    778.9
     1     1    14     1    14    10     0     0    40.0   -0.931  -79.881   1441.0    777.9
     1     1    14     1    14    11     0     0    41.0   -0.899  -79.979   1467.6    776.8
     1     1    14     1    14    12     0     0    42.0   -0.859  -80.063   1495.8    777.0
     1     1    14     1    14    13     0     0    43.0   -0.821  -80.141   1521.1    777.6
     1     1    14     1    14    14     0     0    44.0   -0.794  -80.217   1538.8    779.1
     1     1    14     1    14    15     0     0    45.0   -0.780  -80.293   1549.2    781.2
     1     1    14     1    14    16     0     0    46.0   -0.777  -80.369   1552.8    783.8
     1     1    14     1    14    17     0     0    47.0   -0.786  -80.444   1549.8    786.8
     1     1    14     1    14    18     0     0    48.0   -0.806  -80.520   1540.5    790.4
