     1     1
    CDC1    14     1     1     0     0
     1 FORWARD  OMEGA   
    14     1    12     0   -1.000  -75.000   500.0
     1 PRESSURE
     1     1    14     1    12     0     0     0     0.0   -1.000  -75.000    500.0    935.5
     1     1    14     1    12     1     0     0     1.0   -1.042  -75.151    522.6    928.3
     1     1    14     1    12     2     0     0     2.0   -1.079  -75.295    549.1    920.7
     1     1    14     1    12     3     0     0     3.0   -1.111  -75.431    579.3    912.8
     1     1    14     1    12     4     0     0     4.0   -1.139  -75.563    613.3    904.8
     1     1    14     1    12     5     0     0     5.0   -1.164  -75.690    650.9    896.1
     1     1    14     1    12     6     0     0     6.0   -1.187  -75.814    691.8    887.1
     1     1    14     1    12     7     0     0     7.0   -1.217  -75.935    732.9    877.8
     1     1    14     1    12     8     0     0     8.0   -1.259  -76.055    771.2    869.5
     1     1    14     1    12     9     0     0     9.0   -1.313  -76.172    806.9    861.7
     1     1    14     1    12    10     0     0    10.0   -1.375  -76.288    840.2    854.4
     1     1    14     1    12    11     0     0    11.0   -1.444  -76.403    871.5    847.4
     1     1    14     1    12    12     0     0    12.0   -1.517  -76.518    901.0    840.6
     1     1    14     1    12    13     0     0    13.0   -1.588  -76.626    931.6    833.8
     1     1    14     1    12    14     0     0    14.0   -1.652  -76.724    965.5    826.6
     1     1    14     1    12    15     0     0    15.0   -1.712  -76.812   1002.6    819.6
     1     1    14     1    12    16     0     0    16.0   -1.767  -76.892   1042.5    812.7
     1     1    14     1    12    17     0     0    17.0   -1.818  -76.965   1084.9    805.8
     1     1    14     1    12    18     0     0    18.0   -1.868  -77.031   1129.5    799.1
     1     1    14     1    12    19     0     0    19.0   -1.917  -77.103   1174.2    792.0
     1     1    14     1    12    20     0     0    20.0   -1.966  -77.189   1216.7    784.8
     1     1    14     1    12    21     0     0    21.0   -2.016  -77.288   1257.5    777.1
     1     1    14     1    12    22     0     0    22.0   -2.066  -77.399   1297.0    768.8
     1     1    14     1    12    23     0     0    23.0   -2.117  -77.520   1336.3    761.1
     1     1    14     1    13     0     0     0    24.0   -2.168  -77.649   1378.0    758.4
     1     1    14     1    13     1     0     0    25.0   -2.214  -77.781   1419.8    755.9
     1     1    14     1    13     2     0     0    26.0   -2.250  -77.912   1462.9    753.1
     1     1    14     1    13     3     0     0    27.0   -2.279  -78.042   1506.8    750.3
     1     1    14     1    13     4     0     0    28.0   -2.301  -78.170   1551.3    747.3
     1     1    14     1    13     5     0     0    29.0   -2.316  -78.297   1596.2    744.3
     1     1    14     1    13     6     0     0    30.0   -2.326  -78.423   1641.4    741.3
     1     1    14     1    13     7     0     0    31.0   -2.337  -78.543   1682.0    737.9
     1     1    14     1    13     8     0     0    32.0   -2.354  -78.654   1711.8    735.8
     1     1    14     1    13     9     0     0    33.0   -2.375  -78.756   1730.9    734.7
     1     1    14     1    13    10     0     0    34.0   -2.401  -78.850   1739.3    734.4
     1     1    14     1    13    11     0     0    35.0   -2.430  -78.935   1737.2    735.0
     1     1    14     1    13    12     0     0    36.0   -2.462  -79.013   1724.6    736.5
     1     1    14     1    13    13     0     0    37.0   -2.497  -79.089   1711.9    738.9
     1     1    14     1    13    14     0     0    38.0   -2.533  -79.167   1708.2    739.7
     1     1    14     1    13    15     0     0    39.0   -2.571  -79.248   1713.1    739.6
     1     1    14     1    13    16     0     0    40.0   -2.612  -79.333   1726.0    739.0
     1     1    14     1    13    17     0     0    41.0   -2.655  -79.422   1746.3    737.6
     1     1    14     1    13    18     0     0    42.0   -2.701  -79.515   1773.7    735.7
     1     1    14     1    13    19     0     0    43.0   -2.747  -79.611   1802.3    732.9
     1     1    14     1    13    20     0     0    44.0   -2.791  -79.707   1827.4    731.0
     1     1    14     1    13    21     0     0    45.0   -2.832  -79.803   1848.9    729.4
     1     1    14     1    13    22     0     0    46.0   -2.870  -79.897   1866.9    728.2
     1     1    14     1    13    23     0     0    47.0   -2.905  -79.991   1881.5    727.2
     1     1    14     1    14     0     0     0    48.0   -2.936  -80.082   1895.2    729.1
