     1     1
    CDC1    14     1     1     0     0
     1 FORWARD  OMEGA   
    14     1    19     6   -1.000  -75.000   500.0
     1 PRESSURE
     1     1    14     1    19     6     0     0     0.0   -1.000  -75.000    500.0    938.3
     1     1    14     1    19     7     0     0     1.0   -1.003  -75.029    508.3    936.0
     1     1    14     1    19     8     0     0     2.0   -1.006  -75.069    515.3    933.5
     1     1    14     1    19     9     0     0     3.0   -1.008  -75.121    521.3    930.6
     1     1    14     1    19    10     0     0     4.0   -1.011  -75.185    526.8    927.2
     1     1    14     1    19    11     0     0     5.0   -1.013  -75.259    532.2    923.5
     1     1    14     1    19    12     0     0     6.0   -1.015  -75.343    537.9    919.3
     1     1    14     1    19    13     0     0     7.0   -1.015  -75.434    547.2    915.0
     1     1    14     1    19    14     0     0     8.0   -1.013  -75.526    562.0    909.7
     1     1    14     1    19    15     0     0     9.0   -1.011  -75.622    582.5    903.9
     1     1    14     1    19    16     0     0    10.0   -1.010  -75.721    608.9    897.4
     1     1    14     1    19    17     0     0    11.0   -1.010  -75.823    641.1    889.9
     1     1    14     1    19    18     0     0    12.0   -1.014  -75.930    679.2    881.6
     1     1    14     1    19    19     0     0    13.0   -1.028  -76.033    721.7    872.7
     1     1    14     1    19    20     0     0    14.0   -1.058  -76.122    767.2    864.7
     1     1    14     1    19    21     0     0    15.0   -1.104  -76.196    815.7    857.3
     1     1    14     1    19    22     0     0    16.0   -1.165  -76.256    867.1    850.5
     1     1    14     1    19    23     0     0    17.0   -1.240  -76.299    921.8    844.3
     1     1    14     1    20     0     0     0    18.0   -1.330  -76.327    980.1    838.1
     1     1    14     1    20     1     0     0    19.0   -1.418  -76.351   1038.6    832.0
     1     1    14     1    20     2     0     0    20.0   -1.488  -76.386   1093.6    826.1
     1     1    14     1    20     3     0     0    21.0   -1.542  -76.431   1144.1    820.1
     1     1    14     1    20     4     0     0    22.0   -1.580  -76.486   1189.6    814.1
     1     1    14     1    20     5     0     0    23.0   -1.602  -76.551   1229.4    808.0
     1     1    14     1    20     6     0     0    24.0   -1.608  -76.625   1263.3    802.0
     1     1    14     1    20     7     0     0    25.0   -1.609  -76.710   1293.8    795.6
     1     1    14     1    20     8     0     0    26.0   -1.615  -76.805   1323.9    788.7
     1     1    14     1    20     9     0     0    27.0   -1.627  -76.909   1354.0    781.5
     1     1    14     1    20    10     0     0    28.0   -1.643  -77.021   1384.2    774.1
     1     1    14     1    20    11     0     0    29.0   -1.661  -77.140   1414.9    766.5
     1     1    14     1    20    12     0     0    30.0   -1.681  -77.264   1446.3    758.6
     1     1    14     1    20    13     0     0    31.0   -1.702  -77.392   1480.4    750.8
     1     1    14     1    20    14     0     0    32.0   -1.725  -77.520   1517.9    743.6
     1     1    14     1    20    15     0     0    33.0   -1.751  -77.650   1561.9    741.2
     1     1    14     1    20    16     0     0    34.0   -1.780  -77.780   1608.0    738.7
     1     1    14     1    20    17     0     0    35.0   -1.812  -77.910   1656.0    736.0
     1     1    14     1    20    18     0     0    36.0   -1.846  -78.040   1705.9    732.8
     1     1    14     1    20    19     0     0    37.0   -1.884  -78.158   1757.0    728.9
     1     1    14     1    20    20     0     0    38.0   -1.927  -78.253   1809.3    724.7
     1     1    14     1    20    21     0     0    39.0   -1.975  -78.325   1863.2    720.2
     1     1    14     1    20    22     0     0    40.0   -2.028  -78.374   1918.8    715.4
     1     1    14     1    20    23     0     0    41.0   -2.088  -78.400   1976.3    710.4
     1     1    14     1    21     0     0     0    42.0   -2.154  -78.404   2035.7    705.1
     1     1    14     1    21     1     0     0    43.0   -2.222  -78.399   2094.4    700.4
     1     1    14     1    21     2     0     0    44.0   -2.283  -78.402   2149.1    696.1
     1     1    14     1    21     3     0     0    45.0   -2.338  -78.413   2198.6    692.2
     1     1    14     1    21     4     0     0    46.0   -2.387  -78.432   2242.3    688.8
     1     1    14     1    21     5     0     0    47.0   -2.431  -78.458   2280.2    686.1
     1     1    14     1    21     6     0     0    48.0   -2.470  -78.491   2312.7    683.8
