     1     1
    CDC1    14     1     1     0     0
     1 FORWARD  OMEGA   
    14     1    24    12   -1.000  -75.000   500.0
     1 PRESSURE
     1     1    14     1    24    12     0     0     0.0   -1.000  -75.000    500.0    937.8
     1     1    14     1    24    13     0     0     1.0   -1.091  -75.041    504.3    937.2
     1     1    14     1    24    14     0     0     2.0   -1.174  -75.079    511.1    936.3
     1     1    14     1    24    15     0     0     3.0   -1.251  -75.114    520.1    935.0
     1     1    14     1    24    16     0     0     4.0   -1.321  -75.145    531.3    933.5
     1     1    14     1    24    17     0     0     5.0   -1.384  -75.173    544.8    931.8
     1     1    14     1    24    18     0     0     6.0   -1.440  -75.198    560.6    929.9
     1     1    14     1    24    19     0     0     7.0   -1.495  -75.223    575.3    927.8
     1     1    14     1    24    20     0     0     8.0   -1.553  -75.249    585.4    926.4
     1     1    14     1    24    21     0     0     9.0   -1.614  -75.277    590.9    925.4
     1     1    14     1    24    22     0     0    10.0   -1.678  -75.306    592.0    924.8
     1     1    14     1    24    23     0     0    11.0   -1.744  -75.336    588.8    924.6
     1     1    14     1    25     0     0     0    12.0   -1.813  -75.367    581.5    924.9
     1     1    14     1    25     1     0     0    13.0   -1.880  -75.394    571.5    926.4
     1     1    14     1    25     2     0     0    14.0   -1.944  -75.415    560.3    928.1
     1     1    14     1    25     3     0     0    15.0   -2.004  -75.429    547.6    930.2
     1     1    14     1    25     4     0     0    16.0   -2.061  -75.436    533.2    932.8
     1     1    14     1    25     5     0     0    17.0   -2.115  -75.437    516.9    935.8
     1     1    14     1    25     6     0     0    18.0   -2.167  -75.430    498.5    939.5
     1     1    14     1    25     7     0     0    19.0   -2.214  -75.415    479.7    942.9
     1     1    14     1    25     8     0     0    20.0   -2.256  -75.391    462.1    946.4
     1     1    14     1    25     9     0     0    21.0   -2.291  -75.358    445.2    950.2
     1     1    14     1    25    10     0     0    22.0   -2.320  -75.316    428.7    954.3
     1     1    14     1    25    11     0     0    23.0   -2.343  -75.267    412.5    958.7
     1     1    14     1    25    12     0     0    24.0   -2.358  -75.209    396.2    963.4
     1     1    14     1    25    13     0     0    25.0   -2.373  -75.156    381.3    968.2
     1     1    14     1    25    14     0     0    26.0   -2.393  -75.119    369.5    971.6
     1     1    14     1    25    15     0     0    27.0   -2.418  -75.099    361.3    973.9
     1     1    14     1    25    16     0     0    28.0   -2.448  -75.094    356.9    975.2
     1     1    14     1    25    17     0     0    29.0   -2.484  -75.106    356.7    975.4
     1     1    14     1    25    18     0     0    30.0   -2.525  -75.132    360.7    974.0
     1     1    14     1    25    19     0     0    31.0   -2.574  -75.160    365.9    971.5
     1     1    14     1    25    20     0     0    32.0   -2.630  -75.181    368.9    970.0
     1     1    14     1    25    21     0     0    33.0   -2.694  -75.195    369.5    969.0
     1     1    14     1    25    22     0     0    34.0   -2.764  -75.201    367.5    968.7
     1     1    14     1    25    23     0     0    35.0   -2.840  -75.201    362.8    969.0
     1     1    14     1    26     0     0     0    36.0   -2.923  -75.196    355.2    969.8
     1     1    14     1    26     1     0     0    37.0   -3.010  -75.188    346.3    971.5
     1     1    14     1    26     2     0     0    38.0   -3.103  -75.182    338.1    972.9
     1     1    14     1    26     3     0     0    39.0   -3.201  -75.176    330.6    974.1
     1     1    14     1    26     4     0     0    40.0   -3.305  -75.171    323.9    975.2
     1     1    14     1    26     5     0     0    41.0   -3.415  -75.166    318.0    976.3
     1     1    14     1    26     6     0     0    42.0   -3.531  -75.161    312.9    977.2
     1     1    14     1    26     7     0     0    43.0   -3.647  -75.163    310.0    977.3
     1     1    14     1    26     8     0     0    44.0   -3.753  -75.180    310.8    976.3
     1     1    14     1    26     9     0     0    45.0   -3.848  -75.211    315.7    974.1
     1     1    14     1    26    10     0     0    46.0   -3.933  -75.256    325.1    970.7
     1     1    14     1    26    11     0     0    47.0   -4.007  -75.314    339.4    966.2
     1     1    14     1    26    12     0     0    48.0   -4.070  -75.388    359.0    960.4
