     1     1
    CDC1    14     1     1     0     0
     1 FORWARD  OMEGA   
    14     1    13     0   -1.000  -75.000   500.0
     1 PRESSURE
     1     1    14     1    13     0     0     0     0.0   -1.000  -75.000    500.0    937.2
     1     1    14     1    13     1     0     0     1.0   -1.015  -75.136    507.6    931.6
     1     1    14     1    13     2     0     0     2.0   -1.014  -75.274    518.9    925.0
     1     1    14     1    13     3     0     0     3.0   -0.997  -75.416    534.2    917.5
     1     1    14     1    13     4     0     0     4.0   -0.962  -75.564    553.8    909.2
     1     1    14     1    13     5     0     0     5.0   -0.910  -75.718    578.1    899.9
     1     1    14     1    13     6     0     0     6.0   -0.839  -75.882    607.4    889.8
     1     1    14     1    13     7     0     0     7.0   -0.768  -76.046    637.4    878.4
     1     1    14     1    13     8     0     0     8.0   -0.714  -76.200    663.5    868.6
     1     1    14     1    13     9     0     0     9.0   -0.675  -76.346    685.0    859.9
     1     1    14     1    13    10     0     0    10.0   -0.648  -76.483    701.6    852.4
     1     1    14     1    13    11     0     0    11.0   -0.632  -76.613    713.1    845.8
     1     1    14     1    13    12     0     0    12.0   -0.626  -76.735    719.3    840.2
     1     1    14     1    13    13     0     0    13.0   -0.625  -76.854    726.7    835.5
     1     1    14     1    13    14     0     0    14.0   -0.626  -76.972    741.8    829.4
     1     1    14     1    13    15     0     0    15.0   -0.632  -77.089    764.4    822.8
     1     1    14     1    13    16     0     0    16.0   -0.645  -77.205    794.8    815.6
     1     1    14     1    13    17     0     0    17.0   -0.665  -77.319    832.9    807.9
     1     1    14     1    13    18     0     0    18.0   -0.693  -77.433    879.1    799.7
     1     1    14     1    13    19     0     0    19.0   -0.722  -77.549    928.0    792.7
     1     1    14     1    13    20     0     0    20.0   -0.743  -77.671    973.5    790.1
     1     1    14     1    13    21     0     0    21.0   -0.756  -77.795   1014.1    788.1
     1     1    14     1    13    22     0     0    22.0   -0.760  -77.921   1049.6    786.5
     1     1    14     1    13    23     0     0    23.0   -0.754  -78.048   1079.9    785.5
     1     1    14     1    14     0     0     0    24.0   -0.740  -78.177   1104.9    785.0
     1     1    14     1    14     1     0     0    25.0   -0.721  -78.309   1127.7    785.2
     1     1    14     1    14     2     0     0    26.0   -0.706  -78.446   1151.8    785.2
     1     1    14     1    14     3     0     0    27.0   -0.695  -78.588   1177.2    785.2
     1     1    14     1    14     4     0     0    28.0   -0.688  -78.735   1203.6    785.3
     1     1    14     1    14     5     0     0    29.0   -0.685  -78.889   1231.1    785.3
     1     1    14     1    14     6     0     0    30.0   -0.687  -79.049   1259.5    785.3
     1     1    14     1    14     7     0     0    31.0   -0.686  -79.204   1288.0    784.8
     1     1    14     1    14     8     0     0    32.0   -0.677  -79.342   1317.1    784.0
     1     1    14     1    14     9     0     0    33.0   -0.659  -79.464   1346.6    782.9
     1     1    14     1    14    10     0     0    34.0   -0.632  -79.570   1376.9    781.6
     1     1    14     1    14    11     0     0    35.0   -0.596  -79.661   1408.3    780.1
     1     1    14     1    14    12     0     0    36.0   -0.553  -79.738   1441.0    778.4
     1     1    14     1    14    13     0     0    37.0   -0.513  -79.809   1470.9    776.7
     1     1    14     1    14    14     0     0    38.0   -0.486  -79.881   1493.0    776.1
     1     1    14     1    14    15     0     0    39.0   -0.473  -79.955   1507.3    776.2
     1     1    14     1    14    16     0     0    40.0   -0.474  -80.030   1514.0    777.5
     1     1    14     1    14    17     0     0    41.0   -0.487  -80.105   1513.3    780.2
     1     1    14     1    14    18     0     0    42.0   -0.513  -80.180   1505.3    783.6
     1     1    14     1    14    19     0     0    43.0   -0.547  -80.253   1500.9    787.1
     1     1    14     1    14    20     0     0    44.0   -0.585  -80.323   1509.5    788.3
     1     1    14     1    14    21     0     0    45.0   -0.628  -80.390   1531.1    788.2
     1     1    14     1    14    22     0     0    46.0   -0.677  -80.456   1565.9    786.7
     1     1    14     1    14    23     0     0    47.0   -0.733  -80.520   1613.9    784.1
     1     1    14     1    15     0     0     0    48.0   -0.794  -80.583   1675.4    780.2
