     1     1
    CDC1    14     1     1     0     0
     1 FORWARD  OMEGA   
    14     1    22     6   -1.000  -75.000   500.0
     1 PRESSURE
     1     1    14     1    22     6     0     0     0.0   -1.000  -75.000    500.0    937.0
     1     1    14     1    22     7     0     0     1.0   -1.083  -75.022    494.3    938.3
     1     1    14     1    22     8     0     0     2.0   -1.164  -75.049    490.2    939.0
     1     1    14     1    22     9     0     0     3.0   -1.244  -75.081    487.5    939.3
     1     1    14     1    22    10     0     0     4.0   -1.321  -75.117    486.2    939.1
     1     1    14     1    22    11     0     0     5.0   -1.396  -75.158    486.1    938.6
     1     1    14     1    22    12     0     0     6.0   -1.467  -75.203    487.0    937.7
     1     1    14     1    22    13     0     0     7.0   -1.535  -75.253    490.3    936.6
     1     1    14     1    22    14     0     0     8.0   -1.600  -75.308    496.5    934.7
     1     1    14     1    22    15     0     0     9.0   -1.662  -75.369    506.0    932.1
     1     1    14     1    22    16     0     0    10.0   -1.722  -75.438    519.1    928.7
     1     1    14     1    22    17     0     0    11.0   -1.780  -75.514    536.0    924.5
     1     1    14     1    22    18     0     0    12.0   -1.836  -75.600    556.9    919.5
     1     1    14     1    22    19     0     0    13.0   -1.892  -75.686    580.4    913.7
     1     1    14     1    22    20     0     0    14.0   -1.952  -75.766    604.5    908.4
     1     1    14     1    22    21     0     0    15.0   -2.016  -75.838    629.7    903.2
     1     1    14     1    22    22     0     0    16.0   -2.084  -75.906    656.2    897.9
     1     1    14     1    22    23     0     0    17.0   -2.158  -75.968    684.5    892.7
     1     1    14     1    23     0     0     0    18.0   -2.237  -76.026    715.0    887.5
     1     1    14     1    23     1     0     0    19.0   -2.314  -76.079    745.5    882.9
     1     1    14     1    23     2     0     0    20.0   -2.378  -76.122    774.4    879.0
     1     1    14     1    23     3     0     0    21.0   -2.429  -76.155    801.1    875.6
     1     1    14     1    23     4     0     0    22.0   -2.468  -76.179    825.5    872.8
     1     1    14     1    23     5     0     0    23.0   -2.495  -76.193    847.2    870.5
     1     1    14     1    23     6     0     0    24.0   -2.508  -76.197    866.2    868.8
     1     1    14     1    23     7     0     0    25.0   -2.517  -76.199    884.5    867.3
     1     1    14     1    23     8     0     0    26.0   -2.527  -76.206    904.7    865.1
     1     1    14     1    23     9     0     0    27.0   -2.540  -76.218    927.0    862.4
     1     1    14     1    23    10     0     0    28.0   -2.555  -76.236    951.3    859.1
     1     1    14     1    23    11     0     0    29.0   -2.572  -76.259    977.7    855.3
     1     1    14     1    23    12     0     0    30.0   -2.592  -76.287   1006.3    851.1
     1     1    14     1    23    13     0     0    31.0   -2.618  -76.325   1037.1    845.9
     1     1    14     1    23    14     0     0    32.0   -2.652  -76.373   1069.9    840.1
     1     1    14     1    23    15     0     0    33.0   -2.697  -76.434   1105.0    833.5
     1     1    14     1    23    16     0     0    34.0   -2.751  -76.508   1142.8    826.2
     1     1    14     1    23    17     0     0    35.0   -2.814  -76.596   1183.5    818.0
     1     1    14     1    23    18     0     0    36.0   -2.886  -76.700   1227.0    808.9
     1     1    14     1    23    19     0     0    37.0   -2.967  -76.811   1271.6    799.5
     1     1    14     1    23    20     0     0    38.0   -3.056  -76.919   1314.5    790.2
     1     1    14     1    23    21     0     0    39.0   -3.153  -77.024   1355.4    781.3
     1     1    14     1    23    22     0     0    40.0   -3.257  -77.127   1393.9    772.8
     1     1    14     1    23    23     0     0    41.0   -3.368  -77.227   1429.5    764.8
     1     1    14     1    24     0     0     0    42.0   -3.485  -77.324   1461.9    757.2
     1     1    14     1    24     1     0     0    43.0   -3.601  -77.418   1490.5    750.3
     1     1    14     1    24     2     0     0    44.0   -3.707  -77.511   1515.1    744.4
     1     1    14     1    24     3     0     0    45.0   -3.803  -77.600   1538.7    742.9
     1     1    14     1    24     4     0     0    46.0   -3.889  -77.685   1558.9    741.7
     1     1    14     1    24     5     0     0    47.0   -3.964  -77.765   1576.0    740.8
     1     1    14     1    24     6     0     0    48.0   -4.030  -77.839   1590.4    740.1
