     1     1
    CDC1    14     1     1     0     0
     1 FORWARD  OMEGA   
    14     1    19    18   -1.000  -75.000   500.0
     1 PRESSURE
     1     1    14     1    19    18     0     0     0.0   -1.000  -75.000    500.0    937.7
     1     1    14     1    19    19     0     0     1.0   -0.983  -75.097    522.2    931.1
     1     1    14     1    19    20     0     0     2.0   -0.982  -75.180    546.2    924.9
     1     1    14     1    19    21     0     0     3.0   -0.997  -75.249    571.9    919.5
     1     1    14     1    19    22     0     0     4.0   -1.026  -75.304    599.0    914.9
     1     1    14     1    19    23     0     0     5.0   -1.070  -75.344    627.6    911.1
     1     1    14     1    20     0     0     0     6.0   -1.129  -75.368    657.5    907.6
     1     1    14     1    20     1     0     0     7.0   -1.184  -75.389    687.3    904.5
     1     1    14     1    20     2     0     0     8.0   -1.219  -75.421    715.7    900.9
     1     1    14     1    20     3     0     0     9.0   -1.233  -75.464    742.6    896.7
     1     1    14     1    20     4     0     0    10.0   -1.226  -75.520    767.8    891.8
     1     1    14     1    20     5     0     0    11.0   -1.199  -75.587    791.2    886.4
     1     1    14     1    20     6     0     0    12.0   -1.150  -75.667    813.1    880.3
     1     1    14     1    20     7     0     0    13.0   -1.096  -75.758    834.1    873.6
     1     1    14     1    20     8     0     0    14.0   -1.053  -75.859    854.7    866.7
     1     1    14     1    20     9     0     0    15.0   -1.021  -75.970    874.9    859.7
     1     1    14     1    20    10     0     0    16.0   -1.000  -76.091    895.0    852.6
     1     1    14     1    20    11     0     0    17.0   -0.987  -76.221    915.1    845.1
     1     1    14     1    20    12     0     0    18.0   -0.983  -76.360    935.5    837.2
     1     1    14     1    20    13     0     0    19.0   -0.985  -76.504    958.1    829.5
     1     1    14     1    20    14     0     0    20.0   -0.990  -76.648    983.2    821.4
     1     1    14     1    20    15     0     0    21.0   -0.998  -76.791   1010.8    813.1
     1     1    14     1    20    16     0     0    22.0   -1.009  -76.935   1040.9    804.8
     1     1    14     1    20    17     0     0    23.0   -1.021  -77.078   1073.3    796.3
     1     1    14     1    20    18     0     0    24.0   -1.035  -77.220   1107.9    787.7
     1     1    14     1    20    19     0     0    25.0   -1.051  -77.353   1144.3    778.8
     1     1    14     1    20    20     0     0    26.0   -1.071  -77.468   1182.6    770.6
     1     1    14     1    20    21     0     0    27.0   -1.095  -77.563   1223.9    766.3
     1     1    14     1    20    22     0     0    28.0   -1.124  -77.638   1266.4    763.1
     1     1    14     1    20    23     0     0    29.0   -1.159  -77.694   1309.4    759.5
     1     1    14     1    21     0     0     0    30.0   -1.200  -77.730   1352.9    755.7
     1     1    14     1    21     1     0     0    31.0   -1.240  -77.757   1396.4    752.5
     1     1    14     1    21     2     0     0    32.0   -1.272  -77.784   1438.9    749.5
     1     1    14     1    21     3     0     0    33.0   -1.295  -77.812   1480.5    746.6
     1     1    14     1    21     4     0     0    34.0   -1.310  -77.842   1521.1    743.8
     1     1    14     1    21     5     0     0    35.0   -1.317  -77.875   1560.8    741.2
     1     1    14     1    21     6     0     0    36.0   -1.316  -77.911   1599.6    738.7
     1     1    14     1    21     7     0     0    37.0   -1.315  -77.955   1634.8    735.9
     1     1    14     1    21     8     0     0    38.0   -1.321  -78.006   1664.6    733.8
     1     1    14     1    21     9     0     0    39.0   -1.335  -78.065   1688.2    732.3
     1     1    14     1    21    10     0     0    40.0   -1.355  -78.130   1705.7    731.4
     1     1    14     1    21    11     0     0    41.0   -1.379  -78.201   1716.9    731.1
     1     1    14     1    21    12     0     0    42.0   -1.408  -78.277   1721.7    731.4
     1     1    14     1    21    13     0     0    43.0   -1.437  -78.353   1724.3    732.4
     1     1    14     1    21    14     0     0    44.0   -1.461  -78.428   1727.7    732.8
     1     1    14     1    21    15     0     0    45.0   -1.481  -78.500   1732.0    733.1
     1     1    14     1    21    16     0     0    46.0   -1.496  -78.571   1737.0    733.4
     1     1    14     1    21    17     0     0    47.0   -1.507  -78.641   1742.3    733.6
     1     1    14     1    21    18     0     0    48.0   -1.514  -78.709   1747.6    733.7
