     1     1
    CDC1    14     1     1     0     0
     1 FORWARD  OMEGA   
    14     1    28    18   -1.000  -75.000   500.0
     1 PRESSURE
     1     1    14     1    28    18     0     0     0.0   -1.000  -75.000    500.0    936.8
     1     1    14     1    28    19     0     0     1.0   -1.033  -75.104    537.8    928.8
     1     1    14     1    28    20     0     0     2.0   -1.072  -75.206    571.6    921.6
     1     1    14     1    28    21     0     0     3.0   -1.117  -75.305    601.7    915.1
     1     1    14     1    28    22     0     0     4.0   -1.169  -75.399    628.0    909.2
     1     1    14     1    28    23     0     0     5.0   -1.227  -75.486    651.0    903.7
     1     1    14     1    29     0     0     0     6.0   -1.292  -75.565    670.7    899.0
     1     1    14     1    29     1     0     0     7.0   -1.362  -75.632    689.4    895.8
     1     1    14     1    29     2     0     0     8.0   -1.435  -75.685    708.5    892.9
     1     1    14     1    29     3     0     0     9.0   -1.513  -75.724    727.6    890.7
     1     1    14     1    29     4     0     0    10.0   -1.594  -75.752    746.3    889.1
     1     1    14     1    29     5     0     0    11.0   -1.680  -75.768    764.2    888.1
     1     1    14     1    29     6     0     0    12.0   -1.769  -75.773    780.7    887.8
     1     1    14     1    29     7     0     0    13.0   -1.860  -75.782    795.7    886.8
     1     1    14     1    29     8     0     0    14.0   -1.949  -75.808    810.4    885.1
     1     1    14     1    29     9     0     0    15.0   -2.037  -75.851    824.6    882.6
     1     1    14     1    29    10     0     0    16.0   -2.123  -75.912    838.2    879.3
     1     1    14     1    29    11     0     0    17.0   -2.208  -75.990    851.3    875.1
     1     1    14     1    29    12     0     0    18.0   -2.291  -76.086    863.9    870.1
     1     1    14     1    29    13     0     0    19.0   -2.371  -76.191    879.4    865.0
     1     1    14     1    29    14     0     0    20.0   -2.450  -76.296    899.8    859.1
     1     1    14     1    29    15     0     0    21.0   -2.526  -76.401    926.0    852.1
     1     1    14     1    29    16     0     0    22.0   -2.603  -76.505    958.6    843.7
     1     1    14     1    29    17     0     0    23.0   -2.681  -76.607    998.4    834.8
     1     1    14     1    29    18     0     0    24.0   -2.761  -76.707   1045.9    825.2
     1     1    14     1    29    19     0     0    25.0   -2.842  -76.800   1096.9    815.3
     1     1    14     1    29    20     0     0    26.0   -2.926  -76.879   1147.2    806.6
     1     1    14     1    29    21     0     0    27.0   -3.011  -76.947   1197.0    798.7
     1     1    14     1    29    22     0     0    28.0   -3.097  -77.002   1246.3    791.5
     1     1    14     1    29    23     0     0    29.0   -3.184  -77.047   1295.3    784.5
     1     1    14     1    30     0     0     0    30.0   -3.272  -77.082   1344.4    778.0
     1     1    14     1    30     1     0     0    31.0   -3.365  -77.113   1390.6    772.1
     1     1    14     1    30     2     0     0    32.0   -3.465  -77.144   1431.4    767.0
     1     1    14     1    30     3     0     0    33.0   -3.572  -77.177   1466.1    762.4
     1     1    14     1    30     4     0     0    34.0   -3.685  -77.210   1494.5    758.3
     1     1    14     1    30     5     0     0    35.0   -3.805  -77.244   1516.2    754.8
     1     1    14     1    30     6     0     0    36.0   -3.931  -77.279   1531.4    751.8
     1     1    14     1    30     7     0     0    37.0   -4.059  -77.318   1544.1    748.9
     1     1    14     1    30     8     0     0    38.0   -4.185  -77.366   1558.7    745.0
     1     1    14     1    30     9     0     0    39.0   -4.311  -77.423   1574.2    740.7
     1     1    14     1    30    10     0     0    40.0   -4.435  -77.486   1589.9    736.1
     1     1    14     1    30    11     0     0    41.0   -4.558  -77.555   1607.2    734.1
     1     1    14     1    30    12     0     0    42.0   -4.679  -77.631   1623.9    733.0
     1     1    14     1    30    13     0     0    43.0   -4.807  -77.711   1641.3    732.0
     1     1    14     1    30    14     0     0    44.0   -4.949  -77.796   1663.1    730.3
     1     1    14     1    30    15     0     0    45.0   -5.107  -77.883   1688.1    726.3
     1     1    14     1    30    16     0     0    46.0   -5.280  -77.972   1718.1    721.0
     1     1    14     1    30    17     0     0    47.0   -5.469  -78.059   1754.4    715.2
     1     1    14     1    30    18     0     0    48.0   -5.673  -78.144   1797.0    709.1
