     1     1
    CDC1    14     1     1     0     0
     1 FORWARD  OMEGA   
    14     1    11     0   -1.000  -75.000   500.0
     1 PRESSURE
     1     1    14     1    11     0     0     0     0.0   -1.000  -75.000    500.0    935.1
     1     1    14     1    11     1     0     0     1.0   -1.011  -75.114    508.9    930.4
     1     1    14     1    11     2     0     0     2.0   -1.019  -75.223    523.2    925.0
     1     1    14     1    11     3     0     0     3.0   -1.024  -75.329    542.8    919.1
     1     1    14     1    11     4     0     0     4.0   -1.026  -75.432    567.8    912.7
     1     1    14     1    11     5     0     0     5.0   -1.025  -75.536    598.2    905.8
     1     1    14     1    11     6     0     0     6.0   -1.022  -75.641    633.9    898.3
     1     1    14     1    11     7     0     0     7.0   -1.026  -75.745    670.7    889.5
     1     1    14     1    11     8     0     0     8.0   -1.043  -75.849    704.7    881.8
     1     1    14     1    11     9     0     0     9.0   -1.071  -75.951    735.8    874.8
     1     1    14     1    11    10     0     0    10.0   -1.110  -76.051    764.0    868.4
     1     1    14     1    11    11     0     0    11.0   -1.158  -76.151    789.2    862.4
     1     1    14     1    11    12     0     0    12.0   -1.212  -76.249    811.4    856.8
     1     1    14     1    11    13     0     0    13.0   -1.272  -76.351    835.8    851.3
     1     1    14     1    11    14     0     0    14.0   -1.337  -76.465    867.1    844.3
     1     1    14     1    11    15     0     0    15.0   -1.408  -76.589    905.5    836.3
     1     1    14     1    11    16     0     0    16.0   -1.485  -76.721    951.0    826.8
     1     1    14     1    11    17     0     0    17.0   -1.569  -76.860   1003.6    816.4
     1     1    14     1    11    18     0     0    18.0   -1.660  -77.005   1063.2    805.2
     1     1    14     1    11    19     0     0    19.0   -1.753  -77.148   1125.0    793.4
     1     1    14     1    11    20     0     0    20.0   -1.844  -77.281   1184.5    782.8
     1     1    14     1    11    21     0     0    21.0   -1.932  -77.404   1241.6    772.9
     1     1    14     1    11    22     0     0    22.0   -2.018  -77.517   1296.9    763.9
     1     1    14     1    11    23     0     0    23.0   -2.101  -77.621   1352.1    759.7
     1     1    14     1    12     0     0     0    24.0   -2.182  -77.715   1404.4    755.8
     1     1    14     1    12     1     0     0    25.0   -2.264  -77.801   1454.1    752.4
     1     1    14     1    12     2     0     0    26.0   -2.349  -77.881   1502.0    749.1
     1     1    14     1    12     3     0     0    27.0   -2.439  -77.956   1547.4    745.9
     1     1    14     1    12     4     0     0    28.0   -2.535  -78.025   1589.9    742.9
     1     1    14     1    12     5     0     0    29.0   -2.636  -78.090   1629.1    739.9
     1     1    14     1    12     6     0     0    30.0   -2.743  -78.149   1664.9    737.1
     1     1    14     1    12     7     0     0    31.0   -2.851  -78.206   1697.7    734.3
     1     1    14     1    12     8     0     0    32.0   -2.954  -78.262   1729.2    731.7
     1     1    14     1    12     9     0     0    33.0   -3.052  -78.318   1759.1    729.2
     1     1    14     1    12    10     0     0    34.0   -3.143  -78.373   1787.2    726.8
     1     1    14     1    12    11     0     0    35.0   -3.226  -78.428   1813.4    724.7
     1     1    14     1    12    12     0     0    36.0   -3.302  -78.483   1837.5    722.8
     1     1    14     1    12    13     0     0    37.0   -3.374  -78.541   1860.4    721.2
     1     1    14     1    12    14     0     0    38.0   -3.445  -78.604   1883.0    719.7
     1     1    14     1    12    15     0     0    39.0   -3.517  -78.674   1905.5    718.2
     1     1    14     1    12    16     0     0    40.0   -3.589  -78.751   1927.8    716.8
     1     1    14     1    12    17     0     0    41.0   -3.660  -78.836   1950.3    715.6
     1     1    14     1    12    18     0     0    42.0   -3.731  -78.929   1973.0    714.4
     1     1    14     1    12    19     0     0    43.0   -3.802  -79.027   1998.9    712.9
     1     1    14     1    12    20     0     0    44.0   -3.872  -79.125   2030.5    710.8
     1     1    14     1    12    21     0     0    45.0   -3.943  -79.223   2068.8    708.1
     1     1    14     1    12    22     0     0    46.0   -4.014  -79.319   2114.8    704.9
     1     1    14     1    12    23     0     0    47.0   -4.085  -79.415   2168.6    700.7
     1     1    14     1    13     0     0     0    48.0   -4.154  -79.511   2230.3    695.9
