     1     1
    CDC1    14     1     1     0     0
     1 FORWARD  OMEGA   
    14     1    25     0   -1.000  -75.000   500.0
     1 PRESSURE
     1     1    14     1    25     0     0     0     0.0   -1.000  -75.000    500.0    934.7
     1     1    14     1    25     1     0     0     1.0   -1.070  -75.038    484.0    936.6
     1     1    14     1    25     2     0     0     2.0   -1.133  -75.070    468.1    938.7
     1     1    14     1    25     3     0     0     3.0   -1.189  -75.096    452.1    940.9
     1     1    14     1    25     4     0     0     4.0   -1.237  -75.115    435.9    943.4
     1     1    14     1    25     5     0     0     5.0   -1.280  -75.128    419.3    946.0
     1     1    14     1    25     6     0     0     6.0   -1.318  -75.134    402.1    949.0
     1     1    14     1    25     7     0     0     7.0   -1.351  -75.131    385.0    951.6
     1     1    14     1    25     8     0     0     8.0   -1.381  -75.116    369.0    954.0
     1     1    14     1    25     9     0     0     9.0   -1.409  -75.091    353.7    956.7
     1     1    14     1    25    10     0     0    10.0   -1.436  -75.056    338.8    959.9
     1     1    14     1    25    11     0     0    11.0   -1.459  -75.012    324.1    963.5
     1     1    14     1    25    12     0     0    12.0   -1.481  -74.958    309.2    965.6
     1     1    14     1    25    13     0     0    13.0   -1.505  -74.909    296.7    967.4
     1     1    14     1    25    14     0     0    14.0   -1.533  -74.877    287.8    968.9
     1     1    14     1    25    15     0     0    15.0   -1.567  -74.863    282.5    970.0
     1     1    14     1    25    16     0     0    16.0   -1.604  -74.865    281.0    970.9
     1     1    14     1    25    17     0     0    17.0   -1.646  -74.883    283.1    971.6
     1     1    14     1    25    18     0     0    18.0   -1.693  -74.917    289.0    972.0
     1     1    14     1    25    19     0     0    19.0   -1.744  -74.956    295.7    971.9
     1     1    14     1    25    20     0     0    20.0   -1.799  -74.991    299.7    972.5
     1     1    14     1    25    21     0     0    21.0   -1.859  -75.021    301.0    972.5
     1     1    14     1    25    22     0     0    22.0   -1.925  -75.045    299.8    972.5
     1     1    14     1    25    23     0     0    23.0   -1.995  -75.064    296.0    973.2
     1     1    14     1    26     0     0     0    24.0   -2.071  -75.079    289.7    974.5
     1     1    14     1    26     1     0     0    25.0   -2.150  -75.092    282.4    976.7
     1     1    14     1    26     2     0     0    26.0   -2.233  -75.108    275.9    978.5
     1     1    14     1    26     3     0     0    27.0   -2.319  -75.125    270.5    980.3
     1     1    14     1    26     4     0     0    28.0   -2.409  -75.144    266.3    981.8
     1     1    14     1    26     5     0     0    29.0   -2.503  -75.164    263.4    983.2
     1     1    14     1    26     6     0     0    30.0   -2.601  -75.184    261.6    982.6
     1     1    14     1    26     7     0     0    31.0   -2.699  -75.210    261.7    981.1
     1     1    14     1    26     8     0     0    32.0   -2.792  -75.247    265.0    978.6
     1     1    14     1    26     9     0     0    33.0   -2.877  -75.296    271.7    975.2
     1     1    14     1    26    10     0     0    34.0   -2.955  -75.356    281.9    970.8
     1     1    14     1    26    11     0     0    35.0   -3.025  -75.429    296.2    965.4
     1     1    14     1    26    12     0     0    36.0   -3.086  -75.515    315.0    958.9
     1     1    14     1    26    13     0     0    37.0   -3.141  -75.600    335.1    952.0
     1     1    14     1    26    14     0     0    38.0   -3.192  -75.669    352.3    946.6
     1     1    14     1    26    15     0     0    39.0   -3.241  -75.725    366.9    942.1
     1     1    14     1    26    16     0     0    40.0   -3.289  -75.768    378.5    938.6
     1     1    14     1    26    17     0     0    41.0   -3.336  -75.800    387.0    935.7
     1     1    14     1    26    18     0     0    42.0   -3.382  -75.822    392.2    933.8
     1     1    14     1    26    19     0     0    43.0   -3.429  -75.836    396.2    932.7
     1     1    14     1    26    20     0     0    44.0   -3.478  -75.844    402.1    931.5
     1     1    14     1    26    21     0     0    45.0   -3.529  -75.847    409.6    930.3
     1     1    14     1    26    22     0     0    46.0   -3.582  -75.844    419.0    929.3
     1     1    14     1    26    23     0     0    47.0   -3.637  -75.835    430.1    928.3
     1     1    14     1    27     0     0     0    48.0   -3.694  -75.820    443.2    927.4
