     1     1
    CDC1    14     1     1     0     0
     1 FORWARD  OMEGA   
    14     1    23     0   -1.000  -75.000   500.0
     1 PRESSURE
     1     1    14     1    23     0     0     0     0.0   -1.000  -75.000    500.0    935.3
     1     1    14     1    23     1     0     0     1.0   -1.065  -75.038    508.0    934.3
     1     1    14     1    23     2     0     0     2.0   -1.114  -75.071    514.0    933.5
     1     1    14     1    23     3     0     0     3.0   -1.147  -75.099    517.9    932.9
     1     1    14     1    23     4     0     0     4.0   -1.165  -75.121    519.3    932.4
     1     1    14     1    23     5     0     0     5.0   -1.166  -75.137    518.2    932.2
     1     1    14     1    23     6     0     0     6.0   -1.151  -75.147    514.5    932.2
     1     1    14     1    23     7     0     0     7.0   -1.129  -75.156    510.7    932.2
     1     1    14     1    23     8     0     0     8.0   -1.109  -75.168    509.8    931.5
     1     1    14     1    23     9     0     0     9.0   -1.090  -75.184    511.8    930.4
     1     1    14     1    23    10     0     0    10.0   -1.074  -75.204    516.8    928.8
     1     1    14     1    23    11     0     0    11.0   -1.060  -75.229    524.9    926.8
     1     1    14     1    23    12     0     0    12.0   -1.047  -75.259    536.0    924.3
     1     1    14     1    23    13     0     0    13.0   -1.042  -75.294    549.7    920.8
     1     1    14     1    23    14     0     0    14.0   -1.049  -75.331    565.6    917.4
     1     1    14     1    23    15     0     0    15.0   -1.068  -75.372    583.9    913.8
     1     1    14     1    23    16     0     0    16.0   -1.099  -75.417    604.7    910.0
     1     1    14     1    23    17     0     0    17.0   -1.143  -75.465    628.2    906.0
     1     1    14     1    23    18     0     0    18.0   -1.198  -75.518    654.7    901.3
     1     1    14     1    23    19     0     0    19.0   -1.260  -75.572    681.5    896.9
     1     1    14     1    23    20     0     0    20.0   -1.325  -75.624    705.7    893.3
     1     1    14     1    23    21     0     0    21.0   -1.392  -75.672    727.2    890.1
     1     1    14     1    23    22     0     0    22.0   -1.463  -75.717    745.9    887.5
     1     1    14     1    23    23     0     0    23.0   -1.537  -75.757    761.6    885.4
     1     1    14     1    24     0     0     0    24.0   -1.615  -75.791    774.3    884.0
     1     1    14     1    24     1     0     0    25.0   -1.691  -75.824    784.4    883.0
     1     1    14     1    24     2     0     0    26.0   -1.757  -75.856    792.3    882.0
     1     1    14     1    24     3     0     0    27.0   -1.816  -75.889    797.8    881.0
     1     1    14     1    24     4     0     0    28.0   -1.865  -75.921    800.9    880.2
     1     1    14     1    24     5     0     0    29.0   -1.905  -75.953    801.5    879.6
     1     1    14     1    24     6     0     0    30.0   -1.937  -75.984    799.6    879.1
     1     1    14     1    24     7     0     0    31.0   -1.969  -76.017    798.0    878.4
     1     1    14     1    24     8     0     0    32.0   -2.013  -76.055    800.1    877.0
     1     1    14     1    24     9     0     0    33.0   -2.067  -76.098    805.7    875.1
     1     1    14     1    24    10     0     0    34.0   -2.133  -76.148    815.0    872.7
     1     1    14     1    24    11     0     0    35.0   -2.209  -76.204    828.1    869.7
     1     1    14     1    24    12     0     0    36.0   -2.297  -76.268    845.4    866.0
     1     1    14     1    24    13     0     0    37.0   -2.387  -76.334    866.0    861.6
     1     1    14     1    24    14     0     0    38.0   -2.472  -76.394    888.2    857.4
     1     1    14     1    24    15     0     0    39.0   -2.553  -76.448    911.2    852.7
     1     1    14     1    24    16     0     0    40.0   -2.631  -76.497    934.7    847.6
     1     1    14     1    24    17     0     0    41.0   -2.706  -76.541    958.3    842.7
     1     1    14     1    24    18     0     0    42.0   -2.780  -76.579    981.6    838.1
     1     1    14     1    24    19     0     0    43.0   -2.855  -76.614   1003.3    833.8
     1     1    14     1    24    20     0     0    44.0   -2.932  -76.647   1021.8    830.0
     1     1    14     1    24    21     0     0    45.0   -3.011  -76.678   1037.3    826.6
     1     1    14     1    24    22     0     0    46.0   -3.091  -76.707   1050.0    823.6
     1     1    14     1    24    23     0     0    47.0   -3.169  -76.732   1060.2    821.0
     1     1    14     1    25     0     0     0    48.0   -3.247  -76.754   1068.0    818.8
