     1     1
    CDC1    14     1     1     0     0
     1 FORWARD  OMEGA   
    14     1    15    18   -1.000  -75.000   500.0
     1 PRESSURE
     1     1    14     1    15    18     0     0     0.0   -1.000  -75.000    500.0    937.5
     1     1    14     1    15    19     0     0     1.0   -1.136  -75.100    541.1    931.2
     1     1    14     1    15    20     0     0     2.0   -1.272  -75.189    579.3    925.6
     1     1    14     1    15    21     0     0     3.0   -1.407  -75.266    614.2    920.9
     1     1    14     1    15    22     0     0     4.0   -1.541  -75.328    645.6    916.8
     1     1    14     1    15    23     0     0     5.0   -1.675  -75.374    673.3    913.6
     1     1    14     1    16     0     0     0     6.0   -1.807  -75.401    697.1    911.7
     1     1    14     1    16     1     0     0     7.0   -1.936  -75.421    719.8    911.0
     1     1    14     1    16     2     0     0     8.0   -2.062  -75.446    744.8    909.4
     1     1    14     1    16     3     0     0     9.0   -2.186  -75.479    771.8    907.2
     1     1    14     1    16     4     0     0    10.0   -2.307  -75.519    800.4    904.4
     1     1    14     1    16     5     0     0    11.0   -2.427  -75.568    830.5    901.1
     1     1    14     1    16     6     0     0    12.0   -2.544  -75.626    861.3    896.5
     1     1    14     1    16     7     0     0    13.0   -2.665  -75.693    891.4    890.1
     1     1    14     1    16     8     0     0    14.0   -2.795  -75.767    920.2    883.7
     1     1    14     1    16     9     0     0    15.0   -2.932  -75.850    948.3    876.7
     1     1    14     1    16    10     0     0    16.0   -3.077  -75.943    976.3    869.1
     1     1    14     1    16    11     0     0    17.0   -3.229  -76.047   1004.5    861.0
     1     1    14     1    16    12     0     0    18.0   -3.385  -76.162   1033.1    852.3
     1     1    14     1    16    13     0     0    19.0   -3.545  -76.290   1063.1    843.0
     1     1    14     1    16    14     0     0    20.0   -3.703  -76.431   1094.6    832.8
     1     1    14     1    16    15     0     0    21.0   -3.861  -76.586   1127.4    821.9
     1     1    14     1    16    16     0     0    22.0   -4.019  -76.756   1161.0    810.3
     1     1    14     1    16    17     0     0    23.0   -4.178  -76.939   1195.4    798.1
     1     1    14     1    16    18     0     0    24.0   -4.339  -77.136   1230.4    785.2
     1     1    14     1    16    19     0     0    25.0   -4.489  -77.341   1266.2    771.6
     1     1    14     1    16    20     0     0    26.0   -4.616  -77.549   1304.3    760.4
     1     1    14     1    16    21     0     0    27.0   -4.721  -77.758   1348.6    757.6
     1     1    14     1    16    22     0     0    28.0   -4.801  -77.965   1394.5    754.7
     1     1    14     1    16    23     0     0    29.0   -4.860  -78.170   1442.9    751.7
     1     1    14     1    17     0     0     0    30.0   -4.899  -78.372   1494.5    748.5
     1     1    14     1    17     1     0     0    31.0   -4.931  -78.571   1547.8    745.5
     1     1    14     1    17     2     0     0    32.0   -4.966  -78.767   1600.5    742.8
     1     1    14     1    17     3     0     0    33.0   -5.003  -78.961   1652.8    740.1
     1     1    14     1    17     4     0     0    34.0   -5.043  -79.152   1704.6    737.1
     1     1    14     1    17     5     0     0    35.0   -5.084  -79.341   1756.3    734.2
     1     1    14     1    17     6     0     0    36.0   -5.126  -79.527   1807.9    731.6
     1     1    14     1    17     7     0     0    37.0   -5.175  -79.715   1857.2    728.9
     1     1    14     1    17     8     0     0    38.0   -5.235  -79.908   1900.9    727.2
     1     1    14     1    17     9     0     0    39.0   -5.304  -80.103   1939.9    728.9
     1     1    14     1    17    10     0     0    40.0   -5.376  -80.297   1972.3    733.5
     1     1    14     1    17    11     0     0    41.0   -5.448  -80.488   1995.9    738.7
     1     1    14     1    17    12     0     0    42.0   -5.518  -80.676   2010.9    744.4
     1     1    14     1    17    13     0     0    43.0   -5.581  -80.860   2021.4    750.9
     1     1    14     1    17    14     0     0    44.0   -5.633  -81.042   2031.4    757.0
     1     1    14     1    17    15     0     0    45.0   -5.675  -81.223   2041.5    763.0
     1     1    14     1    17    16     0     0    46.0   -5.706  -81.403   2052.0    768.9
     1     1    14     1    17    17     0     0    47.0   -5.727  -81.583   2063.4    774.7
     1     1    14     1    17    18     0     0    48.0   -5.738  -81.764   2076.0    780.4
