     1     1
    CDC1    14     1     1     0     0
     1 FORWARD  OMEGA   
    14     1    25    12   -1.000  -75.000   500.0
     1 PRESSURE
     1     1    14     1    25    12     0     0     0.0   -1.000  -75.000    500.0    935.4
     1     1    14     1    25    13     0     0     1.0   -1.045  -74.954    493.4    937.2
     1     1    14     1    25    14     0     0     2.0   -1.095  -74.922    490.5    938.5
     1     1    14     1    25    15     0     0     3.0   -1.150  -74.903    491.3    939.4
     1     1    14     1    25    16     0     0     4.0   -1.211  -74.899    495.9    940.1
     1     1    14     1    25    17     0     0     5.0   -1.276  -74.906    504.1    940.4
     1     1    14     1    25    18     0     0     6.0   -1.347  -74.926    516.1    940.5
     1     1    14     1    25    19     0     0     7.0   -1.422  -74.949    528.1    940.1
     1     1    14     1    25    20     0     0     8.0   -1.502  -74.969    536.8    940.6
     1     1    14     1    25    21     0     0     9.0   -1.587  -74.985    541.8    941.6
     1     1    14     1    25    22     0     0    10.0   -1.677  -74.998    543.0    943.1
     1     1    14     1    25    23     0     0    11.0   -1.772  -75.007    540.4    944.7
     1     1    14     1    26     0     0     0    12.0   -1.872  -75.012    534.0    946.9
     1     1    14     1    26     1     0     0    13.0   -1.976  -75.017    525.4    950.0
     1     1    14     1    26     2     0     0    14.0   -2.083  -75.025    516.4    953.0
     1     1    14     1    26     3     0     0    15.0   -2.195  -75.035    507.4    956.0
     1     1    14     1    26     4     0     0    16.0   -2.311  -75.047    498.6    958.8
     1     1    14     1    26     5     0     0    17.0   -2.433  -75.062    490.3    961.6
     1     1    14     1    26     6     0     0    18.0   -2.561  -75.079    482.7    963.2
     1     1    14     1    26     7     0     0    19.0   -2.689  -75.103    477.2    962.5
     1     1    14     1    26     8     0     0    20.0   -2.811  -75.141    476.2    960.5
     1     1    14     1    26     9     0     0    21.0   -2.927  -75.193    479.8    957.3
     1     1    14     1    26    10     0     0    22.0   -3.034  -75.258    488.3    952.9
     1     1    14     1    26    11     0     0    23.0   -3.134  -75.337    502.1    947.3
     1     1    14     1    26    12     0     0    24.0   -3.223  -75.431    521.4    940.5
     1     1    14     1    26    13     0     0    25.0   -3.305  -75.522    543.1    933.0
     1     1    14     1    26    14     0     0    26.0   -3.383  -75.599    562.7    927.0
     1     1    14     1    26    15     0     0    27.0   -3.459  -75.662    580.5    921.8
     1     1    14     1    26    16     0     0    28.0   -3.534  -75.714    596.3    917.5
     1     1    14     1    26    17     0     0    29.0   -3.607  -75.755    610.0    913.9
     1     1    14     1    26    18     0     0    30.0   -3.681  -75.788    621.4    910.9
     1     1    14     1    26    19     0     0    31.0   -3.755  -75.813    632.5    908.5
     1     1    14     1    26    20     0     0    32.0   -3.830  -75.830    646.0    905.9
     1     1    14     1    26    21     0     0    33.0   -3.906  -75.842    661.7    903.4
     1     1    14     1    26    22     0     0    34.0   -3.983  -75.846    679.7    901.1
     1     1    14     1    26    23     0     0    35.0   -4.060  -75.844    700.2    898.8
     1     1    14     1    27     0     0     0    36.0   -4.138  -75.835    723.1    896.6
     1     1    14     1    27     1     0     0    37.0   -4.219  -75.825    746.9    894.7
     1     1    14     1    27     2     0     0    38.0   -4.304  -75.817    769.5    893.1
     1     1    14     1    27     3     0     0    39.0   -4.393  -75.812    790.7    891.5
     1     1    14     1    27     4     0     0    40.0   -4.486  -75.809    810.7    890.0
     1     1    14     1    27     5     0     0    41.0   -4.585  -75.807    829.3    888.5
     1     1    14     1    27     6     0     0    42.0   -4.690  -75.807    846.4    887.1
     1     1    14     1    27     7     0     0    43.0   -4.799  -75.818    861.9    884.8
     1     1    14     1    27     8     0     0    44.0   -4.909  -75.849    875.7    881.6
     1     1    14     1    27     9     0     0    45.0   -5.020  -75.900    887.1    877.1
     1     1    14     1    27    10     0     0    46.0   -5.130  -75.972    895.7    869.0
     1     1    14     1    27    11     0     0    47.0   -5.239  -76.065    902.8    860.2
     1     1    14     1    27    12     0     0    48.0   -5.345  -76.177    908.5    850.7
