     1     1
    CDC1    14     1     1     0     0
     1 FORWARD  OMEGA   
    14     1    14    12   -1.000  -75.000   500.0
     1 PRESSURE
     1     1    14     1    14    12     0     0     0.0   -1.000  -75.000    500.0    939.4
     1     1    14     1    14    13     0     0     1.0   -1.038  -75.020    490.2    940.2
     1     1    14     1    14    14     0     0     2.0   -1.085  -75.037    482.0    941.1
     1     1    14     1    14    15     0     0     3.0   -1.143  -75.052    475.3    942.1
     1     1    14     1    14    16     0     0     4.0   -1.211  -75.065    470.0    943.3
     1     1    14     1    14    17     0     0     5.0   -1.289  -75.075    466.1    944.5
     1     1    14     1    14    18     0     0     6.0   -1.378  -75.084    463.7    945.9
     1     1    14     1    14    19     0     0     7.0   -1.473  -75.097    463.3    947.0
     1     1    14     1    14    20     0     0     8.0   -1.571  -75.121    465.7    947.3
     1     1    14     1    14    21     0     0     9.0   -1.672  -75.153    470.9    946.9
     1     1    14     1    14    22     0     0    10.0   -1.776  -75.194    479.1    945.8
     1     1    14     1    14    23     0     0    11.0   -1.882  -75.242    490.5    944.1
     1     1    14     1    15     0     0     0    12.0   -1.991  -75.295    505.3    941.9
     1     1    14     1    15     1     0     0    13.0   -2.098  -75.352    521.9    939.4
     1     1    14     1    15     2     0     0    14.0   -2.197  -75.411    538.8    936.7
     1     1    14     1    15     3     0     0    15.0   -2.286  -75.475    555.9    933.6
     1     1    14     1    15     4     0     0    16.0   -2.367  -75.544    573.0    930.0
     1     1    14     1    15     5     0     0    17.0   -2.439  -75.620    590.2    926.0
     1     1    14     1    15     6     0     0    18.0   -2.503  -75.703    607.5    921.3
     1     1    14     1    15     7     0     0    19.0   -2.564  -75.787    625.4    915.3
     1     1    14     1    15     8     0     0    20.0   -2.629  -75.865    644.6    909.0
     1     1    14     1    15     9     0     0    21.0   -2.699  -75.938    664.9    902.9
     1     1    14     1    15    10     0     0    22.0   -2.770  -76.007    686.0    897.0
     1     1    14     1    15    11     0     0    23.0   -2.844  -76.072    707.7    891.2
     1     1    14     1    15    12     0     0    24.0   -2.919  -76.135    729.5    885.5
     1     1    14     1    15    13     0     0    25.0   -3.001  -76.205    754.6    879.5
     1     1    14     1    15    14     0     0    26.0   -3.096  -76.292    785.8    871.9
     1     1    14     1    15    15     0     0    27.0   -3.202  -76.396    823.4    862.8
     1     1    14     1    15    16     0     0    28.0   -3.321  -76.518    867.4    852.3
     1     1    14     1    15    17     0     0    29.0   -3.452  -76.659    918.0    840.3
     1     1    14     1    15    18     0     0    30.0   -3.594  -76.821    975.5    826.1
     1     1    14     1    15    19     0     0    31.0   -3.739  -76.984   1035.8    811.3
     1     1    14     1    15    20     0     0    32.0   -3.884  -77.130   1095.0    798.1
     1     1    14     1    15    21     0     0    33.0   -4.031  -77.258   1153.6    786.1
     1     1    14     1    15    22     0     0    34.0   -4.180  -77.370   1212.1    774.9
     1     1    14     1    15    23     0     0    35.0   -4.333  -77.467   1271.3    764.3
     1     1    14     1    16     0     0     0    36.0   -4.490  -77.549   1332.9    756.7
     1     1    14     1    16     1     0     0    37.0   -4.647  -77.635   1393.1    751.4
     1     1    14     1    16     2     0     0    38.0   -4.799  -77.740   1447.3    747.1
     1     1    14     1    16     3     0     0    39.0   -4.944  -77.866   1494.7    743.7
     1     1    14     1    16     4     0     0    40.0   -5.082  -78.011   1534.0    740.0
     1     1    14     1    16     5     0     0    41.0   -5.212  -78.173   1566.2    736.7
     1     1    14     1    16     6     0     0    42.0   -5.334  -78.351   1592.3    734.8
     1     1    14     1    16     7     0     0    43.0   -5.452  -78.537   1614.6    734.2
     1     1    14     1    16     8     0     0    44.0   -5.568  -78.724   1634.0    734.1
     1     1    14     1    16     9     0     0    45.0   -5.685  -78.910   1650.9    734.8
     1     1    14     1    16    10     0     0    46.0   -5.803  -79.095   1665.1    736.2
     1     1    14     1    16    11     0     0    47.0   -5.922  -79.277   1676.7    738.3
     1     1    14     1    16    12     0     0    48.0   -6.043  -79.455   1685.5    741.1
