     1     1
    CDC1    14     1     1     0     0
     1 FORWARD  OMEGA   
    14     1    15     0   -1.000  -75.000   500.0
     1 PRESSURE
     1     1    14     1    15     0     0     0     0.0   -1.000  -75.000    500.0    936.2
     1     1    14     1    15     1     0     0     1.0   -1.101  -75.089    517.6    933.1
     1     1    14     1    15     2     0     0     2.0   -1.192  -75.176    536.5    929.5
     1     1    14     1    15     3     0     0     3.0   -1.273  -75.262    556.7    925.5
     1     1    14     1    15     4     0     0     4.0   -1.344  -75.349    578.1    921.2
     1     1    14     1    15     5     0     0     5.0   -1.405  -75.437    600.7    916.4
     1     1    14     1    15     6     0     0     6.0   -1.456  -75.528    624.6    911.3
     1     1    14     1    15     7     0     0     7.0   -1.506  -75.618    649.7    905.1
     1     1    14     1    15     8     0     0     8.0   -1.562  -75.705    676.1    899.1
     1     1    14     1    15     9     0     0     9.0   -1.625  -75.789    703.5    893.2
     1     1    14     1    15    10     0     0    10.0   -1.693  -75.869    731.8    887.5
     1     1    14     1    15    11     0     0    11.0   -1.766  -75.945    760.8    882.0
     1     1    14     1    15    12     0     0    12.0   -1.841  -76.019    790.3    876.5
     1     1    14     1    15    13     0     0    13.0   -1.924  -76.096    822.8    871.1
     1     1    14     1    15    14     0     0    14.0   -2.020  -76.183    861.1    864.5
     1     1    14     1    15    15     0     0    15.0   -2.127  -76.282    905.6    857.0
     1     1    14     1    15    16     0     0    16.0   -2.248  -76.394    956.8    847.9
     1     1    14     1    15    17     0     0    17.0   -2.380  -76.520   1015.7    837.2
     1     1    14     1    15    18     0     0    18.0   -2.524  -76.663   1082.6    824.9
     1     1    14     1    15    19     0     0    19.0   -2.675  -76.808   1153.2    810.6
     1     1    14     1    15    20     0     0    20.0   -2.829  -76.937   1222.8    797.7
     1     1    14     1    15    21     0     0    21.0   -2.987  -77.052   1291.9    785.5
     1     1    14     1    15    22     0     0    22.0   -3.150  -77.154   1360.8    773.7
     1     1    14     1    15    23     0     0    23.0   -3.321  -77.243   1430.1    762.8
     1     1    14     1    16     0     0     0    24.0   -3.499  -77.320   1500.2    752.4
     1     1    14     1    16     1     0     0    25.0   -3.680  -77.401   1568.8    742.2
     1     1    14     1    16     2     0     0    26.0   -3.858  -77.503   1632.6    732.0
     1     1    14     1    16     3     0     0    27.0   -4.030  -77.624   1694.6    726.9
     1     1    14     1    16     4     0     0    28.0   -4.194  -77.765   1749.3    722.7
     1     1    14     1    16     5     0     0    29.0   -4.350  -77.925   1795.9    719.5
     1     1    14     1    16     6     0     0    30.0   -4.498  -78.104   1833.7    717.4
     1     1    14     1    16     7     0     0    31.0   -4.641  -78.298   1865.0    716.2
     1     1    14     1    16     8     0     0    32.0   -4.786  -78.499   1890.7    715.4
     1     1    14     1    16     9     0     0    33.0   -4.932  -78.709   1910.8    715.3
     1     1    14     1    16    10     0     0    34.0   -5.080  -78.925   1925.1    715.3
     1     1    14     1    16    11     0     0    35.0   -5.228  -79.142   1935.8    715.9
     1     1    14     1    16    12     0     0    36.0   -5.377  -79.358   1944.1    717.4
     1     1    14     1    16    13     0     0    37.0   -5.526  -79.569   1952.6    719.9
     1     1    14     1    16    14     0     0    38.0   -5.670  -79.776   1963.6    722.7
     1     1    14     1    16    15     0     0    39.0   -5.812  -79.977   1976.1    726.0
     1     1    14     1    16    16     0     0    40.0   -5.950  -80.170   1991.1    732.2
     1     1    14     1    16    17     0     0    41.0   -6.082  -80.352   2005.2    738.3
     1     1    14     1    16    18     0     0    42.0   -6.208  -80.525   2018.3    744.1
     1     1    14     1    16    19     0     0    43.0   -6.324  -80.684   2031.9    748.9
     1     1    14     1    16    20     0     0    44.0   -6.423  -80.823   2050.6    752.3
     1     1    14     1    16    21     0     0    45.0   -6.506  -80.943   2074.0    754.4
     1     1    14     1    16    22     0     0    46.0   -6.575  -81.044   2102.9    755.3
     1     1    14     1    16    23     0     0    47.0   -6.630  -81.126   2137.9    755.0
     1     1    14     1    17     0     0     0    48.0   -6.674  -81.191   2179.6    753.4
