     1     1
    CDC1    14     1     1     0     0
     1 FORWARD  OMEGA   
    14     1    26     6   -1.000  -75.000   500.0
     1 PRESSURE
     1     1    14     1    26     6     0     0     0.0   -1.000  -75.000    500.0    936.3
     1     1    14     1    26     7     0     0     1.0   -1.108  -75.026    495.2    937.7
     1     1    14     1    26     8     0     0     2.0   -1.221  -75.067    493.3    938.2
     1     1    14     1    26     9     0     0     3.0   -1.338  -75.122    494.7    937.7
     1     1    14     1    26    10     0     0     4.0   -1.456  -75.191    499.9    936.2
     1     1    14     1    26    11     0     0     5.0   -1.573  -75.275    509.5    933.4
     1     1    14     1    26    12     0     0     6.0   -1.686  -75.373    523.8    929.4
     1     1    14     1    26    13     0     0     7.0   -1.792  -75.470    541.1    924.6
     1     1    14     1    26    14     0     0     8.0   -1.889  -75.553    557.9    920.6
     1     1    14     1    26    15     0     0     9.0   -1.980  -75.620    574.0    917.2
     1     1    14     1    26    16     0     0    10.0   -2.066  -75.674    588.9    914.4
     1     1    14     1    26    17     0     0    11.0   -2.148  -75.713    602.0    912.4
     1     1    14     1    26    18     0     0    12.0   -2.226  -75.739    612.9    911.1
     1     1    14     1    26    19     0     0    13.0   -2.302  -75.757    622.1    910.5
     1     1    14     1    26    20     0     0    14.0   -2.379  -75.772    631.5    909.8
     1     1    14     1    26    21     0     0    15.0   -2.455  -75.783    640.9    909.3
     1     1    14     1    26    22     0     0    16.0   -2.532  -75.789    650.4    908.5
     1     1    14     1    26    23     0     0    17.0   -2.611  -75.791    660.3    907.1
     1     1    14     1    27     0     0     0    18.0   -2.691  -75.790    671.1    905.8
     1     1    14     1    27     1     0     0    19.0   -2.771  -75.789    681.5    904.8
     1     1    14     1    27     2     0     0    20.0   -2.849  -75.792    690.5    904.0
     1     1    14     1    27     3     0     0    21.0   -2.925  -75.798    697.8    903.2
     1     1    14     1    27     4     0     0    22.0   -2.999  -75.808    703.4    902.4
     1     1    14     1    27     5     0     0    23.0   -3.073  -75.821    707.3    901.6
     1     1    14     1    27     6     0     0    24.0   -3.146  -75.837    709.5    900.9
     1     1    14     1    27     7     0     0    25.0   -3.217  -75.861    710.9    899.5
     1     1    14     1    27     8     0     0    26.0   -3.285  -75.903    712.8    897.0
     1     1    14     1    27     9     0     0    27.0   -3.350  -75.960    715.0    893.7
     1     1    14     1    27    10     0     0    28.0   -3.412  -76.033    717.6    889.6
     1     1    14     1    27    11     0     0    29.0   -3.471  -76.121    720.6    884.7
     1     1    14     1    27    12     0     0    30.0   -3.528  -76.224    724.1    879.0
     1     1    14     1    27    13     0     0    31.0   -3.588  -76.332    731.1    873.3
     1     1    14     1    27    14     0     0    32.0   -3.657  -76.438    743.1    867.0
     1     1    14     1    27    15     0     0    33.0   -3.737  -76.541    760.6    860.2
     1     1    14     1    27    16     0     0    34.0   -3.829  -76.642    783.7    852.9
     1     1    14     1    27    17     0     0    35.0   -3.934  -76.743    812.7    845.2
     1     1    14     1    27    18     0     0    36.0   -4.052  -76.842    847.7    837.0
     1     1    14     1    27    19     0     0    37.0   -4.173  -76.938    886.9    828.1
     1     1    14     1    27    20     0     0    38.0   -4.282  -77.027    928.7    819.3
     1     1    14     1    27    21     0     0    39.0   -4.382  -77.110    972.8    810.5
     1     1    14     1    27    22     0     0    40.0   -4.474  -77.185   1018.8    802.0
     1     1    14     1    27    23     0     0    41.0   -4.556  -77.251   1066.4    794.0
     1     1    14     1    28     0     0     0    42.0   -4.631  -77.309   1115.0    786.4
     1     1    14     1    28     1     0     0    43.0   -4.710  -77.362   1162.0    779.3
     1     1    14     1    28     2     0     0    44.0   -4.807  -77.415   1204.2    772.9
     1     1    14     1    28     3     0     0    45.0   -4.922  -77.466   1241.1    767.1
     1     1    14     1    28     4     0     0    46.0   -5.055  -77.516   1271.7    761.1
     1     1    14     1    28     5     0     0    47.0   -5.205  -77.564   1295.7    755.3
     1     1    14     1    28     6     0     0    48.0   -5.370  -77.610   1313.2    750.0
