     1     1
    CDC1    14     1     1     0     0
     1 FORWARD  OMEGA   
    14     1     6    12   -1.000  -75.000   500.0
     1 PRESSURE
     1     1    14     1     6    12     0     0     0.0   -1.000  -75.000    500.0    937.7
     1     1    14     1     6    13     0     0     1.0   -0.989  -75.048    501.2    935.4
     1     1    14     1     6    14     0     0     2.0   -0.981  -75.095    508.8    932.1
     1     1    14     1     6    15     0     0     3.0   -0.976  -75.140    522.7    928.3
     1     1    14     1     6    16     0     0     4.0   -0.975  -75.184    543.1    924.0
     1     1    14     1     6    17     0     0     5.0   -0.979  -75.227    569.8    919.3
     1     1    14     1     6    18     0     0     6.0   -0.987  -75.269    603.1    914.1
     1     1    14     1     6    19     0     0     7.0   -0.996  -75.309    637.7    908.5
     1     1    14     1     6    20     0     0     8.0   -1.004  -75.347    668.5    903.7
     1     1    14     1     6    21     0     0     9.0   -1.009  -75.382    695.8    899.4
     1     1    14     1     6    22     0     0    10.0   -1.012  -75.414    720.0    895.6
     1     1    14     1     6    23     0     0    11.0   -1.013  -75.442    741.4    892.3
     1     1    14     1     7     0     0     0    12.0   -1.012  -75.465    760.2    889.4
     1     1    14     1     7     1     0     0    13.0   -1.006  -75.486    777.8    887.1
     1     1    14     1     7     2     0     0    14.0   -0.996  -75.507    796.4    884.5
     1     1    14     1     7     3     0     0    15.0   -0.980  -75.528    815.5    881.8
     1     1    14     1     7     4     0     0    16.0   -0.958  -75.548    835.0    879.0
     1     1    14     1     7     5     0     0    17.0   -0.932  -75.569    854.5    876.1
     1     1    14     1     7     6     0     0    18.0   -0.900  -75.589    874.1    873.2
     1     1    14     1     7     7     0     0    19.0   -0.870  -75.609    893.8    870.0
     1     1    14     1     7     8     0     0    20.0   -0.849  -75.625    914.1    866.9
     1     1    14     1     7     9     0     0    21.0   -0.837  -75.638    934.6    863.8
     1     1    14     1     7    10     0     0    22.0   -0.833  -75.648    955.4    861.0
     1     1    14     1     7    11     0     0    23.0   -0.839  -75.655    976.1    858.4
     1     1    14     1     7    12     0     0    24.0   -0.854  -75.658    996.8    856.2
     1     1    14     1     7    13     0     0    25.0   -0.872  -75.660   1018.4    854.2
     1     1    14     1     7    14     0     0    26.0   -0.885  -75.663   1042.2    851.7
     1     1    14     1     7    15     0     0    27.0   -0.895  -75.668   1068.2    849.0
     1     1    14     1     7    16     0     0    28.0   -0.901  -75.675   1096.4    845.9
     1     1    14     1     7    17     0     0    29.0   -0.905  -75.683   1127.0    842.6
     1     1    14     1     7    18     0     0    30.0   -0.906  -75.693   1160.0    838.9
     1     1    14     1     7    19     0     0    31.0   -0.905  -75.704   1192.4    834.9
     1     1    14     1     7    20     0     0    32.0   -0.902  -75.714   1221.2    831.6
     1     1    14     1     7    21     0     0    33.0   -0.896  -75.723   1246.3    828.7
     1     1    14     1     7    22     0     0    34.0   -0.888  -75.732   1267.7    826.1
     1     1    14     1     7    23     0     0    35.0   -0.876  -75.741   1285.3    823.6
     1     1    14     1     8     0     0     0    36.0   -0.861  -75.750   1299.3    821.4
     1     1    14     1     8     1     0     0    37.0   -0.842  -75.758   1311.8    820.1
     1     1    14     1     8     2     0     0    38.0   -0.819  -75.764   1324.6    818.6
     1     1    14     1     8     3     0     0    39.0   -0.792  -75.766   1338.1    817.1
     1     1    14     1     8     4     0     0    40.0   -0.762  -75.766   1352.2    815.6
     1     1    14     1     8     5     0     0    41.0   -0.727  -75.763   1367.4    814.1
     1     1    14     1     8     6     0     0    42.0   -0.689  -75.759   1383.7    812.4
     1     1    14     1     8     7     0     0    43.0   -0.648  -75.760   1399.5    810.0
     1     1    14     1     8     8     0     0    44.0   -0.607  -75.773   1414.4    807.5
     1     1    14     1     8     9     0     0    45.0   -0.564  -75.798   1427.9    804.6
     1     1    14     1     8    10     0     0    46.0   -0.521  -75.833   1439.9    801.6
     1     1    14     1     8    11     0     0    47.0   -0.475  -75.880   1450.4    798.2
     1     1    14     1     8    12     0     0    48.0   -0.427  -75.938   1459.3    794.7
