     1     1
    CDC1    14     1     1     0     0
     1 FORWARD  OMEGA   
    14     1    13    12   -1.000  -75.000   500.0
     1 PRESSURE
     1     1    14     1    13    12     0     0     0.0   -1.000  -75.000    500.0    939.1
     1     1    14     1    13    13     0     0     1.0   -1.064  -75.041    495.3    939.3
     1     1    14     1    13    14     0     0     2.0   -1.121  -75.088    496.7    938.2
     1     1    14     1    13    15     0     0     3.0   -1.170  -75.139    504.2    935.9
     1     1    14     1    13    16     0     0     4.0   -1.214  -75.197    517.9    932.7
     1     1    14     1    13    17     0     0     5.0   -1.253  -75.260    537.7    928.5
     1     1    14     1    13    18     0     0     6.0   -1.289  -75.329    563.9    923.4
     1     1    14     1    13    19     0     0     7.0   -1.322  -75.409    592.5    917.3
     1     1    14     1    13    20     0     0     8.0   -1.352  -75.506    619.9    911.0
     1     1    14     1    13    21     0     0     9.0   -1.379  -75.619    645.6    903.6
     1     1    14     1    13    22     0     0    10.0   -1.402  -75.747    669.7    895.7
     1     1    14     1    13    23     0     0    11.0   -1.421  -75.890    691.9    887.3
     1     1    14     1    14     0     0     0    12.0   -1.435  -76.044    712.2    878.6
     1     1    14     1    14     1     0     0    13.0   -1.447  -76.203    732.3    870.1
     1     1    14     1    14     2     0     0    14.0   -1.460  -76.361    753.5    861.4
     1     1    14     1    14     3     0     0    15.0   -1.476  -76.519    775.8    852.6
     1     1    14     1    14     4     0     0    16.0   -1.495  -76.679    799.1    843.7
     1     1    14     1    14     5     0     0    17.0   -1.518  -76.843    823.1    834.7
     1     1    14     1    14     6     0     0    18.0   -1.546  -77.011    847.7    825.6
     1     1    14     1    14     7     0     0    19.0   -1.576  -77.175    871.5    816.5
     1     1    14     1    14     8     0     0    20.0   -1.603  -77.325    893.4    808.4
     1     1    14     1    14     9     0     0    21.0   -1.627  -77.462    913.7    800.6
     1     1    14     1    14    10     0     0    22.0   -1.644  -77.585    934.2    797.9
     1     1    14     1    14    11     0     0    23.0   -1.652  -77.694    953.7    797.1
     1     1    14     1    14    12     0     0    24.0   -1.651  -77.787    971.5    796.3
     1     1    14     1    14    13     0     0    25.0   -1.649  -77.870    986.0    795.4
     1     1    14     1    14    14     0     0    26.0   -1.654  -77.948    995.8    795.1
     1     1    14     1    14    15     0     0    27.0   -1.665  -78.022   1000.7    795.3
     1     1    14     1    14    16     0     0    28.0   -1.683  -78.092   1000.3    795.9
     1     1    14     1    14    17     0     0    29.0   -1.709  -78.156    994.7    797.0
     1     1    14     1    14    18     0     0    30.0   -1.743  -78.215    983.6    798.7
     1     1    14     1    14    19     0     0    31.0   -1.788  -78.270    975.8    800.7
     1     1    14     1    14    20     0     0    32.0   -1.844  -78.319    979.6    800.7
     1     1    14     1    14    21     0     0    33.0   -1.911  -78.365    995.3    799.5
     1     1    14     1    14    22     0     0    34.0   -1.989  -78.407   1023.4    797.1
     1     1    14     1    14    23     0     0    35.0   -2.078  -78.444   1064.6    793.4
     1     1    14     1    15     0     0     0    36.0   -2.179  -78.479   1119.5    788.4
     1     1    14     1    15     1     0     0    37.0   -2.282  -78.516   1180.8    782.5
     1     1    14     1    15     2     0     0    38.0   -2.379  -78.561   1240.5    777.6
     1     1    14     1    15     3     0     0    39.0   -2.471  -78.615   1297.9    772.5
     1     1    14     1    15     4     0     0    40.0   -2.559  -78.679   1352.2    767.7
     1     1    14     1    15     5     0     0    41.0   -2.643  -78.754   1403.2    763.4
     1     1    14     1    15     6     0     0    42.0   -2.724  -78.838   1450.4    759.6
     1     1    14     1    15     7     0     0    43.0   -2.800  -78.931   1493.4    756.0
     1     1    14     1    15     8     0     0    44.0   -2.870  -79.031   1530.5    753.0
     1     1    14     1    15     9     0     0    45.0   -2.932  -79.139   1561.2    750.7
     1     1    14     1    15    10     0     0    46.0   -2.987  -79.254   1584.9    749.0
     1     1    14     1    15    11     0     0    47.0   -3.032  -79.375   1600.9    748.1
     1     1    14     1    15    12     0     0    48.0   -3.068  -79.504   1608.9    747.9
