     1     1
    CDC1    14     1     1     0     0
     1 FORWARD  OMEGA   
    14     1    23    18   -1.000  -75.000   500.0
     1 PRESSURE
     1     1    14     1    23    18     0     0     0.0   -1.000  -75.000    500.0    935.0
     1     1    14     1    23    19     0     0     1.0   -1.062  -75.045    512.7    933.0
     1     1    14     1    23    20     0     0     2.0   -1.122  -75.088    523.0    931.4
     1     1    14     1    23    21     0     0     3.0   -1.183  -75.127    530.8    930.2
     1     1    14     1    23    22     0     0     4.0   -1.243  -75.163    536.1    929.4
     1     1    14     1    23    23     0     0     5.0   -1.304  -75.195    538.7    929.1
     1     1    14     1    24     0     0     0     6.0   -1.365  -75.222    538.6    929.1
     1     1    14     1    24     1     0     0     7.0   -1.421  -75.248    536.6    929.6
     1     1    14     1    24     2     0     0     8.0   -1.467  -75.274    533.5    929.9
     1     1    14     1    24     3     0     0     9.0   -1.503  -75.300    529.2    930.1
     1     1    14     1    24     4     0     0    10.0   -1.529  -75.327    523.8    930.2
     1     1    14     1    24     5     0     0    11.0   -1.545  -75.352    517.3    930.3
     1     1    14     1    24     6     0     0    12.0   -1.551  -75.378    509.7    930.4
     1     1    14     1    24     7     0     0    13.0   -1.559  -75.405    503.0    930.3
     1     1    14     1    24     8     0     0    14.0   -1.579  -75.434    499.5    929.7
     1     1    14     1    24     9     0     0    15.0   -1.612  -75.465    499.0    928.9
     1     1    14     1    24    10     0     0    16.0   -1.657  -75.500    501.4    927.9
     1     1    14     1    24    11     0     0    17.0   -1.715  -75.537    506.7    926.6
     1     1    14     1    24    12     0     0    18.0   -1.784  -75.578    515.0    925.0
     1     1    14     1    24    13     0     0    19.0   -1.856  -75.620    526.0    922.8
     1     1    14     1    24    14     0     0    20.0   -1.922  -75.659    538.6    920.5
     1     1    14     1    24    15     0     0    21.0   -1.981  -75.695    552.9    918.0
     1     1    14     1    24    16     0     0    22.0   -2.034  -75.729    568.8    915.5
     1     1    14     1    24    17     0     0    23.0   -2.081  -75.759    586.2    912.8
     1     1    14     1    24    18     0     0    24.0   -2.122  -75.786    605.2    910.1
     1     1    14     1    24    19     0     0    25.0   -2.162  -75.812    623.4    907.2
     1     1    14     1    24    20     0     0    26.0   -2.208  -75.837    638.1    904.6
     1     1    14     1    24    21     0     0    27.0   -2.259  -75.863    649.3    902.6
     1     1    14     1    24    22     0     0    28.0   -2.313  -75.889    657.2    901.0
     1     1    14     1    24    23     0     0    29.0   -2.372  -75.915    661.8    899.8
     1     1    14     1    25     0     0     0    30.0   -2.435  -75.940    663.0    899.0
     1     1    14     1    25     1     0     0    31.0   -2.498  -75.960    661.4    899.6
     1     1    14     1    25     2     0     0    32.0   -2.560  -75.972    657.3    899.9
     1     1    14     1    25     3     0     0    33.0   -2.620  -75.973    650.7    900.9
     1     1    14     1    25     4     0     0    34.0   -2.681  -75.965    641.5    902.7
     1     1    14     1    25     5     0     0    35.0   -2.740  -75.948    629.7    905.2
     1     1    14     1    25     6     0     0    36.0   -2.800  -75.920    615.2    908.5
     1     1    14     1    25     7     0     0    37.0   -2.858  -75.885    600.0    911.6
     1     1    14     1    25     8     0     0    38.0   -2.910  -75.842    586.3    914.7
     1     1    14     1    25     9     0     0    39.0   -2.958  -75.793    573.9    918.1
     1     1    14     1    25    10     0     0    40.0   -2.999  -75.740    562.7    921.5
     1     1    14     1    25    11     0     0    41.0   -3.036  -75.681    552.7    925.1
     1     1    14     1    25    12     0     0    42.0   -3.066  -75.620    543.8    928.8
     1     1    14     1    25    13     0     0    43.0   -3.096  -75.561    536.9    932.5
     1     1    14     1    25    14     0     0    44.0   -3.134  -75.513    532.8    935.3
     1     1    14     1    25    15     0     0    45.0   -3.178  -75.475    531.5    937.3
     1     1    14     1    25    16     0     0    46.0   -3.229  -75.446    533.0    938.6
     1     1    14     1    25    17     0     0    47.0   -3.288  -75.426    537.5    939.1
     1     1    14     1    25    18     0     0    48.0   -3.354  -75.413    544.8    939.0
