     1     1
    CDC1    14     1     1     0     0
     1 FORWARD  OMEGA   
    14     1     1     0   -1.000  -75.000   500.0
     1 PRESSURE
     1     1    14     1     1     0     0     0     0.0   -1.000  -75.000    500.0    934.1
     1     1    14     1     1     1     0     0     1.0   -1.091  -75.033    486.9    936.5
     1     1    14     1     1     2     0     0     2.0   -1.181  -75.070    477.6    938.0
     1     1    14     1     1     3     0     0     3.0   -1.268  -75.112    472.1    938.9
     1     1    14     1     1     4     0     0     4.0   -1.354  -75.157    470.1    939.2
     1     1    14     1     1     5     0     0     5.0   -1.439  -75.206    471.4    939.0
     1     1    14     1     1     6     0     0     6.0   -1.523  -75.257    475.9    938.2
     1     1    14     1     1     7     0     0     7.0   -1.610  -75.308    483.0    936.7
     1     1    14     1     1     8     0     0     8.0   -1.701  -75.360    491.5    935.1
     1     1    14     1     1     9     0     0     9.0   -1.797  -75.411    501.7    933.3
     1     1    14     1     1    10     0     0    10.0   -1.896  -75.464    513.6    931.3
     1     1    14     1     1    11     0     0    11.0   -2.000  -75.519    527.2    929.0
     1     1    14     1     1    12     0     0    12.0   -2.106  -75.577    542.8    926.3
     1     1    14     1     1    13     0     0    13.0   -2.218  -75.639    560.1    923.0
     1     1    14     1     1    14     0     0    14.0   -2.338  -75.706    578.7    919.6
     1     1    14     1     1    15     0     0    15.0   -2.465  -75.779    598.5    915.8
     1     1    14     1     1    16     0     0    16.0   -2.602  -75.857    618.9    910.3
     1     1    14     1     1    17     0     0    17.0   -2.748  -75.939    640.0    903.6
     1     1    14     1     1    18     0     0    18.0   -2.903  -76.027    661.6    896.6
     1     1    14     1     1    19     0     0    19.0   -3.065  -76.116    682.6    889.4
     1     1    14     1     1    20     0     0    20.0   -3.228  -76.203    702.2    882.7
     1     1    14     1     1    21     0     0    21.0   -3.393  -76.284    720.9    876.4
     1     1    14     1     1    22     0     0    22.0   -3.561  -76.360    739.2    870.4
     1     1    14     1     1    23     0     0    23.0   -3.730  -76.428    757.5    864.9
     1     1    14     1     2     0     0     0    24.0   -3.900  -76.487    776.2    859.7
     1     1    14     1     2     1     0     0    25.0   -4.071  -76.530    793.3    855.5
     1     1    14     1     2     2     0     0    26.0   -4.241  -76.548    806.5    853.1
     1     1    14     1     2     3     0     0    27.0   -4.409  -76.543    815.2    852.3
     1     1    14     1     2     4     0     0    28.0   -4.577  -76.511    819.2    853.3
     1     1    14     1     2     5     0     0    29.0   -4.745  -76.454    818.3    856.1
     1     1    14     1     2     6     0     0    30.0   -4.912  -76.368    812.5    860.8
     1     1    14     1     2     7     0     0    31.0   -5.078  -76.276    803.9    864.2
     1     1    14     1     2     8     0     0    32.0   -5.244  -76.202    796.6    863.4
     1     1    14     1     2     9     0     0    33.0   -5.410  -76.150    791.5    861.3
     1     1    14     1     2    10     0     0    34.0   -5.579  -76.121    788.9    857.7
     1     1    14     1     2    11     0     0    35.0   -5.750  -76.115    789.1    852.6
     1     1    14     1     2    12     0     0    36.0   -5.924  -76.134    792.4    845.8
     1     1    14     1     2    13     0     0    37.0   -6.103  -76.161    799.9    838.3
     1     1    14     1     2    14     0     0    38.0   -6.287  -76.179    811.3    830.7
     1     1    14     1     2    15     0     0    39.0   -6.476  -76.185    827.3    823.0
     1     1    14     1     2    16     0     0    40.0   -6.673  -76.180    848.2    815.2
     1     1    14     1     2    17     0     0    41.0   -6.878  -76.160    874.3    807.4
     1     1    14     1     2    18     0     0    42.0   -7.092  -76.126    906.2    799.4
     1     1    14     1     2    19     0     0    43.0   -7.311  -76.076    939.7    790.4
     1     1    14     1     2    20     0     0    44.0   -7.525  -76.013    970.9    782.9
     1     1    14     1     2    21     0     0    45.0   -7.732  -75.936    998.2    777.9
     1     1    14     1     2    22     0     0    46.0   -7.927  -75.843   1019.8    774.0
     1     1    14     1     2    23     0     0    47.0   -8.111  -75.737   1035.7    771.0
     1     1    14     1     3     0     0     0    48.0   -8.281  -75.620   1045.8    768.8
