     1     1
    CDC1    14     1     1     0     0
     1 FORWARD  OMEGA   
    14     1    21     6  -40.000  -75.000  1000.0
     1 PRESSURE
     1     1    14     1    21     6     0     0     0.0  -40.000  -75.000   1000.0    892.6
     1     1    14     1    21     7     0     0     1.0  -40.087  -74.477   1063.6    872.2
     1     1    14     1    21     8     0     0     2.0  -40.177  -73.904   1118.8    851.8
     1     1    14     1    21     9     0     0     3.0  -40.270  -73.272   1164.4    831.1
     1     1    14     1    21    10     0     0     4.0  -40.367  -72.568   1198.9    810.0
     1     1    14     1    21    11     0     0     5.0  -40.450  -71.793   1221.0    793.7
     1     1    14     1    21    12     0     0     6.0  -40.496  -70.954   1225.9    778.9
     1     1    14     1    21    13     0     0     7.0  -40.514  -70.067   1213.9    765.0
     1     1    14     1    21    14     0     0     8.0  -40.514  -69.177   1202.0    778.3
     1     1    14     1    21    15     0     0     9.0  -40.500  -68.321   1179.9    794.0
     1     1    14     1    21    16     0     0    10.0  -40.472  -67.513   1145.7    810.1
     1     1    14     1    21    17     0     0    11.0  -40.434  -66.779   1104.9    830.6
     1     1    14     1    21    18     0     0    12.0  -40.391  -66.135   1059.3    849.2
     1     1    14     1    21    19     0     0    13.0  -40.352  -65.571   1013.2    867.0
     1     1    14     1    21    20     0     0    14.0  -40.320  -65.067    971.4    882.6
     1     1    14     1    21    21     0     0    15.0  -40.302  -64.609    933.8    888.9
     1     1    14     1    21    22     0     0    16.0  -40.301  -64.180    905.6    892.2
     1     1    14     1    21    23     0     0    17.0  -40.319  -63.779    888.0    894.5
     1     1    14     1    22     0     0     0    18.0  -40.357  -63.405    881.2    895.7
     1     1    14     1    22     1     0     0    19.0  -40.403  -63.030    880.0    896.2
     1     1    14     1    22     2     0     0    20.0  -40.450  -62.631    879.7    897.3
     1     1    14     1    22     3     0     0    21.0  -40.499  -62.202    880.6    897.6
     1     1    14     1    22     4     0     0    22.0  -40.554  -61.738    883.3    897.5
     1     1    14     1    22     5     0     0    23.0  -40.619  -61.240    889.2    897.1
     1     1    14     1    22     6     0     0    24.0  -40.698  -60.709    900.2    896.3
     1     1    14     1    22     7     0     0    25.0  -40.781  -60.151    918.7    894.8
     1     1    14     1    22     8     0     0    26.0  -40.851  -59.576    944.5    893.7
     1     1    14     1    22     9     0     0    27.0  -40.908  -58.988    975.1    892.5
     1     1    14     1    22    10     0     0    28.0  -40.953  -58.390   1010.1    890.8
     1     1    14     1    22    11     0     0    29.0  -40.991  -57.787   1050.3    888.4
     1     1    14     1    22    12     0     0    30.0  -41.026  -57.180   1094.3    884.1
     1     1    14     1    22    13     0     0    31.0  -41.063  -56.574   1129.5    878.8
     1     1    14     1    22    14     0     0    32.0  -41.107  -55.964   1143.5    876.7
     1     1    14     1    22    15     0     0    33.0  -41.163  -55.336   1138.2    876.5
     1     1    14     1    22    16     0     0    34.0  -41.234  -54.681   1116.2    877.9
     1     1    14     1    22    17     0     0    35.0  -41.325  -53.994   1081.8    880.6
     1     1    14     1    22    18     0     0    36.0  -41.444  -53.268   1040.5    884.0
     1     1    14     1    22    19     0     0    37.0  -41.580  -52.536   1001.4    888.2
     1     1    14     1    22    20     0     0    38.0  -41.709  -51.835    970.4    893.9
     1     1    14     1    22    21     0     0    39.0  -41.819  -51.155    945.7    898.9
     1     1    14     1    22    22     0     0    40.0  -41.903  -50.477    925.5    903.3
     1     1    14     1    22    23     0     0    41.0  -41.959  -49.787    908.7    906.5
     1     1    14     1    23     0     0     0    42.0  -41.989  -49.073    895.0    907.8
     1     1    14     1    23     1     0     0    43.0  -42.006  -48.346    886.3    908.5
     1     1    14     1    23     2     0     0    44.0  -42.014  -47.616    883.4    908.6
     1     1    14     1    23     3     0     0    45.0  -42.007  -46.889    884.6    907.5
     1     1    14     1    23     4     0     0    46.0  -41.979  -46.170    888.6    906.3
     1     1    14     1    23     5     0     0    47.0  -41.927  -45.458    894.5    904.9
     1     1    14     1    23     6     0     0    48.0  -41.851  -44.757    901.1    904.2
