     1     1
    CDC1    14     1     1     0     0
     1 FORWARD  OMEGA   
    14     1    23     0  -40.000  -75.000  1000.0
     1 PRESSURE
     1     1    14     1    23     0     0     0     0.0  -40.000  -75.000   1000.0    892.8
     1     1    14     1    23     1     0     0     1.0  -39.956  -74.854   1031.5    885.7
     1     1    14     1    23     2     0     0     2.0  -39.904  -74.701   1060.3    878.9
     1     1    14     1    23     3     0     0     3.0  -39.844  -74.541   1086.6    872.2
     1     1    14     1    23     4     0     0     4.0  -39.780  -74.371   1110.4    865.5
     1     1    14     1    23     5     0     0     5.0  -39.715  -74.190   1131.8    858.8
     1     1    14     1    23     6     0     0     6.0  -39.651  -73.995   1150.8    852.0
     1     1    14     1    23     7     0     0     7.0  -39.586  -73.783   1168.6    845.6
     1     1    14     1    23     8     0     0     8.0  -39.517  -73.548   1186.1    838.4
     1     1    14     1    23     9     0     0     9.0  -39.444  -73.290   1203.9    830.4
     1     1    14     1    23    10     0     0    10.0  -39.368  -73.007   1222.4    821.6
     1     1    14     1    23    11     0     0    11.0  -39.289  -72.698   1242.1    811.8
     1     1    14     1    23    12     0     0    12.0  -39.209  -72.359   1264.1    802.0
     1     1    14     1    23    13     0     0    13.0  -39.139  -71.993   1286.3    792.8
     1     1    14     1    23    14     0     0    14.0  -39.085  -71.604   1304.0    783.8
     1     1    14     1    23    15     0     0    15.0  -39.042  -71.198   1317.4    774.7
     1     1    14     1    23    16     0     0    16.0  -39.006  -70.776   1326.0    765.7
     1     1    14     1    23    17     0     0    17.0  -38.971  -70.344   1329.6    756.7
     1     1    14     1    23    18     0     0    18.0  -38.930  -69.909   1329.9    751.3
     1     1    14     1    23    19     0     0    19.0  -38.879  -69.497   1337.4    759.2
     1     1    14     1    23    20     0     0    20.0  -38.815  -69.124   1346.8    765.6
     1     1    14     1    23    21     0     0    21.0  -38.734  -68.789   1358.7    771.0
     1     1    14     1    23    22     0     0    22.0  -38.632  -68.490   1373.1    775.4
     1     1    14     1    23    23     0     0    23.0  -38.507  -68.227   1390.3    778.8
     1     1    14     1    24     0     0     0    24.0  -38.355  -68.004   1410.6    781.2
     1     1    14     1    24     1     0     0    25.0  -38.191  -67.818   1432.5    782.4
     1     1    14     1    24     2     0     0    26.0  -38.030  -67.666   1453.5    783.3
     1     1    14     1    24     3     0     0    27.0  -37.876  -67.546   1472.8    783.9
     1     1    14     1    24     4     0     0    28.0  -37.731  -67.457   1489.7    784.5
     1     1    14     1    24     5     0     0    29.0  -37.596  -67.398   1503.4    785.0
     1     1    14     1    24     6     0     0    30.0  -37.472  -67.366   1513.2    784.8
     1     1    14     1    24     7     0     0    31.0  -37.347  -67.337   1522.9    783.5
     1     1    14     1    24     8     0     0    32.0  -37.205  -67.286   1535.8    781.9
     1     1    14     1    24     9     0     0    33.0  -37.048  -67.209   1553.2    780.3
     1     1    14     1    24    10     0     0    34.0  -36.876  -67.103   1575.5    779.0
     1     1    14     1    24    11     0     0    35.0  -36.690  -66.966   1603.6    777.8
     1     1    14     1    24    12     0     0    36.0  -36.490  -66.795   1637.9    777.0
     1     1    14     1    24    13     0     0    37.0  -36.289  -66.611   1670.5    776.3
     1     1    14     1    24    14     0     0    38.0  -36.100  -66.437   1692.7    777.2
     1     1    14     1    24    15     0     0    39.0  -35.921  -66.273   1703.3    779.2
     1     1    14     1    24    16     0     0    40.0  -35.748  -66.121   1701.5    782.4
     1     1    14     1    24    17     0     0    41.0  -35.582  -65.979   1686.9    786.7
     1     1    14     1    24    18     0     0    42.0  -35.422  -65.850   1659.4    792.0
     1     1    14     1    24    19     0     0    43.0  -35.268  -65.733   1630.7    798.2
     1     1    14     1    24    20     0     0    44.0  -35.119  -65.627   1610.2    802.3
     1     1    14     1    24    21     0     0    45.0  -34.976  -65.535   1598.7    805.6
     1     1    14     1    24    22     0     0    46.0  -34.838  -65.456   1596.7    808.2
     1     1    14     1    24    23     0     0    47.0  -34.705  -65.390   1603.8    809.6
     1     1    14     1    25     0     0     0    48.0  -34.576  -65.337   1619.6    809.7
