     1     1
    CDC1    14     1     1     0     0
     1 FORWARD  OMEGA   
    14     1    13    18  -40.000  -75.000  1000.0
     1 PRESSURE
     1     1    14     1    13    18     0     0     0.0  -40.000  -75.000   1000.0    904.9
     1     1    14     1    13    19     0     0     1.0  -39.796  -74.791    994.8    900.8
     1     1    14     1    13    20     0     0     2.0  -39.586  -74.593    986.4    897.3
     1     1    14     1    13    21     0     0     3.0  -39.369  -74.411    974.3    894.6
     1     1    14     1    13    22     0     0     4.0  -39.146  -74.248    958.1    892.6
     1     1    14     1    13    23     0     0     5.0  -38.915  -74.108    937.1    891.8
     1     1    14     1    14     0     0     0     6.0  -38.674  -73.994    910.7    891.9
     1     1    14     1    14     1     0     0     7.0  -38.427  -73.904    881.9    893.1
     1     1    14     1    14     2     0     0     8.0  -38.179  -73.832    854.3    894.3
     1     1    14     1    14     3     0     0     9.0  -37.928  -73.777    827.6    895.9
     1     1    14     1    14     4     0     0    10.0  -37.673  -73.736    801.7    897.9
     1     1    14     1    14     5     0     0    11.0  -37.413  -73.707    776.6    900.2
     1     1    14     1    14     6     0     0    12.0  -37.150  -73.686    752.8    902.7
     1     1    14     1    14     7     0     0    13.0  -36.871  -73.668    730.7    905.3
     1     1    14     1    14     8     0     0    14.0  -36.563  -73.651    710.1    907.9
     1     1    14     1    14     9     0     0    15.0  -36.226  -73.638    691.5    910.5
     1     1    14     1    14    10     0     0    16.0  -35.862  -73.628    675.4    913.0
     1     1    14     1    14    11     0     0    17.0  -35.474  -73.622    662.1    915.4
     1     1    14     1    14    12     0     0    18.0  -35.063  -73.621    652.3    917.6
     1     1    14     1    14    13     0     0    19.0  -34.648  -73.615    648.3    920.1
     1     1    14     1    14    14     0     0    20.0  -34.248  -73.595    651.4    921.2
     1     1    14     1    14    15     0     0    21.0  -33.860  -73.561    662.3    920.8
     1     1    14     1    14    16     0     0    22.0  -33.481  -73.513    681.4    919.1
     1     1    14     1    14    17     0     0    23.0  -33.111  -73.453    708.4    916.0
     1     1    14     1    14    18     0     0    24.0  -32.747  -73.383    743.1    911.9
     1     1    14     1    14    19     0     0    25.0  -32.390  -73.322    779.1    905.8
     1     1    14     1    14    20     0     0    26.0  -32.039  -73.282    811.4    900.1
     1     1    14     1    14    21     0     0    27.0  -31.694  -73.258    838.8    895.6
     1     1    14     1    14    22     0     0    28.0  -31.352  -73.246    860.4    892.2
     1     1    14     1    14    23     0     0    29.0  -31.009  -73.242    875.3    889.7
     1     1    14     1    15     0     0     0    30.0  -30.663  -73.243    882.4    888.2
     1     1    14     1    15     1     0     0    31.0  -30.326  -73.256    881.1    888.6
     1     1    14     1    15     2     0     0    32.0  -30.011  -73.288    874.1    890.1
     1     1    14     1    15     3     0     0    33.0  -29.713  -73.340    864.1    895.4
     1     1    14     1    15     4     0     0    34.0  -29.430  -73.410    851.5    901.1
     1     1    14     1    15     5     0     0    35.0  -29.162  -73.497    837.1    906.9
     1     1    14     1    15     6     0     0    36.0  -28.909  -73.601    821.5    912.8
     1     1    14     1    15     7     0     0    37.0  -28.673  -73.710    808.2    917.9
     1     1    14     1    15     8     0     0    38.0  -28.458  -73.814    799.0    921.8
     1     1    14     1    15     9     0     0    39.0  -28.264  -73.919    793.1    924.8
     1     1    14     1    15    10     0     0    40.0  -28.092  -74.026    789.8    927.1
     1     1    14     1    15    11     0     0    41.0  -27.942  -74.140    788.7    929.0
     1     1    14     1    15    12     0     0    42.0  -27.812  -74.261    789.6    930.3
     1     1    14     1    15    13     0     0    43.0  -27.696  -74.384    791.8    931.5
     1     1    14     1    15    14     0     0    44.0  -27.589  -74.504    793.7    932.5
     1     1    14     1    15    15     0     0    45.0  -27.492  -74.623    793.7    933.4
     1     1    14     1    15    16     0     0    46.0  -27.407  -74.740    790.1    934.6
     1     1    14     1    15    17     0     0    47.0  -27.335  -74.854    781.7    936.1
     1     1    14     1    15    18     0     0    48.0  -27.277  -74.967    767.3    938.2
