     1     1
    CDC1    14     1     1     0     0
     1 FORWARD  OMEGA   
    14     1     3    12  -40.000  -75.000  1000.0
     1 PRESSURE
     1     1    14     1     3    12     0     0     0.0  -40.000  -75.000   1000.0    906.5
     1     1    14     1     3    13     0     0     1.0  -39.786  -74.975    955.2    911.7
     1     1    14     1     3    14     0     0     2.0  -39.578  -74.940    909.2    916.8
     1     1    14     1     3    15     0     0     3.0  -39.375  -74.893    863.1    921.2
     1     1    14     1     3    16     0     0     4.0  -39.177  -74.831    817.8    925.3
     1     1    14     1     3    17     0     0     5.0  -38.982  -74.753    774.1    928.8
     1     1    14     1     3    18     0     0     6.0  -38.789  -74.659    732.4    931.7
     1     1    14     1     3    19     0     0     7.0  -38.584  -74.554    693.7    933.5
     1     1    14     1     3    20     0     0     8.0  -38.351  -74.446    657.6    934.9
     1     1    14     1     3    21     0     0     9.0  -38.087  -74.340    622.7    936.2
     1     1    14     1     3    22     0     0    10.0  -37.791  -74.243    587.1    937.4
     1     1    14     1     3    23     0     0    11.0  -37.457  -74.161    549.2    939.4
     1     1    14     1     4     0     0     0    12.0  -37.084  -74.092    510.7    942.2
     1     1    14     1     4     1     0     0    13.0  -36.681  -74.052    472.2    946.0
     1     1    14     1     4     2     0     0    14.0  -36.254  -74.057    433.2    951.8
     1     1    14     1     4     3     0     0    15.0  -35.804  -74.111    394.1    959.5
     1     1    14     1     4     4     0     0    16.0  -35.326  -74.215    355.6    968.5
     1     1    14     1     4     5     0     0    17.0  -34.823  -74.368    319.7    979.2
     1     1    14     1     4     6     0     0    18.0  -34.307  -74.550    290.1    990.7
     1     1    14     1     4     7     0     0    19.0  -33.792  -74.727    269.4   1000.9
     1     1    14     1     4     8     0     0    20.0  -33.282  -74.878    257.3   1009.0
     1     1    14     1     4     9     0     0    21.0  -32.776  -75.005    251.3   1015.4
     1     1    14     1     4    10     0     0    22.0  -32.287  -75.111    249.5   1014.0
     1     1    14     1     4    11     0     0    23.0  -31.832  -75.201    251.0   1011.0
     1     1    14     1     4    12     0     0    24.0  -31.419  -75.279    255.6   1008.1
     1     1    14     1     4    13     0     0    25.0  -31.032  -75.342    264.7   1005.1
     1     1    14     1     4    14     0     0    26.0  -30.657  -75.388    279.6   1001.6
     1     1    14     1     4    15     0     0    27.0  -30.289  -75.424    300.1    997.7
     1     1    14     1     4    16     0     0    28.0  -29.925  -75.451    325.7    993.4
     1     1    14     1     4    17     0     0    29.0  -29.564  -75.470    354.2    988.5
     1     1    14     1     4    18     0     0    30.0  -29.210  -75.475    383.4    984.0
     1     1    14     1     4    19     0     0    31.0  -28.873  -75.483    409.3    977.9
     1     1    14     1     4    20     0     0    32.0  -28.564  -75.509    429.5    973.0
     1     1    14     1     4    21     0     0    33.0  -28.278  -75.552    444.5    968.5
     1     1    14     1     4    22     0     0    34.0  -28.013  -75.612    455.2    964.4
     1     1    14     1     4    23     0     0    35.0  -27.766  -75.688    462.4    960.6
     1     1    14     1     5     0     0     0    36.0  -27.535  -75.779    467.0    956.9
     1     1    14     1     5     1     0     0    37.0  -27.326  -75.877    470.9    955.8
     1     1    14     1     5     2     0     0    38.0  -27.146  -75.970    475.7    955.0
     1     1    14     1     5     3     0     0    39.0  -26.993  -76.058    482.3    954.2
     1     1    14     1     5     4     0     0    40.0  -26.868  -76.139    491.5    953.1
     1     1    14     1     5     5     0     0    41.0  -26.768  -76.214    503.8    951.8
     1     1    14     1     5     6     0     0    42.0  -26.695  -76.280    520.0    950.2
     1     1    14     1     5     7     0     0    43.0  -26.636  -76.347    535.8    947.6
     1     1    14     1     5     8     0     0    44.0  -26.579  -76.421    546.5    945.9
     1     1    14     1     5     9     0     0    45.0  -26.521  -76.502    551.4    944.8
     1     1    14     1     5    10     0     0    46.0  -26.461  -76.589    550.2    944.5
     1     1    14     1     5    11     0     0    47.0  -26.396  -76.683    542.7    944.8
     1     1    14     1     5    12     0     0    48.0  -26.325  -76.781    528.8    945.9
