     1     1
    CDC1    14     1     1     0     0
     1 FORWARD  OMEGA   
    14     1    11     0  -40.000  -75.000  1000.0
     1 PRESSURE
     1     1    14     1    11     0     0     0     0.0  -40.000  -75.000   1000.0    905.9
     1     1    14     1    11     1     0     0     1.0  -39.706  -75.083    962.6    911.0
     1     1    14     1    11     2     0     0     2.0  -39.413  -75.182    923.3    916.4
     1     1    14     1    11     3     0     0     3.0  -39.121  -75.295    882.2    921.6
     1     1    14     1    11     4     0     0     4.0  -38.831  -75.418    839.8    927.0
     1     1    14     1    11     5     0     0     5.0  -38.540  -75.551    796.9    932.6
     1     1    14     1    11     6     0     0     6.0  -38.248  -75.689    754.2    938.2
     1     1    14     1    11     7     0     0     7.0  -37.944  -75.835    712.7    943.5
     1     1    14     1    11     8     0     0     8.0  -37.619  -75.990    672.3    948.6
     1     1    14     1    11     9     0     0     9.0  -37.273  -76.152    632.9    953.4
     1     1    14     1    11    10     0     0    10.0  -36.906  -76.314    594.3    957.0
     1     1    14     1    11    11     0     0    11.0  -36.518  -76.469    556.1    960.3
     1     1    14     1    11    12     0     0    12.0  -36.109  -76.615    518.0    963.4
     1     1    14     1    11    13     0     0    13.0  -35.688  -76.731    483.4    966.3
     1     1    14     1    11    14     0     0    14.0  -35.263  -76.804    456.2    968.1
     1     1    14     1    11    15     0     0    15.0  -34.836  -76.837    436.7    969.4
     1     1    14     1    11    16     0     0    16.0  -34.411  -76.835    425.2    969.9
     1     1    14     1    11    17     0     0    17.0  -33.991  -76.801    421.5    969.7
     1     1    14     1    11    18     0     0    18.0  -33.576  -76.739    425.2    969.1
     1     1    14     1    11    19     0     0    19.0  -33.155  -76.659    433.7    968.1
     1     1    14     1    11    20     0     0    20.0  -32.717  -76.572    444.2    967.7
     1     1    14     1    11    21     0     0    21.0  -32.266  -76.483    456.5    967.3
     1     1    14     1    11    22     0     0    22.0  -31.809  -76.397    469.2    966.7
     1     1    14     1    11    23     0     0    23.0  -31.348  -76.320    481.8    965.9
     1     1    14     1    12     0     0     0    24.0  -30.884  -76.253    494.1    964.8
     1     1    14     1    12     1     0     0    25.0  -30.428  -76.210    502.5    963.1
     1     1    14     1    12     2     0     0    26.0  -29.988  -76.198    503.3    962.3
     1     1    14     1    12     3     0     0    27.0  -29.567  -76.215    496.8    960.7
     1     1    14     1    12     4     0     0    28.0  -29.167  -76.260    484.6    959.6
     1     1    14     1    12     5     0     0    29.0  -28.788  -76.329    468.3    958.8
     1     1    14     1    12     6     0     0    30.0  -28.429  -76.414    449.5    958.3
     1     1    14     1    12     7     0     0    31.0  -28.096  -76.511    433.0    958.0
     1     1    14     1    12     8     0     0    32.0  -27.792  -76.615    422.4    956.5
     1     1    14     1    12     9     0     0    33.0  -27.516  -76.728    417.1    954.2
     1     1    14     1    12    10     0     0    34.0  -27.265  -76.845    416.9    954.1
     1     1    14     1    12    11     0     0    35.0  -27.034  -76.962    420.5    953.7
     1     1    14     1    12    12     0     0    36.0  -26.821  -77.078    426.6    953.1
     1     1    14     1    12    13     0     0    37.0  -26.620  -77.188    431.9    952.9
     1     1    14     1    12    14     0     0    38.0  -26.423  -77.286    432.9    953.8
     1     1    14     1    12    15     0     0    39.0  -26.232  -77.376    428.5    955.6
     1     1    14     1    12    16     0     0    40.0  -26.044  -77.458    417.6    958.6
     1     1    14     1    12    17     0     0    41.0  -25.861  -77.533    400.1    962.9
     1     1    14     1    12    18     0     0    42.0  -25.680  -77.602    376.1    968.4
     1     1    14     1    12    19     0     0    43.0  -25.495  -77.667    352.1    972.9
     1     1    14     1    12    20     0     0    44.0  -25.299  -77.730    333.7    976.3
     1     1    14     1    12    21     0     0    45.0  -25.093  -77.789    321.2    979.0
     1     1    14     1    12    22     0     0    46.0  -24.880  -77.845    314.5    980.7
     1     1    14     1    12    23     0     0    47.0  -24.659  -77.898    313.5    981.3
     1     1    14     1    13     0     0     0    48.0  -24.431  -77.946    317.9    981.5
