     1     1
    CDC1    14     1     1     0     0
     1 FORWARD  OMEGA   
    14     1    27     0  -40.000  -75.000  1000.0
     1 PRESSURE
     1     1    14     1    27     0     0     0     0.0  -40.000  -75.000   1000.0    901.2
     1     1    14     1    27     1     0     0     1.0  -39.836  -74.868    994.3    898.9
     1     1    14     1    27     2     0     0     2.0  -39.662  -74.755    989.7    896.8
     1     1    14     1    27     3     0     0     3.0  -39.476  -74.658    986.3    895.1
     1     1    14     1    27     4     0     0     4.0  -39.280  -74.578    984.6    893.7
     1     1    14     1    27     5     0     0     5.0  -39.071  -74.512    984.7    892.5
     1     1    14     1    27     6     0     0     6.0  -38.851  -74.460    987.1    891.5
     1     1    14     1    27     7     0     0     7.0  -38.623  -74.427    990.1    890.6
     1     1    14     1    27     8     0     0     8.0  -38.396  -74.418    992.3    890.6
     1     1    14     1    27     9     0     0     9.0  -38.168  -74.433    992.6    891.4
     1     1    14     1    27    10     0     0    10.0  -37.940  -74.471    989.9    893.1
     1     1    14     1    27    11     0     0    11.0  -37.712  -74.532    983.2    895.9
     1     1    14     1    27    12     0     0    12.0  -37.484  -74.616    971.4    900.0
     1     1    14     1    27    13     0     0    13.0  -37.258  -74.691    960.0    905.5
     1     1    14     1    27    14     0     0    14.0  -37.038  -74.727    954.3    908.7
     1     1    14     1    27    15     0     0    15.0  -36.825  -74.724    955.1    909.9
     1     1    14     1    27    16     0     0    16.0  -36.621  -74.682    963.0    909.1
     1     1    14     1    27    17     0     0    17.0  -36.429  -74.604    978.3    906.4
     1     1    14     1    27    18     0     0    18.0  -36.251  -74.492   1001.2    901.6
     1     1    14     1    27    19     0     0    19.0  -36.084  -74.380   1022.9    895.0
     1     1    14     1    27    20     0     0    20.0  -35.925  -74.297   1035.7    891.3
     1     1    14     1    27    21     0     0    21.0  -35.775  -74.242   1038.9    889.3
     1     1    14     1    27    22     0     0    22.0  -35.633  -74.213   1032.2    889.1
     1     1    14     1    27    23     0     0    23.0  -35.498  -74.209   1015.2    890.8
     1     1    14     1    28     0     0     0    24.0  -35.368  -74.231    987.6    894.5
     1     1    14     1    28     1     0     0    25.0  -35.226  -74.267    957.2    900.9
     1     1    14     1    28     2     0     0    26.0  -35.064  -74.302    931.7    906.1
     1     1    14     1    28     3     0     0    27.0  -34.882  -74.338    911.7    910.6
     1     1    14     1    28     4     0     0    28.0  -34.681  -74.375    897.5    914.8
     1     1    14     1    28     5     0     0    29.0  -34.461  -74.414    889.2    918.6
     1     1    14     1    28     6     0     0    30.0  -34.220  -74.458    887.0    922.0
     1     1    14     1    28     7     0     0    31.0  -33.971  -74.509    885.5    924.2
     1     1    14     1    28     8     0     0    32.0  -33.724  -74.567    880.2    927.6
     1     1    14     1    28     9     0     0    33.0  -33.481  -74.631    871.5    931.4
     1     1    14     1    28    10     0     0    34.0  -33.241  -74.701    859.8    935.7
     1     1    14     1    28    11     0     0    35.0  -33.005  -74.776    845.6    940.3
     1     1    14     1    28    12     0     0    36.0  -32.773  -74.855    829.3    945.2
     1     1    14     1    28    13     0     0    37.0  -32.542  -74.919    815.7    950.8
     1     1    14     1    28    14     0     0    38.0  -32.310  -74.954    807.0    953.2
     1     1    14     1    28    15     0     0    39.0  -32.078  -74.962    803.4    953.7
     1     1    14     1    28    16     0     0    40.0  -31.845  -74.944    804.1    952.9
     1     1    14     1    28    17     0     0    41.0  -31.611  -74.900    808.5    950.9
     1     1    14     1    28    18     0     0    42.0  -31.376  -74.831    815.8    947.8
     1     1    14     1    28    19     0     0    43.0  -31.139  -74.757    822.1    943.2
     1     1    14     1    28    20     0     0    44.0  -30.895  -74.700    824.4    939.9
     1     1    14     1    28    21     0     0    45.0  -30.642  -74.658    822.5    937.6
     1     1    14     1    28    22     0     0    46.0  -30.379  -74.632    816.3    936.3
     1     1    14     1    28    23     0     0    47.0  -30.102  -74.622    805.8    935.7
     1     1    14     1    29     0     0     0    48.0  -29.810  -74.627    791.0    936.5
