     1     1
    CDC1    14     1     1     0     0
     1 FORWARD  OMEGA   
    14     1    17    18  -40.000  -75.000  1000.0
     1 PRESSURE
     1     1    14     1    17    18     0     0     0.0  -40.000  -75.000   1000.0    901.3
     1     1    14     1    17    19     0     0     1.0  -39.933  -74.834    998.0    897.6
     1     1    14     1    17    20     0     0     2.0  -39.865  -74.673    997.9    893.6
     1     1    14     1    17    21     0     0     3.0  -39.795  -74.516    999.3    889.6
     1     1    14     1    17    22     0     0     4.0  -39.723  -74.361   1001.6    885.6
     1     1    14     1    17    23     0     0     5.0  -39.648  -74.208   1004.4    881.6
     1     1    14     1    18     0     0     0     6.0  -39.569  -74.055   1007.4    877.6
     1     1    14     1    18     1     0     0     7.0  -39.496  -73.911   1008.8    873.8
     1     1    14     1    18     2     0     0     8.0  -39.437  -73.780   1007.4    870.7
     1     1    14     1    18     3     0     0     9.0  -39.391  -73.661   1002.4    868.3
     1     1    14     1    18     4     0     0    10.0  -39.354  -73.554    993.2    866.6
     1     1    14     1    18     5     0     0    11.0  -39.327  -73.457    979.5    865.6
     1     1    14     1    18     6     0     0    12.0  -39.306  -73.372    960.9    865.5
     1     1    14     1    18     7     0     0    13.0  -39.283  -73.299    940.4    866.3
     1     1    14     1    18     8     0     0    14.0  -39.250  -73.243    921.8    867.0
     1     1    14     1    18     9     0     0    15.0  -39.208  -73.205    905.0    867.8
     1     1    14     1    18    10     0     0    16.0  -39.159  -73.187    890.2    868.9
     1     1    14     1    18    11     0     0    17.0  -39.106  -73.191    877.4    870.4
     1     1    14     1    18    12     0     0    18.0  -39.050  -73.218    866.4    872.3
     1     1    14     1    18    13     0     0    19.0  -38.997  -73.252    860.4    874.2
     1     1    14     1    18    14     0     0    20.0  -38.955  -73.269    862.5    874.6
     1     1    14     1    18    15     0     0    21.0  -38.920  -73.268    872.7    873.7
     1     1    14     1    18    16     0     0    22.0  -38.895  -73.245    891.0    871.4
     1     1    14     1    18    17     0     0    23.0  -38.878  -73.201    917.7    867.7
     1     1    14     1    18    18     0     0    24.0  -38.871  -73.133    953.2    862.3
     1     1    14     1    18    19     0     0    25.0  -38.875  -73.062    990.2    855.5
     1     1    14     1    18    20     0     0    26.0  -38.890  -73.011   1020.4    850.8
     1     1    14     1    18    21     0     0    27.0  -38.915  -72.980   1042.9    847.5
     1     1    14     1    18    22     0     0    28.0  -38.949  -72.972   1057.2    845.6
     1     1    14     1    18    23     0     0    29.0  -38.993  -72.987   1062.7    845.2
     1     1    14     1    19     0     0     0    30.0  -39.044  -73.028   1059.6    846.3
     1     1    14     1    19     1     0     0    31.0  -39.110  -73.079   1055.8    848.9
     1     1    14     1    19     2     0     0    32.0  -39.198  -73.123   1058.7    849.8
     1     1    14     1    19     3     0     0    33.0  -39.307  -73.155   1068.2    849.6
     1     1    14     1    19     4     0     0    34.0  -39.438  -73.172   1084.3    848.4
     1     1    14     1    19     5     0     0    35.0  -39.592  -73.170   1107.1    846.0
     1     1    14     1    19     6     0     0    36.0  -39.771  -73.148   1137.1    842.4
     1     1    14     1    19     7     0     0    37.0  -39.969  -73.098   1168.6    836.9
     1     1    14     1    19     8     0     0    38.0  -40.177  -73.015   1195.9    831.7
     1     1    14     1    19     9     0     0    39.0  -40.391  -72.891   1219.0    826.0
     1     1    14     1    19    10     0     0    40.0  -40.613  -72.720   1238.2    819.6
     1     1    14     1    19    11     0     0    41.0  -40.841  -72.497   1253.9    812.6
     1     1    14     1    19    12     0     0    42.0  -41.074  -72.213   1268.1    806.4
     1     1    14     1    19    13     0     0    43.0  -41.289  -71.865   1285.8    799.2
     1     1    14     1    19    14     0     0    44.0  -41.475  -71.453   1314.0    789.6
     1     1    14     1    19    15     0     0    45.0  -41.638  -70.977   1350.9    778.4
     1     1    14     1    19    16     0     0    46.0  -41.785  -70.437   1395.5    765.8
     1     1    14     1    19    17     0     0    47.0  -41.920  -69.837   1449.2    756.3
     1     1    14     1    19    18     0     0    48.0  -42.042  -69.202   1511.1    758.9
