     1     1
    CDC1    14     1     1     0     0
     1 FORWARD  OMEGA   
    14     1    14     0  -40.000  -75.000  1000.0
     1 PRESSURE
     1     1    14     1    14     0     0     0     0.0  -40.000  -75.000   1000.0    904.8
     1     1    14     1    14     1     0     0     1.0  -39.821  -74.810    972.3    903.8
     1     1    14     1    14     2     0     0     2.0  -39.644  -74.643    947.0    902.9
     1     1    14     1    14     3     0     0     3.0  -39.468  -74.499    923.3    902.2
     1     1    14     1    14     4     0     0     4.0  -39.292  -74.374    900.8    901.6
     1     1    14     1    14     5     0     0     5.0  -39.118  -74.267    879.0    901.3
     1     1    14     1    14     6     0     0     6.0  -38.944  -74.176    857.7    901.4
     1     1    14     1    14     7     0     0     7.0  -38.753  -74.096    836.3    901.9
     1     1    14     1    14     8     0     0     8.0  -38.528  -74.023    813.8    902.9
     1     1    14     1    14     9     0     0     9.0  -38.266  -73.957    790.5    904.1
     1     1    14     1    14    10     0     0    10.0  -37.967  -73.899    766.7    905.8
     1     1    14     1    14    11     0     0    11.0  -37.629  -73.848    742.7    907.7
     1     1    14     1    14    12     0     0    12.0  -37.254  -73.804    719.4    910.0
     1     1    14     1    14    13     0     0    13.0  -36.865  -73.755    700.8    912.1
     1     1    14     1    14    14     0     0    14.0  -36.481  -73.689    690.3    912.3
     1     1    14     1    14    15     0     0    15.0  -36.101  -73.609    687.7    911.2
     1     1    14     1    14    16     0     0    16.0  -35.726  -73.517    692.6    908.8
     1     1    14     1    14    17     0     0    17.0  -35.359  -73.420    704.4    905.4
     1     1    14     1    14    18     0     0    18.0  -35.001  -73.320    721.8    901.3
     1     1    14     1    14    19     0     0    19.0  -34.645  -73.237    742.2    897.2
     1     1    14     1    14    20     0     0    20.0  -34.286  -73.184    763.7    894.3
     1     1    14     1    14    21     0     0    21.0  -33.924  -73.156    785.6    892.1
     1     1    14     1    14    22     0     0    22.0  -33.559  -73.148    807.7    890.6
     1     1    14     1    14    23     0     0    23.0  -33.194  -73.158    829.4    889.6
     1     1    14     1    15     0     0     0    24.0  -32.828  -73.180    850.2    889.1
     1     1    14     1    15     1     0     0    25.0  -32.472  -73.220    865.5    889.9
     1     1    14     1    15     2     0     0    26.0  -32.133  -73.284    871.2    891.2
     1     1    14     1    15     3     0     0    27.0  -31.807  -73.370    868.0    894.1
     1     1    14     1    15     4     0     0    28.0  -31.491  -73.476    858.0    898.2
     1     1    14     1    15     5     0     0    29.0  -31.185  -73.604    843.1    903.3
     1     1    14     1    15     6     0     0    30.0  -30.885  -73.752    825.2    909.4
     1     1    14     1    15     7     0     0    31.0  -30.593  -73.900    810.4    915.1
     1     1    14     1    15     8     0     0    32.0  -30.317  -74.029    803.5    918.7
     1     1    14     1    15     9     0     0    33.0  -30.059  -74.145    803.7    921.2
     1     1    14     1    15    10     0     0    34.0  -29.822  -74.252    809.9    923.4
     1     1    14     1    15    11     0     0    35.0  -29.607  -74.355    820.7    924.9
     1     1    14     1    15    12     0     0    36.0  -29.414  -74.457    835.3    925.7
     1     1    14     1    15    13     0     0    37.0  -29.240  -74.558    852.1    926.3
     1     1    14     1    15    14     0     0    38.0  -29.082  -74.659    869.1    926.7
     1     1    14     1    15    15     0     0    39.0  -28.941  -74.760    884.8    927.1
     1     1    14     1    15    16     0     0    40.0  -28.819  -74.864    897.8    927.5
     1     1    14     1    15    17     0     0    41.0  -28.718  -74.969    906.7    928.2
     1     1    14     1    15    18     0     0    42.0  -28.639  -75.078    910.0    927.3
     1     1    14     1    15    19     0     0    43.0  -28.559  -75.177    912.1    925.3
     1     1    14     1    15    20     0     0    44.0  -28.457  -75.250    915.5    922.9
     1     1    14     1    15    21     0     0    45.0  -28.333  -75.297    921.0    920.7
     1     1    14     1    15    22     0     0    46.0  -28.186  -75.316    928.9    918.4
     1     1    14     1    15    23     0     0    47.0  -28.017  -75.306    940.0    916.2
     1     1    14     1    16     0     0     0    48.0  -27.826  -75.267    955.3    913.7
