     1     1
    CDC1    14     1     1     0     0
     1 FORWARD  OMEGA   
    14     1     1    12  -40.000  -75.000  1000.0
     1 PRESSURE
     1     1    14     1     1    12     0     0     0.0  -40.000  -75.000   1000.0    898.4
     1     1    14     1     1    13     0     0     1.0  -39.882  -74.548   1036.5    882.6
     1     1    14     1     1    14     0     0     2.0  -39.747  -74.079   1058.1    868.5
     1     1    14     1     1    15     0     0     3.0  -39.593  -73.598   1066.3    855.4
     1     1    14     1     1    16     0     0     4.0  -39.417  -73.109   1062.8    843.2
     1     1    14     1     1    17     0     0     5.0  -39.218  -72.615   1049.7    831.7
     1     1    14     1     1    18     0     0     6.0  -39.002  -72.124   1033.3    823.3
     1     1    14     1     1    19     0     0     7.0  -38.798  -71.650   1018.6    814.9
     1     1    14     1     1    20     0     0     8.0  -38.625  -71.195   1005.8    806.0
     1     1    14     1     1    21     0     0     9.0  -38.481  -70.755    991.1    797.4
     1     1    14     1     1    22     0     0    10.0  -38.361  -70.326    971.3    789.5
     1     1    14     1     1    23     0     0    11.0  -38.261  -69.910    944.6    786.2
     1     1    14     1     2     0     0     0    12.0  -38.172  -69.514    913.6    796.8
     1     1    14     1     2     1     0     0    13.0  -38.077  -69.135    883.7    808.0
     1     1    14     1     2     2     0     0    14.0  -37.961  -68.768    865.7    816.9
     1     1    14     1     2     3     0     0    15.0  -37.822  -68.417    861.0    824.3
     1     1    14     1     2     4     0     0    16.0  -37.655  -68.089    871.4    830.0
     1     1    14     1     2     5     0     0    17.0  -37.459  -67.791    899.2    833.1
     1     1    14     1     2     6     0     0    18.0  -37.242  -67.523    947.2    830.8
     1     1    14     1     2     7     0     0    19.0  -37.021  -67.272   1008.7    826.2
     1     1    14     1     2     8     0     0    20.0  -36.801  -67.025   1071.7    823.2
     1     1    14     1     2     9     0     0    21.0  -36.576  -66.781   1135.5    820.5
     1     1    14     1     2    10     0     0    22.0  -36.343  -66.538   1199.7    818.2
     1     1    14     1     2    11     0     0    23.0  -36.097  -66.297   1264.4    816.1
     1     1    14     1     2    12     0     0    24.0  -35.837  -66.058   1330.5    813.6
     1     1    14     1     2    13     0     0    25.0  -35.582  -65.824   1396.0    811.2
     1     1    14     1     2    14     0     0    26.0  -35.350  -65.595   1454.7    809.9
     1     1    14     1     2    15     0     0    27.0  -35.136  -65.368   1502.6    810.1
     1     1    14     1     2    16     0     0    28.0  -34.938  -65.140   1536.2    812.6
     1     1    14     1     2    17     0     0    29.0  -34.756  -64.910   1551.2    815.5
     1     1    14     1     2    18     0     0    30.0  -34.586  -64.675   1545.0    816.4
     1     1    14     1     2    19     0     0    31.0  -34.404  -64.445   1528.1    819.0
     1     1    14     1     2    20     0     0    32.0  -34.189  -64.230   1508.8    820.9
     1     1    14     1     2    21     0     0    33.0  -33.939  -64.032   1485.9    822.8
     1     1    14     1     2    22     0     0    34.0  -33.652  -63.852   1457.8    825.0
     1     1    14     1     2    23     0     0    35.0  -33.325  -63.693   1422.8    827.7
     1     1    14     1     3     0     0     0    36.0  -32.956  -63.559   1378.7    831.0
     1     1    14     1     3     1     0     0    37.0  -32.571  -63.466   1331.3    836.2
     1     1    14     1     3     2     0     0    38.0  -32.205  -63.428   1294.7    842.7
     1     1    14     1     3     3     0     0    39.0  -31.867  -63.441   1273.3    847.4
     1     1    14     1     3     4     0     0    40.0  -31.557  -63.500   1266.2    850.5
     1     1    14     1     3     5     0     0    41.0  -31.276  -63.600   1271.9    852.1
     1     1    14     1     3     6     0     0    42.0  -31.023  -63.739   1289.1    852.3
     1     1    14     1     3     7     0     0    43.0  -30.795  -63.903   1315.9    850.6
     1     1    14     1     3     8     0     0    44.0  -30.587  -64.078   1350.4    847.9
     1     1    14     1     3     9     0     0    45.0  -30.400  -64.255   1391.6    844.3
     1     1    14     1     3    10     0     0    46.0  -30.232  -64.429   1438.5    840.1
     1     1    14     1     3    11     0     0    47.0  -30.085  -64.595   1490.4    835.2
     1     1    14     1     3    12     0     0    48.0  -29.958  -64.749   1546.4    828.9
