     1     1
    CDC1    14     1     1     0     0
     1 FORWARD  OMEGA   
    14     1    17     6  -40.000  -75.000  1000.0
     1 PRESSURE
     1     1    14     1    17     6     0     0     0.0  -40.000  -75.000   1000.0    901.5
     1     1    14     1    17     7     0     0     1.0  -39.735  -74.989    980.0    903.9
     1     1    14     1    17     8     0     0     2.0  -39.477  -75.026    964.1    906.4
     1     1    14     1    17     9     0     0     3.0  -39.232  -75.107    951.9    908.2
     1     1    14     1    17    10     0     0     4.0  -39.002  -75.228    943.6    909.6
     1     1    14     1    17    11     0     0     5.0  -38.792  -75.386    939.4    910.4
     1     1    14     1    17    12     0     0     6.0  -38.603  -75.575    939.4    910.7
     1     1    14     1    17    13     0     0     7.0  -38.445  -75.761    943.8    910.8
     1     1    14     1    17    14     0     0     8.0  -38.320  -75.908    951.6    910.4
     1     1    14     1    17    15     0     0     9.0  -38.227  -76.012    962.4    909.5
     1     1    14     1    17    16     0     0    10.0  -38.164  -76.071    975.5    908.4
     1     1    14     1    17    17     0     0    11.0  -38.130  -76.081    990.7    907.0
     1     1    14     1    17    18     0     0    12.0  -38.123  -76.041   1008.0    905.4
     1     1    14     1    17    19     0     0    13.0  -38.125  -75.983   1026.6    903.2
     1     1    14     1    17    20     0     0    14.0  -38.119  -75.943   1045.2    901.1
     1     1    14     1    17    21     0     0    15.0  -38.107  -75.922   1063.5    899.0
     1     1    14     1    17    22     0     0    16.0  -38.087  -75.920   1081.2    897.1
     1     1    14     1    17    23     0     0    17.0  -38.061  -75.939   1098.2    895.2
     1     1    14     1    18     0     0     0    18.0  -38.028  -75.979   1114.3    893.3
     1     1    14     1    18     1     0     0    19.0  -38.002  -76.036   1128.9    891.7
     1     1    14     1    18     2     0     0    20.0  -37.997  -76.105   1141.8    890.2
     1     1    14     1    18     3     0     0    21.0  -38.012  -76.183   1152.8    888.9
     1     1    14     1    18     4     0     0    22.0  -38.047  -76.270   1162.0    887.8
     1     1    14     1    18     5     0     0    23.0  -38.100  -76.365   1169.6    886.9
     1     1    14     1    18     6     0     0    24.0  -38.173  -76.468   1176.0    886.1
     1     1    14     1    18     7     0     0    25.0  -38.252  -76.582   1181.7    885.4
     1     1    14     1    18     8     0     0    26.0  -38.326  -76.713   1188.5    884.6
     1     1    14     1    18     9     0     0    27.0  -38.397  -76.859   1196.4    883.7
     1     1    14     1    18    10     0     0    28.0  -38.463  -77.021   1205.5    882.6
     1     1    14     1    18    11     0     0    29.0  -38.527  -77.199   1216.1    881.3
     1     1    14     1    18    12     0     0    30.0  -38.587  -77.392   1228.3    879.9
     1     1    14     1    18    13     0     0    31.0  -38.646  -77.581   1242.5    878.5
     1     1    14     1    18    14     0     0    32.0  -38.703  -77.746   1257.3    876.7
     1     1    14     1    18    15     0     0    33.0  -38.756  -77.888   1272.8    875.0
     1     1    14     1    18    16     0     0    34.0  -38.807  -78.009   1288.6    873.4
     1     1    14     1    18    17     0     0    35.0  -38.853  -78.111   1304.6    871.7
     1     1    14     1    18    18     0     0    36.0  -38.897  -78.195   1320.7    869.9
     1     1    14     1    18    19     0     0    37.0  -38.941  -78.283   1335.0    867.5
     1     1    14     1    18    20     0     0    38.0  -38.989  -78.398   1345.7    865.6
     1     1    14     1    18    21     0     0    39.0  -39.041  -78.541   1353.0    864.0
     1     1    14     1    18    22     0     0    40.0  -39.098  -78.710   1357.4    862.6
     1     1    14     1    18    23     0     0    41.0  -39.162  -78.907   1359.6    861.4
     1     1    14     1    19     0     0     0    42.0  -39.234  -79.130   1360.6    860.2
     1     1    14     1    19     1     0     0    43.0  -39.319  -79.351   1362.9    859.4
     1     1    14     1    19     2     0     0    44.0  -39.419  -79.540   1367.8    858.2
     1     1    14     1    19     3     0     0    45.0  -39.534  -79.698   1375.0    856.9
     1     1    14     1    19     4     0     0    46.0  -39.661  -79.825   1384.2    855.5
     1     1    14     1    19     5     0     0    47.0  -39.801  -79.920   1395.4    854.0
     1     1    14     1    19     6     0     0    48.0  -39.951  -79.984   1408.5    852.4
