     1     1
    CDC1    14     1     1     0     0
     1 FORWARD  OMEGA   
    14     1    29     0  -40.000  -75.000  1000.0
     1 PRESSURE
     1     1    14     1    29     0     0     0     0.0  -40.000  -75.000   1000.0    903.7
     1     1    14     1    29     1     0     0     1.0  -39.867  -74.817    969.8    903.3
     1     1    14     1    29     2     0     0     2.0  -39.753  -74.620    945.1    901.4
     1     1    14     1    29     3     0     0     3.0  -39.658  -74.408    925.1    898.4
     1     1    14     1    29     4     0     0     4.0  -39.584  -74.177    909.7    894.1
     1     1    14     1    29     5     0     0     5.0  -39.530  -73.925    898.2    888.9
     1     1    14     1    29     6     0     0     6.0  -39.500  -73.646    890.3    882.4
     1     1    14     1    29     7     0     0     7.0  -39.474  -73.360    882.6    875.1
     1     1    14     1    29     8     0     0     8.0  -39.436  -73.092    871.2    868.8
     1     1    14     1    29     9     0     0     9.0  -39.383  -72.844    855.4    863.4
     1     1    14     1    29    10     0     0    10.0  -39.315  -72.620    834.5    859.0
     1     1    14     1    29    11     0     0    11.0  -39.234  -72.422    808.0    856.5
     1     1    14     1    29    12     0     0    12.0  -39.144  -72.251    775.8    855.9
     1     1    14     1    29    13     0     0    13.0  -39.056  -72.084    744.2    856.6
     1     1    14     1    29    14     0     0    14.0  -38.984  -71.894    719.6    855.3
     1     1    14     1    29    15     0     0    15.0  -38.927  -71.677    702.3    852.7
     1     1    14     1    29    16     0     0    16.0  -38.886  -71.431    692.4    848.7
     1     1    14     1    29    17     0     0    17.0  -38.863  -71.153    690.2    843.2
     1     1    14     1    29    18     0     0    18.0  -38.859  -70.844    696.0    836.2
     1     1    14     1    29    19     0     0    19.0  -38.866  -70.518    702.1    827.8
     1     1    14     1    29    20     0     0    20.0  -38.873  -70.189    700.1    820.8
     1     1    14     1    29    21     0     0    21.0  -38.877  -69.858    691.8    820.1
     1     1    14     1    29    22     0     0    22.0  -38.875  -69.530    678.3    827.4
     1     1    14     1    29    23     0     0    23.0  -38.866  -69.210    659.2    835.1
     1     1    14     1    30     0     0     0    24.0  -38.851  -68.898    635.7    843.1
     1     1    14     1    30     1     0     0    25.0  -38.831  -68.591    612.5    851.9
     1     1    14     1    30     2     0     0    26.0  -38.808  -68.285    592.5    859.6
     1     1    14     1    30     3     0     0    27.0  -38.780  -67.979    575.5    867.1
     1     1    14     1    30     4     0     0    28.0  -38.746  -67.674    560.7    874.4
     1     1    14     1    30     5     0     0    29.0  -38.708  -67.367    547.6    882.3
     1     1    14     1    30     6     0     0    30.0  -38.670  -67.056    536.2    891.2
     1     1    14     1    30     7     0     0    31.0  -38.646  -66.739    525.3    899.7
     1     1    14     1    30     8     0     0    32.0  -38.642  -66.415    514.1    908.4
     1     1    14     1    30     9     0     0    33.0  -38.653  -66.083    502.0    917.5
     1     1    14     1    30    10     0     0    34.0  -38.673  -65.746    488.8    926.8
     1     1    14     1    30    11     0     0    35.0  -38.696  -65.404    473.8    936.4
     1     1    14     1    30    12     0     0    36.0  -38.719  -65.061    456.8    946.3
     1     1    14     1    30    13     0     0    37.0  -38.744  -64.721    439.2    949.3
     1     1    14     1    30    14     0     0    38.0  -38.777  -64.386    424.9    950.0
     1     1    14     1    30    15     0     0    39.0  -38.817  -64.056    413.8    950.2
     1     1    14     1    30    16     0     0    40.0  -38.864  -63.733    405.1    950.3
     1     1    14     1    30    17     0     0    41.0  -38.918  -63.419    398.2    950.1
     1     1    14     1    30    18     0     0    42.0  -38.975  -63.116    392.2    949.9
     1     1    14     1    30    19     0     0    43.0  -39.039  -62.817    388.4    949.9
     1     1    14     1    30    20     0     0    44.0  -39.109  -62.515    388.1    949.3
     1     1    14     1    30    21     0     0    45.0  -39.188  -62.211    391.8    948.6
     1     1    14     1    30    22     0     0    46.0  -39.276  -61.904    399.9    947.4
     1     1    14     1    30    23     0     0    47.0  -39.374  -61.599    412.5    945.6
     1     1    14     1    31     0     0     0    48.0  -39.484  -61.297    430.1    943.3
