     1     1
    CDC1    14     1     1     0     0
     1 FORWARD  OMEGA   
    14     1    23    12  -40.000  -75.000  1000.0
     1 PRESSURE
     1     1    14     1    23    12     0     0     0.0  -40.000  -75.000   1000.0    898.3
     1     1    14     1    23    13     0     0     1.0  -39.747  -74.884   1000.6    896.4
     1     1    14     1    23    14     0     0     2.0  -39.505  -74.755   1000.3    894.2
     1     1    14     1    23    15     0     0     3.0  -39.271  -74.614    998.8    891.8
     1     1    14     1    23    16     0     0     4.0  -39.044  -74.460    995.7    889.0
     1     1    14     1    23    17     0     0     5.0  -38.820  -74.294    990.5    886.1
     1     1    14     1    23    18     0     0     6.0  -38.598  -74.117    982.9    883.1
     1     1    14     1    23    19     0     0     7.0  -38.381  -73.947    973.7    880.3
     1     1    14     1    23    20     0     0     8.0  -38.172  -73.801    963.8    878.0
     1     1    14     1    23    21     0     0     9.0  -37.972  -73.684    952.3    876.5
     1     1    14     1    23    22     0     0    10.0  -37.782  -73.598    938.2    876.3
     1     1    14     1    23    23     0     0    11.0  -37.600  -73.547    920.7    877.3
     1     1    14     1    24     0     0     0    12.0  -37.428  -73.532    899.3    879.7
     1     1    14     1    24     1     0     0    13.0  -37.250  -73.547    876.2    883.7
     1     1    14     1    24     2     0     0    14.0  -37.053  -73.584    853.2    888.2
     1     1    14     1    24     3     0     0    15.0  -36.835  -73.642    830.4    893.5
     1     1    14     1    24     4     0     0    16.0  -36.596  -73.721    808.0    899.6
     1     1    14     1    24     5     0     0    17.0  -36.334  -73.822    785.9    906.4
     1     1    14     1    24     6     0     0    18.0  -36.051  -73.942    764.2    914.0
     1     1    14     1    24     7     0     0    19.0  -35.758  -74.083    742.9    922.1
     1     1    14     1    24     8     0     0    20.0  -35.468  -74.244    722.2    930.9
     1     1    14     1    24     9     0     0    21.0  -35.181  -74.423    702.5    940.4
     1     1    14     1    24    10     0     0    22.0  -34.894  -74.619    684.3    950.5
     1     1    14     1    24    11     0     0    23.0  -34.608  -74.827    668.0    960.9
     1     1    14     1    24    12     0     0    24.0  -34.318  -75.043    653.5    969.4
     1     1    14     1    24    13     0     0    25.0  -34.016  -75.247    638.8    969.6
     1     1    14     1    24    14     0     0    26.0  -33.695  -75.419    626.1    969.4
     1     1    14     1    24    15     0     0    27.0  -33.353  -75.558    614.9    969.4
     1     1    14     1    24    16     0     0    28.0  -32.992  -75.663    605.0    969.5
     1     1    14     1    24    17     0     0    29.0  -32.611  -75.731    596.5    969.9
     1     1    14     1    24    18     0     0    30.0  -32.213  -75.763    589.0    969.8
     1     1    14     1    24    19     0     0    31.0  -31.809  -75.769    583.1    969.0
     1     1    14     1    24    20     0     0    32.0  -31.407  -75.762    579.4    968.0
     1     1    14     1    24    21     0     0    33.0  -31.006  -75.742    577.5    967.0
     1     1    14     1    24    22     0     0    34.0  -30.607  -75.712    576.7    966.0
     1     1    14     1    24    23     0     0    35.0  -30.208  -75.672    576.5    965.0
     1     1    14     1    25     0     0     0    36.0  -29.810  -75.624    575.8    963.7
     1     1    14     1    25     1     0     0    37.0  -29.406  -75.580    571.7    962.8
     1     1    14     1    25     2     0     0    38.0  -28.994  -75.549    562.7    962.6
     1     1    14     1    25     3     0     0    39.0  -28.576  -75.529    549.9    962.7
     1     1    14     1    25     4     0     0    40.0  -28.155  -75.514    534.6    963.1
     1     1    14     1    25     5     0     0    41.0  -27.735  -75.503    518.2    963.6
     1     1    14     1    25     6     0     0    42.0  -27.323  -75.492    501.6    964.6
     1     1    14     1    25     7     0     0    43.0  -26.933  -75.481    484.4    965.9
     1     1    14     1    25     8     0     0    44.0  -26.577  -75.473    465.4    967.5
     1     1    14     1    25     9     0     0    45.0  -26.249  -75.465    444.2    969.4
     1     1    14     1    25    10     0     0    46.0  -25.945  -75.456    420.7    971.8
     1     1    14     1    25    11     0     0    47.0  -25.662  -75.446    394.5    974.5
     1     1    14     1    25    12     0     0    48.0  -25.396  -75.433    365.5    977.3
