     1     1
    CDC1    14     1     1     0     0
     1 FORWARD  OMEGA   
    14     1    19    18  -40.000  -75.000  1000.0
     1 PRESSURE
     1     1    14     1    19    18     0     0     0.0  -40.000  -75.000   1000.0    898.0
     1     1    14     1    19    19     0     0     1.0  -40.058  -74.727   1051.0    885.6
     1     1    14     1    19    20     0     0     2.0  -40.122  -74.475   1099.3    874.1
     1     1    14     1    19    21     0     0     3.0  -40.187  -74.237   1143.5    863.5
     1     1    14     1    19    22     0     0     4.0  -40.254  -74.005   1182.6    853.8
     1     1    14     1    19    23     0     0     5.0  -40.319  -73.774   1215.6    844.9
     1     1    14     1    20     0     0     0     6.0  -40.381  -73.542   1241.7    836.7
     1     1    14     1    20     1     0     0     7.0  -40.442  -73.303   1261.9    829.0
     1     1    14     1    20     2     0     0     8.0  -40.501  -73.050   1276.9    821.2
     1     1    14     1    20     3     0     0     9.0  -40.558  -72.783   1286.2    813.5
     1     1    14     1    20     4     0     0    10.0  -40.610  -72.500   1289.1    806.1
     1     1    14     1    20     5     0     0    11.0  -40.660  -72.200   1286.8    801.1
     1     1    14     1    20     6     0     0    12.0  -40.709  -71.882   1278.2    796.6
     1     1    14     1    20     7     0     0    13.0  -40.763  -71.539   1267.1    792.3
     1     1    14     1    20     8     0     0    14.0  -40.828  -71.162   1257.7    786.8
     1     1    14     1    20     9     0     0    15.0  -40.900  -70.749   1249.4    780.6
     1     1    14     1    20    10     0     0    16.0  -40.979  -70.301   1241.3    773.8
     1     1    14     1    20    11     0     0    17.0  -41.059  -69.820   1236.3    771.9
     1     1    14     1    20    12     0     0    18.0  -41.127  -69.319   1236.4    779.3
     1     1    14     1    20    13     0     0    19.0  -41.168  -68.806   1234.0    786.6
     1     1    14     1    20    14     0     0    20.0  -41.179  -68.288   1227.6    794.4
     1     1    14     1    20    15     0     0    21.0  -41.161  -67.771   1214.4    802.9
     1     1    14     1    20    16     0     0    22.0  -41.118  -67.263   1194.4    813.5
     1     1    14     1    20    17     0     0    23.0  -41.060  -66.780   1168.7    825.9
     1     1    14     1    20    18     0     0    24.0  -40.994  -66.329   1137.1    838.2
     1     1    14     1    20    19     0     0    25.0  -40.921  -65.901   1102.7    851.0
     1     1    14     1    20    20     0     0    26.0  -40.843  -65.486   1069.2    863.0
     1     1    14     1    20    21     0     0    27.0  -40.761  -65.085   1037.3    874.6
     1     1    14     1    20    22     0     0    28.0  -40.687  -64.691   1007.3    880.1
     1     1    14     1    20    23     0     0    29.0  -40.632  -64.299    983.8    883.0
     1     1    14     1    21     0     0     0    30.0  -40.599  -63.909    968.2    885.0
     1     1    14     1    21     1     0     0    31.0  -40.583  -63.499    957.1    887.1
     1     1    14     1    21     2     0     0    32.0  -40.573  -63.049    946.5    889.6
     1     1    14     1    21     3     0     0    33.0  -40.562  -62.556    939.2    891.8
     1     1    14     1    21     4     0     0    34.0  -40.549  -62.013    938.3    892.2
     1     1    14     1    21     5     0     0    35.0  -40.540  -61.412    948.2    891.0
     1     1    14     1    21     6     0     0    36.0  -40.534  -60.752    973.3    888.1
     1     1    14     1    21     7     0     0    37.0  -40.529  -60.066   1015.2    882.5
     1     1    14     1    21     8     0     0    38.0  -40.517  -59.390   1067.2    878.7
     1     1    14     1    21     9     0     0    39.0  -40.496  -58.731   1122.5    875.2
     1     1    14     1    21    10     0     0    40.0  -40.461  -58.096   1178.6    871.6
     1     1    14     1    21    11     0     0    41.0  -40.409  -57.490   1232.9    868.1
     1     1    14     1    21    12     0     0    42.0  -40.341  -56.915   1278.3    862.1
     1     1    14     1    21    13     0     0    43.0  -40.288  -56.338   1310.0    857.9
     1     1    14     1    21    14     0     0    44.0  -40.278  -55.733   1327.0    855.2
     1     1    14     1    21    15     0     0    45.0  -40.312  -55.097   1330.6    853.9
     1     1    14     1    21    16     0     0    46.0  -40.388  -54.430   1323.7    853.2
     1     1    14     1    21    17     0     0    47.0  -40.510  -53.735   1311.9    852.8
     1     1    14     1    21    18     0     0    48.0  -40.680  -53.018   1301.0    852.3
