     1     1
    CDC1    14     1     1     0     0
     1 FORWARD  OMEGA   
    14     1    20     6  -40.000  -75.000  1000.0
     1 PRESSURE
     1     1    14     1    20     6     0     0     0.0  -40.000  -75.000   1000.0    896.9
     1     1    14     1    20     7     0     0     1.0  -40.151  -74.954   1015.5    893.8
     1     1    14     1    20     8     0     0     2.0  -40.295  -74.875   1034.5    889.1
     1     1    14     1    20     9     0     0     3.0  -40.433  -74.761   1056.4    883.4
     1     1    14     1    20    10     0     0     4.0  -40.566  -74.610   1080.4    876.6
     1     1    14     1    20    11     0     0     5.0  -40.694  -74.419   1106.1    868.6
     1     1    14     1    20    12     0     0     6.0  -40.820  -74.187   1133.0    859.6
     1     1    14     1    20    13     0     0     7.0  -40.944  -73.915   1161.8    849.9
     1     1    14     1    20    14     0     0     8.0  -41.065  -73.607   1192.4    839.1
     1     1    14     1    20    15     0     0     9.0  -41.182  -73.262   1225.8    827.2
     1     1    14     1    20    16     0     0    10.0  -41.294  -72.881   1262.8    814.1
     1     1    14     1    20    17     0     0    11.0  -41.400  -72.465   1303.9    799.8
     1     1    14     1    20    18     0     0    12.0  -41.498  -72.010   1347.1    787.4
     1     1    14     1    20    19     0     0    13.0  -41.583  -71.504   1381.1    775.0
     1     1    14     1    20    20     0     0    14.0  -41.655  -70.936   1398.7    764.0
     1     1    14     1    20    21     0     0    15.0  -41.713  -70.311   1399.6    754.0
     1     1    14     1    20    22     0     0    16.0  -41.755  -69.645   1391.3    754.9
     1     1    14     1    20    23     0     0    17.0  -41.776  -68.957   1375.3    766.2
     1     1    14     1    21     0     0     0    18.0  -41.771  -68.261   1348.9    778.6
     1     1    14     1    21     1     0     0    19.0  -41.756  -67.547   1307.9    792.2
     1     1    14     1    21     2     0     0    20.0  -41.745  -66.815   1252.3    812.6
     1     1    14     1    21     3     0     0    21.0  -41.737  -66.076   1184.3    834.4
     1     1    14     1    21     4     0     0    22.0  -41.725  -65.333   1106.5    858.0
     1     1    14     1    21     5     0     0    23.0  -41.705  -64.586   1023.8    876.4
     1     1    14     1    21     6     0     0    24.0  -41.679  -63.823    948.1    888.6
     1     1    14     1    21     7     0     0    25.0  -41.629  -63.057    891.3    897.4
     1     1    14     1    21     8     0     0    26.0  -41.547  -62.314    855.0    902.5
     1     1    14     1    21     9     0     0    27.0  -41.441  -61.597    835.4    903.6
     1     1    14     1    21    10     0     0    28.0  -41.317  -60.909    830.2    903.0
     1     1    14     1    21    11     0     0    29.0  -41.167  -60.255    836.1    901.3
     1     1    14     1    21    12     0     0    30.0  -40.990  -59.638    848.7    900.0
     1     1    14     1    21    13     0     0    31.0  -40.818  -59.045    860.9    900.1
     1     1    14     1    21    14     0     0    32.0  -40.684  -58.457    868.0    901.3
     1     1    14     1    21    15     0     0    33.0  -40.586  -57.859    868.8    903.3
     1     1    14     1    21    16     0     0    34.0  -40.525  -57.242    862.4    904.8
     1     1    14     1    21    17     0     0    35.0  -40.501  -56.594    847.8    905.3
     1     1    14     1    21    18     0     0    36.0  -40.512  -55.909    827.2    906.3
     1     1    14     1    21    19     0     0    37.0  -40.539  -55.209    805.6    908.2
     1     1    14     1    21    20     0     0    38.0  -40.562  -54.522    786.9    909.0
     1     1    14     1    21    21     0     0    39.0  -40.572  -53.848    770.2    909.7
     1     1    14     1    21    22     0     0    40.0  -40.558  -53.182    753.9    910.5
     1     1    14     1    21    23     0     0    41.0  -40.506  -52.518    736.0    911.7
     1     1    14     1    22     0     0     0    42.0  -40.417  -51.855    718.7    915.7
     1     1    14     1    22     1     0     0    43.0  -40.329  -51.217    705.2    918.9
     1     1    14     1    22     2     0     0    44.0  -40.273  -50.630    694.9    921.5
     1     1    14     1    22     3     0     0    45.0  -40.240  -50.101    685.4    924.1
     1     1    14     1    22     4     0     0    46.0  -40.229  -49.635    675.1    926.1
     1     1    14     1    22     5     0     0    47.0  -40.237  -49.231    663.5    927.9
     1     1    14     1    22     6     0     0    48.0  -40.258  -48.891    649.2    930.0
