     1     1
    CDC1    14     1     1     0     0
     1 FORWARD  OMEGA   
    14     1    26    18  -40.000  -75.000  1000.0
     1 PRESSURE
     1     1    14     1    26    18     0     0     0.0  -40.000  -75.000   1000.0    901.8
     1     1    14     1    26    19     0     0     1.0  -39.845  -74.837    989.1    899.3
     1     1    14     1    26    20     0     0     2.0  -39.689  -74.689    979.5    896.8
     1     1    14     1    26    21     0     0     3.0  -39.532  -74.555    970.7    894.6
     1     1    14     1    26    22     0     0     4.0  -39.373  -74.439    962.4    892.7
     1     1    14     1    26    23     0     0     5.0  -39.213  -74.342    954.1    891.3
     1     1    14     1    27     0     0     0     6.0  -39.051  -74.266    945.5    890.5
     1     1    14     1    27     1     0     0     7.0  -38.882  -74.209    937.6    890.3
     1     1    14     1    27     2     0     0     8.0  -38.703  -74.166    932.0    890.2
     1     1    14     1    27     3     0     0     9.0  -38.512  -74.137    928.7    890.2
     1     1    14     1    27     4     0     0    10.0  -38.308  -74.120    928.2    890.3
     1     1    14     1    27     5     0     0    11.0  -38.091  -74.115    930.8    890.4
     1     1    14     1    27     6     0     0    12.0  -37.860  -74.119    936.7    890.4
     1     1    14     1    27     7     0     0    13.0  -37.620  -74.139    942.9    890.3
     1     1    14     1    27     8     0     0    14.0  -37.383  -74.179    946.5    891.5
     1     1    14     1    27     9     0     0    15.0  -37.149  -74.232    946.2    893.7
     1     1    14     1    27    10     0     0    16.0  -36.919  -74.295    941.6    896.6
     1     1    14     1    27    11     0     0    17.0  -36.693  -74.366    932.6    900.4
     1     1    14     1    27    12     0     0    18.0  -36.470  -74.445    919.0    904.8
     1     1    14     1    27    13     0     0    19.0  -36.251  -74.507    907.1    909.9
     1     1    14     1    27    14     0     0    20.0  -36.040  -74.530    901.9    912.5
     1     1    14     1    27    15     0     0    21.0  -35.839  -74.515    904.4    913.1
     1     1    14     1    27    16     0     0    22.0  -35.649  -74.464    914.8    911.8
     1     1    14     1    27    17     0     0    23.0  -35.472  -74.377    933.5    908.5
     1     1    14     1    27    18     0     0    24.0  -35.310  -74.258    960.6    902.8
     1     1    14     1    27    19     0     0    25.0  -35.163  -74.137    986.1    895.0
     1     1    14     1    27    20     0     0    26.0  -35.028  -74.045   1001.7    890.2
     1     1    14     1    27    21     0     0    27.0  -34.905  -73.977   1006.8    887.5
     1     1    14     1    27    22     0     0    28.0  -34.793  -73.933   1001.1    886.7
     1     1    14     1    27    23     0     0    29.0  -34.691  -73.910    984.7    887.7
     1     1    14     1    28     0     0     0    30.0  -34.597  -73.908    957.4    890.6
     1     1    14     1    28     1     0     0    31.0  -34.490  -73.919    927.7    896.3
     1     1    14     1    28     2     0     0    32.0  -34.357  -73.931    903.9    900.3
     1     1    14     1    28     3     0     0    33.0  -34.200  -73.946    886.3    903.9
     1     1    14     1    28     4     0     0    34.0  -34.019  -73.965    874.8    907.1
     1     1    14     1    28     5     0     0    35.0  -33.813  -73.991    869.7    910.1
     1     1    14     1    28     6     0     0    36.0  -33.581  -74.025    870.9    912.8
     1     1    14     1    28     7     0     0    37.0  -33.340  -74.067    872.9    914.3
     1     1    14     1    28     8     0     0    38.0  -33.104  -74.116    871.1    916.9
     1     1    14     1    28     9     0     0    39.0  -32.874  -74.171    866.0    919.9
     1     1    14     1    28    10     0     0    40.0  -32.651  -74.232    857.9    923.4
     1     1    14     1    28    11     0     0    41.0  -32.435  -74.298    847.1    926.8
     1     1    14     1    28    12     0     0    42.0  -32.228  -74.372    833.5    929.9
     1     1    14     1    28    13     0     0    43.0  -32.024  -74.437    821.3    933.9
     1     1    14     1    28    14     0     0    44.0  -31.820  -74.476    813.4    936.2
     1     1    14     1    28    15     0     0    45.0  -31.613  -74.488    809.9    937.0
     1     1    14     1    28    16     0     0    46.0  -31.406  -74.473    810.4    936.6
     1     1    14     1    28    17     0     0    47.0  -31.197  -74.432    814.6    934.9
     1     1    14     1    28    18     0     0    48.0  -30.987  -74.364    821.9    932.2
