     1     1
    CDC1    14     1     1     0     0
     1 FORWARD  OMEGA   
    14     1    14     6  -40.000  -75.000  1000.0
     1 PRESSURE
     1     1    14     1    14     6     0     0     0.0  -40.000  -75.000   1000.0    904.5
     1     1    14     1    14     7     0     0     1.0  -39.881  -74.864    983.6    903.3
     1     1    14     1    14     8     0     0     2.0  -39.727  -74.736    965.3    902.6
     1     1    14     1    14     9     0     0     3.0  -39.538  -74.616    945.1    902.5
     1     1    14     1    14    10     0     0     4.0  -39.311  -74.506    923.2    902.7
     1     1    14     1    14    11     0     0     5.0  -39.045  -74.404    899.8    903.2
     1     1    14     1    14    12     0     0     6.0  -38.741  -74.311    875.3    904.2
     1     1    14     1    14    13     0     0     7.0  -38.409  -74.213    852.0    905.1
     1     1    14     1    14    14     0     0     8.0  -38.067  -74.098    832.6    904.9
     1     1    14     1    14    15     0     0     9.0  -37.717  -73.969    817.9    903.6
     1     1    14     1    14    16     0     0    10.0  -37.364  -73.828    808.7    901.5
     1     1    14     1    14    17     0     0    11.0  -37.016  -73.677    806.0    898.4
     1     1    14     1    14    18     0     0    12.0  -36.678  -73.521    809.4    894.2
     1     1    14     1    14    19     0     0    13.0  -36.339  -73.386    815.1    889.6
     1     1    14     1    14    20     0     0    14.0  -35.986  -73.296    820.9    886.6
     1     1    14     1    14    21     0     0    15.0  -35.619  -73.246    828.0    884.7
     1     1    14     1    14    22     0     0    16.0  -35.240  -73.232    837.9    883.6
     1     1    14     1    14    23     0     0    17.0  -34.853  -73.250    851.8    883.4
     1     1    14     1    15     0     0     0    18.0  -34.459  -73.289    868.3    884.0
     1     1    14     1    15     1     0     0    19.0  -34.071  -73.351    880.5    886.0
     1     1    14     1    15     2     0     0    20.0  -33.697  -73.441    884.5    890.1
     1     1    14     1    15     3     0     0    21.0  -33.334  -73.556    881.1    895.7
     1     1    14     1    15     4     0     0    22.0  -32.978  -73.693    871.4    902.5
     1     1    14     1    15     5     0     0    23.0  -32.624  -73.851    856.7    910.5
     1     1    14     1    15     6     0     0    24.0  -32.268  -74.032    837.5    918.3
     1     1    14     1    15     7     0     0    25.0  -31.914  -74.207    820.8    925.2
     1     1    14     1    15     8     0     0    26.0  -31.574  -74.352    812.2    929.4
     1     1    14     1    15     9     0     0    27.0  -31.251  -74.474    810.9    932.1
     1     1    14     1    15    10     0     0    28.0  -30.948  -74.580    816.5    933.5
     1     1    14     1    15    11     0     0    29.0  -30.669  -74.675    828.4    933.9
     1     1    14     1    15    12     0     0    30.0  -30.414  -74.765    846.5    933.5
     1     1    14     1    15    13     0     0    31.0  -30.181  -74.853    869.5    933.1
     1     1    14     1    15    14     0     0    32.0  -29.970  -74.945    895.8    932.4
     1     1    14     1    15    15     0     0    33.0  -29.784  -75.040    921.8    930.1
     1     1    14     1    15    16     0     0    34.0  -29.626  -75.138    944.7    926.2
     1     1    14     1    15    17     0     0    35.0  -29.499  -75.241    963.7    922.5
     1     1    14     1    15    18     0     0    36.0  -29.401  -75.347    978.3    919.5
     1     1    14     1    15    19     0     0    37.0  -29.308  -75.444    990.8    916.1
     1     1    14     1    15    20     0     0    38.0  -29.196  -75.518   1002.6    912.8
     1     1    14     1    15    21     0     0    39.0  -29.064  -75.569   1014.3    909.7
     1     1    14     1    15    22     0     0    40.0  -28.912  -75.595   1026.9    906.8
     1     1    14     1    15    23     0     0    41.0  -28.740  -75.597   1041.0    903.9
     1     1    14     1    16     0     0     0    42.0  -28.548  -75.573   1057.9    901.1
     1     1    14     1    16     1     0     0    43.0  -28.356  -75.551   1075.2    898.6
     1     1    14     1    16     2     0     0    44.0  -28.184  -75.558   1090.6    896.4
     1     1    14     1    16     3     0     0    45.0  -28.033  -75.592   1104.1    894.1
     1     1    14     1    16     4     0     0    46.0  -27.904  -75.653   1116.1    891.7
     1     1    14     1    16     5     0     0    47.0  -27.799  -75.741   1127.1    889.1
     1     1    14     1    16     6     0     0    48.0  -27.716  -75.858   1137.5    886.3
