     1     1
    CDC1    14     1     1     0     0
     1 FORWARD  OMEGA   
    14     1     5    12  -40.000  -75.000  1000.0
     1 PRESSURE
     1     1    14     1     5    12     0     0     0.0  -40.000  -75.000   1000.0    904.7
     1     1    14     1     5    13     0     0     1.0  -39.821  -75.056    971.4    908.3
     1     1    14     1     5    14     0     0     2.0  -39.649  -75.073    943.0    911.9
     1     1    14     1     5    15     0     0     3.0  -39.482  -75.049    915.6    915.0
     1     1    14     1     5    16     0     0     4.0  -39.319  -74.984    889.7    917.4
     1     1    14     1     5    17     0     0     5.0  -39.160  -74.876    865.3    917.3
     1     1    14     1     5    18     0     0     6.0  -39.005  -74.727    843.5    915.7
     1     1    14     1     5    19     0     0     7.0  -38.843  -74.557    825.1    913.4
     1     1    14     1     5    20     0     0     8.0  -38.662  -74.387    810.5    910.6
     1     1    14     1     5    21     0     0     9.0  -38.460  -74.219    798.9    907.5
     1     1    14     1     5    22     0     0    10.0  -38.237  -74.056    789.6    904.3
     1     1    14     1     5    23     0     0    11.0  -37.995  -73.902    781.8    901.1
     1     1    14     1     6     0     0     0    12.0  -37.730  -73.761    774.8    898.1
     1     1    14     1     6     1     0     0    13.0  -37.447  -73.642    765.8    896.0
     1     1    14     1     6     2     0     0    14.0  -37.152  -73.548    754.2    895.3
     1     1    14     1     6     3     0     0    15.0  -36.849  -73.479    741.6    895.4
     1     1    14     1     6     4     0     0    16.0  -36.538  -73.437    728.5    896.2
     1     1    14     1     6     5     0     0    17.0  -36.218  -73.422    715.4    898.0
     1     1    14     1     6     6     0     0    18.0  -35.889  -73.438    702.4    900.7
     1     1    14     1     6     7     0     0    19.0  -35.559  -73.482    689.5    904.4
     1     1    14     1     6     8     0     0    20.0  -35.237  -73.551    676.5    909.0
     1     1    14     1     6     9     0     0    21.0  -34.922  -73.641    663.7    914.6
     1     1    14     1     6    10     0     0    22.0  -34.621  -73.746    652.1    920.9
     1     1    14     1     6    11     0     0    23.0  -34.335  -73.859    642.4    927.2
     1     1    14     1     6    12     0     0    24.0  -34.065  -73.981    635.3    933.5
     1     1    14     1     6    13     0     0    25.0  -33.798  -74.088    635.7    938.8
     1     1    14     1     6    14     0     0    26.0  -33.527  -74.157    646.4    941.0
     1     1    14     1     6    15     0     0    27.0  -33.254  -74.186    666.5    940.9
     1     1    14     1     6    16     0     0    28.0  -32.981  -74.174    694.4    938.7
     1     1    14     1     6    17     0     0    29.0  -32.712  -74.123    728.9    934.5
     1     1    14     1     6    18     0     0    30.0  -32.450  -74.031    767.9    928.2
     1     1    14     1     6    19     0     0    31.0  -32.195  -73.931    803.6    919.5
     1     1    14     1     6    20     0     0    32.0  -31.941  -73.850    831.7    913.3
     1     1    14     1     6    21     0     0    33.0  -31.686  -73.787    852.9    908.6
     1     1    14     1     6    22     0     0    34.0  -31.428  -73.742    868.4    905.0
     1     1    14     1     6    23     0     0    35.0  -31.165  -73.714    879.2    902.6
     1     1    14     1     7     0     0     0    36.0  -30.895  -73.703    886.2    901.0
     1     1    14     1     7     1     0     0    37.0  -30.628  -73.706    892.3    900.5
     1     1    14     1     7     2     0     0    38.0  -30.373  -73.718    901.4    899.8
     1     1    14     1     7     3     0     0    39.0  -30.130  -73.738    913.9    898.9
     1     1    14     1     7     4     0     0    40.0  -29.898  -73.766    930.7    898.6
     1     1    14     1     7     5     0     0    41.0  -29.679  -73.800    951.9    898.7
     1     1    14     1     7     6     0     0    42.0  -29.475  -73.838    977.1    898.2
     1     1    14     1     7     7     0     0    43.0  -29.290  -73.885   1003.6    897.2
     1     1    14     1     7     8     0     0    44.0  -29.125  -73.948   1026.8    896.9
     1     1    14     1     7     9     0     0    45.0  -28.977  -74.025   1046.9    897.0
     1     1    14     1     7    10     0     0    46.0  -28.844  -74.118   1063.6    897.4
     1     1    14     1     7    11     0     0    47.0  -28.723  -74.226   1077.0    898.2
     1     1    14     1     7    12     0     0    48.0  -28.612  -74.349   1087.3    899.3
