     1     1
    CDC1    14     1     1     0     0
     1 FORWARD  OMEGA   
    14     1     4     0  -40.000  -75.000  1000.0
     1 PRESSURE
     1     1    14     1     4     0     0     0     0.0  -40.000  -75.000   1000.0    905.1
     1     1    14     1     4     1     0     0     1.0  -39.780  -74.632    989.3    896.8
     1     1    14     1     4     2     0     0     2.0  -39.535  -74.300    965.6    891.4
     1     1    14     1     4     3     0     0     3.0  -39.268  -74.003    930.3    888.1
     1     1    14     1     4     4     0     0     4.0  -38.979  -73.743    884.2    886.4
     1     1    14     1     4     5     0     0     5.0  -38.672  -73.522    828.3    886.5
     1     1    14     1     4     6     0     0     6.0  -38.350  -73.340    763.4    888.7
     1     1    14     1     4     7     0     0     7.0  -38.024  -73.206    691.1    893.5
     1     1    14     1     4     8     0     0     8.0  -37.698  -73.127    613.8    900.6
     1     1    14     1     4     9     0     0     9.0  -37.374  -73.097    534.2    908.4
     1     1    14     1     4    10     0     0    10.0  -37.053  -73.108    456.9    917.8
     1     1    14     1     4    11     0     0    11.0  -36.738  -73.152    385.3    928.1
     1     1    14     1     4    12     0     0    12.0  -36.428  -73.224    321.0    937.4
     1     1    14     1     4    13     0     0    13.0  -36.117  -73.298    271.0    946.4
     1     1    14     1     4    14     0     0    14.0  -35.795  -73.348    238.8    952.3
     1     1    14     1     4    15     0     0    15.0  -35.457  -73.371    222.3    955.5
     1     1    14     1     4    16     0     0    16.0  -35.103  -73.366    220.0    956.2
     1     1    14     1     4    17     0     0    17.0  -34.739  -73.325    231.2    954.6
     1     1    14     1     4    18     0     0    18.0  -34.380  -73.246    255.6    950.4
     1     1    14     1     4    19     0     0    19.0  -34.025  -73.161    285.7    944.2
     1     1    14     1     4    20     0     0    20.0  -33.673  -73.102    314.4    940.1
     1     1    14     1     4    21     0     0    21.0  -33.324  -73.071    342.1    937.2
     1     1    14     1     4    22     0     0    22.0  -32.978  -73.068    369.3    935.5
     1     1    14     1     4    23     0     0    23.0  -32.636  -73.092    395.6    934.3
     1     1    14     1     5     0     0     0    24.0  -32.304  -73.138    419.1    933.0
     1     1    14     1     5     1     0     0    25.0  -31.990  -73.198    437.7    932.9
     1     1    14     1     5     2     0     0    26.0  -31.702  -73.268    450.7    933.8
     1     1    14     1     5     3     0     0    27.0  -31.437  -73.345    458.9    935.6
     1     1    14     1     5     4     0     0    28.0  -31.195  -73.428    462.6    938.0
     1     1    14     1     5     5     0     0    29.0  -30.975  -73.516    462.3    940.9
     1     1    14     1     5     6     0     0    30.0  -30.777  -73.607    458.1    944.5
     1     1    14     1     5     7     0     0    31.0  -30.602  -73.701    452.4    948.1
     1     1    14     1     5     8     0     0    32.0  -30.451  -73.795    447.5    951.4
     1     1    14     1     5     9     0     0    33.0  -30.322  -73.892    442.9    954.6
     1     1    14     1     5    10     0     0    34.0  -30.216  -73.993    438.3    958.0
     1     1    14     1     5    11     0     0    35.0  -30.131  -74.102    433.4    961.6
     1     1    14     1     5    12     0     0    36.0  -30.066  -74.220    428.0    965.6
     1     1    14     1     5    13     0     0    37.0  -30.000  -74.331    424.8    969.3
     1     1    14     1     5    14     0     0    38.0  -29.918  -74.419    426.0    971.7
     1     1    14     1     5    15     0     0    39.0  -29.818  -74.480    431.0    972.9
     1     1    14     1     5    16     0     0    40.0  -29.703  -74.514    439.3    972.8
     1     1    14     1     5    17     0     0    41.0  -29.577  -74.521    450.4    971.6
     1     1    14     1     5    18     0     0    42.0  -29.440  -74.502    464.0    969.6
     1     1    14     1     5    19     0     0    43.0  -29.292  -74.466    478.4    966.4
     1     1    14     1     5    20     0     0    44.0  -29.131  -74.423    492.2    963.4
     1     1    14     1     5    21     0     0    45.0  -28.959  -74.368    505.8    960.5
     1     1    14     1     5    22     0     0    46.0  -28.779  -74.300    519.4    957.5
     1     1    14     1     5    23     0     0    47.0  -28.592  -74.214    533.4    954.6
     1     1    14     1     6     0     0     0    48.0  -28.401  -74.110    548.0    951.7
