     1     1
    CDC1    14     1     1     0     0
     1 FORWARD  OMEGA   
    14     1    24    12  -40.000  -75.000  1000.0
     1 PRESSURE
     1     1    14     1    24    12     0     0     0.0  -40.000  -75.000   1000.0    910.0
     1     1    14     1    24    13     0     0     1.0  -39.729  -75.137    975.5    913.9
     1     1    14     1    24    14     0     0     2.0  -39.469  -75.271    946.3    918.7
     1     1    14     1    24    15     0     0     3.0  -39.216  -75.401    913.4    923.4
     1     1    14     1    24    16     0     0     4.0  -38.966  -75.524    877.8    928.1
     1     1    14     1    24    17     0     0     5.0  -38.718  -75.641    840.2    932.9
     1     1    14     1    24    18     0     0     6.0  -38.467  -75.750    801.1    937.8
     1     1    14     1    24    19     0     0     7.0  -38.197  -75.852    762.0    942.1
     1     1    14     1    24    20     0     0     8.0  -37.894  -75.949    723.6    946.2
     1     1    14     1    24    21     0     0     9.0  -37.560  -76.037    686.0    950.2
     1     1    14     1    24    22     0     0    10.0  -37.197  -76.111    649.9    954.1
     1     1    14     1    24    23     0     0    11.0  -36.811  -76.160    616.9    957.2
     1     1    14     1    25     0     0     0    12.0  -36.408  -76.183    587.6    959.7
     1     1    14     1    25     1     0     0    13.0  -35.999  -76.196    562.4    962.3
     1     1    14     1    25     2     0     0    14.0  -35.591  -76.212    540.9    964.4
     1     1    14     1    25     3     0     0    15.0  -35.182  -76.233    521.7    966.2
     1     1    14     1    25     4     0     0    16.0  -34.769  -76.258    503.7    967.9
     1     1    14     1    25     5     0     0    17.0  -34.346  -76.290    486.1    969.5
     1     1    14     1    25     6     0     0    18.0  -33.908  -76.328    468.4    971.1
     1     1    14     1    25     7     0     0    19.0  -33.464  -76.360    451.9    972.6
     1     1    14     1    25     8     0     0    20.0  -33.025  -76.370    438.2    973.8
     1     1    14     1    25     9     0     0    21.0  -32.595  -76.359    426.8    975.1
     1     1    14     1    25    10     0     0    22.0  -32.178  -76.332    417.5    976.2
     1     1    14     1    25    11     0     0    23.0  -31.776  -76.296    409.6    977.2
     1     1    14     1    25    12     0     0    24.0  -31.392  -76.255    403.0    978.1
     1     1    14     1    25    13     0     0    25.0  -31.017  -76.215    398.8    979.4
     1     1    14     1    25    14     0     0    26.0  -30.646  -76.176    398.8    980.0
     1     1    14     1    25    15     0     0    27.0  -30.280  -76.136    402.7    980.0
     1     1    14     1    25    16     0     0    28.0  -29.922  -76.096    410.3    979.2
     1     1    14     1    25    17     0     0    29.0  -29.574  -76.051    420.0    977.0
     1     1    14     1    25    18     0     0    30.0  -29.237  -76.001    430.8    975.1
     1     1    14     1    25    19     0     0    31.0  -28.911  -75.948    439.5    971.8
     1     1    14     1    25    20     0     0    32.0  -28.591  -75.893    442.6    969.8
     1     1    14     1    25    21     0     0    33.0  -28.276  -75.837    440.3    968.6
     1     1    14     1    25    22     0     0    34.0  -27.965  -75.779    432.5    968.2
     1     1    14     1    25    23     0     0    35.0  -27.656  -75.719    419.0    968.7
     1     1    14     1    26     0     0     0    36.0  -27.350  -75.659    400.0    970.5
     1     1    14     1    26     1     0     0    37.0  -27.047  -75.608    377.4    974.0
     1     1    14     1    26     2     0     0    38.0  -26.751  -75.573    353.7    976.6
     1     1    14     1    26     3     0     0    39.0  -26.462  -75.553    329.6    979.1
     1     1    14     1    26     4     0     0    40.0  -26.182  -75.544    306.0    981.5
     1     1    14     1    26     5     0     0    41.0  -25.910  -75.542    283.4    983.8
     1     1    14     1    26     6     0     0    42.0  -25.648  -75.547    262.7    986.0
     1     1    14     1    26     7     0     0    43.0  -25.394  -75.554    243.5    988.0
     1     1    14     1    26     8     0     0    44.0  -25.148  -75.562    224.9    990.1
     1     1    14     1    26     9     0     0    45.0  -24.907  -75.571    206.9    990.9
     1     1    14     1    26    10     0     0    46.0  -24.672  -75.579    190.1    989.1
     1     1    14     1    26    11     0     0    47.0  -24.442  -75.586    174.8    987.0
     1     1    14     1    26    12     0     0    48.0  -24.215  -75.587    161.2    984.8
