     1     1
    CDC1    14     1     1     0     0
     1 FORWARD  OMEGA   
    14     1    21     0  -40.000  -75.000  1000.0
     1 PRESSURE
     1     1    14     1    21     0     0     0     0.0  -40.000  -75.000   1000.0    892.8
     1     1    14     1    21     1     0     0     1.0  -40.068  -74.607   1043.8    878.4
     1     1    14     1    21     2     0     0     2.0  -40.143  -74.157   1086.9    862.2
     1     1    14     1    21     3     0     0     3.0  -40.229  -73.644   1126.2    844.9
     1     1    14     1    21     4     0     0     4.0  -40.331  -73.059   1157.8    826.5
     1     1    14     1    21     5     0     0     5.0  -40.453  -72.395   1177.1    808.1
     1     1    14     1    21     6     0     0     6.0  -40.595  -71.654   1176.6    794.6
     1     1    14     1    21     7     0     0     7.0  -40.735  -70.849   1152.2    783.6
     1     1    14     1    21     8     0     0     8.0  -40.854  -69.987   1107.9    773.7
     1     1    14     1    21     9     0     0     9.0  -40.930  -69.085   1062.7    792.5
     1     1    14     1    21    10     0     0    10.0  -40.951  -68.163   1008.0    812.2
     1     1    14     1    21    11     0     0    11.0  -40.915  -67.229    946.5    835.1
     1     1    14     1    21    12     0     0    12.0  -40.831  -66.325    888.9    861.7
     1     1    14     1    21    13     0     0    13.0  -40.725  -65.514    837.6    884.9
     1     1    14     1    21    14     0     0    14.0  -40.618  -64.815    788.1    902.1
     1     1    14     1    21    15     0     0    15.0  -40.514  -64.198    738.7    908.9
     1     1    14     1    21    16     0     0    16.0  -40.416  -63.638    691.5    915.0
     1     1    14     1    21    17     0     0    17.0  -40.331  -63.125    644.0    921.1
     1     1    14     1    21    18     0     0    18.0  -40.267  -62.651    594.8    926.7
     1     1    14     1    21    19     0     0    19.0  -40.229  -62.209    551.0    931.7
     1     1    14     1    21    20     0     0    20.0  -40.215  -61.792    518.1    934.6
     1     1    14     1    21    21     0     0    21.0  -40.225  -61.402    494.7    936.6
     1     1    14     1    21    22     0     0    22.0  -40.258  -61.039    479.1    937.8
     1     1    14     1    21    23     0     0    23.0  -40.311  -60.708    470.5    938.5
     1     1    14     1    22     0     0     0    24.0  -40.384  -60.409    468.1    938.6
     1     1    14     1    22     1     0     0    25.0  -40.470  -60.110    469.4    938.5
     1     1    14     1    22     2     0     0    26.0  -40.562  -59.775    472.7    939.8
     1     1    14     1    22     3     0     0    27.0  -40.661  -59.407    477.0    941.5
     1     1    14     1    22     4     0     0    28.0  -40.769  -59.008    482.1    943.0
     1     1    14     1    22     5     0     0    29.0  -40.889  -58.586    487.9    944.3
     1     1    14     1    22     6     0     0    30.0  -41.024  -58.146    494.8    945.3
     1     1    14     1    22     7     0     0    31.0  -41.159  -57.696    503.9    945.9
     1     1    14     1    22     8     0     0    32.0  -41.276  -57.239    515.7    944.9
     1     1    14     1    22     9     0     0    33.0  -41.374  -56.775    529.2    942.8
     1     1    14     1    22    10     0     0    34.0  -41.459  -56.308    543.7    940.7
     1     1    14     1    22    11     0     0    35.0  -41.536  -55.841    559.2    938.5
     1     1    14     1    22    12     0     0    36.0  -41.610  -55.377    575.8    936.1
     1     1    14     1    22    13     0     0    37.0  -41.686  -54.904    588.5    933.7
     1     1    14     1    22    14     0     0    38.0  -41.770  -54.408    591.3    932.9
     1     1    14     1    22    15     0     0    39.0  -41.869  -53.882    585.5    932.9
     1     1    14     1    22    16     0     0    40.0  -41.989  -53.317    573.3    933.4
     1     1    14     1    22    17     0     0    41.0  -42.137  -52.703    557.3    934.2
     1     1    14     1    22    18     0     0    42.0  -42.319  -52.035    541.2    936.8
     1     1    14     1    22    19     0     0    43.0  -42.510  -51.356    528.4    941.1
     1     1    14     1    22    20     0     0    44.0  -42.682  -50.702    519.3    944.4
     1     1    14     1    22    21     0     0    45.0  -42.828  -50.057    514.1    947.1
     1     1    14     1    22    22     0     0    46.0  -42.947  -49.404    512.6    947.2
     1     1    14     1    22    23     0     0    47.0  -43.038  -48.731    515.6    946.4
     1     1    14     1    23     0     0     0    48.0  -43.110  -48.027    523.5    945.1
