     1     1
    CDC1    14     1     1     0     0
     1 FORWARD  OMEGA   
    14     1    15    12  -40.000  -75.000  1000.0
     1 PRESSURE
     1     1    14     1    15    12     0     0     0.0  -40.000  -75.000   1000.0    906.4
     1     1    14     1    15    13     0     0     1.0  -39.721  -75.256    928.9    915.1
     1     1    14     1    15    14     0     0     2.0  -39.435  -75.461    864.7    922.2
     1     1    14     1    15    15     0     0     3.0  -39.142  -75.614    808.5    928.4
     1     1    14     1    15    16     0     0     4.0  -38.841  -75.717    760.7    933.8
     1     1    14     1    15    17     0     0     5.0  -38.532  -75.771    721.7    938.3
     1     1    14     1    15    18     0     0     6.0  -38.217  -75.777    692.5    941.8
     1     1    14     1    15    19     0     0     7.0  -37.888  -75.769    670.7    943.8
     1     1    14     1    15    20     0     0     8.0  -37.535  -75.785    653.9    945.5
     1     1    14     1    15    21     0     0     9.0  -37.169  -75.822    641.7    946.9
     1     1    14     1    15    22     0     0    10.0  -36.797  -75.871    634.0    947.7
     1     1    14     1    15    23     0     0    11.0  -36.423  -75.931    630.0    947.7
     1     1    14     1    16     0     0     0    12.0  -36.051  -75.999    628.7    947.3
     1     1    14     1    16     1     0     0    13.0  -35.684  -76.074    630.0    947.4
     1     1    14     1    16     2     0     0    14.0  -35.325  -76.156    634.0    946.9
     1     1    14     1    16     3     0     0    15.0  -34.971  -76.249    640.4    945.7
     1     1    14     1    16     4     0     0    16.0  -34.620  -76.358    648.0    943.8
     1     1    14     1    16     5     0     0    17.0  -34.270  -76.487    655.7    941.7
     1     1    14     1    16     6     0     0    18.0  -33.921  -76.636    664.0    938.9
     1     1    14     1    16     7     0     0    19.0  -33.586  -76.790    674.0    935.3
     1     1    14     1    16     8     0     0    20.0  -33.280  -76.931    687.1    931.1
     1     1    14     1    16     9     0     0    21.0  -33.003  -77.056    702.7    926.7
     1     1    14     1    16    10     0     0    22.0  -32.758  -77.158    720.6    922.2
     1     1    14     1    16    11     0     0    23.0  -32.546  -77.236    740.5    918.0
     1     1    14     1    16    12     0     0    24.0  -32.367  -77.291    761.6    914.6
     1     1    14     1    16    13     0     0    25.0  -32.214  -77.330    784.8    912.1
     1     1    14     1    16    14     0     0    26.0  -32.083  -77.359    811.6    909.3
     1     1    14     1    16    15     0     0    27.0  -31.972  -77.380    841.6    906.2
     1     1    14     1    16    16     0     0    28.0  -31.881  -77.394    874.4    902.9
     1     1    14     1    16    17     0     0    29.0  -31.811  -77.402    909.9    899.5
     1     1    14     1    16    18     0     0    30.0  -31.760  -77.404    947.5    895.8
     1     1    14     1    16    19     0     0    31.0  -31.718  -77.412    982.1    890.8
     1     1    14     1    16    20     0     0    32.0  -31.672  -77.439   1009.0    887.1
     1     1    14     1    16    21     0     0    33.0  -31.620  -77.485   1028.3    883.9
     1     1    14     1    16    22     0     0    34.0  -31.560  -77.548   1040.7    882.2
     1     1    14     1    16    23     0     0    35.0  -31.489  -77.627   1046.3    881.5
     1     1    14     1    17     0     0     0    36.0  -31.405  -77.719   1045.2    881.7
     1     1    14     1    17     1     0     0    37.0  -31.318  -77.817   1043.4    883.1
     1     1    14     1    17     2     0     0    38.0  -31.238  -77.920   1047.1    883.4
     1     1    14     1    17     3     0     0    39.0  -31.167  -78.028   1056.0    883.2
     1     1    14     1    17     4     0     0    40.0  -31.104  -78.142   1070.3    882.6
     1     1    14     1    17     5     0     0    41.0  -31.051  -78.261   1089.9    881.4
     1     1    14     1    17     6     0     0    42.0  -31.007  -78.388   1114.9    879.8
     1     1    14     1    17     7     0     0    43.0  -30.973  -78.512   1140.6    877.6
     1     1    14     1    17     8     0     0    44.0  -30.949  -78.626   1162.4    876.1
     1     1    14     1    17     9     0     0    45.0  -30.932  -78.728   1180.0    874.9
     1     1    14     1    17    10     0     0    46.0  -30.925  -78.818   1193.5    874.1
     1     1    14     1    17    11     0     0    47.0  -30.925  -78.898   1202.7    873.5
     1     1    14     1    17    12     0     0    48.0  -30.935  -78.966   1207.7    873.3
