     1     1
    CDC1    14     1     1     0     0
     1 FORWARD  OMEGA   
    14     1     5     0  -40.000  -75.000  1000.0
     1 PRESSURE
     1     1    14     1     5     0     0     0     0.0  -40.000  -75.000   1000.0    902.6
     1     1    14     1     5     1     0     0     1.0  -39.683  -74.920    954.8    906.8
     1     1    14     1     5     2     0     0     2.0  -39.367  -74.859    910.0    911.2
     1     1    14     1     5     3     0     0     3.0  -39.050  -74.822    865.1    915.9
     1     1    14     1     5     4     0     0     4.0  -38.731  -74.812    819.6    921.6
     1     1    14     1     5     5     0     0     5.0  -38.405  -74.834    773.2    928.5
     1     1    14     1     5     6     0     0     6.0  -38.068  -74.893    725.4    936.8
     1     1    14     1     5     7     0     0     7.0  -37.721  -74.980    677.3    946.4
     1     1    14     1     5     8     0     0     8.0  -37.374  -75.080    630.6    953.8
     1     1    14     1     5     9     0     0     9.0  -37.037  -75.184    586.8    959.6
     1     1    14     1     5    10     0     0    10.0  -36.717  -75.289    546.2    964.7
     1     1    14     1     5    11     0     0    11.0  -36.415  -75.392    507.9    969.5
     1     1    14     1     5    12     0     0    12.0  -36.133  -75.490    470.9    974.2
     1     1    14     1     5    13     0     0    13.0  -35.858  -75.562    438.2    978.7
     1     1    14     1     5    14     0     0    14.0  -35.578  -75.587    413.3    982.4
     1     1    14     1     5    15     0     0    15.0  -35.291  -75.567    396.8    985.5
     1     1    14     1     5    16     0     0    16.0  -34.996  -75.500    389.6    988.1
     1     1    14     1     5    17     0     0    17.0  -34.696  -75.391    392.4    989.8
     1     1    14     1     5    18     0     0    18.0  -34.397  -75.242    405.8    990.8
     1     1    14     1     5    19     0     0    19.0  -34.092  -75.086    426.0    990.0
     1     1    14     1     5    20     0     0    20.0  -33.775  -74.960    448.9    987.4
     1     1    14     1     5    21     0     0    21.0  -33.447  -74.867    473.1    981.9
     1     1    14     1     5    22     0     0    22.0  -33.108  -74.808    498.6    977.6
     1     1    14     1     5    23     0     0    23.0  -32.754  -74.782    525.1    974.4
     1     1    14     1     6     0     0     0    24.0  -32.384  -74.783    551.9    971.3
     1     1    14     1     6     1     0     0    25.0  -32.015  -74.803    576.2    968.0
     1     1    14     1     6     2     0     0    26.0  -31.666  -74.834    596.6    965.9
     1     1    14     1     6     3     0     0    27.0  -31.337  -74.879    614.1    964.5
     1     1    14     1     6     4     0     0    28.0  -31.027  -74.939    629.4    963.8
     1     1    14     1     6     5     0     0    29.0  -30.735  -75.016    643.2    963.0
     1     1    14     1     6     6     0     0    30.0  -30.460  -75.114    655.4    959.5
     1     1    14     1     6     7     0     0    31.0  -30.204  -75.228    669.1    956.0
     1     1    14     1     6     8     0     0    32.0  -29.966  -75.352    686.0    952.0
     1     1    14     1     6     9     0     0    33.0  -29.746  -75.485    705.8    947.2
     1     1    14     1     6    10     0     0    34.0  -29.545  -75.630    727.6    942.2
     1     1    14     1     6    11     0     0    35.0  -29.364  -75.789    751.3    936.7
     1     1    14     1     6    12     0     0    36.0  -29.204  -75.964    776.5    930.9
     1     1    14     1     6    13     0     0    37.0  -29.054  -76.139    799.7    925.2
     1     1    14     1     6    14     0     0    38.0  -28.906  -76.297    816.5    920.8
     1     1    14     1     6    15     0     0    39.0  -28.760  -76.439    826.1    917.4
     1     1    14     1     6    16     0     0    40.0  -28.615  -76.567    827.9    915.1
     1     1    14     1     6    17     0     0    41.0  -28.470  -76.681    821.4    913.8
     1     1    14     1     6    18     0     0    42.0  -28.325  -76.782    806.4    913.6
     1     1    14     1     6    19     0     0    43.0  -28.166  -76.883    789.6    913.7
     1     1    14     1     6    20     0     0    44.0  -27.982  -76.996    777.3    912.2
     1     1    14     1     6    21     0     0    45.0  -27.774  -77.121    770.6    909.9
     1     1    14     1     6    22     0     0    46.0  -27.543  -77.256    770.6    906.6
     1     1    14     1     6    23     0     0    47.0  -27.287  -77.399    779.0    905.1
     1     1    14     1     7     0     0     0    48.0  -27.003  -77.544    795.8    905.0
