     1     1
    CDC1    14     1     1     0     0
     1 FORWARD  OMEGA   
    14     1     5    18  -40.000  -75.000  1000.0
     1 PRESSURE
     1     1    14     1     5    18     0     0     0.0  -40.000  -75.000   1000.0    903.1
     1     1    14     1     5    19     0     0     1.0  -39.881  -74.806    980.3    900.8
     1     1    14     1     5    20     0     0     2.0  -39.743  -74.606    964.6    897.6
     1     1    14     1     5    21     0     0     3.0  -39.589  -74.401    952.2    893.9
     1     1    14     1     5    22     0     0     4.0  -39.417  -74.193    942.4    889.8
     1     1    14     1     5    23     0     0     5.0  -39.229  -73.985    934.4    885.4
     1     1    14     1     6     0     0     0     6.0  -39.025  -73.780    927.3    881.0
     1     1    14     1     6     1     0     0     7.0  -38.806  -73.585    917.5    876.7
     1     1    14     1     6     2     0     0     8.0  -38.574  -73.405    902.6    873.7
     1     1    14     1     6     3     0     0     9.0  -38.327  -73.241    883.2    871.4
     1     1    14     1     6     4     0     0    10.0  -38.066  -73.096    860.2    870.0
     1     1    14     1     6     5     0     0    11.0  -37.789  -72.973    834.4    869.5
     1     1    14     1     6     6     0     0    12.0  -37.495  -72.879    806.5    869.9
     1     1    14     1     6     7     0     0    13.0  -37.195  -72.812    776.8    871.3
     1     1    14     1     6     8     0     0    14.0  -36.903  -72.766    746.3    873.6
     1     1    14     1     6     9     0     0    15.0  -36.619  -72.742    714.6    876.7
     1     1    14     1     6    10     0     0    16.0  -36.343  -72.737    682.2    880.5
     1     1    14     1     6    11     0     0    17.0  -36.076  -72.754    649.2    885.3
     1     1    14     1     6    12     0     0    18.0  -35.818  -72.790    616.2    890.8
     1     1    14     1     6    13     0     0    19.0  -35.565  -72.831    590.8    896.0
     1     1    14     1     6    14     0     0    20.0  -35.312  -72.858    579.3    898.6
     1     1    14     1     6    15     0     0    21.0  -35.060  -72.865    582.0    899.2
     1     1    14     1     6    16     0     0    22.0  -34.811  -72.845    598.3    898.0
     1     1    14     1     6    17     0     0    23.0  -34.570  -72.793    626.6    894.8
     1     1    14     1     6    18     0     0    24.0  -34.339  -72.709    664.8    888.8
     1     1    14     1     6    19     0     0    25.0  -34.117  -72.617    702.0    881.5
     1     1    14     1     6    20     0     0    26.0  -33.894  -72.536    730.5    876.6
     1     1    14     1     6    21     0     0    27.0  -33.669  -72.464    750.8    872.5
     1     1    14     1     6    22     0     0    28.0  -33.441  -72.402    764.0    869.0
     1     1    14     1     6    23     0     0    29.0  -33.208  -72.348    771.2    866.3
     1     1    14     1     7     0     0     0    30.0  -32.969  -72.303    773.0    864.5
     1     1    14     1     7     1     0     0    31.0  -32.732  -72.262    771.3    863.5
     1     1    14     1     7     2     0     0    32.0  -32.502  -72.222    769.4    862.2
     1     1    14     1     7     3     0     0    33.0  -32.283  -72.184    767.0    860.3
     1     1    14     1     7     4     0     0    34.0  -32.074  -72.150    764.7    858.5
     1     1    14     1     7     5     0     0    35.0  -31.875  -72.120    763.1    856.8
     1     1    14     1     7     6     0     0    36.0  -31.688  -72.092    762.6    855.1
     1     1    14     1     7     7     0     0    37.0  -31.516  -72.073    763.2    854.0
     1     1    14     1     7     8     0     0    38.0  -31.364  -72.067    763.3    853.7
     1     1    14     1     7     9     0     0    39.0  -31.231  -72.077    762.4    854.5
     1     1    14     1     7    10     0     0    40.0  -31.115  -72.102    759.6    856.4
     1     1    14     1     7    11     0     0    41.0  -31.016  -72.146    754.6    859.7
     1     1    14     1     7    12     0     0    42.0  -30.932  -72.209    747.1    864.6
     1     1    14     1     7    13     0     0    43.0  -30.852  -72.270    743.4    869.6
     1     1    14     1     7    14     0     0    44.0  -30.768  -72.302    749.2    871.1
     1     1    14     1     7    15     0     0    45.0  -30.683  -72.303    764.3    869.6
     1     1    14     1     7    16     0     0    46.0  -30.597  -72.273    788.5    865.3
     1     1    14     1     7    17     0     0    47.0  -30.511  -72.210    821.6    858.0
     1     1    14     1     7    18     0     0    48.0  -30.424  -72.117    863.7    848.0
