     1     1
    CDC1    14     1     1     0     0
     1 FORWARD  OMEGA   
    14     1    16    18  -40.000  -75.000  1000.0
     1 PRESSURE
     1     1    14     1    16    18     0     0     0.0  -40.000  -75.000   1000.0    900.8
     1     1    14     1    16    19     0     0     1.0  -39.696  -75.002    997.7    901.7
     1     1    14     1    16    20     0     0     2.0  -39.402  -75.004    997.0    902.3
     1     1    14     1    16    21     0     0     3.0  -39.114  -75.013    997.0    902.9
     1     1    14     1    16    22     0     0     4.0  -38.830  -75.037    996.8    903.5
     1     1    14     1    16    23     0     0     5.0  -38.548  -75.082    995.6    904.4
     1     1    14     1    17     0     0     0     6.0  -38.266  -75.158    992.7    905.4
     1     1    14     1    17     1     0     0     7.0  -37.984  -75.274    988.9    906.8
     1     1    14     1    17     2     0     0     8.0  -37.706  -75.438    985.2    907.8
     1     1    14     1    17     3     0     0     9.0  -37.433  -75.644    982.1    908.5
     1     1    14     1    17     4     0     0    10.0  -37.171  -75.880    980.1    908.8
     1     1    14     1    17     5     0     0    11.0  -36.927  -76.134    979.9    908.5
     1     1    14     1    17     6     0     0    12.0  -36.699  -76.406    982.4    907.3
     1     1    14     1    17     7     0     0    13.0  -36.498  -76.695    989.2    905.1
     1     1    14     1    17     8     0     0    14.0  -36.332  -76.996   1000.5    902.0
     1     1    14     1    17     9     0     0    15.0  -36.200  -77.306   1015.9    898.2
     1     1    14     1    17    10     0     0    16.0  -36.099  -77.619   1035.2    894.4
     1     1    14     1    17    11     0     0    17.0  -36.024  -77.929   1058.2    891.4
     1     1    14     1    17    12     0     0    18.0  -35.971  -78.230   1084.3    888.3
     1     1    14     1    17    13     0     0    19.0  -35.941  -78.508   1111.7    885.2
     1     1    14     1    17    14     0     0    20.0  -35.934  -78.747   1138.3    882.5
     1     1    14     1    17    15     0     0    21.0  -35.949  -78.952   1163.0    880.1
     1     1    14     1    17    16     0     0    22.0  -35.984  -79.123   1184.8    878.1
     1     1    14     1    17    17     0     0    23.0  -36.039  -79.264   1203.0    876.4
     1     1    14     1    17    18     0     0    24.0  -36.113  -79.373   1217.0    875.3
     1     1    14     1    17    19     0     0    25.0  -36.187  -79.472   1228.6    873.9
     1     1    14     1    17    20     0     0    26.0  -36.242  -79.581   1240.3    872.4
     1     1    14     1    17    21     0     0    27.0  -36.279  -79.701   1252.4    870.7
     1     1    14     1    17    22     0     0    28.0  -36.299  -79.832   1265.4    868.9
     1     1    14     1    17    23     0     0    29.0  -36.300  -79.973   1279.7    867.0
     1     1    14     1    18     0     0     0    30.0  -36.282  -80.121   1295.8    865.6
     1     1    14     1    18     1     0     0    31.0  -36.259  -80.266   1311.8    864.4
     1     1    14     1    18     2     0     0    32.0  -36.243  -80.402   1326.8    863.5
     1     1    14     1    18     3     0     0    33.0  -36.233  -80.531   1340.4    862.7
     1     1    14     1    18     4     0     0    34.0  -36.228  -80.655   1352.8    862.0
     1     1    14     1    18     5     0     0    35.0  -36.229  -80.774   1363.8    861.4
     1     1    14     1    18     6     0     0    36.0  -36.233  -80.891   1373.6    860.9
     1     1    14     1    18     7     0     0    37.0  -36.237  -81.007   1381.9    860.6
     1     1    14     1    18     8     0     0    38.0  -36.234  -81.121   1388.7    860.6
     1     1    14     1    18     9     0     0    39.0  -36.227  -81.234   1393.8    860.7
     1     1    14     1    18    10     0     0    40.0  -36.214  -81.344   1396.8    861.0
     1     1    14     1    18    11     0     0    41.0  -36.198  -81.451   1397.8    861.6
     1     1    14     1    18    12     0     0    42.0  -36.178  -81.554   1396.4    862.4
     1     1    14     1    18    13     0     0    43.0  -36.160  -81.650   1393.2    863.4
     1     1    14     1    18    14     0     0    44.0  -36.150  -81.738   1388.9    864.4
     1     1    14     1    18    15     0     0    45.0  -36.148  -81.819   1383.8    865.4
     1     1    14     1    18    16     0     0    46.0  -36.154  -81.894   1378.1    866.4
     1     1    14     1    18    17     0     0    47.0  -36.168  -81.965   1371.8    867.4
     1     1    14     1    18    18     0     0    48.0  -36.190  -82.032   1365.1    868.5
