     1     1
    CDC1    14     1     1     0     0
     1 FORWARD  OMEGA   
    14     1    24     0  -40.000  -75.000  1000.0
     1 PRESSURE
     1     1    14     1    24     0     0     0     0.0  -40.000  -75.000   1000.0    904.3
     1     1    14     1    24     1     0     0     1.0  -39.759  -74.954    990.6    905.3
     1     1    14     1    24     2     0     0     2.0  -39.510  -74.939    977.8    907.8
     1     1    14     1    24     3     0     0     3.0  -39.251  -74.953    961.9    911.5
     1     1    14     1    24     4     0     0     4.0  -38.978  -74.996    942.9    916.5
     1     1    14     1    24     5     0     0     5.0  -38.689  -75.066    920.1    920.7
     1     1    14     1    24     6     0     0     6.0  -38.381  -75.161    893.8    925.0
     1     1    14     1    24     7     0     0     7.0  -38.063  -75.282    865.4    929.3
     1     1    14     1    24     8     0     0     8.0  -37.744  -75.432    836.5    933.4
     1     1    14     1    24     9     0     0     9.0  -37.427  -75.613    807.7    937.4
     1     1    14     1    24    10     0     0    10.0  -37.113  -75.819    780.2    940.9
     1     1    14     1    24    11     0     0    11.0  -36.803  -76.044    754.7    943.7
     1     1    14     1    24    12     0     0    12.0  -36.496  -76.284    731.2    945.8
     1     1    14     1    24    13     0     0    13.0  -36.184  -76.522    707.9    947.1
     1     1    14     1    24    14     0     0    14.0  -35.858  -76.741    683.9    948.4
     1     1    14     1    24    15     0     0    15.0  -35.515  -76.942    659.1    949.4
     1     1    14     1    24    16     0     0    16.0  -35.152  -77.125    633.4    950.1
     1     1    14     1    24    17     0     0    17.0  -34.769  -77.290    607.2    950.2
     1     1    14     1    24    18     0     0    18.0  -34.367  -77.434    580.5    949.9
     1     1    14     1    24    19     0     0    19.0  -33.952  -77.555    555.9    949.7
     1     1    14     1    24    20     0     0    20.0  -33.531  -77.654    535.3    949.8
     1     1    14     1    24    21     0     0    21.0  -33.108  -77.734    519.0    949.4
     1     1    14     1    24    22     0     0    22.0  -32.684  -77.798    507.0    948.5
     1     1    14     1    24    23     0     0    23.0  -32.261  -77.848    499.2    948.7
     1     1    14     1    25     0     0     0    24.0  -31.841  -77.887    495.1    949.8
     1     1    14     1    25     1     0     0    25.0  -31.414  -77.925    493.5    951.5
     1     1    14     1    25     2     0     0    26.0  -30.972  -77.969    494.0    953.1
     1     1    14     1    25     3     0     0    27.0  -30.513  -78.021    497.0    954.7
     1     1    14     1    25     4     0     0    28.0  -30.041  -78.080    502.7    956.2
     1     1    14     1    25     5     0     0    29.0  -29.564  -78.151    510.0    954.0
     1     1    14     1    25     6     0     0    30.0  -29.095  -78.236    518.9    951.7
     1     1    14     1    25     7     0     0    31.0  -28.647  -78.336    527.0    949.1
     1     1    14     1    25     8     0     0    32.0  -28.230  -78.450    531.9    947.6
     1     1    14     1    25     9     0     0    33.0  -27.840  -78.581    532.5    947.0
     1     1    14     1    25    10     0     0    34.0  -27.471  -78.727    527.9    947.8
     1     1    14     1    25    11     0     0    35.0  -27.125  -78.885    518.4    952.0
     1     1    14     1    25    12     0     0    36.0  -26.799  -79.049    503.3    956.4
     1     1    14     1    25    13     0     0    37.0  -26.490  -79.218    484.9    961.1
     1     1    14     1    25    14     0     0    38.0  -26.200  -79.392    465.5    965.2
     1     1    14     1    25    15     0     0    39.0  -25.928  -79.571    445.3    968.9
     1     1    14     1    25    16     0     0    40.0  -25.672  -79.757    424.8    972.2
     1     1    14     1    25    17     0     0    41.0  -25.433  -79.950    404.3    975.0
     1     1    14     1    25    18     0     0    42.0  -25.212  -80.149    384.5    976.3
     1     1    14     1    25    19     0     0    43.0  -25.000  -80.346    366.9    975.4
     1     1    14     1    25    20     0     0    44.0  -24.788  -80.535    353.0    976.1
     1     1    14     1    25    21     0     0    45.0  -24.571  -80.714    342.5    976.1
     1     1    14     1    25    22     0     0    46.0  -24.348  -80.886    335.0    975.6
     1     1    14     1    25    23     0     0    47.0  -24.117  -81.051    330.1    974.6
     1     1    14     1    26     0     0     0    48.0  -23.876  -81.212    327.8    973.1
