     1     1
    CDC1    14     1     1     0     0
     1 FORWARD  OMEGA   
    14     1    25    18  -40.000  -75.000  1000.0
     1 PRESSURE
     1     1    14     1    25    18     0     0     0.0  -40.000  -75.000   1000.0    903.1
     1     1    14     1    25    19     0     0     1.0  -39.658  -74.909    990.2    902.9
     1     1    14     1    25    20     0     0     2.0  -39.310  -74.832    980.2    902.8
     1     1    14     1    25    21     0     0     3.0  -38.956  -74.774    969.4    903.3
     1     1    14     1    25    22     0     0     4.0  -38.596  -74.740    957.4    904.5
     1     1    14     1    25    23     0     0     5.0  -38.230  -74.736    943.7    906.6
     1     1    14     1    26     0     0     0     6.0  -37.856  -74.768    927.8    909.9
     1     1    14     1    26     1     0     0     7.0  -37.479  -74.827    909.4    914.5
     1     1    14     1    26     2     0     0     8.0  -37.108  -74.890    891.3    919.8
     1     1    14     1    26     3     0     0     9.0  -36.746  -74.947    875.0    924.7
     1     1    14     1    26     4     0     0    10.0  -36.391  -74.998    860.5    929.3
     1     1    14     1    26     5     0     0    11.0  -36.043  -75.043    847.4    932.1
     1     1    14     1    26     6     0     0    12.0  -35.702  -75.083    836.4    934.7
     1     1    14     1    26     7     0     0    13.0  -35.370  -75.126    827.0    936.6
     1     1    14     1    26     8     0     0    14.0  -35.048  -75.181    818.5    938.1
     1     1    14     1    26     9     0     0    15.0  -34.735  -75.246    809.8    939.4
     1     1    14     1    26    10     0     0    16.0  -34.432  -75.318    800.0    940.6
     1     1    14     1    26    11     0     0    17.0  -34.138  -75.394    788.9    941.8
     1     1    14     1    26    12     0     0    18.0  -33.851  -75.471    776.3    942.9
     1     1    14     1    26    13     0     0    19.0  -33.574  -75.531    765.0    944.7
     1     1    14     1    26    14     0     0    20.0  -33.309  -75.556    757.8    946.0
     1     1    14     1    26    15     0     0    21.0  -33.057  -75.551    754.5    947.3
     1     1    14     1    26    16     0     0    22.0  -32.820  -75.519    755.0    948.6
     1     1    14     1    26    17     0     0    23.0  -32.598  -75.460    759.4    949.9
     1     1    14     1    26    18     0     0    24.0  -32.393  -75.377    767.2    950.6
     1     1    14     1    26    19     0     0    25.0  -32.202  -75.289    775.7    949.9
     1     1    14     1    26    20     0     0    26.0  -32.021  -75.215    781.9    949.4
     1     1    14     1    26    21     0     0    27.0  -31.848  -75.157    786.2    948.9
     1     1    14     1    26    22     0     0    28.0  -31.684  -75.112    788.6    948.4
     1     1    14     1    26    23     0     0    29.0  -31.528  -75.080    789.2    947.8
     1     1    14     1    27     0     0     0    30.0  -31.379  -75.061    788.3    947.2
     1     1    14     1    27     1     0     0    31.0  -31.233  -75.046    786.4    947.6
     1     1    14     1    27     2     0     0    32.0  -31.086  -75.026    784.1    948.1
     1     1    14     1    27     3     0     0    33.0  -30.937  -75.004    781.7    948.7
     1     1    14     1    27     4     0     0    34.0  -30.788  -74.979    779.1    948.3
     1     1    14     1    27     5     0     0    35.0  -30.638  -74.953    776.8    947.8
     1     1    14     1    27     6     0     0    36.0  -30.489  -74.925    775.0    947.1
     1     1    14     1    27     7     0     0    37.0  -30.342  -74.904    773.5    945.9
     1     1    14     1    27     8     0     0    38.0  -30.200  -74.894    772.2    945.1
     1     1    14     1    27     9     0     0    39.0  -30.062  -74.897    771.2    944.7
     1     1    14     1    27    10     0     0    40.0  -29.928  -74.914    770.4    944.6
     1     1    14     1    27    11     0     0    41.0  -29.796  -74.944    769.1    944.9
     1     1    14     1    27    12     0     0    42.0  -29.666  -74.987    766.9    945.6
     1     1    14     1    27    13     0     0    43.0  -29.536  -75.030    764.2    945.9
     1     1    14     1    27    14     0     0    44.0  -29.405  -75.060    763.7    945.6
     1     1    14     1    27    15     0     0    45.0  -29.272  -75.077    765.0    945.2
     1     1    14     1    27    16     0     0    46.0  -29.137  -75.081    767.7    944.8
     1     1    14     1    27    17     0     0    47.0  -28.998  -75.073    771.9    944.4
     1     1    14     1    27    18     0     0    48.0  -28.855  -75.052    777.5    944.0
