     1     1
    CDC1    14     1     1     0     0
     1 FORWARD  OMEGA   
    14     1    10     0  -40.000  -75.000  1000.0
     1 PRESSURE
     1     1    14     1    10     0     0     0     0.0  -40.000  -75.000   1000.0    903.2
     1     1    14     1    10     1     0     0     1.0  -39.848  -74.922   1012.3    900.2
     1     1    14     1    10     2     0     0     2.0  -39.686  -74.848   1023.3    897.6
     1     1    14     1    10     3     0     0     3.0  -39.515  -74.778   1033.0    895.2
     1     1    14     1    10     4     0     0     4.0  -39.335  -74.711   1041.6    893.1
     1     1    14     1    10     5     0     0     5.0  -39.146  -74.650   1049.3    891.3
     1     1    14     1    10     6     0     0     6.0  -38.948  -74.595   1056.4    889.7
     1     1    14     1    10     7     0     0     7.0  -38.736  -74.555   1062.0    888.6
     1     1    14     1    10     8     0     0     8.0  -38.504  -74.540   1064.3    888.7
     1     1    14     1    10     9     0     0     9.0  -38.252  -74.550   1063.4    890.0
     1     1    14     1    10    10     0     0    10.0  -37.978  -74.587   1059.1    892.3
     1     1    14     1    10    11     0     0    11.0  -37.680  -74.651   1051.0    895.9
     1     1    14     1    10    12     0     0    12.0  -37.356  -74.741   1039.1    901.0
     1     1    14     1    10    13     0     0    13.0  -37.020  -74.832   1024.3    906.9
     1     1    14     1    10    14     0     0    14.0  -36.686  -74.904   1007.7    912.6
     1     1    14     1    10    15     0     0    15.0  -36.351  -74.956    991.5    917.7
     1     1    14     1    10    16     0     0    16.0  -36.017  -74.985    977.7    922.1
     1     1    14     1    10    17     0     0    17.0  -35.682  -74.992    968.0    925.2
     1     1    14     1    10    18     0     0    18.0  -35.348  -74.975    964.2    927.0
     1     1    14     1    10    19     0     0    19.0  -35.009  -74.956    961.9    927.0
     1     1    14     1    10    20     0     0    20.0  -34.659  -74.956    956.9    928.3
     1     1    14     1    10    21     0     0    21.0  -34.300  -74.970    947.7    930.7
     1     1    14     1    10    22     0     0    22.0  -33.933  -74.996    934.4    934.0
     1     1    14     1    10    23     0     0    23.0  -33.558  -75.030    916.3    936.7
     1     1    14     1    11     0     0     0    24.0  -33.178  -75.067    893.4    939.7
     1     1    14     1    11     1     0     0    25.0  -32.791  -75.105    869.1    943.6
     1     1    14     1    11     2     0     0    26.0  -32.396  -75.143    847.0    946.0
     1     1    14     1    11     3     0     0    27.0  -31.991  -75.190    826.2    946.0
     1     1    14     1    11     4     0     0    28.0  -31.578  -75.253    806.8    945.7
     1     1    14     1    11     5     0     0    29.0  -31.156  -75.331    788.5    945.2
     1     1    14     1    11     6     0     0    30.0  -30.728  -75.424    771.0    944.5
     1     1    14     1    11     7     0     0    31.0  -30.299  -75.530    754.0    944.1
     1     1    14     1    11     8     0     0    32.0  -29.880  -75.647    737.0    943.5
     1     1    14     1    11     9     0     0    33.0  -29.478  -75.776    721.1    942.2
     1     1    14     1    11    10     0     0    34.0  -29.096  -75.922    707.0    940.4
     1     1    14     1    11    11     0     0    35.0  -28.734  -76.084    694.8    938.2
     1     1    14     1    11    12     0     0    36.0  -28.390  -76.264    684.7    935.3
     1     1    14     1    11    13     0     0    37.0  -28.059  -76.449    677.3    931.9
     1     1    14     1    11    14     0     0    38.0  -27.741  -76.625    671.8    928.3
     1     1    14     1    11    15     0     0    39.0  -27.435  -76.795    666.4    925.5
     1     1    14     1    11    16     0     0    40.0  -27.140  -76.953    659.8    926.2
     1     1    14     1    11    17     0     0    41.0  -26.857  -77.100    650.0    927.9
     1     1    14     1    11    18     0     0    42.0  -26.587  -77.239    636.3    930.5
     1     1    14     1    11    19     0     0    43.0  -26.316  -77.385    622.3    933.5
     1     1    14     1    11    20     0     0    44.0  -26.035  -77.550    611.8    936.6
     1     1    14     1    11    21     0     0    45.0  -25.744  -77.728    606.5    940.5
     1     1    14     1    11    22     0     0    46.0  -25.444  -77.918    606.4    943.3
     1     1    14     1    11    23     0     0    47.0  -25.136  -78.120    610.9    945.0
     1     1    14     1    12     0     0     0    48.0  -24.818  -78.330    619.3    945.7
