     1     1
    CDC1    14     1     1     0     0
     1 FORWARD  OMEGA   
    14     1    25    12  -40.000  -75.000  1000.0
     1 PRESSURE
     1     1    14     1    25    12     0     0     0.0  -40.000  -75.000   1000.0    903.3
     1     1    14     1    25    13     0     0     1.0  -39.698  -75.145    979.0    907.1
     1     1    14     1    25    14     0     0     2.0  -39.383  -75.238    959.7    910.5
     1     1    14     1    25    15     0     0     3.0  -39.055  -75.279    942.4    913.7
     1     1    14     1    25    16     0     0     4.0  -38.714  -75.269    927.6    916.4
     1     1    14     1    25    17     0     0     5.0  -38.359  -75.208    916.1    918.8
     1     1    14     1    25    18     0     0     6.0  -37.989  -75.097    909.0    921.1
     1     1    14     1    25    19     0     0     7.0  -37.608  -74.974    903.1    921.6
     1     1    14     1    25    20     0     0     8.0  -37.229  -74.879    896.2    920.6
     1     1    14     1    25    21     0     0     9.0  -36.861  -74.815    889.5    920.3
     1     1    14     1    25    22     0     0    10.0  -36.502  -74.779    883.0    920.8
     1     1    14     1    25    23     0     0    11.0  -36.152  -74.771    876.4    921.9
     1     1    14     1    26     0     0     0    12.0  -35.809  -74.789    869.7    923.8
     1     1    14     1    26     1     0     0    13.0  -35.474  -74.817    863.9    926.8
     1     1    14     1    26     2     0     0    14.0  -35.145  -74.841    859.8    929.4
     1     1    14     1    26     3     0     0    15.0  -34.821  -74.860    857.4    931.8
     1     1    14     1    26     4     0     0    16.0  -34.501  -74.875    856.2    934.0
     1     1    14     1    26     5     0     0    17.0  -34.185  -74.887    855.7    936.1
     1     1    14     1    26     6     0     0    18.0  -33.872  -74.899    855.4    938.1
     1     1    14     1    26     7     0     0    19.0  -33.564  -74.915    854.5    939.9
     1     1    14     1    26     8     0     0    20.0  -33.267  -74.935    851.9    942.0
     1     1    14     1    26     9     0     0    21.0  -32.979  -74.958    847.6    944.3
     1     1    14     1    26    10     0     0    22.0  -32.700  -74.980    841.2    946.8
     1     1    14     1    26    11     0     0    23.0  -32.429  -75.001    832.1    948.9
     1     1    14     1    26    12     0     0    24.0  -32.168  -75.023    819.0    948.8
     1     1    14     1    26    13     0     0    25.0  -31.920  -75.038    805.3    949.7
     1     1    14     1    26    14     0     0    26.0  -31.687  -75.031    794.7    950.4
     1     1    14     1    26    15     0     0    27.0  -31.470  -75.003    786.6    951.2
     1     1    14     1    26    16     0     0    28.0  -31.270  -74.953    780.3    950.1
     1     1    14     1    26    17     0     0    29.0  -31.089  -74.881    776.3    948.1
     1     1    14     1    26    18     0     0    30.0  -30.927  -74.788    775.0    945.4
     1     1    14     1    26    19     0     0    31.0  -30.782  -74.690    774.9    941.5
     1     1    14     1    26    20     0     0    32.0  -30.650  -74.605    773.8    938.3
     1     1    14     1    26    21     0     0    33.0  -30.532  -74.532    771.6    935.6
     1     1    14     1    26    22     0     0    34.0  -30.425  -74.469    768.2    933.4
     1     1    14     1    26    23     0     0    35.0  -30.329  -74.418    763.4    931.7
     1     1    14     1    27     0     0     0    36.0  -30.244  -74.377    757.0    930.5
     1     1    14     1    27     1     0     0    37.0  -30.162  -74.342    749.7    930.6
     1     1    14     1    27     2     0     0    38.0  -30.076  -74.307    742.4    930.6
     1     1    14     1    27     3     0     0    39.0  -29.988  -74.273    735.1    930.8
     1     1    14     1    27     4     0     0    40.0  -29.896  -74.242    727.7    931.4
     1     1    14     1    27     5     0     0    41.0  -29.800  -74.214    720.3    932.2
     1     1    14     1    27     6     0     0    42.0  -29.700  -74.191    712.8    933.2
     1     1    14     1    27     7     0     0    43.0  -29.601  -74.176    705.3    933.8
     1     1    14     1    27     8     0     0    44.0  -29.509  -74.171    697.5    934.7
     1     1    14     1    27     9     0     0    45.0  -29.422  -74.176    689.3    935.8
     1     1    14     1    27    10     0     0    46.0  -29.340  -74.191    680.4    937.3
     1     1    14     1    27    11     0     0    47.0  -29.263  -74.215    670.7    939.0
     1     1    14     1    27    12     0     0    48.0  -29.189  -74.248    659.7    941.0
