     1     1
    CDC1    14     1     1     0     0
     1 FORWARD  OMEGA   
    14     1    13     6  -40.000  -75.000  1000.0
     1 PRESSURE
     1     1    14     1    13     6     0     0     0.0  -40.000  -75.000   1000.0    903.3
     1     1    14     1    13     7     0     0     1.0  -39.808  -74.788    989.7    899.6
     1     1    14     1    13     8     0     0     2.0  -39.599  -74.618    975.4    897.6
     1     1    14     1    13     9     0     0     3.0  -39.369  -74.490    956.3    897.1
     1     1    14     1    13    10     0     0     4.0  -39.117  -74.403    931.7    898.3
     1     1    14     1    13    11     0     0     5.0  -38.842  -74.356    900.8    900.9
     1     1    14     1    13    12     0     0     6.0  -38.545  -74.348    862.6    905.4
     1     1    14     1    13    13     0     0     7.0  -38.239  -74.349    824.4    911.3
     1     1    14     1    13    14     0     0     8.0  -37.935  -74.325    794.0    915.0
     1     1    14     1    13    15     0     0     9.0  -37.634  -74.269    773.4    916.8
     1     1    14     1    13    16     0     0    10.0  -37.336  -74.176    764.5    916.3
     1     1    14     1    13    17     0     0    11.0  -37.045  -74.044    769.3    913.3
     1     1    14     1    13    18     0     0    12.0  -36.766  -73.877    788.3    907.6
     1     1    14     1    13    19     0     0    13.0  -36.490  -73.714    810.4    900.0
     1     1    14     1    13    20     0     0    14.0  -36.207  -73.586    824.3    895.4
     1     1    14     1    13    21     0     0    15.0  -35.914  -73.491    829.4    892.6
     1     1    14     1    13    22     0     0    16.0  -35.609  -73.427    825.2    891.7
     1     1    14     1    13    23     0     0    17.0  -35.287  -73.394    811.6    892.8
     1     1    14     1    14     0     0     0    18.0  -34.943  -73.391    788.9    895.8
     1     1    14     1    14     1     0     0    19.0  -34.588  -73.398    764.1    900.5
     1     1    14     1    14     2     0     0    20.0  -34.236  -73.400    743.9    904.0
     1     1    14     1    14     3     0     0    21.0  -33.888  -73.402    726.4    907.2
     1     1    14     1    14     4     0     0    22.0  -33.541  -73.407    710.4    910.4
     1     1    14     1    14     5     0     0    23.0  -33.197  -73.419    694.8    913.9
     1     1    14     1    14     6     0     0    24.0  -32.855  -73.440    678.6    917.8
     1     1    14     1    14     7     0     0    25.0  -32.509  -73.469    663.0    922.4
     1     1    14     1    14     8     0     0    26.0  -32.163  -73.504    648.1    925.0
     1     1    14     1    14     9     0     0    27.0  -31.824  -73.547    633.2    927.7
     1     1    14     1    14    10     0     0    28.0  -31.492  -73.601    618.0    930.7
     1     1    14     1    14    11     0     0    29.0  -31.171  -73.669    602.1    933.9
     1     1    14     1    14    12     0     0    30.0  -30.859  -73.753    585.6    937.7
     1     1    14     1    14    13     0     0    31.0  -30.550  -73.835    574.8    941.5
     1     1    14     1    14    14     0     0    32.0  -30.239  -73.893    575.4    942.8
     1     1    14     1    14    15     0     0    33.0  -29.923  -73.928    587.9    942.7
     1     1    14     1    14    16     0     0    34.0  -29.605  -73.937    612.4    942.3
     1     1    14     1    14    17     0     0    35.0  -29.287  -73.921    648.5    939.9
     1     1    14     1    14    18     0     0    36.0  -28.971  -73.883    696.3    935.5
     1     1    14     1    14    19     0     0    37.0  -28.656  -73.841    744.7    928.9
     1     1    14     1    14    20     0     0    38.0  -28.335  -73.808    783.5    925.3
     1     1    14     1    14    21     0     0    39.0  -28.004  -73.781    812.5    923.1
     1     1    14     1    14    22     0     0    40.0  -27.656  -73.760    831.8    922.2
     1     1    14     1    14    23     0     0    41.0  -27.289  -73.743    841.4    922.8
     1     1    14     1    15     0     0     0    42.0  -26.902  -73.731    842.5    924.5
     1     1    14     1    15     1     0     0    43.0  -26.522  -73.730    839.2    928.0
     1     1    14     1    15     2     0     0    44.0  -26.177  -73.743    835.2    930.8
     1     1    14     1    15     3     0     0    45.0  -25.867  -73.766    829.6    933.5
     1     1    14     1    15     4     0     0    46.0  -25.593  -73.798    821.7    936.0
     1     1    14     1    15     5     0     0    47.0  -25.353  -73.834    811.2    938.3
     1     1    14     1    15     6     0     0    48.0  -25.149  -73.874    798.1    940.6
