     1     1
    CDC1    14     1     1     0     0
     1 FORWARD  OMEGA   
    14     1    25     0  -40.000  -75.000  1000.0
     1 PRESSURE
     1     1    14     1    25     0     0     0     0.0  -40.000  -75.000   1000.0    908.9
     1     1    14     1    25     1     0     0     1.0  -39.637  -75.056    948.3    915.6
     1     1    14     1    25     2     0     0     2.0  -39.276  -75.124    901.9    920.9
     1     1    14     1    25     3     0     0     3.0  -38.921  -75.205    859.9    925.7
     1     1    14     1    25     4     0     0     4.0  -38.572  -75.299    821.3    930.1
     1     1    14     1    25     5     0     0     5.0  -38.227  -75.407    785.5    934.2
     1     1    14     1    25     6     0     0     6.0  -37.886  -75.529    751.9    938.2
     1     1    14     1    25     7     0     0     7.0  -37.543  -75.654    720.1    942.1
     1     1    14     1    25     8     0     0     8.0  -37.195  -75.769    690.0    946.2
     1     1    14     1    25     9     0     0     9.0  -36.843  -75.865    662.7    949.7
     1     1    14     1    25    10     0     0    10.0  -36.489  -75.938    637.9    952.8
     1     1    14     1    25    11     0     0    11.0  -36.138  -75.986    615.5    955.2
     1     1    14     1    25    12     0     0    12.0  -35.793  -76.006    595.2    957.3
     1     1    14     1    25    13     0     0    13.0  -35.448  -75.991    578.4    959.9
     1     1    14     1    25    14     0     0    14.0  -35.098  -75.939    566.6    962.4
     1     1    14     1    25    15     0     0    15.0  -34.744  -75.857    560.6    964.7
     1     1    14     1    25    16     0     0    16.0  -34.386  -75.754    561.2    966.8
     1     1    14     1    25    17     0     0    17.0  -34.027  -75.630    569.4    968.5
     1     1    14     1    25    18     0     0    18.0  -33.669  -75.487    586.2    969.9
     1     1    14     1    25    19     0     0    19.0  -33.318  -75.341    607.9    969.5
     1     1    14     1    25    20     0     0    20.0  -32.981  -75.207    629.9    969.7
     1     1    14     1    25    21     0     0    21.0  -32.657  -75.083    652.3    969.6
     1     1    14     1    25    22     0     0    22.0  -32.348  -74.969    673.5    966.7
     1     1    14     1    25    23     0     0    23.0  -32.055  -74.866    691.2    959.4
     1     1    14     1    26     0     0     0    24.0  -31.777  -74.776    705.7    953.1
     1     1    14     1    26     1     0     0    25.0  -31.510  -74.697    716.8    948.8
     1     1    14     1    26     2     0     0    26.0  -31.246  -74.635    723.9    945.5
     1     1    14     1    26     3     0     0    27.0  -30.987  -74.589    726.7    943.3
     1     1    14     1    26     4     0     0    28.0  -30.730  -74.560    724.5    942.2
     1     1    14     1    26     5     0     0    29.0  -30.474  -74.549    716.9    942.2
     1     1    14     1    26     6     0     0    30.0  -30.219  -74.558    703.6    943.4
     1     1    14     1    26     7     0     0    31.0  -29.968  -74.578    686.0    945.4
     1     1    14     1    26     8     0     0    32.0  -29.727  -74.600    665.7    948.2
     1     1    14     1    26     9     0     0    33.0  -29.497  -74.627    643.2    951.4
     1     1    14     1    26    10     0     0    34.0  -29.277  -74.659    618.9    954.6
     1     1    14     1    26    11     0     0    35.0  -29.068  -74.697    593.0    957.7
     1     1    14     1    26    12     0     0    36.0  -28.868  -74.743    566.0    961.1
     1     1    14     1    26    13     0     0    37.0  -28.676  -74.781    540.0    964.9
     1     1    14     1    26    14     0     0    38.0  -28.492  -74.798    516.6    967.8
     1     1    14     1    26    15     0     0    39.0  -28.316  -74.792    496.0    970.2
     1     1    14     1    26    16     0     0    40.0  -28.151  -74.763    478.2    972.0
     1     1    14     1    26    17     0     0    41.0  -27.997  -74.709    463.9    973.3
     1     1    14     1    26    18     0     0    42.0  -27.855  -74.628    454.1    974.1
     1     1    14     1    26    19     0     0    43.0  -27.723  -74.537    446.0    973.2
     1     1    14     1    26    20     0     0    44.0  -27.599  -74.454    435.6    973.2
     1     1    14     1    26    21     0     0    45.0  -27.481  -74.380    422.0    973.8
     1     1    14     1    26    22     0     0    46.0  -27.368  -74.316    404.8    975.0
     1     1    14     1    26    23     0     0    47.0  -27.258  -74.264    383.3    977.0
     1     1    14     1    27     0     0     0    48.0  -27.149  -74.226    357.0    979.2
