     1     1
    CDC1    14     1     1     0     0
     1 FORWARD  OMEGA   
    14     1    22     0  -40.000  -75.000  1000.0
     1 PRESSURE
     1     1    14     1    22     0     0     0     0.0  -40.000  -75.000   1000.0    889.9
     1     1    14     1    22     1     0     0     1.0  -39.965  -74.695   1045.1    877.9
     1     1    14     1    22     2     0     0     2.0  -39.953  -74.370   1089.1    865.3
     1     1    14     1    22     3     0     0     3.0  -39.962  -74.022   1130.3    852.4
     1     1    14     1    22     4     0     0     4.0  -39.987  -73.648   1166.5    839.4
     1     1    14     1    22     5     0     0     5.0  -40.027  -73.244   1195.0    826.4
     1     1    14     1    22     6     0     0     6.0  -40.074  -72.805   1213.1    813.7
     1     1    14     1    22     7     0     0     7.0  -40.140  -72.309   1224.2    802.3
     1     1    14     1    22     8     0     0     8.0  -40.234  -71.732   1231.2    792.0
     1     1    14     1    22     9     0     0     9.0  -40.355  -71.074   1232.6    780.9
     1     1    14     1    22    10     0     0    10.0  -40.501  -70.332   1227.6    769.1
     1     1    14     1    22    11     0     0    11.0  -40.662  -69.518   1224.6    771.8
     1     1    14     1    22    12     0     0    12.0  -40.818  -68.666   1221.5    785.4
     1     1    14     1    22    13     0     0    13.0  -40.941  -67.829   1212.3    799.3
     1     1    14     1    22    14     0     0    14.0  -41.019  -67.071   1200.0    815.1
     1     1    14     1    22    15     0     0    15.0  -41.062  -66.412   1187.1    830.7
     1     1    14     1    22    16     0     0    16.0  -41.076  -65.861   1173.2    844.0
     1     1    14     1    22    17     0     0    17.0  -41.067  -65.417   1157.9    855.1
     1     1    14     1    22    18     0     0    18.0  -41.039  -65.078   1141.1    864.1
     1     1    14     1    22    19     0     0    19.0  -41.013  -64.802   1126.1    868.7
     1     1    14     1    22    20     0     0    20.0  -41.004  -64.545   1116.8    870.7
     1     1    14     1    22    21     0     0    21.0  -41.017  -64.306   1115.2    871.8
     1     1    14     1    22    22     0     0    22.0  -41.052  -64.086   1121.6    872.0
     1     1    14     1    22    23     0     0    23.0  -41.111  -63.884   1136.7    871.2
     1     1    14     1    23     0     0     0    24.0  -41.196  -63.699   1161.2    869.5
     1     1    14     1    23     1     0     0    25.0  -41.298  -63.505   1190.9    866.8
     1     1    14     1    23     2     0     0    26.0  -41.406  -63.278   1222.3    864.7
     1     1    14     1    23     3     0     0    27.0  -41.521  -63.020   1256.3    862.6
     1     1    14     1    23     4     0     0    28.0  -41.643  -62.732   1293.9    860.4
     1     1    14     1    23     5     0     0    29.0  -41.774  -62.415   1335.9    857.3
     1     1    14     1    23     6     0     0    30.0  -41.917  -62.067   1381.5    852.9
     1     1    14     1    23     7     0     0    31.0  -42.059  -61.714   1427.5    848.3
     1     1    14     1    23     8     0     0    32.0  -42.190  -61.386   1470.6    844.3
     1     1    14     1    23     9     0     0    33.0  -42.311  -61.085   1511.9    840.5
     1     1    14     1    23    10     0     0    34.0  -42.426  -60.814   1552.1    836.8
     1     1    14     1    23    11     0     0    35.0  -42.536  -60.573   1592.1    833.0
     1     1    14     1    23    12     0     0    36.0  -42.644  -60.362   1633.2    828.6
     1     1    14     1    23    13     0     0    37.0  -42.752  -60.150   1674.6    823.5
     1     1    14     1    23    14     0     0    38.0  -42.860  -59.912   1717.1    818.6
     1     1    14     1    23    15     0     0    39.0  -42.968  -59.646   1759.3    813.7
     1     1    14     1    23    16     0     0    40.0  -43.077  -59.354   1800.3    809.0
     1     1    14     1    23    17     0     0    41.0  -43.189  -59.039   1839.7    804.5
     1     1    14     1    23    18     0     0    42.0  -43.306  -58.702   1877.3    800.3
     1     1    14     1    23    19     0     0    43.0  -43.414  -58.355   1912.2    796.9
     1     1    14     1    23    20     0     0    44.0  -43.500  -58.008   1945.0    793.9
     1     1    14     1    23    21     0     0    45.0  -43.567  -57.664   1977.1    791.0
     1     1    14     1    23    22     0     0    46.0  -43.618  -57.322   2009.8    787.8
     1     1    14     1    23    23     0     0    47.0  -43.657  -56.980   2044.6    784.0
     1     1    14     1    24     0     0     0    48.0  -43.689  -56.639   2083.4    779.9
