     1     1
    CDC1    14     1     1     0     0
     1 FORWARD  OMEGA   
    14     1    13     0  -40.000  -75.000  1000.0
     1 PRESSURE
     1     1    14     1    13     0     0     0     0.0  -40.000  -75.000   1000.0    902.3
     1     1    14     1    13     1     0     0     1.0  -39.763  -74.815    982.7    900.7
     1     1    14     1    13     2     0     0     2.0  -39.532  -74.641    967.8    898.8
     1     1    14     1    13     3     0     0     3.0  -39.306  -74.477    954.9    896.8
     1     1    14     1    13     4     0     0     4.0  -39.085  -74.324    943.9    894.9
     1     1    14     1    13     5     0     0     5.0  -38.869  -74.185    934.6    893.0
     1     1    14     1    13     6     0     0     6.0  -38.659  -74.060    926.9    891.2
     1     1    14     1    13     7     0     0     7.0  -38.442  -73.960    917.0    889.6
     1     1    14     1    13     8     0     0     8.0  -38.205  -73.897    900.7    890.0
     1     1    14     1    13     9     0     0     9.0  -37.945  -73.870    877.4    892.0
     1     1    14     1    13    10     0     0    10.0  -37.660  -73.879    846.3    896.0
     1     1    14     1    13    11     0     0    11.0  -37.352  -73.918    807.0    902.0
     1     1    14     1    13    12     0     0    12.0  -37.025  -73.974    760.4    909.6
     1     1    14     1    13    13     0     0    13.0  -36.696  -74.010    717.7    917.9
     1     1    14     1    13    14     0     0    14.0  -36.376  -73.998    689.3    922.1
     1     1    14     1    13    15     0     0    15.0  -36.064  -73.939    675.7    923.3
     1     1    14     1    13    16     0     0    16.0  -35.761  -73.837    677.3    921.2
     1     1    14     1    13    17     0     0    17.0  -35.470  -73.697    694.1    916.2
     1     1    14     1    13    18     0     0    18.0  -35.194  -73.525    725.9    908.4
     1     1    14     1    13    19     0     0    19.0  -34.922  -73.364    759.3    898.8
     1     1    14     1    13    20     0     0    20.0  -34.644  -73.242    781.7    893.6
     1     1    14     1    13    21     0     0    21.0  -34.356  -73.155    793.6    890.7
     1     1    14     1    13    22     0     0    22.0  -34.056  -73.094    796.2    889.7
     1     1    14     1    13    23     0     0    23.0  -33.741  -73.054    791.0    890.1
     1     1    14     1    14     0     0     0    24.0  -33.408  -73.030    779.3    891.7
     1     1    14     1    14     1     0     0    25.0  -33.067  -73.012    765.4    894.3
     1     1    14     1    14     2     0     0    26.0  -32.733  -72.997    753.1    896.4
     1     1    14     1    14     3     0     0    27.0  -32.405  -72.990    740.4    898.4
     1     1    14     1    14     4     0     0    28.0  -32.089  -72.993    725.6    899.9
     1     1    14     1    14     5     0     0    29.0  -31.785  -73.008    707.5    902.1
     1     1    14     1    14     6     0     0    30.0  -31.493  -73.037    684.4    905.3
     1     1    14     1    14     7     0     0    31.0  -31.208  -73.076    658.5    909.7
     1     1    14     1    14     8     0     0    32.0  -30.926  -73.122    632.6    913.9
     1     1    14     1    14     9     0     0    33.0  -30.649  -73.177    606.2    918.2
     1     1    14     1    14    10     0     0    34.0  -30.379  -73.245    579.1    922.7
     1     1    14     1    14    11     0     0    35.0  -30.116  -73.327    551.3    927.7
     1     1    14     1    14    12     0     0    36.0  -29.860  -73.427    523.2    934.8
     1     1    14     1    14    13     0     0    37.0  -29.600  -73.520    503.3    943.0
     1     1    14     1    14    14     0     0    38.0  -29.329  -73.583    498.4    947.5
     1     1    14     1    14    15     0     0    39.0  -29.051  -73.615    508.7    949.5
     1     1    14     1    14    16     0     0    40.0  -28.768  -73.616    534.2    949.2
     1     1    14     1    14    17     0     0    41.0  -28.483  -73.587    575.1    946.8
     1     1    14     1    14    18     0     0    42.0  -28.198  -73.531    632.2    942.7
     1     1    14     1    14    19     0     0    43.0  -27.913  -73.466    692.1    935.2
     1     1    14     1    14    20     0     0    44.0  -27.619  -73.412    741.2    931.1
     1     1    14     1    14    21     0     0    45.0  -27.313  -73.365    779.7    928.7
     1     1    14     1    14    22     0     0    46.0  -26.989  -73.324    807.7    928.0
     1     1    14     1    14    23     0     0    47.0  -26.646  -73.291    825.5    928.9
     1     1    14     1    15     0     0     0    48.0  -26.282  -73.270    833.2    931.2
