     1     1
    CDC1    14     1     1     0     0
     1 FORWARD  OMEGA   
    14     1    15    18  -40.000  -75.000  1000.0
     1 PRESSURE
     1     1    14     1    15    18     0     0     0.0  -40.000  -75.000   1000.0    903.8
     1     1    14     1    15    19     0     0     1.0  -39.746  -75.018    946.4    910.1
     1     1    14     1    15    20     0     0     2.0  -39.459  -75.055    899.2    915.0
     1     1    14     1    15    21     0     0     3.0  -39.143  -75.111    858.2    919.3
     1     1    14     1    15    22     0     0     4.0  -38.800  -75.186    822.8    923.2
     1     1    14     1    15    23     0     0     5.0  -38.433  -75.283    792.7    926.5
     1     1    14     1    16     0     0     0     6.0  -38.044  -75.406    767.2    929.3
     1     1    14     1    16     1     0     0     7.0  -37.645  -75.552    745.6    932.7
     1     1    14     1    16     2     0     0     8.0  -37.248  -75.714    727.3    935.7
     1     1    14     1    16     3     0     0     9.0  -36.858  -75.882    712.4    938.0
     1     1    14     1    16     4     0     0    10.0  -36.474  -76.055    700.8    939.3
     1     1    14     1    16     5     0     0    11.0  -36.093  -76.236    692.6    939.8
     1     1    14     1    16     6     0     0    12.0  -35.714  -76.429    687.9    939.4
     1     1    14     1    16     7     0     0    13.0  -35.340  -76.630    688.6    937.5
     1     1    14     1    16     8     0     0    14.0  -34.979  -76.833    696.0    934.3
     1     1    14     1    16     9     0     0    15.0  -34.635  -77.034    708.3    930.0
     1     1    14     1    16    10     0     0    16.0  -34.312  -77.227    724.2    925.2
     1     1    14     1    16    11     0     0    17.0  -34.010  -77.408    743.3    919.8
     1     1    14     1    16    12     0     0    18.0  -33.731  -77.572    765.3    915.2
     1     1    14     1    16    13     0     0    19.0  -33.480  -77.715    790.4    912.2
     1     1    14     1    16    14     0     0    20.0  -33.259  -77.834    819.4    908.8
     1     1    14     1    16    15     0     0    21.0  -33.066  -77.934    851.9    905.2
     1     1    14     1    16    16     0     0    22.0  -32.899  -78.016    887.8    901.3
     1     1    14     1    16    17     0     0    23.0  -32.758  -78.084    927.1    897.3
     1     1    14     1    16    18     0     0    24.0  -32.642  -78.140    969.1    892.6
     1     1    14     1    16    19     0     0    25.0  -32.538  -78.197   1008.7    887.1
     1     1    14     1    16    20     0     0    26.0  -32.432  -78.272   1040.7    883.6
     1     1    14     1    16    21     0     0    27.0  -32.319  -78.365   1065.0    881.2
     1     1    14     1    16    22     0     0    28.0  -32.196  -78.475   1081.8    879.8
     1     1    14     1    16    23     0     0    29.0  -32.061  -78.600   1091.1    879.3
     1     1    14     1    17     0     0     0    30.0  -31.912  -78.736   1093.0    879.7
     1     1    14     1    17     1     0     0    31.0  -31.757  -78.877   1093.6    881.4
     1     1    14     1    17     2     0     0    32.0  -31.606  -79.021   1099.3    882.1
     1     1    14     1    17     3     0     0    33.0  -31.459  -79.168   1109.9    882.5
     1     1    14     1    17     4     0     0    34.0  -31.317  -79.317   1125.1    882.5
     1     1    14     1    17     5     0     0    35.0  -31.180  -79.469   1144.9    882.1
     1     1    14     1    17     6     0     0    36.0  -31.048  -79.624   1169.3    881.4
     1     1    14     1    17     7     0     0    37.0  -30.922  -79.772   1192.8    880.2
     1     1    14     1    17     8     0     0    38.0  -30.802  -79.903   1210.9    879.9
     1     1    14     1    17     9     0     0    39.0  -30.689  -80.014   1223.3    880.1
     1     1    14     1    17    10     0     0    40.0  -30.584  -80.107   1229.7    880.1
     1     1    14     1    17    11     0     0    41.0  -30.489  -80.180   1230.6    880.5
     1     1    14     1    17    12     0     0    42.0  -30.405  -80.234   1226.1    881.4
     1     1    14     1    17    13     0     0    43.0  -30.331  -80.274   1220.7    883.1
     1     1    14     1    17    14     0     0    44.0  -30.267  -80.307   1218.7    883.9
     1     1    14     1    17    15     0     0    45.0  -30.212  -80.333   1220.6    884.3
     1     1    14     1    17    16     0     0    46.0  -30.167  -80.352   1226.4    884.2
     1     1    14     1    17    17     0     0    47.0  -30.131  -80.367   1236.3    883.7
     1     1    14     1    17    18     0     0    48.0  -30.106  -80.377   1250.4    882.6
