     1     1
    CDC1    14     1     1     0     0
     1 FORWARD  OMEGA   
    14     1    12    18  -40.000  -75.000  1000.0
     1 PRESSURE
     1     1    14     1    12    18     0     0     0.0  -40.000  -75.000   1000.0    902.8
     1     1    14     1    12    19     0     0     1.0  -39.789  -74.750   1002.9    896.7
     1     1    14     1    12    20     0     0     2.0  -39.579  -74.529   1002.6    891.6
     1     1    14     1    12    21     0     0     3.0  -39.368  -74.337    998.9    887.5
     1     1    14     1    12    22     0     0     4.0  -39.155  -74.172    991.8    884.4
     1     1    14     1    12    23     0     0     5.0  -38.937  -74.035    981.3    882.4
     1     1    14     1    13     0     0     0     6.0  -38.712  -73.925    967.5    881.5
     1     1    14     1    13     1     0     0     7.0  -38.484  -73.834    953.0    881.7
     1     1    14     1    13     2     0     0     8.0  -38.258  -73.755    940.8    881.5
     1     1    14     1    13     3     0     0     9.0  -38.035  -73.689    930.6    881.4
     1     1    14     1    13     4     0     0    10.0  -37.816  -73.637    922.3    881.5
     1     1    14     1    13     5     0     0    11.0  -37.599  -73.602    915.7    881.7
     1     1    14     1    13     6     0     0    12.0  -37.385  -73.584    910.6    882.2
     1     1    14     1    13     7     0     0    13.0  -37.161  -73.586    902.4    883.1
     1     1    14     1    13     8     0     0    14.0  -36.913  -73.609    886.1    886.0
     1     1    14     1    13     9     0     0    15.0  -36.641  -73.647    862.3    890.2
     1     1    14     1    13    10     0     0    16.0  -36.348  -73.696    831.4    895.6
     1     1    14     1    13    11     0     0    17.0  -36.036  -73.748    793.7    902.0
     1     1    14     1    13    12     0     0    18.0  -35.709  -73.797    749.8    909.1
     1     1    14     1    13    13     0     0    19.0  -35.379  -73.818    710.6    916.7
     1     1    14     1    13    14     0     0    20.0  -35.056  -73.794    686.7    920.1
     1     1    14     1    13    15     0     0    21.0  -34.745  -73.729    678.8    920.6
     1     1    14     1    13    16     0     0    22.0  -34.451  -73.630    686.4    918.2
     1     1    14     1    13    17     0     0    23.0  -34.174  -73.503    708.4    913.2
     1     1    14     1    13    18     0     0    24.0  -33.916  -73.353    743.1    906.2
     1     1    14     1    13    19     0     0    25.0  -33.665  -73.212    777.9    897.6
     1     1    14     1    13    20     0     0    26.0  -33.406  -73.100    802.3    892.5
     1     1    14     1    13    21     0     0    27.0  -33.136  -73.012    817.5    889.2
     1     1    14     1    13    22     0     0    28.0  -32.852  -72.942    825.0    887.2
     1     1    14     1    13    23     0     0    29.0  -32.552  -72.886    826.2    886.3
     1     1    14     1    14     0     0     0    30.0  -32.236  -72.839    822.6    885.2
     1     1    14     1    14     1     0     0    31.0  -31.924  -72.801    817.0    884.7
     1     1    14     1    14     2     0     0    32.0  -31.629  -72.773    810.5    884.4
     1     1    14     1    14     3     0     0    33.0  -31.351  -72.757    800.8    884.9
     1     1    14     1    14     4     0     0    34.0  -31.089  -72.755    786.2    886.2
     1     1    14     1    14     5     0     0    35.0  -30.841  -72.768    765.0    888.7
     1     1    14     1    14     6     0     0    36.0  -30.603  -72.797    736.1    892.5
     1     1    14     1    14     7     0     0    37.0  -30.370  -72.839    702.6    897.7
     1     1    14     1    14     8     0     0    38.0  -30.139  -72.888    668.6    902.9
     1     1    14     1    14     9     0     0    39.0  -29.911  -72.949    634.3    909.7
     1     1    14     1    14    10     0     0    40.0  -29.684  -73.022    599.7    918.3
     1     1    14     1    14    11     0     0    41.0  -29.459  -73.111    564.5    926.9
     1     1    14     1    14    12     0     0    42.0  -29.237  -73.215    528.5    935.7
     1     1    14     1    14    13     0     0    43.0  -29.007  -73.311    501.7    944.4
     1     1    14     1    14    14     0     0    44.0  -28.763  -73.375    492.5    949.3
     1     1    14     1    14    15     0     0    45.0  -28.510  -73.405    500.9    951.6
     1     1    14     1    14    16     0     0    46.0  -28.251  -73.402    527.0    951.3
     1     1    14     1    14    17     0     0    47.0  -27.989  -73.366    571.2    948.9
     1     1    14     1    14    18     0     0    48.0  -27.726  -73.299    634.8    944.6
