     1     1
    CDC1    14     1     1     0     0
     1 FORWARD  OMEGA   
    14     1    26    12  -40.000  -75.000  1000.0
     1 PRESSURE
     1     1    14     1    26    12     0     0     0.0  -40.000  -75.000   1000.0    901.6
     1     1    14     1    26    13     0     0     1.0  -39.766  -75.047    992.5    903.2
     1     1    14     1    26    14     0     0     2.0  -39.542  -75.067    984.1    905.0
     1     1    14     1    26    15     0     0     3.0  -39.329  -75.059    975.5    906.7
     1     1    14     1    26    16     0     0     4.0  -39.126  -75.022    967.2    908.3
     1     1    14     1    26    17     0     0     5.0  -38.933  -74.955    959.6    908.6
     1     1    14     1    26    18     0     0     6.0  -38.751  -74.854    953.4    907.2
     1     1    14     1    26    19     0     0     7.0  -38.576  -74.749    948.5    905.2
     1     1    14     1    26    20     0     0     8.0  -38.398  -74.666    943.9    903.8
     1     1    14     1    26    21     0     0     9.0  -38.218  -74.609    939.4    903.1
     1     1    14     1    26    22     0     0    10.0  -38.034  -74.580    934.5    903.1
     1     1    14     1    26    23     0     0    11.0  -37.845  -74.579    929.1    904.1
     1     1    14     1    27     0     0     0    12.0  -37.649  -74.611    922.7    906.0
     1     1    14     1    27     1     0     0    13.0  -37.441  -74.663    917.1    908.9
     1     1    14     1    27     2     0     0    14.0  -37.220  -74.714    914.2    911.6
     1     1    14     1    27     3     0     0    15.0  -36.988  -74.760    913.9    914.0
     1     1    14     1    27     4     0     0    16.0  -36.745  -74.799    915.7    916.0
     1     1    14     1    27     5     0     0    17.0  -36.492  -74.833    919.3    917.9
     1     1    14     1    27     6     0     0    18.0  -36.229  -74.859    924.2    919.5
     1     1    14     1    27     7     0     0    19.0  -35.963  -74.886    927.1    920.6
     1     1    14     1    27     8     0     0    20.0  -35.702  -74.921    926.3    922.7
     1     1    14     1    27     9     0     0    21.0  -35.445  -74.963    921.3    925.5
     1     1    14     1    27    10     0     0    22.0  -35.189  -75.009    911.9    928.4
     1     1    14     1    27    11     0     0    23.0  -34.937  -75.058    898.2    930.3
     1     1    14     1    27    12     0     0    24.0  -34.690  -75.109    881.9    932.5
     1     1    14     1    27    13     0     0    25.0  -34.454  -75.142    869.5    935.6
     1     1    14     1    27    14     0     0    26.0  -34.232  -75.143    865.6    937.4
     1     1    14     1    27    15     0     0    27.0  -34.024  -75.114    870.1    938.7
     1     1    14     1    27    16     0     0    28.0  -33.830  -75.057    882.7    939.5
     1     1    14     1    27    17     0     0    29.0  -33.651  -74.972    902.9    938.5
     1     1    14     1    27    18     0     0    30.0  -33.489  -74.861    929.0    933.5
     1     1    14     1    27    19     0     0    31.0  -33.339  -74.746    953.1    926.2
     1     1    14     1    27    20     0     0    32.0  -33.195  -74.648    967.9    921.4
     1     1    14     1    27    21     0     0    33.0  -33.058  -74.562    973.2    918.0
     1     1    14     1    27    22     0     0    34.0  -32.929  -74.485    969.3    916.0
     1     1    14     1    27    23     0     0    35.0  -32.806  -74.417    956.3    915.2
     1     1    14     1    28     0     0     0    36.0  -32.690  -74.355    934.2    915.6
     1     1    14     1    28     1     0     0    37.0  -32.568  -74.303    910.7    918.4
     1     1    14     1    28     2     0     0    38.0  -32.424  -74.265    892.6    920.0
     1     1    14     1    28     3     0     0    39.0  -32.258  -74.241    880.2    920.9
     1     1    14     1    28     4     0     0    40.0  -32.067  -74.235    874.1    921.7
     1     1    14     1    28     5     0     0    41.0  -31.850  -74.245    874.2    922.3
     1     1    14     1    28     6     0     0    42.0  -31.608  -74.274    880.9    922.7
     1     1    14     1    28     7     0     0    43.0  -31.357  -74.316    889.3    921.8
     1     1    14     1    28     8     0     0    44.0  -31.117  -74.367    895.4    922.0
     1     1    14     1    28     9     0     0    45.0  -30.889  -74.430    899.2    922.7
     1     1    14     1    28    10     0     0    46.0  -30.673  -74.505    900.7    924.1
     1     1    14     1    28    11     0     0    47.0  -30.470  -74.595    900.2    926.1
     1     1    14     1    28    12     0     0    48.0  -30.281  -74.700    897.6    928.8
