     1     1
    CDC1    14     1     1     0     0
     1 FORWARD  OMEGA   
    14     1     2    18  -40.000  -75.000  1000.0
     1 PRESSURE
     1     1    14     1     2    18     0     0     0.0  -40.000  -75.000   1000.0    905.8
     1     1    14     1     2    19     0     0     1.0  -39.727  -74.807    992.3    902.0
     1     1    14     1     2    20     0     0     2.0  -39.444  -74.653    980.4    899.8
     1     1    14     1     2    21     0     0     3.0  -39.152  -74.536    965.0    899.0
     1     1    14     1     2    22     0     0     4.0  -38.851  -74.456    946.6    899.5
     1     1    14     1     2    23     0     0     5.0  -38.541  -74.412    925.4    901.3
     1     1    14     1     3     0     0     0     6.0  -38.222  -74.403    902.0    904.0
     1     1    14     1     3     1     0     0     7.0  -37.898  -74.425    878.7    908.3
     1     1    14     1     3     2     0     0     8.0  -37.571  -74.479    857.4    913.2
     1     1    14     1     3     3     0     0     9.0  -37.237  -74.563    837.4    919.1
     1     1    14     1     3     4     0     0    10.0  -36.893  -74.673    817.8    926.0
     1     1    14     1     3     5     0     0    11.0  -36.536  -74.808    797.5    933.9
     1     1    14     1     3     6     0     0    12.0  -36.157  -74.970    775.0    943.2
     1     1    14     1     3     7     0     0    13.0  -35.750  -75.151    747.5    947.8
     1     1    14     1     3     8     0     0    14.0  -35.313  -75.345    716.5    951.6
     1     1    14     1     3     9     0     0    15.0  -34.846  -75.549    683.9    955.0
     1     1    14     1     3    10     0     0    16.0  -34.355  -75.752    652.6    957.8
     1     1    14     1     3    11     0     0    17.0  -33.845  -75.948    625.4    959.3
     1     1    14     1     3    12     0     0    18.0  -33.315  -76.135    604.0    959.3
     1     1    14     1     3    13     0     0    19.0  -32.770  -76.306    592.1    958.0
     1     1    14     1     3    14     0     0    20.0  -32.217  -76.459    591.0    954.8
     1     1    14     1     3    15     0     0    21.0  -31.668  -76.602    597.7    951.1
     1     1    14     1     3    16     0     0    22.0  -31.126  -76.739    608.8    947.3
     1     1    14     1     3    17     0     0    23.0  -30.590  -76.874    621.6    943.6
     1     1    14     1     3    18     0     0    24.0  -30.057  -77.010    633.3    940.2
     1     1    14     1     3    19     0     0    25.0  -29.530  -77.161    640.0    934.2
     1     1    14     1     3    20     0     0    26.0  -29.010  -77.339    640.8    928.5
     1     1    14     1     3    21     0     0    27.0  -28.503  -77.546    639.0    923.9
     1     1    14     1     3    22     0     0    28.0  -28.014  -77.776    638.9    923.7
     1     1    14     1     3    23     0     0    29.0  -27.548  -78.023    642.4    923.5
     1     1    14     1     4     0     0     0    30.0  -27.102  -78.281    650.6    927.4
     1     1    14     1     4     1     0     0    31.0  -26.685  -78.536    662.3    931.0
     1     1    14     1     4     2     0     0    32.0  -26.304  -78.781    677.9    932.7
     1     1    14     1     4     3     0     0    33.0  -25.958  -79.016    696.4    933.2
     1     1    14     1     4     4     0     0    34.0  -25.645  -79.242    716.9    932.6
     1     1    14     1     4     5     0     0    35.0  -25.364  -79.462    738.6    931.2
     1     1    14     1     4     6     0     0    36.0  -25.115  -79.679    761.0    929.2
     1     1    14     1     4     7     0     0    37.0  -24.882  -79.896    781.6    927.7
     1     1    14     1     4     8     0     0    38.0  -24.649  -80.113    797.8    927.1
     1     1    14     1     4     9     0     0    39.0  -24.416  -80.328    810.1    925.6
     1     1    14     1     4    10     0     0    40.0  -24.185  -80.537    819.7    924.1
     1     1    14     1     4    11     0     0    41.0  -23.957  -80.740    827.7    922.5
     1     1    14     1     4    12     0     0    42.0  -23.732  -80.934    835.2    920.6
     1     1    14     1     4    13     0     0    43.0  -23.509  -81.123    841.3    918.4
     1     1    14     1     4    14     0     0    44.0  -23.285  -81.309    844.8    916.5
     1     1    14     1     4    15     0     0    45.0  -23.059  -81.490    846.3    914.4
     1     1    14     1     4    16     0     0    46.0  -22.826  -81.667    846.6    912.2
     1     1    14     1     4    17     0     0    47.0  -22.585  -81.837    846.2    909.7
     1     1    14     1     4    18     0     0    48.0  -22.335  -82.002    846.1    908.0
