     1     1
    CDC1    14     1     1     0     0
     1 FORWARD  OMEGA   
    14     1    22    18  -40.000  -75.000  1000.0
     1 PRESSURE
     1     1    14     1    22    18     0     0     0.0  -40.000  -75.000   1000.0    894.5
     1     1    14     1    22    19     0     0     1.0  -39.924  -74.755   1038.6    884.0
     1     1    14     1    22    20     0     0     2.0  -39.869  -74.504   1076.6    873.3
     1     1    14     1    22    21     0     0     3.0  -39.836  -74.244   1114.4    862.6
     1     1    14     1    22    22     0     0     4.0  -39.824  -73.975   1152.4    851.7
     1     1    14     1    22    23     0     0     5.0  -39.834  -73.697   1190.8    840.6
     1     1    14     1    23     0     0     0     6.0  -39.866  -73.406   1230.0    829.3
     1     1    14     1    23     1     0     0     7.0  -39.913  -73.097   1268.0    817.6
     1     1    14     1    23     2     0     0     8.0  -39.969  -72.758   1302.2    805.5
     1     1    14     1    23     3     0     0     9.0  -40.038  -72.386   1331.7    793.9
     1     1    14     1    23     4     0     0    10.0  -40.124  -71.979   1355.0    784.3
     1     1    14     1    23     5     0     0    11.0  -40.229  -71.537   1369.5    775.1
     1     1    14     1    23     6     0     0    12.0  -40.359  -71.055   1374.4    766.3
     1     1    14     1    23     7     0     0    13.0  -40.500  -70.534   1374.6    758.3
     1     1    14     1    23     8     0     0    14.0  -40.642  -69.980   1376.1    750.0
     1     1    14     1    23     9     0     0    15.0  -40.767  -69.420   1389.5    757.9
     1     1    14     1    23    10     0     0    16.0  -40.861  -68.881   1404.4    765.1
     1     1    14     1    23    11     0     0    17.0  -40.925  -68.363   1421.1    771.6
     1     1    14     1    23    12     0     0    18.0  -40.964  -67.867   1439.8    777.5
     1     1    14     1    23    13     0     0    19.0  -40.984  -67.397   1458.8    783.5
     1     1    14     1    23    14     0     0    20.0  -40.987  -66.961   1476.8    791.3
     1     1    14     1    23    15     0     0    21.0  -40.971  -66.560   1494.2    798.3
     1     1    14     1    23    16     0     0    22.0  -40.941  -66.189   1511.9    804.7
     1     1    14     1    23    17     0     0    23.0  -40.899  -65.845   1530.7    810.4
     1     1    14     1    23    18     0     0    24.0  -40.848  -65.524   1551.4    815.3
     1     1    14     1    23    19     0     0    25.0  -40.774  -65.221   1571.4    820.2
     1     1    14     1    23    20     0     0    26.0  -40.657  -64.934   1587.4    824.2
     1     1    14     1    23    21     0     0    27.0  -40.497  -64.662   1598.0    824.5
     1     1    14     1    23    22     0     0    28.0  -40.292  -64.407   1606.8    824.8
     1     1    14     1    23    23     0     0    29.0  -40.040  -64.173   1615.2    824.9
     1     1    14     1    24     0     0     0    30.0  -39.740  -63.972   1626.0    824.5
     1     1    14     1    24     1     0     0    31.0  -39.416  -63.798   1635.5    823.4
     1     1    14     1    24     2     0     0    32.0  -39.087  -63.639   1636.7    823.3
     1     1    14     1    24     3     0     0    33.0  -38.750  -63.497   1628.7    824.0
     1     1    14     1    24     4     0     0    34.0  -38.402  -63.372   1611.0    825.4
     1     1    14     1    24     5     0     0    35.0  -38.039  -63.269   1583.5    827.8
     1     1    14     1    24     6     0     0    36.0  -37.657  -63.193   1547.0    831.2
     1     1    14     1    24     7     0     0    37.0  -37.256  -63.151   1514.0    834.7
     1     1    14     1    24     8     0     0    38.0  -36.845  -63.136   1496.9    835.5
     1     1    14     1    24     9     0     0    39.0  -36.426  -63.138   1494.0    834.9
     1     1    14     1    24    10     0     0    40.0  -36.002  -63.151   1503.9    833.0
     1     1    14     1    24    11     0     0    41.0  -35.572  -63.167   1525.3    830.1
     1     1    14     1    24    12     0     0    42.0  -35.137  -63.178   1557.9    826.2
     1     1    14     1    24    13     0     0    43.0  -34.718  -63.173   1593.2    821.2
     1     1    14     1    24    14     0     0    44.0  -34.330  -63.146   1623.6    817.5
     1     1    14     1    24    15     0     0    45.0  -33.966  -63.103   1645.4    814.8
     1     1    14     1    24    16     0     0    46.0  -33.617  -63.048   1656.8    813.2
     1     1    14     1    24    17     0     0    47.0  -33.274  -62.985   1656.3    812.8
     1     1    14     1    24    18     0     0    48.0  -32.930  -62.919   1642.8    813.7
