     1     1
    CDC1    14     1     1     0     0
     1 FORWARD  OMEGA   
    14     1    15     0  -40.000  -75.000  1000.0
     1 PRESSURE
     1     1    14     1    15     0     0     0     0.0  -40.000  -75.000   1000.0    906.2
     1     1    14     1    15     1     0     0     1.0  -39.598  -74.988    955.8    912.1
     1     1    14     1    15     2     0     0     2.0  -39.205  -75.019    914.8    917.7
     1     1    14     1    15     3     0     0     3.0  -38.819  -75.095    873.9    922.9
     1     1    14     1    15     4     0     0     4.0  -38.439  -75.219    831.1    928.3
     1     1    14     1    15     5     0     0     5.0  -38.062  -75.395    785.1    934.1
     1     1    14     1    15     6     0     0     6.0  -37.686  -75.623    735.1    940.4
     1     1    14     1    15     7     0     0     7.0  -37.306  -75.875    685.0    946.6
     1     1    14     1    15     8     0     0     8.0  -36.917  -76.117    640.0    951.4
     1     1    14     1    15     9     0     0     9.0  -36.519  -76.338    600.8    954.3
     1     1    14     1    15    10     0     0    10.0  -36.114  -76.530    567.8    956.2
     1     1    14     1    15    11     0     0    11.0  -35.704  -76.690    541.5    957.1
     1     1    14     1    15    12     0     0    12.0  -35.292  -76.812    522.5    957.1
     1     1    14     1    15    13     0     0    13.0  -34.886  -76.894    512.7    956.8
     1     1    14     1    15    14     0     0    14.0  -34.498  -76.945    512.7    955.5
     1     1    14     1    15    15     0     0    15.0  -34.133  -76.976    521.0    953.5
     1     1    14     1    15    16     0     0    16.0  -33.794  -76.995    537.1    950.8
     1     1    14     1    15    17     0     0    17.0  -33.486  -77.005    560.6    947.6
     1     1    14     1    15    18     0     0    18.0  -33.210  -77.010    591.3    943.9
     1     1    14     1    15    19     0     0    19.0  -32.953  -77.016    625.6    938.8
     1     1    14     1    15    20     0     0    20.0  -32.696  -77.023    658.6    933.5
     1     1    14     1    15    21     0     0    21.0  -32.441  -77.023    689.1    928.9
     1     1    14     1    15    22     0     0    22.0  -32.182  -77.014    715.7    925.5
     1     1    14     1    15    23     0     0    23.0  -31.913  -76.995    737.6    922.9
     1     1    14     1    16     0     0     0    24.0  -31.634  -76.960    755.5    920.9
     1     1    14     1    16     1     0     0    25.0  -31.349  -76.930    771.4    920.2
     1     1    14     1    16     2     0     0    26.0  -31.068  -76.928    786.4    918.9
     1     1    14     1    16     3     0     0    27.0  -30.791  -76.957    800.7    917.2
     1     1    14     1    16     4     0     0    28.0  -30.520  -77.017    814.5    915.3
     1     1    14     1    16     5     0     0    29.0  -30.256  -77.112    828.2    913.0
     1     1    14     1    16     6     0     0    30.0  -29.999  -77.243    842.4    910.3
     1     1    14     1    16     7     0     0    31.0  -29.766  -77.382    856.8    905.9
     1     1    14     1    16     8     0     0    32.0  -29.569  -77.498    870.3    902.0
     1     1    14     1    16     9     0     0    33.0  -29.404  -77.591    882.5    900.6
     1     1    14     1    16    10     0     0    34.0  -29.269  -77.658    892.1    899.5
     1     1    14     1    16    11     0     0    35.0  -29.162  -77.699    898.5    898.6
     1     1    14     1    16    12     0     0    36.0  -29.084  -77.714    901.7    897.9
     1     1    14     1    16    13     0     0    37.0  -29.023  -77.716    903.6    897.5
     1     1    14     1    16    14     0     0    38.0  -28.970  -77.720    906.8    896.9
     1     1    14     1    16    15     0     0    39.0  -28.924  -77.726    910.8    896.3
     1     1    14     1    16    16     0     0    40.0  -28.884  -77.733    915.7    895.6
     1     1    14     1    16    17     0     0    41.0  -28.852  -77.743    921.2    894.9
     1     1    14     1    16    18     0     0    42.0  -28.825  -77.755    927.5    894.2
     1     1    14     1    16    19     0     0    43.0  -28.797  -77.767    932.7    892.9
     1     1    14     1    16    20     0     0    44.0  -28.761  -77.778    935.2    892.0
     1     1    14     1    16    21     0     0    45.0  -28.717  -77.788    935.1    891.3
     1     1    14     1    16    22     0     0    46.0  -28.666  -77.795    932.4    890.9
     1     1    14     1    16    23     0     0    47.0  -28.607  -77.799    927.5    890.7
     1     1    14     1    17     0     0     0    48.0  -28.540  -77.798    920.5    890.5
