     1     1
    CDC1    14     1     1     0     0
     1 FORWARD  OMEGA   
    14     1     8    18  -40.000  -75.000  1000.0
     1 PRESSURE
     1     1    14     1     8    18     0     0     0.0  -40.000  -75.000   1000.0    900.1
     1     1    14     1     8    19     0     0     1.0  -39.987  -74.550   1001.7    888.5
     1     1    14     1     8    20     0     0     2.0  -39.977  -74.105   1011.8    875.3
     1     1    14     1     8    21     0     0     3.0  -39.973  -73.661   1028.9    861.6
     1     1    14     1     8    22     0     0     4.0  -39.981  -73.212   1051.4    847.2
     1     1    14     1     8    23     0     0     5.0  -40.005  -72.750   1077.7    832.4
     1     1    14     1     9     0     0     0     6.0  -40.048  -72.268   1107.5    818.7
     1     1    14     1     9     1     0     0     7.0  -40.101  -71.754   1137.5    806.5
     1     1    14     1     9     2     0     0     8.0  -40.153  -71.206   1164.3    794.5
     1     1    14     1     9     3     0     0     9.0  -40.204  -70.624   1187.5    782.5
     1     1    14     1     9     4     0     0    10.0  -40.256  -70.009   1206.9    770.4
     1     1    14     1     9     5     0     0    11.0  -40.309  -69.376   1234.9    777.5
     1     1    14     1     9     6     0     0    12.0  -40.360  -68.736   1264.4    784.7
     1     1    14     1     9     7     0     0    13.0  -40.403  -68.089   1294.2    791.6
     1     1    14     1     9     8     0     0    14.0  -40.420  -67.436   1322.8    799.3
     1     1    14     1     9     9     0     0    15.0  -40.407  -66.784   1351.1    810.2
     1     1    14     1     9    10     0     0    16.0  -40.360  -66.140   1377.5    821.0
     1     1    14     1     9    11     0     0    17.0  -40.271  -65.506   1400.9    832.0
     1     1    14     1     9    12     0     0    18.0  -40.141  -64.882   1418.8    841.1
     1     1    14     1     9    13     0     0    19.0  -40.013  -64.278   1429.5    841.2
     1     1    14     1     9    14     0     0    20.0  -39.928  -63.698   1439.9    840.5
     1     1    14     1     9    15     0     0    21.0  -39.881  -63.137   1449.4    839.6
     1     1    14     1     9    16     0     0    22.0  -39.866  -62.584   1457.1    838.8
     1     1    14     1     9    17     0     0    23.0  -39.883  -62.028   1462.3    838.0
     1     1    14     1     9    18     0     0    24.0  -39.933  -61.455   1465.8    837.3
     1     1    14     1     9    19     0     0    25.0  -39.997  -60.868   1473.0    837.1
     1     1    14     1     9    20     0     0    26.0  -40.057  -60.274   1487.0    835.5
     1     1    14     1     9    21     0     0    27.0  -40.108  -59.674   1509.6    834.8
     1     1    14     1     9    22     0     0    28.0  -40.147  -59.072   1541.3    834.7
     1     1    14     1     9    23     0     0    29.0  -40.175  -58.466   1583.1    833.5
     1     1    14     1    10     0     0     0    30.0  -40.194  -57.850   1637.7    831.0
     1     1    14     1    10     1     0     0    31.0  -40.210  -57.226   1696.3    825.5
     1     1    14     1    10     2     0     0    32.0  -40.225  -56.604   1748.2    819.4
     1     1    14     1    10     3     0     0    33.0  -40.239  -55.989   1794.2    813.6
     1     1    14     1    10     4     0     0    34.0  -40.252  -55.379   1835.2    808.4
     1     1    14     1    10     5     0     0    35.0  -40.263  -54.774   1871.0    803.6
     1     1    14     1    10     6     0     0    36.0  -40.276  -54.175   1901.6    799.5
     1     1    14     1    10     7     0     0    37.0  -40.301  -53.576   1930.7    796.1
     1     1    14     1    10     8     0     0    38.0  -40.342  -52.970   1959.5    792.0
     1     1    14     1    10     9     0     0    39.0  -40.389  -52.357   1986.8    788.5
     1     1    14     1    10    10     0     0    40.0  -40.440  -51.746   2010.7    787.1
     1     1    14     1    10    11     0     0    41.0  -40.491  -51.140   2028.6    786.3
     1     1    14     1    10    12     0     0    42.0  -40.536  -50.542   2040.7    785.9
     1     1    14     1    10    13     0     0    43.0  -40.587  -49.943   2050.2    786.3
     1     1    14     1    10    14     0     0    44.0  -40.660  -49.328   2056.6    786.2
     1     1    14     1    10    15     0     0    45.0  -40.756  -48.692   2061.9    786.1
     1     1    14     1    10    16     0     0    46.0  -40.871  -48.028   2066.3    785.7
     1     1    14     1    10    17     0     0    47.0  -41.003  -47.333   2070.2    785.0
     1     1    14     1    10    18     0     0    48.0  -41.152  -46.603   2074.9    783.4
