     1     1
    CDC1    14     1     1     0     0
     1 FORWARD  OMEGA   
    14     1     1     6  -40.000  -75.000  1000.0
     1 PRESSURE
     1     1    14     1     1     6     0     0     0.0  -40.000  -75.000   1000.0    898.5
     1     1    14     1     1     7     0     0     1.0  -40.016  -74.626   1059.4    881.5
     1     1    14     1     1     8     0     0     2.0  -40.010  -74.189   1102.6    865.4
     1     1    14     1     1     9     0     0     3.0  -39.990  -73.691   1131.0    849.6
     1     1    14     1     1    10     0     0     4.0  -39.964  -73.133   1147.0    833.7
     1     1    14     1     1    11     0     0     5.0  -39.941  -72.514   1154.1    817.2
     1     1    14     1     1    12     0     0     6.0  -39.922  -71.846   1157.4    804.9
     1     1    14     1     1    13     0     0     7.0  -39.890  -71.158   1154.0    792.6
     1     1    14     1     1    14     0     0     8.0  -39.836  -70.471   1144.0    781.4
     1     1    14     1     1    15     0     0     9.0  -39.769  -69.797   1137.5    776.9
     1     1    14     1     1    16     0     0    10.0  -39.693  -69.165   1141.8    786.9
     1     1    14     1     1    17     0     0    11.0  -39.624  -68.595   1151.1    795.7
     1     1    14     1     1    18     0     0    12.0  -39.580  -68.083   1168.0    802.8
     1     1    14     1     1    19     0     0    13.0  -39.559  -67.612   1184.5    808.4
     1     1    14     1     1    20     0     0    14.0  -39.546  -67.166   1190.7    817.2
     1     1    14     1     1    21     0     0    15.0  -39.533  -66.741   1187.3    827.2
     1     1    14     1     1    22     0     0    16.0  -39.518  -66.330   1177.6    837.6
     1     1    14     1     1    23     0     0    17.0  -39.498  -65.927   1165.8    847.9
     1     1    14     1     2     0     0     0    18.0  -39.471  -65.523   1156.0    858.0
     1     1    14     1     2     1     0     0    19.0  -39.423  -65.123   1153.4    867.9
     1     1    14     1     2     2     0     0    20.0  -39.338  -64.737   1157.6    870.4
     1     1    14     1     2     3     0     0    21.0  -39.218  -64.371   1170.3    869.0
     1     1    14     1     2     4     0     0    22.0  -39.067  -64.029   1193.1    866.4
     1     1    14     1     2     5     0     0    23.0  -38.888  -63.713   1226.5    862.7
     1     1    14     1     2     6     0     0    24.0  -38.684  -63.423   1270.6    857.8
     1     1    14     1     2     7     0     0    25.0  -38.465  -63.143   1316.2    851.1
     1     1    14     1     2     8     0     0    26.0  -38.239  -62.855   1352.9    845.7
     1     1    14     1     2     9     0     0    27.0  -38.004  -62.552   1378.1    841.1
     1     1    14     1     2    10     0     0    28.0  -37.755  -62.228   1389.8    838.2
     1     1    14     1     2    11     0     0    29.0  -37.492  -61.880   1386.2    836.9
     1     1    14     1     2    12     0     0    30.0  -37.218  -61.517   1371.3    838.2
     1     1    14     1     2    13     0     0    31.0  -36.952  -61.166   1353.8    840.7
     1     1    14     1     2    14     0     0    32.0  -36.708  -60.835   1339.9    842.5
     1     1    14     1     2    15     0     0    33.0  -36.472  -60.524   1327.6    844.6
     1     1    14     1     2    16     0     0    34.0  -36.234  -60.232   1316.0    847.1
     1     1    14     1     2    17     0     0    35.0  -35.986  -59.961   1305.3    850.0
     1     1    14     1     2    18     0     0    36.0  -35.716  -59.716   1296.4    853.9
     1     1    14     1     2    19     0     0    37.0  -35.426  -59.498   1288.4    857.4
     1     1    14     1     2    20     0     0    38.0  -35.121  -59.302   1280.5    860.7
     1     1    14     1     2    21     0     0    39.0  -34.803  -59.123   1270.3    862.9
     1     1    14     1     2    22     0     0    40.0  -34.474  -58.956   1256.7    864.8
     1     1    14     1     2    23     0     0    41.0  -34.134  -58.802   1238.0    867.3
     1     1    14     1     3     0     0     0    42.0  -33.782  -58.665   1211.9    870.7
     1     1    14     1     3     1     0     0    43.0  -33.433  -58.545   1180.9    875.3
     1     1    14     1     3     2     0     0    44.0  -33.101  -58.440   1149.0    879.6
     1     1    14     1     3     3     0     0    45.0  -32.787  -58.352   1116.7    883.9
     1     1    14     1     3     4     0     0    46.0  -32.492  -58.284   1084.6    888.0
     1     1    14     1     3     5     0     0    47.0  -32.221  -58.233   1054.4    891.5
     1     1    14     1     3     6     0     0    48.0  -31.976  -58.199   1027.7    894.6
