     1     1
    CDC1    14     1     1     0     0
     1 FORWARD  OMEGA   
    14     1     7     0  -40.000  -75.000  1000.0
     1 PRESSURE
     1     1    14     1     7     0     0     0     0.0  -40.000  -75.000   1000.0    903.4
     1     1    14     1     7     1     0     0     1.0  -39.697  -74.918    985.7    903.8
     1     1    14     1     7     2     0     0     2.0  -39.401  -74.870    967.2    905.7
     1     1    14     1     7     3     0     0     3.0  -39.112  -74.853    944.8    909.0
     1     1    14     1     7     4     0     0     4.0  -38.827  -74.868    918.7    913.3
     1     1    14     1     7     5     0     0     5.0  -38.546  -74.912    888.7    918.7
     1     1    14     1     7     6     0     0     6.0  -38.265  -74.985    855.0    925.4
     1     1    14     1     7     7     0     0     7.0  -37.979  -75.075    818.5    930.9
     1     1    14     1     7     8     0     0     8.0  -37.681  -75.172    782.4    935.7
     1     1    14     1     7     9     0     0     9.0  -37.374  -75.276    746.8    940.6
     1     1    14     1     7    10     0     0    10.0  -37.061  -75.385    712.6    945.4
     1     1    14     1     7    11     0     0    11.0  -36.746  -75.497    680.4    949.9
     1     1    14     1     7    12     0     0    12.0  -36.433  -75.613    649.8    954.1
     1     1    14     1     7    13     0     0    13.0  -36.121  -75.711    621.8    957.7
     1     1    14     1     7    14     0     0    14.0  -35.806  -75.765    598.3    960.6
     1     1    14     1     7    15     0     0    15.0  -35.489  -75.773    580.3    963.3
     1     1    14     1     7    16     0     0    16.0  -35.170  -75.734    569.5    965.6
     1     1    14     1     7    17     0     0    17.0  -34.850  -75.645    567.5    967.4
     1     1    14     1     7    18     0     0    18.0  -34.535  -75.510    575.8    968.6
     1     1    14     1     7    19     0     0    19.0  -34.219  -75.369    590.1    968.4
     1     1    14     1     7    20     0     0    20.0  -33.893  -75.259    605.4    968.5
     1     1    14     1     7    21     0     0    21.0  -33.559  -75.181    620.9    968.3
     1     1    14     1     7    22     0     0    22.0  -33.215  -75.132    636.0    968.0
     1     1    14     1     7    23     0     0    23.0  -32.861  -75.112    650.1    967.2
     1     1    14     1     8     0     0     0    24.0  -32.497  -75.119    662.9    966.3
     1     1    14     1     8     1     0     0    25.0  -32.141  -75.145    671.6    963.5
     1     1    14     1     8     2     0     0    26.0  -31.812  -75.182    674.9    961.6
     1     1    14     1     8     3     0     0    27.0  -31.509  -75.227    673.0    960.4
     1     1    14     1     8     4     0     0    28.0  -31.230  -75.280    666.4    959.9
     1     1    14     1     8     5     0     0    29.0  -30.975  -75.339    655.2    960.0
     1     1    14     1     8     6     0     0    30.0  -30.741  -75.403    639.4    960.8
     1     1    14     1     8     7     0     0    31.0  -30.519  -75.475    623.7    961.5
     1     1    14     1     8     8     0     0    32.0  -30.299  -75.563    613.0    960.9
     1     1    14     1     8     9     0     0    33.0  -30.081  -75.671    606.6    959.6
     1     1    14     1     8    10     0     0    34.0  -29.866  -75.800    604.1    957.3
     1     1    14     1     8    11     0     0    35.0  -29.656  -75.951    604.8    954.2
     1     1    14     1     8    12     0     0    36.0  -29.453  -76.125    608.1    950.5
     1     1    14     1     8    13     0     0    37.0  -29.256  -76.301    613.6    947.0
     1     1    14     1     8    14     0     0    38.0  -29.069  -76.454    620.1    943.6
     1     1    14     1     8    15     0     0    39.0  -28.891  -76.588    626.4    940.5
     1     1    14     1     8    16     0     0    40.0  -28.724  -76.703    631.7    937.8
     1     1    14     1     8    17     0     0    41.0  -28.567  -76.799    635.2    935.4
     1     1    14     1     8    18     0     0    42.0  -28.419  -76.877    636.4    933.6
     1     1    14     1     8    19     0     0    43.0  -28.259  -76.943    637.3    931.4
     1     1    14     1     8    20     0     0    44.0  -28.065  -77.005    640.1    928.6
     1     1    14     1     8    21     0     0    45.0  -27.838  -77.063    645.8    925.4
     1     1    14     1     8    22     0     0    46.0  -27.579  -77.114    655.9    921.6
     1     1    14     1     8    23     0     0    47.0  -27.293  -77.156    671.9    920.1
     1     1    14     1     9     0     0     0    48.0  -26.986  -77.182    693.2    919.6
