     1     1
    CDC1    14     1     1     0     0
     1 FORWARD  OMEGA   
    14     1    11    12  -40.000  -75.000  1000.0
     1 PRESSURE
     1     1    14     1    11    12     0     0     0.0  -40.000  -75.000   1000.0    907.2
     1     1    14     1    11    13     0     0     1.0  -39.736  -75.230    958.3    912.6
     1     1    14     1    11    14     0     0     2.0  -39.483  -75.425    914.1    918.3
     1     1    14     1    11    15     0     0     3.0  -39.239  -75.582    869.2    923.6
     1     1    14     1    11    16     0     0     4.0  -39.003  -75.703    825.2    928.7
     1     1    14     1    11    17     0     0     5.0  -38.774  -75.787    783.2    933.7
     1     1    14     1    11    18     0     0     6.0  -38.549  -75.836    744.3    938.3
     1     1    14     1    11    19     0     0     7.0  -38.305  -75.854    708.0    942.4
     1     1    14     1    11    20     0     0     8.0  -38.013  -75.849    674.3    946.7
     1     1    14     1    11    21     0     0     9.0  -37.671  -75.825    643.6    950.7
     1     1    14     1    11    22     0     0    10.0  -37.279  -75.784    616.9    954.3
     1     1    14     1    11    23     0     0    11.0  -36.842  -75.726    595.4    957.4
     1     1    14     1    12     0     0     0    12.0  -36.365  -75.653    580.1    960.2
     1     1    14     1    12     1     0     0    13.0  -35.872  -75.590    570.2    962.7
     1     1    14     1    12     2     0     0    14.0  -35.383  -75.559    562.7    964.7
     1     1    14     1    12     3     0     0    15.0  -34.901  -75.564    555.1    966.3
     1     1    14     1    12     4     0     0    16.0  -34.427  -75.600    544.1    967.7
     1     1    14     1    12     5     0     0    17.0  -33.963  -75.664    527.6    969.5
     1     1    14     1    12     6     0     0    18.0  -33.508  -75.752    505.1    971.4
     1     1    14     1    12     7     0     0    19.0  -33.058  -75.849    480.1    974.2
     1     1    14     1    12     8     0     0    20.0  -32.615  -75.940    456.0    976.4
     1     1    14     1    12     9     0     0    21.0  -32.183  -76.029    433.7    977.4
     1     1    14     1    12    10     0     0    22.0  -31.770  -76.117    414.0    978.0
     1     1    14     1    12    11     0     0    23.0  -31.381  -76.207    398.1    978.4
     1     1    14     1    12    12     0     0    24.0  -31.018  -76.301    386.5    978.3
     1     1    14     1    12    13     0     0    25.0  -30.682  -76.385    380.0    977.7
     1     1    14     1    12    14     0     0    26.0  -30.369  -76.446    378.5    976.9
     1     1    14     1    12    15     0     0    27.0  -30.078  -76.485    380.8    976.1
     1     1    14     1    12    16     0     0    28.0  -29.805  -76.505    385.4    974.4
     1     1    14     1    12    17     0     0    29.0  -29.550  -76.506    391.2    972.4
     1     1    14     1    12    18     0     0    30.0  -29.312  -76.488    397.5    970.7
     1     1    14     1    12    19     0     0    31.0  -29.077  -76.465    403.3    968.6
     1     1    14     1    12    20     0     0    32.0  -28.832  -76.454    407.8    966.4
     1     1    14     1    12    21     0     0    33.0  -28.576  -76.455    411.1    964.1
     1     1    14     1    12    22     0     0    34.0  -28.311  -76.468    413.8    961.7
     1     1    14     1    12    23     0     0    35.0  -28.036  -76.494    416.5    958.9
     1     1    14     1    13     0     0     0    36.0  -27.753  -76.532    419.7    955.8
     1     1    14     1    13     1     0     0    37.0  -27.473  -76.580    422.5    953.5
     1     1    14     1    13     2     0     0    38.0  -27.208  -76.633    423.8    954.4
     1     1    14     1    13     3     0     0    39.0  -26.953  -76.687    423.8    955.5
     1     1    14     1    13     4     0     0    40.0  -26.709  -76.742    423.5    956.8
     1     1    14     1    13     5     0     0    41.0  -26.476  -76.797    423.7    958.1
     1     1    14     1    13     6     0     0    42.0  -26.252  -76.850    425.1    959.2
     1     1    14     1    13     7     0     0    43.0  -26.036  -76.913    429.3    960.0
     1     1    14     1    13     8     0     0    44.0  -25.822  -76.996    436.8    960.3
     1     1    14     1    13     9     0     0    45.0  -25.610  -77.099    447.5    960.2
     1     1    14     1    13    10     0     0    46.0  -25.399  -77.219    461.1    960.0
     1     1    14     1    13    11     0     0    47.0  -25.187  -77.355    477.3    959.8
     1     1    14     1    13    12     0     0    48.0  -24.973  -77.505    496.1    959.5
