     1     1
    CDC1    14     1     1     0     0
     1 FORWARD  OMEGA   
    14     1    21    18  -40.000  -75.000  1000.0
     1 PRESSURE
     1     1    14     1    21    18     0     0     0.0  -40.000  -75.000   1000.0    891.7
     1     1    14     1    21    19     0     0     1.0  -40.054  -74.580   1066.1    873.5
     1     1    14     1    21    20     0     0     2.0  -40.108  -74.133   1126.7    855.6
     1     1    14     1    21    21     0     0     3.0  -40.163  -73.655   1182.5    837.8
     1     1    14     1    21    22     0     0     4.0  -40.218  -73.139   1234.3    819.8
     1     1    14     1    21    23     0     0     5.0  -40.279  -72.581   1283.0    801.1
     1     1    14     1    22     0     0     0     6.0  -40.345  -71.981   1331.3    785.3
     1     1    14     1    22     1     0     0     7.0  -40.417  -71.342   1373.3    770.3
     1     1    14     1    22     2     0     0     8.0  -40.496  -70.661   1401.6    756.5
     1     1    14     1    22     3     0     0     9.0  -40.579  -69.935   1413.5    745.8
     1     1    14     1    22     4     0     0    10.0  -40.657  -69.196   1419.0    757.0
     1     1    14     1    22     5     0     0    11.0  -40.727  -68.472   1405.2    769.9
     1     1    14     1    22     6     0     0    12.0  -40.792  -67.760   1373.8    784.2
     1     1    14     1    22     7     0     0    13.0  -40.855  -67.051   1336.4    802.6
     1     1    14     1    22     8     0     0    14.0  -40.911  -66.341   1303.9    821.6
     1     1    14     1    22     9     0     0    15.0  -40.955  -65.635   1274.9    840.0
     1     1    14     1    22    10     0     0    16.0  -40.983  -64.935   1248.4    856.8
     1     1    14     1    22    11     0     0    17.0  -40.999  -64.234   1223.7    861.8
     1     1    14     1    22    12     0     0    18.0  -41.007  -63.521   1211.7    865.4
     1     1    14     1    22    13     0     0    19.0  -41.006  -62.842   1209.1    867.4
     1     1    14     1    22    14     0     0    20.0  -40.998  -62.234   1208.8    867.9
     1     1    14     1    22    15     0     0    21.0  -40.989  -61.683   1205.5    867.5
     1     1    14     1    22    16     0     0    22.0  -40.978  -61.177   1195.2    867.8
     1     1    14     1    22    17     0     0    23.0  -40.966  -60.709   1174.5    869.4
     1     1    14     1    22    18     0     0    24.0  -40.949  -60.273   1140.8    872.3
     1     1    14     1    22    19     0     0    25.0  -40.942  -59.879   1108.4    877.7
     1     1    14     1    22    20     0     0    26.0  -40.962  -59.533   1089.6    881.0
     1     1    14     1    22    21     0     0    27.0  -41.008  -59.234   1082.9    882.9
     1     1    14     1    22    22     0     0    28.0  -41.079  -58.982   1086.9    883.6
     1     1    14     1    22    23     0     0    29.0  -41.170  -58.776   1100.9    883.0
     1     1    14     1    23     0     0     0    30.0  -41.280  -58.614   1124.3    881.3
     1     1    14     1    23     1     0     0    31.0  -41.398  -58.454   1152.9    878.7
     1     1    14     1    23     2     0     0    32.0  -41.518  -58.254   1181.0    876.6
     1     1    14     1    23     3     0     0    33.0  -41.640  -58.021   1208.9    874.6
     1     1    14     1    23     4     0     0    34.0  -41.765  -57.758   1236.6    872.7
     1     1    14     1    23     5     0     0    35.0  -41.894  -57.472   1263.7    870.8
     1     1    14     1    23     6     0     0    36.0  -42.026  -57.162   1289.4    868.0
     1     1    14     1    23     7     0     0    37.0  -42.157  -56.851   1313.4    864.8
     1     1    14     1    23     8     0     0    38.0  -42.286  -56.567   1336.8    861.7
     1     1    14     1    23     9     0     0    39.0  -42.417  -56.317   1361.6    858.5
     1     1    14     1    23    10     0     0    40.0  -42.551  -56.104   1390.0    855.1
     1     1    14     1    23    11     0     0    41.0  -42.690  -55.929   1424.1    851.1
     1     1    14     1    23    12     0     0    42.0  -42.834  -55.790   1465.9    846.5
     1     1    14     1    23    13     0     0    43.0  -42.982  -55.650   1509.8    840.4
     1     1    14     1    23    14     0     0    44.0  -43.132  -55.476   1550.9    835.3
     1     1    14     1    23    15     0     0    45.0  -43.288  -55.273   1589.0    830.7
     1     1    14     1    23    16     0     0    46.0  -43.452  -55.046   1624.5    826.4
     1     1    14     1    23    17     0     0    47.0  -43.627  -54.800   1658.3    822.6
     1     1    14     1    23    18     0     0    48.0  -43.815  -54.538   1691.8    819.0
