     1     1
    CDC1    14     1     1     0     0
     1 FORWARD  OMEGA   
    14     1    28     6  -40.000  -75.000  1000.0
     1 PRESSURE
     1     1    14     1    28     6     0     0     0.0  -40.000  -75.000   1000.0    902.2
     1     1    14     1    28     7     0     0     1.0  -39.848  -74.925    981.7    903.1
     1     1    14     1    28     8     0     0     2.0  -39.686  -74.874    963.0    904.7
     1     1    14     1    28     9     0     0     3.0  -39.513  -74.850    943.6    907.2
     1     1    14     1    28    10     0     0     4.0  -39.331  -74.853    922.8    910.4
     1     1    14     1    28    11     0     0     5.0  -39.141  -74.884    900.2    914.5
     1     1    14     1    28    12     0     0     6.0  -38.941  -74.945    875.2    919.7
     1     1    14     1    28    13     0     0     7.0  -38.744  -75.012    849.7    925.1
     1     1    14     1    28    14     0     0     8.0  -38.557  -75.055    825.1    928.7
     1     1    14     1    28    15     0     0     9.0  -38.379  -75.072    803.0    932.0
     1     1    14     1    28    16     0     0    10.0  -38.210  -75.060    784.0    935.0
     1     1    14     1    28    17     0     0    11.0  -38.049  -75.019    769.0    937.5
     1     1    14     1    28    18     0     0    12.0  -37.894  -74.946    758.3    938.0
     1     1    14     1    28    19     0     0    13.0  -37.733  -74.865    748.1    936.7
     1     1    14     1    28    20     0     0    14.0  -37.557  -74.800    735.4    936.6
     1     1    14     1    28    21     0     0    15.0  -37.366  -74.754    720.2    937.5
     1     1    14     1    28    22     0     0    16.0  -37.163  -74.726    702.7    939.2
     1     1    14     1    28    23     0     0    17.0  -36.949  -74.716    683.0    941.6
     1     1    14     1    29     0     0     0    18.0  -36.725  -74.722    660.9    944.9
     1     1    14     1    29     1     0     0    19.0  -36.498  -74.737    639.0    949.3
     1     1    14     1    29     2     0     0    20.0  -36.276  -74.757    619.6    953.0
     1     1    14     1    29     3     0     0    21.0  -36.056  -74.784    602.2    956.7
     1     1    14     1    29     4     0     0    22.0  -35.836  -74.822    586.5    960.6
     1     1    14     1    29     5     0     0    23.0  -35.613  -74.873    571.9    965.0
     1     1    14     1    29     6     0     0    24.0  -35.384  -74.940    558.2    969.9
     1     1    14     1    29     7     0     0    25.0  -35.138  -75.020    541.7    973.9
     1     1    14     1    29     8     0     0    26.0  -34.872  -75.103    518.8    976.3
     1     1    14     1    29     9     0     0    27.0  -34.589  -75.181    490.3    979.4
     1     1    14     1    29    10     0     0    28.0  -34.292  -75.250    457.2    983.1
     1     1    14     1    29    11     0     0    29.0  -33.979  -75.309    420.3    987.5
     1     1    14     1    29    12     0     0    30.0  -33.649  -75.356    380.7    992.4
     1     1    14     1    29    13     0     0    31.0  -33.301  -75.381    346.3    997.9
     1     1    14     1    29    14     0     0    32.0  -32.936  -75.375    321.8   1002.1
     1     1    14     1    29    15     0     0    33.0  -32.551  -75.338    305.5   1006.1
     1     1    14     1    29    16     0     0    34.0  -32.145  -75.273    295.5   1007.6
     1     1    14     1    29    17     0     0    35.0  -31.722  -75.183    291.0   1008.4
     1     1    14     1    29    18     0     0    36.0  -31.281  -75.065    291.6   1008.6
     1     1    14     1    29    19     0     0    37.0  -30.827  -74.938    293.3   1004.0
     1     1    14     1    29    20     0     0    38.0  -30.372  -74.821    292.3    997.7
     1     1    14     1    29    21     0     0    39.0  -29.920  -74.708    289.6    992.3
     1     1    14     1    29    22     0     0    40.0  -29.478  -74.595    286.1    988.6
     1     1    14     1    29    23     0     0    41.0  -29.053  -74.481    282.1    985.6
     1     1    14     1    30     0     0     0    42.0  -28.644  -74.358    277.9    983.4
     1     1    14     1    30     1     0     0    43.0  -28.257  -74.230    273.7    983.4
     1     1    14     1    30     2     0     0    44.0  -27.900  -74.103    270.0    984.1
     1     1    14     1    30     3     0     0    45.0  -27.574  -73.971    266.7    985.3
     1     1    14     1    30     4     0     0    46.0  -27.281  -73.838    262.9    987.1
     1     1    14     1    30     5     0     0    47.0  -27.023  -73.709    257.9    989.6
     1     1    14     1    30     6     0     0    48.0  -26.799  -73.582    251.5    992.6
