     1     1
    CDC1    14     1     1     0     0
     1 FORWARD  OMEGA   
    14     1    12    12  -40.000  -75.000  1000.0
     1 PRESSURE
     1     1    14     1    12    12     0     0     0.0  -40.000  -75.000   1000.0    902.7
     1     1    14     1    12    13     0     0     1.0  -39.766  -74.939    975.8    904.8
     1     1    14     1    12    14     0     0     2.0  -39.530  -74.856    956.0    905.7
     1     1    14     1    12    15     0     0     3.0  -39.295  -74.750    941.1    905.5
     1     1    14     1    12    16     0     0     4.0  -39.064  -74.620    931.6    903.9
     1     1    14     1    12    17     0     0     5.0  -38.839  -74.466    928.4    900.8
     1     1    14     1    12    18     0     0     6.0  -38.624  -74.289    932.1    896.5
     1     1    14     1    12    19     0     0     7.0  -38.413  -74.117    938.6    891.0
     1     1    14     1    12    20     0     0     8.0  -38.199  -73.974    942.0    887.1
     1     1    14     1    12    21     0     0     9.0  -37.980  -73.860    942.5    884.3
     1     1    14     1    12    22     0     0    10.0  -37.752  -73.773    940.1    882.6
     1     1    14     1    12    23     0     0    11.0  -37.513  -73.713    934.7    882.1
     1     1    14     1    13     0     0     0    12.0  -37.260  -73.678    926.6    882.7
     1     1    14     1    13     1     0     0    13.0  -37.002  -73.657    918.0    884.1
     1     1    14     1    13     2     0     0    14.0  -36.746  -73.648    911.2    885.2
     1     1    14     1    13     3     0     0    15.0  -36.492  -73.654    905.7    886.7
     1     1    14     1    13     4     0     0    16.0  -36.237  -73.679    900.8    888.7
     1     1    14     1    13     5     0     0    17.0  -35.979  -73.727    896.4    891.3
     1     1    14     1    13     6     0     0    18.0  -35.715  -73.802    892.0    894.8
     1     1    14     1    13     7     0     0    19.0  -35.432  -73.893    884.4    898.9
     1     1    14     1    13     8     0     0    20.0  -35.125  -73.987    869.8    904.3
     1     1    14     1    13     9     0     0    21.0  -34.798  -74.076    848.6    910.6
     1     1    14     1    13    10     0     0    22.0  -34.461  -74.150    821.7    917.3
     1     1    14     1    13    11     0     0    23.0  -34.119  -74.209    790.6    924.0
     1     1    14     1    13    12     0     0    24.0  -33.778  -74.252    757.7    930.6
     1     1    14     1    13    13     0     0    25.0  -33.444  -74.270    732.0    936.9
     1     1    14     1    13    14     0     0    26.0  -33.121  -74.256    720.5    939.4
     1     1    14     1    13    15     0     0    27.0  -32.811  -74.211    722.4    939.5
     1     1    14     1    13    16     0     0    28.0  -32.515  -74.142    736.5    937.3
     1     1    14     1    13    17     0     0    29.0  -32.237  -74.053    760.6    931.7
     1     1    14     1    13    18     0     0    30.0  -31.982  -73.949    793.2    924.8
     1     1    14     1    13    19     0     0    31.0  -31.734  -73.846    825.4    916.6
     1     1    14     1    13    20     0     0    32.0  -31.478  -73.758    850.5    910.7
     1     1    14     1    13    21     0     0    33.0  -31.212  -73.680    870.1    905.8
     1     1    14     1    13    22     0     0    34.0  -30.934  -73.608    885.9    901.5
     1     1    14     1    13    23     0     0    35.0  -30.645  -73.539    899.5    897.6
     1     1    14     1    14     0     0     0    36.0  -30.344  -73.467    912.6    893.7
     1     1    14     1    14     1     0     0    37.0  -30.048  -73.402    924.0    890.3
     1     1    14     1    14     2     0     0    38.0  -29.771  -73.357    931.1    890.3
     1     1    14     1    14     3     0     0    39.0  -29.509  -73.335    931.0    892.3
     1     1    14     1    14     4     0     0    40.0  -29.261  -73.338    922.5    895.7
     1     1    14     1    14     5     0     0    41.0  -29.024  -73.364    905.3    900.1
     1     1    14     1    14     6     0     0    42.0  -28.796  -73.414    879.0    905.8
     1     1    14     1    14     7     0     0    43.0  -28.574  -73.482    847.8    912.5
     1     1    14     1    14     8     0     0    44.0  -28.355  -73.567    815.8    919.0
     1     1    14     1    14     9     0     0    45.0  -28.139  -73.668    783.0    925.5
     1     1    14     1    14    10     0     0    46.0  -27.925  -73.787    749.5    932.0
     1     1    14     1    14    11     0     0    47.0  -27.712  -73.926    715.4    938.4
     1     1    14     1    14    12     0     0    48.0  -27.497  -74.085    681.1    944.6
