     1     1
    CDC1    14     1     1     0     0
     1 FORWARD  OMEGA   
    14     1    16     6  -40.000  -75.000  1000.0
     1 PRESSURE
     1     1    14     1    16     6     0     0     0.0  -40.000  -75.000   1000.0    902.4
     1     1    14     1    16     7     0     0     1.0  -39.673  -75.168    953.8    908.9
     1     1    14     1    16     8     0     0     2.0  -39.333  -75.360    916.5    913.7
     1     1    14     1    16     9     0     0     3.0  -38.985  -75.576    887.8    917.1
     1     1    14     1    16    10     0     0     4.0  -38.629  -75.818    867.6    919.5
     1     1    14     1    16    11     0     0     5.0  -38.264  -76.091    855.3    920.8
     1     1    14     1    16    12     0     0     6.0  -37.888  -76.403    850.8    920.9
     1     1    14     1    16    13     0     0     7.0  -37.505  -76.738    852.6    920.2
     1     1    14     1    16    14     0     0     8.0  -37.134  -77.057    859.9    918.5
     1     1    14     1    16    15     0     0     9.0  -36.788  -77.342    872.2    915.6
     1     1    14     1    16    16     0     0    10.0  -36.471  -77.602    889.3    912.1
     1     1    14     1    16    17     0     0    11.0  -36.185  -77.839    911.0    908.9
     1     1    14     1    16    18     0     0    12.0  -35.933  -78.056    936.9    905.6
     1     1    14     1    16    19     0     0    13.0  -35.699  -78.274    964.7    901.6
     1     1    14     1    16    20     0     0    14.0  -35.472  -78.511    991.5    898.2
     1     1    14     1    16    21     0     0    15.0  -35.247  -78.771   1017.4    895.1
     1     1    14     1    16    22     0     0    16.0  -35.023  -79.057   1042.5    892.2
     1     1    14     1    16    23     0     0    17.0  -34.796  -79.360   1065.9    889.2
     1     1    14     1    17     0     0     0    18.0  -34.567  -79.671   1086.5    886.4
     1     1    14     1    17     1     0     0    19.0  -34.339  -79.982   1106.5    884.2
     1     1    14     1    17     2     0     0    20.0  -34.119  -80.283   1129.4    883.0
     1     1    14     1    17     3     0     0    21.0  -33.908  -80.572   1154.6    881.5
     1     1    14     1    17     4     0     0    22.0  -33.704  -80.851   1182.6    879.6
     1     1    14     1    17     5     0     0    23.0  -33.506  -81.122   1213.9    877.3
     1     1    14     1    17     6     0     0    24.0  -33.309  -81.387   1248.8    874.5
     1     1    14     1    17     7     0     0    25.0  -33.114  -81.639   1284.0    871.2
     1     1    14     1    17     8     0     0    26.0  -32.919  -81.872   1315.8    868.2
     1     1    14     1    17     9     0     0    27.0  -32.726  -82.089   1343.2    865.4
     1     1    14     1    17    10     0     0    28.0  -32.531  -82.290   1365.2    863.0
     1     1    14     1    17    11     0     0    29.0  -32.336  -82.476   1381.4    862.0
     1     1    14     1    17    12     0     0    30.0  -32.148  -82.645   1390.3    860.7
     1     1    14     1    17    13     0     0    31.0  -31.968  -82.788   1396.2    860.2
     1     1    14     1    17    14     0     0    32.0  -31.795  -82.901   1403.5    859.3
     1     1    14     1    17    15     0     0    33.0  -31.629  -82.986   1412.7    858.2
     1     1    14     1    17    16     0     0    34.0  -31.469  -83.045   1424.7    856.9
     1     1    14     1    17    17     0     0    35.0  -31.313  -83.079   1439.9    855.4
     1     1    14     1    17    18     0     0    36.0  -31.161  -83.091   1459.3    853.5
     1     1    14     1    17    19     0     0    37.0  -31.002  -83.083   1478.8    850.9
     1     1    14     1    17    20     0     0    38.0  -30.824  -83.059   1494.1    849.1
     1     1    14     1    17    21     0     0    39.0  -30.627  -83.019   1505.4    847.9
     1     1    14     1    17    22     0     0    40.0  -30.411  -82.963   1512.6    847.1
     1     1    14     1    17    23     0     0    41.0  -30.177  -82.893   1515.6    846.8
     1     1    14     1    18     0     0     0    42.0  -29.924  -82.809   1514.4    847.1
     1     1    14     1    18     1     0     0    43.0  -29.664  -82.723   1510.3    848.7
     1     1    14     1    18     2     0     0    44.0  -29.404  -82.650   1503.7    850.2
     1     1    14     1    18     3     0     0    45.0  -29.145  -82.591   1494.8    851.8
     1     1    14     1    18     4     0     0    46.0  -28.885  -82.545   1483.3    853.6
     1     1    14     1    18     5     0     0    47.0  -28.624  -82.516   1469.3    855.6
     1     1    14     1    18     6     0     0    48.0  -28.361  -82.503   1452.5    857.8
