     1     1
    CDC1    14     1     1     0     0
     1 FORWARD  OMEGA   
    14     1    28     0  -40.000  -75.000  1000.0
     1 PRESSURE
     1     1    14     1    28     0     0     0     0.0  -40.000  -75.000   1000.0    901.4
     1     1    14     1    28     1     0     0     1.0  -39.794  -75.014    976.5    904.9
     1     1    14     1    28     2     0     0     2.0  -39.598  -75.022    954.5    908.3
     1     1    14     1    28     3     0     0     3.0  -39.409  -75.023    934.1    911.5
     1     1    14     1    28     4     0     0     4.0  -39.227  -75.015    915.5    914.3
     1     1    14     1    28     5     0     0     5.0  -39.051  -74.998    898.8    916.8
     1     1    14     1    28     6     0     0     6.0  -38.880  -74.971    884.2    918.5
     1     1    14     1    28     7     0     0     7.0  -38.705  -74.952    869.9    920.2
     1     1    14     1    28     8     0     0     8.0  -38.521  -74.959    853.3    923.1
     1     1    14     1    28     9     0     0     9.0  -38.328  -74.993    834.0    927.0
     1     1    14     1    28    10     0     0    10.0  -38.126  -75.054    811.1    930.7
     1     1    14     1    28    11     0     0    11.0  -37.915  -75.140    784.4    934.6
     1     1    14     1    28    12     0     0    12.0  -37.697  -75.251    753.4    938.9
     1     1    14     1    28    13     0     0    13.0  -37.478  -75.358    722.3    943.6
     1     1    14     1    28    14     0     0    14.0  -37.267  -75.433    695.9    947.4
     1     1    14     1    28    15     0     0    15.0  -37.065  -75.474    675.1    950.5
     1     1    14     1    28    16     0     0    16.0  -36.870  -75.481    660.1    953.1
     1     1    14     1    28    17     0     0    17.0  -36.681  -75.456    651.4    955.0
     1     1    14     1    28    18     0     0    18.0  -36.496  -75.398    649.4    956.5
     1     1    14     1    28    19     0     0    19.0  -36.306  -75.330    649.1    956.5
     1     1    14     1    28    20     0     0    20.0  -36.100  -75.276    646.3    957.5
     1     1    14     1    28    21     0     0    21.0  -35.879  -75.237    640.6    958.9
     1     1    14     1    28    22     0     0    22.0  -35.644  -75.214    632.0    960.5
     1     1    14     1    28    23     0     0    23.0  -35.395  -75.207    620.5    962.0
     1     1    14     1    29     0     0     0    24.0  -35.132  -75.217    605.8    963.8
     1     1    14     1    29     1     0     0    25.0  -34.863  -75.242    590.4    966.7
     1     1    14     1    29     2     0     0    26.0  -34.592  -75.276    576.0    969.1
     1     1    14     1    29     3     0     0    27.0  -34.321  -75.319    562.2    971.3
     1     1    14     1    29     4     0     0    28.0  -34.050  -75.373    548.3    973.2
     1     1    14     1    29     5     0     0    29.0  -33.777  -75.439    533.8    974.9
     1     1    14     1    29     6     0     0    30.0  -33.503  -75.518    518.4    976.4
     1     1    14     1    29     7     0     0    31.0  -33.220  -75.601    500.6    977.2
     1     1    14     1    29     8     0     0    32.0  -32.920  -75.676    479.7    978.7
     1     1    14     1    29     9     0     0    33.0  -32.604  -75.742    456.4    980.6
     1     1    14     1    29    10     0     0    34.0  -32.271  -75.802    431.1    981.9
     1     1    14     1    29    11     0     0    35.0  -31.922  -75.856    404.1    983.3
     1     1    14     1    29    12     0     0    36.0  -31.558  -75.907    376.2    984.8
     1     1    14     1    29    13     0     0    37.0  -31.178  -75.948    351.8    986.8
     1     1    14     1    29    14     0     0    38.0  -30.784  -75.972    333.6    988.0
     1     1    14     1    29    15     0     0    39.0  -30.372  -75.978    320.7    988.8
     1     1    14     1    29    16     0     0    40.0  -29.944  -75.968    312.3    989.1
     1     1    14     1    29    17     0     0    41.0  -29.505  -75.944    307.1    988.0
     1     1    14     1    29    18     0     0    42.0  -29.062  -75.912    304.6    986.9
     1     1    14     1    29    19     0     0    43.0  -28.622  -75.875    302.8    984.4
     1     1    14     1    29    20     0     0    44.0  -28.192  -75.837    300.1    982.3
     1     1    14     1    29    21     0     0    45.0  -27.772  -75.792    296.7    980.5
     1     1    14     1    29    22     0     0    46.0  -27.365  -75.735    292.8    979.7
     1     1    14     1    29    23     0     0    47.0  -26.970  -75.665    287.6    980.3
     1     1    14     1    30     0     0     0    48.0  -26.589  -75.583    280.5    981.2
