     1     1
    CDC1    14     1     1     0     0
     1 FORWARD  OMEGA   
    14     1    12     6  -40.000  -75.000  1000.0
     1 PRESSURE
     1     1    14     1    12     6     0     0     0.0  -40.000  -75.000   1000.0    904.3
     1     1    14     1    12     7     0     0     1.0  -39.666  -75.012    977.5    907.5
     1     1    14     1    12     8     0     0     2.0  -39.334  -75.039    952.7    911.1
     1     1    14     1    12     9     0     0     3.0  -39.003  -75.078    925.4    914.8
     1     1    14     1    12    10     0     0     4.0  -38.674  -75.127    895.8    918.6
     1     1    14     1    12    11     0     0     5.0  -38.345  -75.184    863.8    922.6
     1     1    14     1    12    12     0     0     6.0  -38.014  -75.247    829.1    926.9
     1     1    14     1    12    13     0     0     7.0  -37.679  -75.297    796.4    932.1
     1     1    14     1    12    14     0     0     8.0  -37.343  -75.312    769.8    936.5
     1     1    14     1    12    15     0     0     9.0  -37.009  -75.285    750.9    940.4
     1     1    14     1    12    16     0     0    10.0  -36.682  -75.215    740.1    943.6
     1     1    14     1    12    17     0     0    11.0  -36.362  -75.103    737.6    946.2
     1     1    14     1    12    18     0     0    12.0  -36.049  -74.951    743.3    946.4
     1     1    14     1    12    19     0     0    13.0  -35.740  -74.795    751.6    941.3
     1     1    14     1    12    20     0     0    14.0  -35.422  -74.669    759.2    937.7
     1     1    14     1    12    21     0     0    15.0  -35.092  -74.571    766.2    934.9
     1     1    14     1    12    22     0     0    16.0  -34.750  -74.496    772.6    932.8
     1     1    14     1    12    23     0     0    17.0  -34.398  -74.438    778.1    931.4
     1     1    14     1    13     0     0     0    18.0  -34.036  -74.396    782.5    930.6
     1     1    14     1    13     1     0     0    19.0  -33.672  -74.373    784.5    931.0
     1     1    14     1    13     2     0     0    20.0  -33.314  -74.375    782.8    932.7
     1     1    14     1    13     3     0     0    21.0  -32.957  -74.401    776.2    935.7
     1     1    14     1    13     4     0     0    22.0  -32.600  -74.454    763.7    940.1
     1     1    14     1    13     5     0     0    23.0  -32.243  -74.530    744.0    944.5
     1     1    14     1    13     6     0     0    24.0  -31.890  -74.625    717.0    949.7
     1     1    14     1    13     7     0     0    25.0  -31.544  -74.722    686.8    955.8
     1     1    14     1    13     8     0     0    26.0  -31.207  -74.811    658.8    960.9
     1     1    14     1    13     9     0     0    27.0  -30.882  -74.902    634.3    965.5
     1     1    14     1    13    10     0     0    28.0  -30.567  -75.003    614.7    969.3
     1     1    14     1    13    11     0     0    29.0  -30.267  -75.123    600.3    968.2
     1     1    14     1    13    12     0     0    30.0  -29.984  -75.270    592.8    966.3
     1     1    14     1    13    13     0     0    31.0  -29.715  -75.427    592.0    963.8
     1     1    14     1    13    14     0     0    32.0  -29.458  -75.572    595.8    960.8
     1     1    14     1    13    15     0     0    33.0  -29.215  -75.705    602.8    957.6
     1     1    14     1    13    16     0     0    34.0  -28.987  -75.827    611.2    954.4
     1     1    14     1    13    17     0     0    35.0  -28.774  -75.936    619.7    951.4
     1     1    14     1    13    18     0     0    36.0  -28.576  -76.032    626.9    948.7
     1     1    14     1    13    19     0     0    37.0  -28.377  -76.120    631.9    945.7
     1     1    14     1    13    20     0     0    38.0  -28.157  -76.202    634.5    942.9
     1     1    14     1    13    21     0     0    39.0  -27.917  -76.280    635.9    940.2
     1     1    14     1    13    22     0     0    40.0  -27.656  -76.355    637.1    937.6
     1     1    14     1    13    23     0     0    41.0  -27.374  -76.425    639.2    935.9
     1     1    14     1    14     0     0     0    42.0  -27.069  -76.490    643.2    935.6
     1     1    14     1    14     1     0     0    43.0  -26.758  -76.566    648.4    935.6
     1     1    14     1    14     2     0     0    44.0  -26.457  -76.668    655.4    935.5
     1     1    14     1    14     3     0     0    45.0  -26.166  -76.797    665.0    935.2
     1     1    14     1    14     4     0     0    46.0  -25.886  -76.954    678.5    934.8
     1     1    14     1    14     5     0     0    47.0  -25.616  -77.142    697.5    934.2
     1     1    14     1    14     6     0     0    48.0  -25.358  -77.362    723.6    933.2
