     1     1
    CDC1    14     1     1     0     0
     1 FORWARD  OMEGA   
    14     1     3    18  -40.000  -75.000  1000.0
     1 PRESSURE
     1     1    14     1     3    18     0     0     0.0  -40.000  -75.000   1000.0    907.2
     1     1    14     1     3    19     0     0     1.0  -39.869  -74.782    955.1    907.1
     1     1    14     1     3    20     0     0     2.0  -39.717  -74.548    914.9    905.5
     1     1    14     1     3    21     0     0     3.0  -39.545  -74.305    877.7    902.9
     1     1    14     1     3    22     0     0     4.0  -39.349  -74.058    842.1    900.0
     1     1    14     1     3    23     0     0     5.0  -39.130  -73.812    806.8    897.1
     1     1    14     1     4     0     0     0     6.0  -38.887  -73.574    770.3    894.5
     1     1    14     1     4     1     0     0     7.0  -38.623  -73.361    728.5    893.0
     1     1    14     1     4     2     0     0     8.0  -38.342  -73.185    678.6    893.8
     1     1    14     1     4     3     0     0     9.0  -38.045  -73.047    621.1    896.6
     1     1    14     1     4     4     0     0    10.0  -37.732  -72.950    555.8    900.7
     1     1    14     1     4     5     0     0    11.0  -37.407  -72.898    483.2    907.2
     1     1    14     1     4     6     0     0    12.0  -37.072  -72.891    406.4    916.2
     1     1    14     1     4     7     0     0    13.0  -36.734  -72.928    331.4    926.2
     1     1    14     1     4     8     0     0    14.0  -36.394  -73.006    262.8    936.6
     1     1    14     1     4     9     0     0    15.0  -36.051  -73.116    202.5    948.1
     1     1    14     1     4    10     0     0    16.0  -35.702  -73.250    155.2    958.3
     1     1    14     1     4    11     0     0    17.0  -35.341  -73.403    121.4    967.8
     1     1    14     1     4    12     0     0    18.0  -34.959  -73.570     98.4    977.1
     1     1    14     1     4    13     0     0    19.0  -34.562  -73.702     85.3    985.2
     1     1    14     1     4    14     0     0    20.0  -34.164  -73.762     80.1    989.2
     1     1    14     1     4    15     0     0    21.0  -33.769  -73.757     80.0    990.4
     1     1    14     1     4    16     0     0    22.0  -33.380  -73.692     84.3    989.0
     1     1    14     1     4    17     0     0    23.0  -33.001  -73.572     93.1    985.1
     1     1    14     1     4    18     0     0    24.0  -32.633  -73.400    107.4    978.9
     1     1    14     1     4    19     0     0    25.0  -32.287  -73.219    125.9    970.3
     1     1    14     1     4    20     0     0    26.0  -31.969  -73.069    146.0    962.5
     1     1    14     1     4    21     0     0    27.0  -31.672  -72.951    167.0    956.1
     1     1    14     1     4    22     0     0    28.0  -31.392  -72.866    188.5    950.9
     1     1    14     1     4    23     0     0    29.0  -31.124  -72.812    209.6    946.3
     1     1    14     1     5     0     0     0    30.0  -30.865  -72.787    229.5    942.6
     1     1    14     1     5     1     0     0    31.0  -30.624  -72.787    247.0    941.0
     1     1    14     1     5     2     0     0    32.0  -30.408  -72.802    260.5    940.5
     1     1    14     1     5     3     0     0    33.0  -30.219  -72.828    269.8    940.9
     1     1    14     1     5     4     0     0    34.0  -30.054  -72.864    274.4    942.1
     1     1    14     1     5     5     0     0    35.0  -29.914  -72.908    274.1    945.2
     1     1    14     1     5     6     0     0    36.0  -29.796  -72.957    268.1    949.5
     1     1    14     1     5     7     0     0    37.0  -29.697  -73.010    259.3    953.8
     1     1    14     1     5     8     0     0    38.0  -29.614  -73.064    250.9    957.4
     1     1    14     1     5     9     0     0    39.0  -29.546  -73.119    243.0    960.8
     1     1    14     1     5    10     0     0    40.0  -29.492  -73.176    235.5    963.9
     1     1    14     1     5    11     0     0    41.0  -29.452  -73.235    228.7    966.8
     1     1    14     1     5    12     0     0    42.0  -29.425  -73.297    222.4    969.6
     1     1    14     1     5    13     0     0    43.0  -29.393  -73.345    219.2    971.6
     1     1    14     1     5    14     0     0    44.0  -29.344  -73.363    221.4    972.2
     1     1    14     1     5    15     0     0    45.0  -29.277  -73.352    229.2    971.6
     1     1    14     1     5    16     0     0    46.0  -29.195  -73.313    243.4    969.8
     1     1    14     1     5    17     0     0    47.0  -29.099  -73.249    265.0    966.8
     1     1    14     1     5    18     0     0    48.0  -28.990  -73.162    295.5    962.8
