     1     1
    CDC1    14     1     1     0     0
     1 FORWARD  OMEGA   
    14     1     6     0  -40.000  -75.000  1000.0
     1 PRESSURE
     1     1    14     1     6     0     0     0     0.0  -40.000  -75.000   1000.0    902.2
     1     1    14     1     6     1     0     0     1.0  -39.794  -74.725   1001.0    895.2
     1     1    14     1     6     2     0     0     2.0  -39.577  -74.467    995.2    889.7
     1     1    14     1     6     3     0     0     3.0  -39.347  -74.226    983.2    885.3
     1     1    14     1     6     4     0     0     4.0  -39.102  -74.003    965.5    881.9
     1     1    14     1     6     5     0     0     5.0  -38.842  -73.799    942.6    879.6
     1     1    14     1     6     6     0     0     6.0  -38.564  -73.618    915.5    878.3
     1     1    14     1     6     7     0     0     7.0  -38.277  -73.466    884.3    877.7
     1     1    14     1     6     8     0     0     8.0  -37.987  -73.349    849.7    878.3
     1     1    14     1     6     9     0     0     9.0  -37.697  -73.267    811.5    880.3
     1     1    14     1     6    10     0     0    10.0  -37.407  -73.221    770.5    883.7
     1     1    14     1     6    11     0     0    11.0  -37.123  -73.204    728.5    888.5
     1     1    14     1     6    12     0     0    12.0  -36.849  -73.211    686.6    894.0
     1     1    14     1     6    13     0     0    13.0  -36.582  -73.227    652.0    900.0
     1     1    14     1     6    14     0     0    14.0  -36.315  -73.231    630.2    903.4
     1     1    14     1     6    15     0     0    15.0  -36.049  -73.218    621.4    904.6
     1     1    14     1     6    16     0     0    16.0  -35.783  -73.185    625.7    903.9
     1     1    14     1     6    17     0     0    17.0  -35.519  -73.129    642.5    901.0
     1     1    14     1     6    18     0     0    18.0  -35.260  -73.052    671.3    896.0
     1     1    14     1     6    19     0     0    19.0  -35.002  -72.975    702.2    889.4
     1     1    14     1     6    20     0     0    20.0  -34.741  -72.914    726.7    885.6
     1     1    14     1     6    21     0     0    21.0  -34.475  -72.862    743.6    883.1
     1     1    14     1     6    22     0     0    22.0  -34.205  -72.821    753.6    881.6
     1     1    14     1     6    23     0     0    23.0  -33.929  -72.788    757.1    881.2
     1     1    14     1     7     0     0     0    24.0  -33.645  -72.765    754.4    881.6
     1     1    14     1     7     1     0     0    25.0  -33.360  -72.748    747.7    883.1
     1     1    14     1     7     2     0     0    26.0  -33.081  -72.733    740.2    884.6
     1     1    14     1     7     3     0     0    27.0  -32.808  -72.722    731.8    886.2
     1     1    14     1     7     4     0     0    28.0  -32.539  -72.714    722.5    888.1
     1     1    14     1     7     5     0     0    29.0  -32.276  -72.710    712.8    889.4
     1     1    14     1     7     6     0     0    30.0  -32.022  -72.711    704.0    890.6
     1     1    14     1     7     7     0     0    31.0  -31.784  -72.723    697.4    892.3
     1     1    14     1     7     8     0     0    32.0  -31.570  -72.752    692.8    894.2
     1     1    14     1     7     9     0     0    33.0  -31.377  -72.798    689.2    896.4
     1     1    14     1     7    10     0     0    34.0  -31.203  -72.863    685.9    899.0
     1     1    14     1     7    11     0     0    35.0  -31.046  -72.949    682.3    902.3
     1     1    14     1     7    12     0     0    36.0  -30.904  -73.056    678.0    906.2
     1     1    14     1     7    13     0     0    37.0  -30.765  -73.158    678.4    909.9
     1     1    14     1     7    14     0     0    38.0  -30.624  -73.227    688.3    910.8
     1     1    14     1     7    15     0     0    39.0  -30.484  -73.265    707.0    909.7
     1     1    14     1     7    16     0     0    40.0  -30.346  -73.270    733.8    906.9
     1     1    14     1     7    17     0     0    41.0  -30.212  -73.243    768.1    902.4
     1     1    14     1     7    18     0     0    42.0  -30.086  -73.183    809.2    896.5
     1     1    14     1     7    19     0     0    43.0  -29.964  -73.112    851.3    889.8
     1     1    14     1     7    20     0     0    44.0  -29.841  -73.048    888.9    885.6
     1     1    14     1     7    21     0     0    45.0  -29.717  -72.989    921.9    882.3
     1     1    14     1     7    22     0     0    46.0  -29.591  -72.938    950.7    879.3
     1     1    14     1     7    23     0     0    47.0  -29.460  -72.893    975.4    877.1
     1     1    14     1     8     0     0     0    48.0  -29.327  -72.855    995.8    875.6
