     1     1
    CDC1    14     1     1     0     0
     1 FORWARD  OMEGA   
    14     1    19    12  -40.000  -75.000  1000.0
     1 PRESSURE
     1     1    14     1    19    12     0     0     0.0  -40.000  -75.000   1000.0    897.2
     1     1    14     1    19    13     0     0     1.0  -40.126  -74.969   1005.7    896.4
     1     1    14     1    19    14     0     0     2.0  -40.239  -74.883   1020.3    892.7
     1     1    14     1    19    15     0     0     3.0  -40.341  -74.741   1043.8    886.7
     1     1    14     1    19    16     0     0     4.0  -40.432  -74.545   1076.5    878.5
     1     1    14     1    19    17     0     0     5.0  -40.511  -74.298   1118.6    868.0
     1     1    14     1    19    18     0     0     6.0  -40.577  -74.003   1170.4    855.6
     1     1    14     1    19    19     0     0     7.0  -40.637  -73.686   1225.4    841.7
     1     1    14     1    19    20     0     0     8.0  -40.699  -73.368   1275.5    829.2
     1     1    14     1    19    21     0     0     9.0  -40.761  -73.042   1319.6    816.8
     1     1    14     1    19    22     0     0    10.0  -40.822  -72.705   1356.9    805.1
     1     1    14     1    19    23     0     0    11.0  -40.882  -72.357   1387.0    795.0
     1     1    14     1    20     0     0     0    12.0  -40.942  -71.999   1409.7    787.0
     1     1    14     1    20     1     0     0    13.0  -41.005  -71.627   1425.8    779.3
     1     1    14     1    20     2     0     0    14.0  -41.073  -71.234   1435.6    771.9
     1     1    14     1    20     3     0     0    15.0  -41.145  -70.816   1438.2    764.9
     1     1    14     1    20     4     0     0    16.0  -41.218  -70.370   1432.5    758.3
     1     1    14     1    20     5     0     0    17.0  -41.290  -69.893   1419.9    755.2
     1     1    14     1    20     6     0     0    18.0  -41.350  -69.393   1406.9    763.6
     1     1    14     1    20     7     0     0    19.0  -41.393  -68.875   1392.9    772.6
     1     1    14     1    20     8     0     0    20.0  -41.423  -68.342   1382.2    781.0
     1     1    14     1    20     9     0     0    21.0  -41.435  -67.798   1373.1    789.5
     1     1    14     1    20    10     0     0    22.0  -41.428  -67.249   1365.7    799.7
     1     1    14     1    20    11     0     0    23.0  -41.403  -66.707   1360.2    811.4
     1     1    14     1    20    12     0     0    24.0  -41.359  -66.179   1354.8    822.8
     1     1    14     1    20    13     0     0    25.0  -41.298  -65.669   1345.4    833.8
     1     1    14     1    20    14     0     0    26.0  -41.226  -65.179   1329.5    845.5
     1     1    14     1    20    15     0     0    27.0  -41.153  -64.711   1304.3    852.7
     1     1    14     1    20    16     0     0    28.0  -41.094  -64.260   1272.5    856.8
     1     1    14     1    20    17     0     0    29.0  -41.057  -63.822   1235.7    861.1
     1     1    14     1    20    18     0     0    30.0  -41.042  -63.396   1192.4    866.0
     1     1    14     1    20    19     0     0    31.0  -41.047  -62.978   1150.2    871.6
     1     1    14     1    20    20     0     0    32.0  -41.070  -62.565   1118.4    875.5
     1     1    14     1    20    21     0     0    33.0  -41.112  -62.154   1097.5    877.3
     1     1    14     1    20    22     0     0    34.0  -41.178  -61.739   1089.2    877.6
     1     1    14     1    20    23     0     0    35.0  -41.267  -61.324   1094.3    876.7
     1     1    14     1    21     0     0     0    36.0  -41.381  -60.909   1114.0    874.5
     1     1    14     1    21     1     0     0    37.0  -41.506  -60.465   1143.6    871.3
     1     1    14     1    21     2     0     0    38.0  -41.631  -59.958   1180.0    868.3
     1     1    14     1    21     3     0     0    39.0  -41.754  -59.387   1222.9    865.6
     1     1    14     1    21     4     0     0    40.0  -41.877  -58.751   1272.0    862.4
     1     1    14     1    21     5     0     0    41.0  -42.003  -58.056   1330.4    857.8
     1     1    14     1    21     6     0     0    42.0  -42.136  -57.305   1399.4    850.7
     1     1    14     1    21     7     0     0    43.0  -42.271  -56.542   1468.6    840.8
     1     1    14     1    21     8     0     0    44.0  -42.404  -55.806   1527.5    832.8
     1     1    14     1    21     9     0     0    45.0  -42.535  -55.101   1574.7    826.0
     1     1    14     1    21    10     0     0    46.0  -42.667  -54.427   1607.6    821.7
     1     1    14     1    21    11     0     0    47.0  -42.801  -53.783   1623.3    819.6
     1     1    14     1    21    12     0     0    48.0  -42.937  -53.167   1622.5    819.2
