     1     1
    CDC1    14     1     1     0     0
     1 FORWARD  OMEGA   
    14     1    18    18  -40.000  -75.000  1000.0
     1 PRESSURE
     1     1    14     1    18    18     0     0     0.0  -40.000  -75.000   1000.0    902.3
     1     1    14     1    18    19     0     0     1.0  -39.952  -75.002   1014.3    900.4
     1     1    14     1    18    20     0     0     2.0  -39.918  -75.035   1023.7    899.2
     1     1    14     1    18    21     0     0     3.0  -39.898  -75.100   1027.7    898.7
     1     1    14     1    18    22     0     0     4.0  -39.889  -75.201   1026.1    898.7
     1     1    14     1    18    23     0     0     5.0  -39.892  -75.339   1019.1    899.4
     1     1    14     1    19     0     0     0     6.0  -39.906  -75.519   1007.1    900.6
     1     1    14     1    19     1     0     0     7.0  -39.935  -75.710    995.1    902.8
     1     1    14     1    19     2     0     0     8.0  -39.980  -75.879    986.3    904.1
     1     1    14     1    19     3     0     0     9.0  -40.042  -76.020    980.6    905.1
     1     1    14     1    19     4     0     0    10.0  -40.118  -76.128    977.4    905.8
     1     1    14     1    19     5     0     0    11.0  -40.208  -76.200    976.9    906.2
     1     1    14     1    19     6     0     0    12.0  -40.310  -76.234    978.9    906.2
     1     1    14     1    19     7     0     0    13.0  -40.417  -76.245    982.0    904.9
     1     1    14     1    19     8     0     0    14.0  -40.521  -76.250    986.8    903.7
     1     1    14     1    19     9     0     0    15.0  -40.623  -76.249    992.8    902.4
     1     1    14     1    19    10     0     0    16.0  -40.722  -76.242   1000.1    900.9
     1     1    14     1    19    11     0     0    17.0  -40.821  -76.227   1009.0    899.3
     1     1    14     1    19    12     0     0    18.0  -40.920  -76.206   1019.5    897.5
     1     1    14     1    19    13     0     0    19.0  -41.012  -76.158   1033.6    896.2
     1     1    14     1    19    14     0     0    20.0  -41.094  -76.066   1052.4    894.0
     1     1    14     1    19    15     0     0    21.0  -41.164  -75.927   1076.3    891.2
     1     1    14     1    19    16     0     0    22.0  -41.223  -75.742   1105.9    887.5
     1     1    14     1    19    17     0     0    23.0  -41.269  -75.509   1141.7    883.0
     1     1    14     1    19    18     0     0    24.0  -41.302  -75.228   1184.8    877.7
     1     1    14     1    19    19     0     0    25.0  -41.328  -74.923   1230.5    869.9
     1     1    14     1    19    20     0     0    26.0  -41.355  -74.619   1271.1    858.5
     1     1    14     1    19    21     0     0    27.0  -41.385  -74.311   1307.8    847.4
     1     1    14     1    19    22     0     0    28.0  -41.416  -73.996   1339.4    836.5
     1     1    14     1    19    23     0     0    29.0  -41.446  -73.670   1365.4    826.1
     1     1    14     1    20     0     0     0    30.0  -41.475  -73.334   1384.6    816.3
     1     1    14     1    20     1     0     0    31.0  -41.503  -72.984   1397.0    806.5
     1     1    14     1    20     2     0     0    32.0  -41.531  -72.615   1403.2    796.8
     1     1    14     1    20     3     0     0    33.0  -41.560  -72.226   1403.6    789.5
     1     1    14     1    20     4     0     0    34.0  -41.591  -71.819   1397.5    783.5
     1     1    14     1    20     5     0     0    35.0  -41.624  -71.391   1383.9    777.9
     1     1    14     1    20     6     0     0    36.0  -41.657  -70.939   1361.8    772.9
     1     1    14     1    20     7     0     0    37.0  -41.692  -70.458   1335.3    768.4
     1     1    14     1    20     8     0     0    38.0  -41.733  -69.945   1310.5    764.3
     1     1    14     1    20     9     0     0    39.0  -41.769  -69.408   1295.6    773.2
     1     1    14     1    20    10     0     0    40.0  -41.789  -68.860   1282.9    782.0
     1     1    14     1    20    11     0     0    41.0  -41.790  -68.304   1270.3    791.0
     1     1    14     1    20    12     0     0    42.0  -41.767  -67.743   1255.8    800.4
     1     1    14     1    20    13     0     0    43.0  -41.721  -67.187   1237.1    811.4
     1     1    14     1    20    14     0     0    44.0  -41.659  -66.649   1214.2    824.4
     1     1    14     1    20    15     0     0    45.0  -41.588  -66.137   1185.4    837.5
     1     1    14     1    20    16     0     0    46.0  -41.511  -65.658   1149.9    850.8
     1     1    14     1    20    17     0     0    47.0  -41.433  -65.216   1107.2    864.3
     1     1    14     1    20    18     0     0    48.0  -41.361  -64.811   1056.9    874.6
