     1     1
    CDC1    14     1     1     0     0
     1 FORWARD  OMEGA   
    14     1     8     6  -40.000  -75.000  1000.0
     1 PRESSURE
     1     1    14     1     8     6     0     0     0.0  -40.000  -75.000   1000.0    902.1
     1     1    14     1     8     7     0     0     1.0  -39.847  -74.937    988.0    902.1
     1     1    14     1     8     8     0     0     2.0  -39.703  -74.865    974.2    902.3
     1     1    14     1     8     9     0     0     3.0  -39.567  -74.786    959.2    902.3
     1     1    14     1     8    10     0     0     4.0  -39.438  -74.700    943.5    902.2
     1     1    14     1     8    11     0     0     5.0  -39.314  -74.607    927.5    901.9
     1     1    14     1     8    12     0     0     6.0  -39.197  -74.505    911.8    901.0
     1     1    14     1     8    13     0     0     7.0  -39.085  -74.377    898.2    899.3
     1     1    14     1     8    14     0     0     8.0  -38.980  -74.205    887.7    895.9
     1     1    14     1     8    15     0     0     9.0  -38.880  -73.992    881.0    890.8
     1     1    14     1     8    16     0     0    10.0  -38.786  -73.739    879.0    884.2
     1     1    14     1     8    17     0     0    11.0  -38.698  -73.451    882.3    876.2
     1     1    14     1     8    18     0     0    12.0  -38.615  -73.133    891.8    866.7
     1     1    14     1     8    19     0     0    13.0  -38.539  -72.809    906.4    856.1
     1     1    14     1     8    20     0     0    14.0  -38.473  -72.495    922.8    845.6
     1     1    14     1     8    21     0     0    15.0  -38.424  -72.181    941.3    836.6
     1     1    14     1     8    22     0     0    16.0  -38.397  -71.858    961.5    827.1
     1     1    14     1     8    23     0     0    17.0  -38.392  -71.524    983.7    817.3
     1     1    14     1     9     0     0     0    18.0  -38.410  -71.178   1008.4    807.1
     1     1    14     1     9     1     0     0    19.0  -38.441  -70.806   1036.3    796.4
     1     1    14     1     9     2     0     0    20.0  -38.480  -70.395   1067.3    784.7
     1     1    14     1     9     3     0     0    21.0  -38.526  -69.946   1101.4    774.3
     1     1    14     1     9     4     0     0    22.0  -38.580  -69.471   1145.5    779.2
     1     1    14     1     9     5     0     0    23.0  -38.639  -68.980   1192.8    784.0
     1     1    14     1     9     6     0     0    24.0  -38.709  -68.472   1244.7    788.6
     1     1    14     1     9     7     0     0    25.0  -38.776  -67.946   1298.4    792.6
     1     1    14     1     9     8     0     0    26.0  -38.823  -67.405   1349.5    797.7
     1     1    14     1     9     9     0     0    27.0  -38.845  -66.849   1396.9    805.4
     1     1    14     1     9    10     0     0    28.0  -38.839  -66.285   1438.4    813.9
     1     1    14     1     9    11     0     0    29.0  -38.796  -65.713   1473.3    823.1
     1     1    14     1     9    12     0     0    30.0  -38.710  -65.136   1500.7    833.2
     1     1    14     1     9    13     0     0    31.0  -38.616  -64.575   1518.3    834.5
     1     1    14     1     9    14     0     0    32.0  -38.554  -64.042   1533.8    832.1
     1     1    14     1     9    15     0     0    33.0  -38.524  -63.528   1548.9    829.4
     1     1    14     1     9    16     0     0    34.0  -38.522  -63.026   1562.1    826.9
     1     1    14     1     9    17     0     0    35.0  -38.545  -62.529   1571.8    824.7
     1     1    14     1     9    18     0     0    36.0  -38.591  -62.029   1577.0    823.6
     1     1    14     1     9    19     0     0    37.0  -38.646  -61.527   1583.1    823.2
     1     1    14     1     9    20     0     0    38.0  -38.698  -61.024   1596.3    821.4
     1     1    14     1     9    21     0     0    39.0  -38.744  -60.514   1616.8    818.9
     1     1    14     1     9    22     0     0    40.0  -38.785  -59.994   1644.8    815.5
     1     1    14     1     9    23     0     0    41.0  -38.818  -59.464   1683.9    815.2
     1     1    14     1    10     0     0     0    42.0  -38.841  -58.924   1733.2    813.8
     1     1    14     1    10     1     0     0    43.0  -38.859  -58.371   1786.1    811.2
     1     1    14     1    10     2     0     0    44.0  -38.874  -57.805   1834.9    809.8
     1     1    14     1    10     3     0     0    45.0  -38.881  -57.230   1879.0    807.1
     1     1    14     1    10     4     0     0    46.0  -38.879  -56.650   1918.4    803.0
     1     1    14     1    10     5     0     0    47.0  -38.870  -56.067   1956.2    799.0
     1     1    14     1    10     6     0     0    48.0  -38.855  -55.477   1994.7    795.0
