     1     1
    CDC1    14     1     1     0     0
     1 FORWARD  OMEGA   
    14     1     7     6  -40.000  -75.000  1000.0
     1 PRESSURE
     1     1    14     1     7     6     0     0     0.0  -40.000  -75.000   1000.0    904.4
     1     1    14     1     7     7     0     0     1.0  -39.801  -75.029    968.0    908.8
     1     1    14     1     7     8     0     0     2.0  -39.590  -75.062    936.8    913.2
     1     1    14     1     7     9     0     0     3.0  -39.369  -75.098    905.9    917.1
     1     1    14     1     7    10     0     0     4.0  -39.139  -75.138    875.0    921.1
     1     1    14     1     7    11     0     0     5.0  -38.901  -75.183    844.0    925.2
     1     1    14     1     7    12     0     0     6.0  -38.656  -75.234    812.6    929.3
     1     1    14     1     7    13     0     0     7.0  -38.406  -75.275    780.4    933.6
     1     1    14     1     7    14     0     0     8.0  -38.154  -75.287    747.0    938.2
     1     1    14     1     7    15     0     0     9.0  -37.898  -75.266    713.3    942.9
     1     1    14     1     7    16     0     0    10.0  -37.637  -75.209    680.5    947.7
     1     1    14     1     7    17     0     0    11.0  -37.373  -75.111    650.4    952.6
     1     1    14     1     7    18     0     0    12.0  -37.108  -74.966    625.7    956.0
     1     1    14     1     7    19     0     0    13.0  -36.841  -74.811    605.2    954.0
     1     1    14     1     7    20     0     0    14.0  -36.565  -74.680    587.6    952.5
     1     1    14     1     7    21     0     0    15.0  -36.279  -74.575    572.2    951.5
     1     1    14     1     7    22     0     0    16.0  -35.981  -74.496    558.1    951.1
     1     1    14     1     7    23     0     0    17.0  -35.669  -74.443    544.5    951.6
     1     1    14     1     8     0     0     0    18.0  -35.342  -74.418    530.6    952.9
     1     1    14     1     8     1     0     0    19.0  -35.011  -74.415    516.1    955.6
     1     1    14     1     8     2     0     0    20.0  -34.691  -74.429    501.5    959.0
     1     1    14     1     8     3     0     0    21.0  -34.386  -74.456    485.9    962.9
     1     1    14     1     8     4     0     0    22.0  -34.096  -74.495    468.2    967.5
     1     1    14     1     8     5     0     0    23.0  -33.821  -74.544    446.9    972.8
     1     1    14     1     8     6     0     0    24.0  -33.559  -74.601    421.0    979.0
     1     1    14     1     8     7     0     0    25.0  -33.301  -74.657    395.4    986.1
     1     1    14     1     8     8     0     0    26.0  -33.037  -74.707    375.6    991.3
     1     1    14     1     8     9     0     0    27.0  -32.768  -74.753    361.7    995.5
     1     1    14     1     8    10     0     0    28.0  -32.493  -74.798    353.2    999.2
     1     1    14     1     8    11     0     0    29.0  -32.214  -74.848    349.3   1000.5
     1     1    14     1     8    12     0     0    30.0  -31.935  -74.910    349.3   1001.7
     1     1    14     1     8    13     0     0    31.0  -31.659  -74.964    355.1   1002.3
     1     1    14     1     8    14     0     0    32.0  -31.391  -74.988    368.8   1000.9
     1     1    14     1     8    15     0     0    33.0  -31.131  -74.982    391.3    997.7
     1     1    14     1     8    16     0     0    34.0  -30.880  -74.946    422.6    991.9
     1     1    14     1     8    17     0     0    35.0  -30.643  -74.882    461.6    984.5
     1     1    14     1     8    18     0     0    36.0  -30.422  -74.788    507.3    975.8
     1     1    14     1     8    19     0     0    37.0  -30.202  -74.686    552.4    965.7
     1     1    14     1     8    20     0     0    38.0  -29.967  -74.600    590.9    957.9
     1     1    14     1     8    21     0     0    39.0  -29.713  -74.524    623.7    951.9
     1     1    14     1     8    22     0     0    40.0  -29.440  -74.453    651.8    946.6
     1     1    14     1     8    23     0     0    41.0  -29.147  -74.387    676.9    942.0
     1     1    14     1     9     0     0     0    42.0  -28.833  -74.323    700.8    938.2
     1     1    14     1     9     1     0     0    43.0  -28.520  -74.268    724.4    935.8
     1     1    14     1     9     2     0     0    44.0  -28.232  -74.227    747.0    934.0
     1     1    14     1     9     3     0     0    45.0  -27.965  -74.203    767.7    932.6
     1     1    14     1     9     4     0     0    46.0  -27.717  -74.195    785.8    931.7
     1     1    14     1     9     5     0     0    47.0  -27.487  -74.204    800.3    931.3
     1     1    14     1     9     6     0     0    48.0  -27.275  -74.231    810.8    931.3
