     1     1
    CDC1    14     1     1     0     0
     1 FORWARD  OMEGA   
    14     1    19     6  -40.000  -75.000  1000.0
     1 PRESSURE
     1     1    14     1    19     6     0     0     0.0  -40.000  -75.000   1000.0    901.9
     1     1    14     1    19     7     0     0     1.0  -40.116  -75.006   1008.5    899.9
     1     1    14     1    19     8     0     0     2.0  -40.232  -75.004   1015.7    898.2
     1     1    14     1    19     9     0     0     3.0  -40.349  -74.993   1021.9    896.4
     1     1    14     1    19    10     0     0     4.0  -40.467  -74.974   1027.1    894.5
     1     1    14     1    19    11     0     0     5.0  -40.587  -74.943   1031.7    892.4
     1     1    14     1    19    12     0     0     6.0  -40.710  -74.901   1035.9    890.1
     1     1    14     1    19    13     0     0     7.0  -40.827  -74.826   1043.9    887.9
     1     1    14     1    19    14     0     0     8.0  -40.930  -74.696   1059.7    883.0
     1     1    14     1    19    15     0     0     9.0  -41.020  -74.509   1083.4    876.0
     1     1    14     1    19    16     0     0    10.0  -41.098  -74.268   1115.3    866.8
     1     1    14     1    19    17     0     0    11.0  -41.163  -73.975   1155.3    855.5
     1     1    14     1    19    18     0     0    12.0  -41.213  -73.633   1203.8    842.4
     1     1    14     1    19    19     0     0    13.0  -41.257  -73.262   1254.8    828.0
     1     1    14     1    19    20     0     0    14.0  -41.303  -72.878   1299.9    814.4
     1     1    14     1    19    21     0     0    15.0  -41.348  -72.478   1338.6    801.2
     1     1    14     1    19    22     0     0    16.0  -41.395  -72.063   1371.5    791.4
     1     1    14     1    19    23     0     0    17.0  -41.446  -71.634   1397.0    782.2
     1     1    14     1    20     0     0     0    18.0  -41.498  -71.192   1414.6    773.6
     1     1    14     1    20     1     0     0    19.0  -41.553  -70.732   1424.9    765.3
     1     1    14     1    20     2     0     0    20.0  -41.614  -70.246   1427.4    757.4
     1     1    14     1    20     3     0     0    21.0  -41.673  -69.733   1426.5    757.4
     1     1    14     1    20     4     0     0    22.0  -41.723  -69.200   1423.1    765.1
     1     1    14     1    20     5     0     0    23.0  -41.759  -68.651   1414.1    773.4
     1     1    14     1    20     6     0     0    24.0  -41.776  -68.084   1400.8    782.4
     1     1    14     1    20     7     0     0    25.0  -41.775  -67.503   1387.5    792.0
     1     1    14     1    20     8     0     0    26.0  -41.760  -66.922   1379.8    804.8
     1     1    14     1    20     9     0     0    27.0  -41.734  -66.351   1376.5    816.6
     1     1    14     1    20    10     0     0    28.0  -41.692  -65.794   1375.1    828.1
     1     1    14     1    20    11     0     0    29.0  -41.630  -65.256   1373.2    839.3
     1     1    14     1    20    12     0     0    30.0  -41.553  -64.739   1367.8    846.3
     1     1    14     1    20    13     0     0    31.0  -41.484  -64.238   1358.5    848.7
     1     1    14     1    20    14     0     0    32.0  -41.439  -63.748   1345.8    851.3
     1     1    14     1    20    15     0     0    33.0  -41.418  -63.266   1327.6    854.3
     1     1    14     1    20    16     0     0    34.0  -41.421  -62.790   1301.9    858.2
     1     1    14     1    20    17     0     0    35.0  -41.449  -62.317   1267.2    862.2
     1     1    14     1    20    18     0     0    36.0  -41.503  -61.842   1224.3    866.0
     1     1    14     1    20    19     0     0    37.0  -41.578  -61.364   1185.9    870.3
     1     1    14     1    20    20     0     0    38.0  -41.672  -60.885   1163.8    872.1
     1     1    14     1    20    21     0     0    39.0  -41.788  -60.407   1158.1    872.5
     1     1    14     1    20    22     0     0    40.0  -41.926  -59.934   1169.6    871.5
     1     1    14     1    20    23     0     0    41.0  -42.082  -59.464   1198.5    869.6
     1     1    14     1    21     0     0     0    42.0  -42.249  -58.996   1244.4    866.0
     1     1    14     1    21     1     0     0    43.0  -42.418  -58.493   1301.1    860.5
     1     1    14     1    21     2     0     0    44.0  -42.582  -57.925   1363.0    854.1
     1     1    14     1    21     3     0     0    45.0  -42.748  -57.298   1429.6    846.6
     1     1    14     1    21     4     0     0    46.0  -42.918  -56.621   1496.8    837.9
     1     1    14     1    21     5     0     0    47.0  -43.097  -55.902   1561.8    830.1
     1     1    14     1    21     6     0     0    48.0  -43.292  -55.154   1623.9    823.0
