     1     1
    CDC1    14     1     1     0     0
     1 FORWARD  OMEGA   
    14     1     6    18  -40.000  -75.000  1000.0
     1 PRESSURE
     1     1    14     1     6    18     0     0     0.0  -40.000  -75.000   1000.0    903.2
     1     1    14     1     6    19     0     0     1.0  -39.772  -74.797    971.3    902.2
     1     1    14     1     6    20     0     0     2.0  -39.522  -74.622    947.1    901.2
     1     1    14     1     6    21     0     0     3.0  -39.248  -74.478    926.5    900.4
     1     1    14     1     6    22     0     0     4.0  -38.953  -74.366    908.5    900.0
     1     1    14     1     6    23     0     0     5.0  -38.636  -74.286    892.1    900.2
     1     1    14     1     7     0     0     0     6.0  -38.298  -74.240    876.3    901.3
     1     1    14     1     7     1     0     0     7.0  -37.951  -74.227    859.0    903.4
     1     1    14     1     7     2     0     0     8.0  -37.608  -74.243    838.2    907.0
     1     1    14     1     7     3     0     0     9.0  -37.266  -74.285    814.4    911.8
     1     1    14     1     7     4     0     0    10.0  -36.924  -74.345    788.2    917.6
     1     1    14     1     7     5     0     0    11.0  -36.581  -74.420    759.6    924.3
     1     1    14     1     7     6     0     0    12.0  -36.232  -74.512    728.8    931.9
     1     1    14     1     7     7     0     0    13.0  -35.874  -74.614    698.4    940.4
     1     1    14     1     7     8     0     0    14.0  -35.509  -74.719    670.8    948.7
     1     1    14     1     7     9     0     0    15.0  -35.139  -74.829    646.2    957.1
     1     1    14     1     7    10     0     0    16.0  -34.770  -74.946    625.2    965.2
     1     1    14     1     7    11     0     0    17.0  -34.410  -75.073    607.0    969.5
     1     1    14     1     7    12     0     0    18.0  -34.065  -75.211    590.8    970.7
     1     1    14     1     7    13     0     0    19.0  -33.729  -75.335    579.6    971.4
     1     1    14     1     7    14     0     0    20.0  -33.398  -75.420    576.7    971.4
     1     1    14     1     7    15     0     0    21.0  -33.072  -75.468    582.5    970.9
     1     1    14     1     7    16     0     0    22.0  -32.751  -75.479    597.9    970.0
     1     1    14     1     7    17     0     0    23.0  -32.438  -75.456    623.2    968.3
     1     1    14     1     7    18     0     0    24.0  -32.137  -75.398    656.9    964.7
     1     1    14     1     7    19     0     0    25.0  -31.844  -75.338    691.4    959.5
     1     1    14     1     7    20     0     0    26.0  -31.550  -75.305    720.9    955.2
     1     1    14     1     7    21     0     0    27.0  -31.254  -75.299    745.9    951.0
     1     1    14     1     7    22     0     0    28.0  -30.954  -75.315    767.1    947.0
     1     1    14     1     7    23     0     0    29.0  -30.649  -75.351    785.4    943.1
     1     1    14     1     8     0     0     0    30.0  -30.339  -75.402    801.5    939.3
     1     1    14     1     8     1     0     0    31.0  -30.038  -75.464    815.3    936.5
     1     1    14     1     8     2     0     0    32.0  -29.764  -75.532    824.2    934.0
     1     1    14     1     8     3     0     0    33.0  -29.517  -75.603    828.6    932.0
     1     1    14     1     8     4     0     0    34.0  -29.296  -75.678    829.8    930.4
     1     1    14     1     8     5     0     0    35.0  -29.100  -75.759    828.7    929.1
     1     1    14     1     8     6     0     0    36.0  -28.929  -75.846    826.1    927.8
     1     1    14     1     8     7     0     0    37.0  -28.772  -75.948    823.6    926.1
     1     1    14     1     8     8     0     0    38.0  -28.622  -76.072    823.1    923.6
     1     1    14     1     8     9     0     0    39.0  -28.478  -76.217    823.7    920.8
     1     1    14     1     8    10     0     0    40.0  -28.341  -76.385    824.9    917.5
     1     1    14     1     8    11     0     0    41.0  -28.209  -76.575    826.2    913.9
     1     1    14     1     8    12     0     0    42.0  -28.082  -76.787    827.3    910.0
     1     1    14     1     8    13     0     0    43.0  -27.958  -77.000    827.2    906.5
     1     1    14     1     8    14     0     0    44.0  -27.840  -77.194    824.5    903.6
     1     1    14     1     8    15     0     0    45.0  -27.727  -77.373    818.4    901.2
     1     1    14     1     8    16     0     0    46.0  -27.619  -77.537    808.7    900.4
     1     1    14     1     8    17     0     0    47.0  -27.516  -77.689    797.1    903.3
     1     1    14     1     8    18     0     0    48.0  -27.415  -77.825    784.5    907.3
