     1     1
    CDC1    14     1     1     0     0
     1 FORWARD  OMEGA   
    14     1     9    12  -40.000  -75.000  1000.0
     1 PRESSURE
     1     1    14     1     9    12     0     0     0.0  -40.000  -75.000   1000.0    896.1
     1     1    14     1     9    13     0     0     1.0  -39.898  -74.722   1035.3    886.1
     1     1    14     1     9    14     0     0     2.0  -39.794  -74.422   1064.7    876.2
     1     1    14     1     9    15     0     0     3.0  -39.686  -74.105   1087.5    866.6
     1     1    14     1     9    16     0     0     4.0  -39.572  -73.774   1103.8    857.2
     1     1    14     1     9    17     0     0     5.0  -39.453  -73.432   1113.5    848.1
     1     1    14     1     9    18     0     0     6.0  -39.328  -73.083   1117.0    839.2
     1     1    14     1     9    19     0     0     7.0  -39.198  -72.740   1116.6    830.9
     1     1    14     1     9    20     0     0     8.0  -39.062  -72.421   1113.6    823.6
     1     1    14     1     9    21     0     0     9.0  -38.917  -72.130   1108.6    818.5
     1     1    14     1     9    22     0     0    10.0  -38.760  -71.873   1101.2    814.1
     1     1    14     1     9    23     0     0    11.0  -38.591  -71.655   1091.4    810.6
     1     1    14     1    10     0     0     0    12.0  -38.411  -71.481   1079.2    808.0
     1     1    14     1    10     1     0     0    13.0  -38.226  -71.338   1067.3    806.0
     1     1    14     1    10     2     0     0    14.0  -38.044  -71.204   1059.8    803.4
     1     1    14     1    10     3     0     0    15.0  -37.868  -71.082   1057.3    800.5
     1     1    14     1    10     4     0     0    16.0  -37.698  -70.974   1060.8    797.2
     1     1    14     1    10     5     0     0    17.0  -37.538  -70.881   1071.2    793.7
     1     1    14     1    10     6     0     0    18.0  -37.389  -70.801   1088.6    789.2
     1     1    14     1    10     7     0     0    19.0  -37.252  -70.722   1109.9    783.9
     1     1    14     1    10     8     0     0    20.0  -37.127  -70.635   1130.4    778.8
     1     1    14     1    10     9     0     0    21.0  -37.016  -70.536   1150.1    773.6
     1     1    14     1    10    10     0     0    22.0  -36.923  -70.425   1168.8    768.2
     1     1    14     1    10    11     0     0    23.0  -36.849  -70.299   1186.1    762.7
     1     1    14     1    10    12     0     0    24.0  -36.798  -70.154   1201.6    757.1
     1     1    14     1    10    13     0     0    25.0  -36.761  -69.996   1215.2    751.5
     1     1    14     1    10    14     0     0    26.0  -36.725  -69.835   1233.4    752.6
     1     1    14     1    10    15     0     0    27.0  -36.683  -69.678   1251.5    753.4
     1     1    14     1    10    16     0     0    28.0  -36.637  -69.523   1269.9    754.1
     1     1    14     1    10    17     0     0    29.0  -36.587  -69.370   1288.9    754.6
     1     1    14     1    10    18     0     0    30.0  -36.535  -69.220   1308.7    755.0
     1     1    14     1    10    19     0     0    31.0  -36.478  -69.082   1327.0    755.2
     1     1    14     1    10    20     0     0    32.0  -36.413  -68.968   1340.3    755.5
     1     1    14     1    10    21     0     0    33.0  -36.340  -68.878   1348.7    755.6
     1     1    14     1    10    22     0     0    34.0  -36.258  -68.815   1351.9    755.6
     1     1    14     1    10    23     0     0    35.0  -36.165  -68.779   1349.7    755.3
     1     1    14     1    11     0     0     0    36.0  -36.062  -68.771   1342.0    754.9
     1     1    14     1    11     1     0     0    37.0  -35.961  -68.786   1333.6    754.7
     1     1    14     1    11     2     0     0    38.0  -35.876  -68.815   1328.7    753.7
     1     1    14     1    11     3     0     0    39.0  -35.806  -68.859   1326.4    752.4
     1     1    14     1    11     4     0     0    40.0  -35.750  -68.917   1325.8    750.9
     1     1    14     1    11     5     0     0    41.0  -35.708  -68.991   1326.3    749.2
     1     1    14     1    11     6     0     0    42.0  -35.680  -69.080   1327.2    747.5
     1     1    14     1    11     7     0     0    43.0  -35.662  -69.174   1323.9    745.5
     1     1    14     1    11     8     0     0    44.0  -35.648  -69.268   1312.9    744.8
     1     1    14     1    11     9     0     0    45.0  -35.637  -69.362   1294.6    744.8
     1     1    14     1    11    10     0     0    46.0  -35.631  -69.458   1269.5    745.4
     1     1    14     1    11    11     0     0    47.0  -35.629  -69.558   1238.4    746.6
     1     1    14     1    11    12     0     0    48.0  -35.633  -69.663   1201.8    748.1
