     1     1
    CDC1    14     1     1     0     0
     1 FORWARD  OMEGA   
    14     1    14    12  -40.000  -75.000  1000.0
     1 PRESSURE
     1     1    14     1    14    12     0     0     0.0  -40.000  -75.000   1000.0    904.8
     1     1    14     1    14    13     0     0     1.0  -39.740  -74.856    978.8    904.6
     1     1    14     1    14    14     0     0     2.0  -39.462  -74.691    958.7    903.8
     1     1    14     1    14    15     0     0     3.0  -39.169  -74.506    940.5    902.1
     1     1    14     1    14    16     0     0     4.0  -38.866  -74.304    925.1    899.3
     1     1    14     1    14    17     0     0     5.0  -38.557  -74.087    913.4    895.5
     1     1    14     1    14    18     0     0     6.0  -38.249  -73.861    906.0    890.7
     1     1    14     1    14    19     0     0     7.0  -37.931  -73.657    899.2    885.6
     1     1    14     1    14    20     0     0     8.0  -37.590  -73.508    890.1    882.4
     1     1    14     1    14    21     0     0     9.0  -37.226  -73.408    880.3    881.0
     1     1    14     1    14    22     0     0    10.0  -36.845  -73.352    871.3    880.7
     1     1    14     1    14    23     0     0    11.0  -36.447  -73.333    864.6    881.3
     1     1    14     1    15     0     0     0    12.0  -36.037  -73.349    862.0    882.5
     1     1    14     1    15     1     0     0    13.0  -35.627  -73.406    860.6    884.8
     1     1    14     1    15     2     0     0    14.0  -35.229  -73.507    856.4    889.3
     1     1    14     1    15     3     0     0    15.0  -34.839  -73.645    847.6    895.7
     1     1    14     1    15     4     0     0    16.0  -34.455  -73.813    832.5    904.2
     1     1    14     1    15     5     0     0    17.0  -34.070  -74.005    811.0    914.2
     1     1    14     1    15     6     0     0    18.0  -33.681  -74.218    784.7    925.4
     1     1    14     1    15     7     0     0    19.0  -33.289  -74.419    761.5    936.3
     1     1    14     1    15     8     0     0    20.0  -32.902  -74.575    747.7    943.9
     1     1    14     1    15     9     0     0    21.0  -32.526  -74.691    742.9    949.2
     1     1    14     1    15    10     0     0    22.0  -32.167  -74.775    745.0    950.3
     1     1    14     1    15    11     0     0    23.0  -31.834  -74.841    752.6    950.1
     1     1    14     1    15    12     0     0    24.0  -31.527  -74.895    765.4    949.0
     1     1    14     1    15    13     0     0    25.0  -31.247  -74.940    784.2    948.0
     1     1    14     1    15    14     0     0    26.0  -30.994  -74.982    808.6    946.1
     1     1    14     1    15    15     0     0    27.0  -30.769  -75.024    837.0    942.8
     1     1    14     1    15    16     0     0    28.0  -30.574  -75.068    867.5    938.6
     1     1    14     1    15    17     0     0    29.0  -30.411  -75.119    898.7    934.4
     1     1    14     1    15    18     0     0    30.0  -30.279  -75.176    929.3    930.4
     1     1    14     1    15    19     0     0    31.0  -30.159  -75.231    957.9    925.5
     1     1    14     1    15    20     0     0    32.0  -30.028  -75.272    983.3    921.1
     1     1    14     1    15    21     0     0    33.0  -29.884  -75.294   1006.2    917.1
     1     1    14     1    15    22     0     0    34.0  -29.727  -75.294   1027.2    913.6
     1     1    14     1    15    23     0     0    35.0  -29.555  -75.272   1047.6    910.4
     1     1    14     1    16     0     0     0    36.0  -29.369  -75.228   1068.7    907.4
     1     1    14     1    16     1     0     0    37.0  -29.182  -75.186   1088.6    905.0
     1     1    14     1    16     2     0     0    38.0  -29.011  -75.174   1104.8    903.0
     1     1    14     1    16     3     0     0    39.0  -28.856  -75.190   1117.5    901.0
     1     1    14     1    16     4     0     0    40.0  -28.717  -75.234   1127.1    899.1
     1     1    14     1    16     5     0     0    41.0  -28.596  -75.305   1134.1    897.2
     1     1    14     1    16     6     0     0    42.0  -28.493  -75.404   1139.2    895.2
     1     1    14     1    16     7     0     0    43.0  -28.412  -75.512   1143.7    893.1
     1     1    14     1    16     8     0     0    44.0  -28.359  -75.608   1149.1    891.0
     1     1    14     1    16     9     0     0    45.0  -28.333  -75.690   1154.6    889.1
     1     1    14     1    16    10     0     0    46.0  -28.331  -75.759   1159.8    887.6
     1     1    14     1    16    11     0     0    47.0  -28.355  -75.810   1164.4    886.4
     1     1    14     1    16    12     0     0    48.0  -28.403  -75.843   1168.4    885.7
