     1     1
    CDC1    14     1     1     0     0
     1 FORWARD  OMEGA   
    14     1    23    18  -40.000  -75.000  1000.0
     1 PRESSURE
     1     1    14     1    23    18     0     0     0.0  -40.000  -75.000   1000.0    901.2
     1     1    14     1    23    19     0     0     1.0  -39.764  -74.823    982.7    900.0
     1     1    14     1    23    20     0     0     2.0  -39.531  -74.671    968.5    898.7
     1     1    14     1    23    21     0     0     3.0  -39.303  -74.545    956.0    897.8
     1     1    14     1    23    22     0     0     4.0  -39.081  -74.447    944.2    897.5
     1     1    14     1    23    23     0     0     5.0  -38.864  -74.378    931.9    898.0
     1     1    14     1    24     0     0     0     6.0  -38.653  -74.342    918.2    899.3
     1     1    14     1    24     1     0     0     7.0  -38.439  -74.338    902.7    901.8
     1     1    14     1    24     2     0     0     8.0  -38.211  -74.362    885.0    905.5
     1     1    14     1    24     3     0     0     9.0  -37.966  -74.413    865.5    910.2
     1     1    14     1    24     4     0     0    10.0  -37.702  -74.491    844.2    916.1
     1     1    14     1    24     5     0     0    11.0  -37.417  -74.593    821.1    923.1
     1     1    14     1    24     6     0     0    12.0  -37.110  -74.714    796.9    931.3
     1     1    14     1    24     7     0     0    13.0  -36.793  -74.859    772.8    940.1
     1     1    14     1    24     8     0     0    14.0  -36.477  -75.029    749.7    948.7
     1     1    14     1    24     9     0     0    15.0  -36.163  -75.222    726.4    951.8
     1     1    14     1    24    10     0     0    16.0  -35.849  -75.432    704.4    954.3
     1     1    14     1    24    11     0     0    17.0  -35.535  -75.657    683.6    956.2
     1     1    14     1    24    12     0     0    18.0  -35.221  -75.892    663.7    957.5
     1     1    14     1    24    13     0     0    19.0  -34.895  -76.120    644.3    957.9
     1     1    14     1    24    14     0     0    20.0  -34.551  -76.325    625.7    957.8
     1     1    14     1    24    15     0     0    21.0  -34.189  -76.503    607.8    957.3
     1     1    14     1    24    16     0     0    22.0  -33.808  -76.655    590.2    956.7
     1     1    14     1    24    17     0     0    23.0  -33.408  -76.780    572.6    956.1
     1     1    14     1    24    18     0     0    24.0  -32.988  -76.877    555.1    955.6
     1     1    14     1    24    19     0     0    25.0  -32.555  -76.951    539.3    954.7
     1     1    14     1    24    20     0     0    26.0  -32.119  -77.008    527.0    954.5
     1     1    14     1    24    21     0     0    27.0  -31.682  -77.052    517.9    954.5
     1     1    14     1    24    22     0     0    28.0  -31.246  -77.086    511.5    954.4
     1     1    14     1    24    23     0     0    29.0  -30.810  -77.111    507.4    954.2
     1     1    14     1    25     0     0     0    30.0  -30.374  -77.128    505.3    953.9
     1     1    14     1    25     1     0     0    31.0  -29.928  -77.147    504.4    953.7
     1     1    14     1    25     2     0     0    32.0  -29.471  -77.178    502.5    950.8
     1     1    14     1    25     3     0     0    33.0  -29.009  -77.224    500.2    947.9
     1     1    14     1    25     4     0     0    34.0  -28.546  -77.284    498.5    944.8
     1     1    14     1    25     5     0     0    35.0  -28.087  -77.359    498.8    941.4
     1     1    14     1    25     6     0     0    36.0  -27.635  -77.451    502.4    937.4
     1     1    14     1    25     7     0     0    37.0  -27.205  -77.555    506.0    938.2
     1     1    14     1    25     8     0     0    38.0  -26.809  -77.667    504.5    943.1
     1     1    14     1    25     9     0     0    39.0  -26.443  -77.782    496.4    948.2
     1     1    14     1    25    10     0     0    40.0  -26.101  -77.901    482.2    953.5
     1     1    14     1    25    11     0     0    41.0  -25.778  -78.022    462.1    959.1
     1     1    14     1    25    12     0     0    42.0  -25.469  -78.144    436.6    964.9
     1     1    14     1    25    13     0     0    43.0  -25.174  -78.271    407.2    971.3
     1     1    14     1    25    14     0     0    44.0  -24.896  -78.407    376.0    977.2
     1     1    14     1    25    15     0     0    45.0  -24.634  -78.554    343.9    982.5
     1     1    14     1    25    16     0     0    46.0  -24.387  -78.713    312.1    987.9
     1     1    14     1    25    17     0     0    47.0  -24.153  -78.884    281.1    993.5
     1     1    14     1    25    18     0     0    48.0  -23.932  -79.066    251.8    999.1
