     1     1
    CDC1    14     1     1     0     0
     1 FORWARD  OMEGA   
    14     1    17     0  -40.000  -75.000  1000.0
     1 PRESSURE
     1     1    14     1    17     0     0     0     0.0  -40.000  -75.000   1000.0    899.6
     1     1    14     1    17     1     0     0     1.0  -39.707  -74.900    986.2    899.7
     1     1    14     1    17     2     0     0     2.0  -39.418  -74.848    972.7    900.9
     1     1    14     1    17     3     0     0     3.0  -39.132  -74.841    959.6    903.2
     1     1    14     1    17     4     0     0     4.0  -38.847  -74.879    946.9    906.6
     1     1    14     1    17     5     0     0     5.0  -38.560  -74.963    935.0    911.1
     1     1    14     1    17     6     0     0     6.0  -38.274  -75.093    923.0    914.1
     1     1    14     1    17     7     0     0     7.0  -37.998  -75.266    913.2    915.6
     1     1    14     1    17     8     0     0     8.0  -37.745  -75.481    908.3    916.3
     1     1    14     1    17     9     0     0     9.0  -37.518  -75.732    908.3    916.3
     1     1    14     1    17    10     0     0    10.0  -37.323  -76.006    913.2    915.6
     1     1    14     1    17    11     0     0    11.0  -37.163  -76.292    922.2    914.0
     1     1    14     1    17    12     0     0    12.0  -37.038  -76.587    934.9    911.8
     1     1    14     1    17    13     0     0    13.0  -36.949  -76.863    950.5    909.3
     1     1    14     1    17    14     0     0    14.0  -36.895  -77.093    967.9    906.6
     1     1    14     1    17    15     0     0    15.0  -36.873  -77.280    985.5    904.1
     1     1    14     1    17    16     0     0    16.0  -36.881  -77.424   1002.4    901.9
     1     1    14     1    17    17     0     0    17.0  -36.914  -77.524   1017.9    900.1
     1     1    14     1    17    18     0     0    18.0  -36.972  -77.579   1031.6    898.9
     1     1    14     1    17    19     0     0    19.0  -37.033  -77.621   1044.4    897.6
     1     1    14     1    17    20     0     0    20.0  -37.081  -77.685   1057.2    896.0
     1     1    14     1    17    21     0     0    21.0  -37.116  -77.771   1070.1    894.2
     1     1    14     1    17    22     0     0    22.0  -37.138  -77.879   1083.5    892.4
     1     1    14     1    17    23     0     0    23.0  -37.148  -78.009   1097.4    890.3
     1     1    14     1    18     0     0     0    24.0  -37.145  -78.160   1112.1    888.1
     1     1    14     1    18     1     0     0    25.0  -37.145  -78.321   1127.0    886.0
     1     1    14     1    18     2     0     0    26.0  -37.161  -78.481   1142.0    884.0
     1     1    14     1    18     3     0     0    27.0  -37.193  -78.641   1157.0    882.1
     1     1    14     1    18     4     0     0    28.0  -37.238  -78.800   1172.2    880.1
     1     1    14     1    18     5     0     0    29.0  -37.295  -78.959   1187.7    878.2
     1     1    14     1    18     6     0     0    30.0  -37.365  -79.118   1203.7    876.1
     1     1    14     1    18     7     0     0    31.0  -37.435  -79.283   1219.9    874.1
     1     1    14     1    18     8     0     0    32.0  -37.496  -79.460   1236.3    872.0
     1     1    14     1    18     9     0     0    33.0  -37.547  -79.645   1252.7    870.0
     1     1    14     1    18    10     0     0    34.0  -37.589  -79.838   1268.9    868.0
     1     1    14     1    18    11     0     0    35.0  -37.623  -80.036   1284.7    866.2
     1     1    14     1    18    12     0     0    36.0  -37.650  -80.238   1300.1    865.3
     1     1    14     1    18    13     0     0    37.0  -37.678  -80.431   1314.0    864.3
     1     1    14     1    18    14     0     0    38.0  -37.712  -80.608   1325.6    863.7
     1     1    14     1    18    15     0     0    39.0  -37.750  -80.770   1335.3    863.2
     1     1    14     1    18    16     0     0    40.0  -37.793  -80.921   1343.5    862.9
     1     1    14     1    18    17     0     0    41.0  -37.839  -81.062   1350.3    862.8
     1     1    14     1    18    18     0     0    42.0  -37.888  -81.195   1355.9    862.7
     1     1    14     1    18    19     0     0    43.0  -37.941  -81.330   1361.4    862.2
     1     1    14     1    18    20     0     0    44.0  -38.000  -81.473   1368.4    861.4
     1     1    14     1    18    21     0     0    45.0  -38.065  -81.624   1377.1    860.4
     1     1    14     1    18    22     0     0    46.0  -38.139  -81.782   1388.0    859.3
     1     1    14     1    18    23     0     0    47.0  -38.223  -81.947   1401.4    857.9
     1     1    14     1    19     0     0     0    48.0  -38.318  -82.118   1418.0    856.2
