     1     1
    CDC1    14     1     1     0     0
     1 FORWARD  OMEGA   
    14     1    20     0  -40.000  -75.000  1000.0
     1 PRESSURE
     1     1    14     1    20     0     0     0     0.0  -40.000  -75.000   1000.0    897.3
     1     1    14     1    20     1     0     0     1.0  -40.076  -74.897   1027.7    891.4
     1     1    14     1    20     2     0     0     2.0  -40.161  -74.791   1052.0    886.0
     1     1    14     1    20     3     0     0     3.0  -40.253  -74.681   1072.8    880.9
     1     1    14     1    20     4     0     0     4.0  -40.350  -74.566   1090.1    875.9
     1     1    14     1    20     5     0     0     5.0  -40.449  -74.446   1103.8    871.3
     1     1    14     1    20     6     0     0     6.0  -40.551  -74.319   1113.8    866.8
     1     1    14     1    20     7     0     0     7.0  -40.651  -74.172   1123.0    862.1
     1     1    14     1    20     8     0     0     8.0  -40.749  -73.989   1134.0    856.0
     1     1    14     1    20     9     0     0     9.0  -40.845  -73.768   1146.5    848.9
     1     1    14     1    20    10     0     0    10.0  -40.941  -73.507   1160.0    840.7
     1     1    14     1    20    11     0     0    11.0  -41.037  -73.206   1174.3    831.5
     1     1    14     1    20    12     0     0    12.0  -41.136  -72.862   1189.3    821.2
     1     1    14     1    20    13     0     0    13.0  -41.235  -72.478   1206.2    810.3
     1     1    14     1    20    14     0     0    14.0  -41.329  -72.062   1226.0    801.4
     1     1    14     1    20    15     0     0    15.0  -41.417  -71.615   1246.2    792.1
     1     1    14     1    20    16     0     0    16.0  -41.496  -71.134   1264.6    782.2
     1     1    14     1    20    17     0     0    17.0  -41.564  -70.616   1278.6    772.0
     1     1    14     1    20    18     0     0    18.0  -41.617  -70.059   1285.3    761.8
     1     1    14     1    20    19     0     0    19.0  -41.652  -69.469   1289.5    767.6
     1     1    14     1    20    20     0     0    20.0  -41.667  -68.861   1279.5    777.3
     1     1    14     1    20    21     0     0    21.0  -41.659  -68.242   1257.1    788.5
     1     1    14     1    20    22     0     0    22.0  -41.626  -67.616   1224.2    800.7
     1     1    14     1    20    23     0     0    23.0  -41.573  -66.996   1187.6    816.5
     1     1    14     1    21     0     0     0    24.0  -41.509  -66.393   1151.9    832.2
     1     1    14     1    21     1     0     0    25.0  -41.445  -65.799   1112.9    847.8
     1     1    14     1    21     2     0     0    26.0  -41.388  -65.199   1064.1    865.7
     1     1    14     1    21     3     0     0    27.0  -41.338  -64.589   1008.3    878.2
     1     1    14     1    21     4     0     0    28.0  -41.295  -63.959    954.9    886.9
     1     1    14     1    21     5     0     0    29.0  -41.253  -63.299    909.8    894.1
     1     1    14     1    21     6     0     0    30.0  -41.196  -62.599    876.0    900.0
     1     1    14     1    21     7     0     0    31.0  -41.125  -61.884    857.6    901.7
     1     1    14     1    21     8     0     0    32.0  -41.044  -61.183    855.7    900.8
     1     1    14     1    21     9     0     0    33.0  -40.949  -60.503    867.4    898.5
     1     1    14     1    21    10     0     0    34.0  -40.835  -59.849    889.5    895.7
     1     1    14     1    21    11     0     0    35.0  -40.701  -59.226    916.8    894.4
     1     1    14     1    21    12     0     0    36.0  -40.547  -58.636    943.8    893.3
     1     1    14     1    21    13     0     0    37.0  -40.400  -58.062    966.3    892.7
     1     1    14     1    21    14     0     0    38.0  -40.290  -57.478    981.6    893.3
     1     1    14     1    21    15     0     0    39.0  -40.220  -56.874    985.9    891.8
     1     1    14     1    21    16     0     0    40.0  -40.191  -56.238    979.4    891.6
     1     1    14     1    21    17     0     0    41.0  -40.201  -55.565    964.2    892.3
     1     1    14     1    21    18     0     0    42.0  -40.243  -54.852    943.4    893.4
     1     1    14     1    21    19     0     0    43.0  -40.305  -54.128    923.9    894.4
     1     1    14     1    21    20     0     0    44.0  -40.364  -53.420    909.0    894.4
     1     1    14     1    21    21     0     0    45.0  -40.407  -52.720    896.0    894.5
     1     1    14     1    21    22     0     0    46.0  -40.424  -52.023    885.2    896.7
     1     1    14     1    21    23     0     0    47.0  -40.413  -51.327    877.7    899.4
     1     1    14     1    22     0     0     0    48.0  -40.371  -50.626    873.5    901.5
