     1     1
    CDC1    14     1     1     0     0
     1 FORWARD  OMEGA   
    14     1     8    12  -40.000  -75.000  1000.0
     1 PRESSURE
     1     1    14     1     8    12     0     0     0.0  -40.000  -75.000   1000.0    901.4
     1     1    14     1     8    13     0     0     1.0  -39.927  -74.817    986.7    898.4
     1     1    14     1     8    14     0     0     2.0  -39.859  -74.587    974.7    893.8
     1     1    14     1     8    15     0     0     3.0  -39.795  -74.311    964.4    887.8
     1     1    14     1     8    16     0     0     4.0  -39.737  -73.993    956.7    880.4
     1     1    14     1     8    17     0     0     5.0  -39.682  -73.639    952.3    871.6
     1     1    14     1     8    18     0     0     6.0  -39.633  -73.255    952.3    861.6
     1     1    14     1     8    19     0     0     7.0  -39.590  -72.861    957.7    850.4
     1     1    14     1     8    20     0     0     8.0  -39.557  -72.469    968.2    838.8
     1     1    14     1     8    21     0     0     9.0  -39.543  -72.066    983.4    829.3
     1     1    14     1     8    22     0     0    10.0  -39.552  -71.645   1001.6    819.2
     1     1    14     1     8    23     0     0    11.0  -39.585  -71.202   1022.7    808.6
     1     1    14     1     9     0     0     0    12.0  -39.641  -70.736   1046.5    797.7
     1     1    14     1     9     1     0     0    13.0  -39.712  -70.237   1070.8    786.4
     1     1    14     1     9     2     0     0    14.0  -39.782  -69.706   1097.8    784.6
     1     1    14     1     9     3     0     0    15.0  -39.850  -69.156   1127.8    791.0
     1     1    14     1     9     4     0     0    16.0  -39.916  -68.591   1158.3    797.4
     1     1    14     1     9     5     0     0    17.0  -39.983  -68.010   1190.8    804.0
     1     1    14     1     9     6     0     0    18.0  -40.056  -67.411   1227.2    810.7
     1     1    14     1     9     7     0     0    19.0  -40.119  -66.801   1266.1    819.4
     1     1    14     1     9     8     0     0    20.0  -40.152  -66.191   1302.8    828.5
     1     1    14     1     9     9     0     0    21.0  -40.148  -65.585   1336.8    837.7
     1     1    14     1     9    10     0     0    22.0  -40.103  -64.985   1367.3    846.9
     1     1    14     1     9    11     0     0    23.0  -40.033  -64.388   1389.7    845.2
     1     1    14     1     9    12     0     0    24.0  -39.959  -63.790   1412.9    842.9
     1     1    14     1     9    13     0     0    25.0  -39.907  -63.203   1437.1    840.7
     1     1    14     1     9    14     0     0    26.0  -39.894  -62.632   1460.5    838.4
     1     1    14     1     9    15     0     0    27.0  -39.917  -62.064   1482.2    836.1
     1     1    14     1     9    16     0     0    28.0  -39.974  -61.488   1502.1    833.9
     1     1    14     1     9    17     0     0    29.0  -40.065  -60.891   1520.6    831.8
     1     1    14     1     9    18     0     0    30.0  -40.191  -60.263   1538.7    829.6
     1     1    14     1     9    19     0     0    31.0  -40.328  -59.616   1562.0    829.8
     1     1    14     1     9    20     0     0    32.0  -40.452  -58.966   1592.2    830.0
     1     1    14     1     9    21     0     0    33.0  -40.564  -58.315   1630.3    829.2
     1     1    14     1     9    22     0     0    34.0  -40.665  -57.659   1678.5    827.0
     1     1    14     1     9    23     0     0    35.0  -40.753  -56.998   1736.4    821.0
     1     1    14     1    10     0     0     0    36.0  -40.832  -56.337   1806.8    812.7
     1     1    14     1    10     1     0     0    37.0  -40.915  -55.675   1882.5    802.9
     1     1    14     1    10     2     0     0    38.0  -41.007  -55.016   1954.0    794.5
     1     1    14     1    10     3     0     0    39.0  -41.106  -54.364   2018.8    787.2
     1     1    14     1    10     4     0     0    40.0  -41.212  -53.721   2074.4    781.1
     1     1    14     1    10     5     0     0    41.0  -41.327  -53.083   2122.2    775.8
     1     1    14     1    10     6     0     0    42.0  -41.453  -52.446   2163.3    771.2
     1     1    14     1    10     7     0     0    43.0  -41.592  -51.809   2201.7    769.2
     1     1    14     1    10     8     0     0    44.0  -41.742  -51.178   2237.5    767.0
     1     1    14     1    10     9     0     0    45.0  -41.899  -50.556   2271.1    764.8
     1     1    14     1    10    10     0     0    46.0  -42.059  -49.948   2301.8    762.7
     1     1    14     1    10    11     0     0    47.0  -42.221  -49.357   2328.9    759.9
     1     1    14     1    10    12     0     0    48.0  -42.387  -48.785   2354.3    757.1
