     1     1
    CDC1    14     1     1     0     0
     1 FORWARD  OMEGA   
    14     1     9     6  -40.000  -75.000  1000.0
     1 PRESSURE
     1     1    14     1     9     6     0     0     0.0  -40.000  -75.000   1000.0    895.6
     1     1    14     1     9     7     0     0     1.0  -39.948  -74.589   1050.3    879.8
     1     1    14     1     9     8     0     0     2.0  -39.890  -74.161   1094.6    864.6
     1     1    14     1     9     9     0     0     3.0  -39.830  -73.713   1133.5    849.5
     1     1    14     1     9    10     0     0     4.0  -39.769  -73.240   1167.2    834.4
     1     1    14     1     9    11     0     0     5.0  -39.709  -72.735   1196.2    819.1
     1     1    14     1     9    12     0     0     6.0  -39.647  -72.197   1221.0    805.4
     1     1    14     1     9    13     0     0     7.0  -39.576  -71.634   1238.9    793.5
     1     1    14     1     9    14     0     0     8.0  -39.489  -71.058   1246.9    782.3
     1     1    14     1     9    15     0     0     9.0  -39.385  -70.468   1246.1    771.3
     1     1    14     1     9    16     0     0    10.0  -39.261  -69.869   1240.8    764.9
     1     1    14     1     9    17     0     0    11.0  -39.120  -69.284   1239.8    774.9
     1     1    14     1     9    18     0     0    12.0  -38.963  -68.731   1235.0    784.7
     1     1    14     1     9    19     0     0    13.0  -38.792  -68.224   1228.4    794.4
     1     1    14     1     9    20     0     0    14.0  -38.602  -67.776   1223.5    803.0
     1     1    14     1     9    21     0     0    15.0  -38.394  -67.387   1221.7    811.0
     1     1    14     1     9    22     0     0    16.0  -38.171  -67.057   1224.4    818.8
     1     1    14     1     9    23     0     0    17.0  -37.936  -66.785   1232.3    824.8
     1     1    14     1    10     0     0     0    18.0  -37.687  -66.567   1246.4    829.0
     1     1    14     1    10     1     0     0    19.0  -37.438  -66.391   1265.7    831.3
     1     1    14     1    10     2     0     0    20.0  -37.204  -66.243   1287.6    830.7
     1     1    14     1    10     3     0     0    21.0  -36.984  -66.121   1314.3    829.1
     1     1    14     1    10     4     0     0    22.0  -36.779  -66.026   1346.3    826.5
     1     1    14     1    10     5     0     0    23.0  -36.589  -65.957   1384.0    823.0
     1     1    14     1    10     6     0     0    24.0  -36.416  -65.913   1427.7    818.3
     1     1    14     1    10     7     0     0    25.0  -36.264  -65.870   1478.1    813.2
     1     1    14     1    10     8     0     0    26.0  -36.137  -65.805   1533.5    808.5
     1     1    14     1    10     9     0     0    27.0  -36.034  -65.715   1593.4    804.5
     1     1    14     1    10    10     0     0    28.0  -35.951  -65.602   1657.1    801.2
     1     1    14     1    10    11     0     0    29.0  -35.887  -65.462   1724.3    798.5
     1     1    14     1    10    12     0     0    30.0  -35.840  -65.297   1794.7    796.1
     1     1    14     1    10    13     0     0    31.0  -35.803  -65.116   1865.2    793.9
     1     1    14     1    10    14     0     0    32.0  -35.773  -64.931   1929.8    790.8
     1     1    14     1    10    15     0     0    33.0  -35.752  -64.735   1985.6    785.3
     1     1    14     1    10    16     0     0    34.0  -35.739  -64.524   2034.5    780.6
     1     1    14     1    10    17     0     0    35.0  -35.731  -64.295   2075.8    776.6
     1     1    14     1    10    18     0     0    36.0  -35.726  -64.048   2108.9    773.5
     1     1    14     1    10    19     0     0    37.0  -35.710  -63.794   2134.0    771.1
     1     1    14     1    10    20     0     0    38.0  -35.668  -63.552   2153.2    769.2
     1     1    14     1    10    21     0     0    39.0  -35.600  -63.322   2166.5    767.9
     1     1    14     1    10    22     0     0    40.0  -35.505  -63.108   2174.7    767.1
     1     1    14     1    10    23     0     0    41.0  -35.383  -62.912   2179.2    766.7
     1     1    14     1    11     0     0     0    42.0  -35.235  -62.735   2181.4    766.7
     1     1    14     1    11     1     0     0    43.0  -35.069  -62.574   2181.1    766.9
     1     1    14     1    11     2     0     0    44.0  -34.891  -62.427   2181.4    767.1
     1     1    14     1    11     3     0     0    45.0  -34.704  -62.292   2182.6    767.3
     1     1    14     1    11     4     0     0    46.0  -34.511  -62.171   2185.9    767.3
     1     1    14     1    11     5     0     0    47.0  -34.311  -62.062   2192.5    767.0
     1     1    14     1    11     6     0     0    48.0  -34.108  -61.964   2203.6    766.2
