     1     1
    CDC1    14     1     1     0     0
     1 FORWARD  OMEGA   
    14     1     2     6  -40.000  -75.000  1000.0
     1 PRESSURE
     1     1    14     1     2     6     0     0     0.0  -40.000  -75.000   1000.0    901.5
     1     1    14     1     2     7     0     0     1.0  -39.781  -74.848   1006.9    897.6
     1     1    14     1     2     8     0     0     2.0  -39.547  -74.708   1010.9    894.5
     1     1    14     1     2     9     0     0     3.0  -39.298  -74.586   1012.6    892.1
     1     1    14     1     2    10     0     0     4.0  -39.035  -74.487   1012.6    890.5
     1     1    14     1     2    11     0     0     5.0  -38.758  -74.417   1010.9    889.9
     1     1    14     1     2    12     0     0     6.0  -38.470  -74.380   1007.7    890.4
     1     1    14     1     2    13     0     0     7.0  -38.174  -74.363   1004.2    891.5
     1     1    14     1     2    14     0     0     8.0  -37.876  -74.342   1001.3    892.3
     1     1    14     1     2    15     0     0     9.0  -37.573  -74.316    999.6    892.8
     1     1    14     1     2    16     0     0    10.0  -37.262  -74.284   1000.3    893.0
     1     1    14     1     2    17     0     0    11.0  -36.943  -74.240   1004.4    892.6
     1     1    14     1     2    18     0     0    12.0  -36.614  -74.186   1012.6    891.3
     1     1    14     1     2    19     0     0    13.0  -36.280  -74.142   1021.5    889.3
     1     1    14     1     2    20     0     0    14.0  -35.942  -74.124   1028.7    888.9
     1     1    14     1     2    21     0     0    15.0  -35.601  -74.130   1034.2    889.4
     1     1    14     1     2    22     0     0    16.0  -35.256  -74.158   1038.2    890.7
     1     1    14     1     2    23     0     0    17.0  -34.906  -74.204   1040.8    892.9
     1     1    14     1     3     0     0     0    18.0  -34.550  -74.260   1042.0    895.8
     1     1    14     1     3     1     0     0    19.0  -34.183  -74.329   1041.0    899.6
     1     1    14     1     3     2     0     0    20.0  -33.799  -74.418   1035.9    904.4
     1     1    14     1     3     3     0     0    21.0  -33.394  -74.526   1025.9    910.5
     1     1    14     1     3     4     0     0    22.0  -32.962  -74.653   1009.9    917.8
     1     1    14     1     3     5     0     0    23.0  -32.495  -74.799    986.9    926.4
     1     1    14     1     3     6     0     0    24.0  -31.991  -74.960    956.1    933.4
     1     1    14     1     3     7     0     0    25.0  -31.467  -75.124    925.8    935.3
     1     1    14     1     3     8     0     0    26.0  -30.942  -75.279    905.0    933.9
     1     1    14     1     3     9     0     0    27.0  -30.424  -75.428    895.7    931.6
     1     1    14     1     3    10     0     0    28.0  -29.917  -75.573    898.7    928.2
     1     1    14     1     3    11     0     0    29.0  -29.432  -75.722    912.5    922.9
     1     1    14     1     3    12     0     0    30.0  -28.979  -75.879    935.1    916.7
     1     1    14     1     3    13     0     0    31.0  -28.554  -76.041    958.1    909.2
     1     1    14     1     3    14     0     0    32.0  -28.148  -76.202    973.4    903.2
     1     1    14     1     3    15     0     0    33.0  -27.755  -76.362    978.2    898.4
     1     1    14     1     3    16     0     0    34.0  -27.372  -76.520    971.3    896.1
     1     1    14     1     3    17     0     0    35.0  -26.993  -76.676    952.9    898.1
     1     1    14     1     3    18     0     0    36.0  -26.616  -76.828    923.4    902.2
     1     1    14     1     3    19     0     0    37.0  -26.240  -76.986    891.0    907.2
     1     1    14     1     3    20     0     0    38.0  -25.869  -77.162    862.8    911.4
     1     1    14     1     3    21     0     0    39.0  -25.503  -77.358    838.7    915.8
     1     1    14     1     3    22     0     0    40.0  -25.143  -77.572    819.0    920.5
     1     1    14     1     3    23     0     0    41.0  -24.788  -77.798    803.7    924.1
     1     1    14     1     4     0     0     0    42.0  -24.434  -78.035    793.0    926.8
     1     1    14     1     4     1     0     0    43.0  -24.094  -78.269    786.9    929.9
     1     1    14     1     4     2     0     0    44.0  -23.783  -78.487    785.2    932.5
     1     1    14     1     4     3     0     0    45.0  -23.499  -78.692    786.5    934.7
     1     1    14     1     4     4     0     0    46.0  -23.244  -78.885    789.7    936.7
     1     1    14     1     4     5     0     0    47.0  -23.018  -79.068    794.3    938.4
     1     1    14     1     4     6     0     0    48.0  -22.818  -79.244    799.6    940.0
