     1     1
    CDC1    14     1     1     0     0
     1 FORWARD  OMEGA   
    14     1     1    18  -40.000  -75.000  1000.0
     1 PRESSURE
     1     1    14     1     1    18     0     0     0.0  -40.000  -75.000   1000.0    900.0
     1     1    14     1     1    19     0     0     1.0  -39.724  -74.656    991.5    892.7
     1     1    14     1     1    20     0     0     2.0  -39.468  -74.328    981.3    885.7
     1     1    14     1     1    21     0     0     3.0  -39.231  -74.018    969.2    879.2
     1     1    14     1     1    22     0     0     4.0  -39.015  -73.727    955.1    873.2
     1     1    14     1     1    23     0     0     5.0  -38.819  -73.455    938.5    867.8
     1     1    14     1     2     0     0     0     6.0  -38.642  -73.205    919.6    863.1
     1     1    14     1     2     1     0     0     7.0  -38.474  -72.963    899.7    858.8
     1     1    14     1     2     2     0     0     8.0  -38.302  -72.714    880.5    853.9
     1     1    14     1     2     3     0     0     9.0  -38.125  -72.457    863.3    848.8
     1     1    14     1     2     4     0     0    10.0  -37.946  -72.196    851.0    844.5
     1     1    14     1     2     5     0     0    11.0  -37.763  -71.932    846.2    839.1
     1     1    14     1     2     6     0     0    12.0  -37.577  -71.665    851.7    832.4
     1     1    14     1     2     7     0     0    13.0  -37.384  -71.400    863.4    823.9
     1     1    14     1     2     8     0     0    14.0  -37.182  -71.145    874.6    815.2
     1     1    14     1     2     9     0     0    15.0  -36.975  -70.898    884.2    806.3
     1     1    14     1     2    10     0     0    16.0  -36.767  -70.657    891.5    797.1
     1     1    14     1     2    11     0     0    17.0  -36.563  -70.417    895.6    787.5
     1     1    14     1     2    12     0     0    18.0  -36.367  -70.177    895.6    777.7
     1     1    14     1     2    13     0     0    19.0  -36.179  -69.935    895.4    771.1
     1     1    14     1     2    14     0     0    20.0  -35.988  -69.700    901.7    772.4
     1     1    14     1     2    15     0     0    21.0  -35.788  -69.472    909.6    773.0
     1     1    14     1     2    16     0     0    22.0  -35.581  -69.248    917.0    773.5
     1     1    14     1     2    17     0     0    23.0  -35.367  -69.022    921.2    774.0
     1     1    14     1     2    18     0     0    24.0  -35.149  -68.792    919.3    775.1
     1     1    14     1     2    19     0     0    25.0  -34.933  -68.566    913.3    777.7
     1     1    14     1     2    20     0     0    26.0  -34.724  -68.353    905.4    780.7
     1     1    14     1     2    21     0     0    27.0  -34.518  -68.152    896.2    783.6
     1     1    14     1     2    22     0     0    28.0  -34.309  -67.963    885.8    786.2
     1     1    14     1     2    23     0     0    29.0  -34.093  -67.783    873.9    788.6
     1     1    14     1     3     0     0     0    30.0  -33.863  -67.611    860.7    790.8
     1     1    14     1     3     1     0     0    31.0  -33.637  -67.457    851.4    793.6
     1     1    14     1     3     2     0     0    32.0  -33.435  -67.330    851.5    796.8
     1     1    14     1     3     3     0     0    33.0  -33.259  -67.231    859.4    798.6
     1     1    14     1     3     4     0     0    34.0  -33.110  -67.157    875.0    799.2
     1     1    14     1     3     5     0     0    35.0  -32.989  -67.105    898.5    798.6
     1     1    14     1     3     6     0     0    36.0  -32.896  -67.072    930.1    796.4
     1     1    14     1     3     7     0     0    37.0  -32.828  -67.044    964.6    793.2
     1     1    14     1     3     8     0     0    38.0  -32.782  -67.013    995.7    791.2
     1     1    14     1     3     9     0     0    39.0  -32.755  -66.980   1023.2    789.8
     1     1    14     1     3    10     0     0    40.0  -32.748  -66.946   1046.9    789.1
     1     1    14     1     3    11     0     0    41.0  -32.760  -66.913   1066.8    788.9
     1     1    14     1     3    12     0     0    42.0  -32.791  -66.881   1082.9    789.2
     1     1    14     1     3    13     0     0    43.0  -32.832  -66.848   1095.0    790.1
     1     1    14     1     3    14     0     0    44.0  -32.875  -66.810   1102.4    791.7
     1     1    14     1     3    15     0     0    45.0  -32.920  -66.767   1105.2    793.9
     1     1    14     1     3    16     0     0    46.0  -32.967  -66.719   1103.5    796.8
     1     1    14     1     3    17     0     0    47.0  -33.016  -66.664   1097.3    800.4
     1     1    14     1     3    18     0     0    48.0  -33.068  -66.602   1086.8    804.7
