     1     1
    CDC1    14     1     1     0     0
     1 FORWARD  OMEGA   
    14     1    10    12  -40.000  -75.000  1000.0
     1 PRESSURE
     1     1    14     1    10    12     0     0     0.0  -40.000  -75.000   1000.0    904.7
     1     1    14     1    10    13     0     0     1.0  -39.723  -75.033   1002.0    904.8
     1     1    14     1    10    14     0     0     2.0  -39.450  -75.062    991.6    907.2
     1     1    14     1    10    15     0     0     3.0  -39.179  -75.087    970.9    910.8
     1     1    14     1    10    16     0     0     4.0  -38.911  -75.104    942.4    915.2
     1     1    14     1    10    17     0     0     5.0  -38.645  -75.109    908.6    919.9
     1     1    14     1    10    18     0     0     6.0  -38.381  -75.101    871.8    924.7
     1     1    14     1    10    19     0     0     7.0  -38.108  -75.095    836.4    929.4
     1     1    14     1    10    20     0     0     8.0  -37.811  -75.111    804.6    933.4
     1     1    14     1    10    21     0     0     9.0  -37.493  -75.151    774.7    937.2
     1     1    14     1    10    22     0     0    10.0  -37.154  -75.211    745.8    941.1
     1     1    14     1    10    23     0     0    11.0  -36.799  -75.288    716.6    944.9
     1     1    14     1    11     0     0     0    12.0  -36.429  -75.379    685.6    948.7
     1     1    14     1    11     1     0     0    13.0  -36.052  -75.475    653.9    953.4
     1     1    14     1    11     2     0     0    14.0  -35.671  -75.567    623.7    957.5
     1     1    14     1    11     3     0     0    15.0  -35.285  -75.655    595.7    960.7
     1     1    14     1    11     4     0     0    16.0  -34.889  -75.739    570.5    963.6
     1     1    14     1    11     5     0     0    17.0  -34.482  -75.817    548.6    966.0
     1     1    14     1    11     6     0     0    18.0  -34.062  -75.892    529.7    967.9
     1     1    14     1    11     7     0     0    19.0  -33.631  -75.963    511.1    969.3
     1     1    14     1    11     8     0     0    20.0  -33.189  -76.029    490.4    971.2
     1     1    14     1    11     9     0     0    21.0  -32.738  -76.086    468.2    973.3
     1     1    14     1    11    10     0     0    22.0  -32.280  -76.136    445.2    975.2
     1     1    14     1    11    11     0     0    23.0  -31.823  -76.182    422.2    976.7
     1     1    14     1    11    12     0     0    24.0  -31.371  -76.231    400.0    978.3
     1     1    14     1    11    13     0     0    25.0  -30.928  -76.268    382.4    979.5
     1     1    14     1    11    14     0     0    26.0  -30.497  -76.284    372.1    979.5
     1     1    14     1    11    15     0     0    27.0  -30.078  -76.278    367.5    979.3
     1     1    14     1    11    16     0     0    28.0  -29.674  -76.253    367.1    977.6
     1     1    14     1    11    17     0     0    29.0  -29.292  -76.213    369.8    975.7
     1     1    14     1    11    18     0     0    30.0  -28.930  -76.156    375.1    974.1
     1     1    14     1    11    19     0     0    31.0  -28.580  -76.097    381.4    972.4
     1     1    14     1    11    20     0     0    32.0  -28.228  -76.058    386.5    970.6
     1     1    14     1    11    21     0     0    33.0  -27.875  -76.043    390.1    968.5
     1     1    14     1    11    22     0     0    34.0  -27.516  -76.057    392.1    966.2
     1     1    14     1    11    23     0     0    35.0  -27.151  -76.098    393.3    966.1
     1     1    14     1    12     0     0     0    36.0  -26.777  -76.166    394.4    965.9
     1     1    14     1    12     1     0     0    37.0  -26.412  -76.250    394.9    966.1
     1     1    14     1    12     2     0     0    38.0  -26.072  -76.340    394.3    967.0
     1     1    14     1    12     3     0     0    39.0  -25.755  -76.430    393.8    968.2
     1     1    14     1    12     4     0     0    40.0  -25.462  -76.517    394.6    969.5
     1     1    14     1    12     5     0     0    41.0  -25.191  -76.598    397.3    970.8
     1     1    14     1    12     6     0     0    42.0  -24.943  -76.672    402.4    971.4
     1     1    14     1    12     7     0     0    43.0  -24.713  -76.743    408.9    969.4
     1     1    14     1    12     8     0     0    44.0  -24.495  -76.817    416.4    967.8
     1     1    14     1    12     9     0     0    45.0  -24.284  -76.891    423.9    966.5
     1     1    14     1    12    10     0     0    46.0  -24.078  -76.964    430.7    965.7
     1     1    14     1    12    11     0     0    47.0  -23.876  -77.035    436.2    965.3
     1     1    14     1    12    12     0     0    48.0  -23.674  -77.100    439.8    965.3
