    2   59    100.56
    3   58     76.49
    4   57     45.42
    5   56     53.11
    6   55     46.98
    7   54     42.43
    8   53     34.64
    9   52     32.31
   10   51     24.53
   11   50     20.27
   12   49     16.89
   13   48     15.52
   14   47     15.81
   15   46     13.98
   16   45     13.28
   17   44     11.97
   18   43     10.90
   19   42     11.27
   20   41     11.06
   21   40     10.95
   22   39      9.99
   23   38      9.27
   24   37      8.55
   25   36      8.59
   26   35      8.61
   27   34      8.26
   28   33      8.97
   29   32      8.51
   30   31      8.17
   31   30      8.07
   32   29      7.68
   33   28      7.60
   34   27      7.18
   35   26      7.53
   36   25      8.19
   37   24      8.30
   38   23      7.75
   39   22      7.25
   40   21      6.85
   41   20      8.85
   42   19      8.33
   43   18     10.49
   44   17     11.73
   45   16     12.31
   46   15     11.36
   47   14     11.55
   48   13     12.52
   49   12     13.64
   50   11     12.89
   51   10     11.51
   52    9     13.48
   53    8     20.40
   54    7     17.53
   55    6     23.22
   56    5     26.09
   57    4     25.47
   58    3     28.66
   59    2     58.33
   60    1     56.29
