    12     1
    CDC1     7     9     1     0     0
    CDC1     7    10     1     0     0
    CDC1     7    11     1     0     0
    CDC1     7    12     1     0     0
    CDC1     8     1     1     0     0
    CDC1     8     2     1     0     0
    CDC1     8     3     1     0     0
    CDC1     8     4     1     0     0
    CDC1     8     5     1     0     0
    CDC1     8     6     1     0     0
    CDC1     8     7     1     0     0
    CDC1     8     8     1     0     0
     1 BACKWARD OMEGA   
     8     1     3     0  -80.930  159.503  1000.0
     1 PRESSURE
     1     1     8     1     3     0     0     0     0.0  -80.930  159.503   1000.0    746.2
     1     1     8     1     2    23     0     0    -1.0  -80.899  159.624    985.9    749.7
     1     1     8     1     2    22     0     0    -2.0  -80.880  159.596    983.0    750.0
     1     1     8     1     2    21     0     0    -3.0  -80.872  159.427    990.8    747.7
     1     1     8     1     2    20     0     0    -4.0  -80.876  159.117   1008.5    742.9
     1     1     8     1     2    19     0     0    -5.0  -80.889  158.670   1035.1    735.8
     1     1     8     1     2    18     0     0    -6.0  -80.908  158.083   1069.7    726.5
     1     1     8     1     2    17     0     0    -7.0  -80.923  157.471   1103.5    716.3
     1     1     8     1     2    16     0     0    -8.0  -80.928  156.943   1128.9    709.1
     1     1     8     1     2    15     0     0    -9.0  -80.923  156.496   1146.9    703.2
     1     1     8     1     2    14     0     0   -10.0  -80.910  156.121   1157.3    698.7
     1     1     8     1     2    13     0     0   -11.0  -80.891  155.813   1159.8    695.5
     1     1     8     1     2    12     0     0   -12.0  -80.866  155.567   1154.4    693.6
     1     1     8     1     2    11     0     0   -13.0  -80.836  155.346   1150.1    693.1
     1     1     8     1     2    10     0     0   -14.0  -80.799  155.115   1155.4    690.8
     1     1     8     1     2     9     0     0   -15.0  -80.756  154.877   1170.7    687.7
     1     1     8     1     2     8     0     0   -16.0  -80.705  154.634   1196.4    683.9
     1     1     8     1     2     7     0     0   -17.0  -80.647  154.388   1232.7    679.0
     1     1     8     1     2     6     0     0   -18.0  -80.582  154.140   1279.7    672.9
     1     1     8     1     2     5     0     0   -19.0  -80.515  153.911   1327.6    665.5
     1     1     8     1     2     4     0     0   -20.0  -80.445  153.719   1367.0    660.1
     1     1     8     1     2     3     0     0   -21.0  -80.375  153.563   1397.0    655.9
     1     1     8     1     2     2     0     0   -22.0  -80.302  153.441   1417.0    652.9
     1     1     8     1     2     1     0     0   -23.0  -80.228  153.352   1426.6    651.1
     1     1     8     1     2     0     0     0   -24.0  -80.151  153.299   1425.6    650.5
     1     1     8     1     1    23     0     0   -25.0  -80.073  153.263   1422.8    651.4
     1     1     8     1     1    22     0     0   -26.0  -79.994  153.222   1426.6    650.9
     1     1     8     1     1    21     0     0   -27.0  -79.917  153.177   1436.5    648.6
     1     1     8     1     1    20     0     0   -28.0  -79.841  153.130   1453.4    645.8
     1     1     8     1     1    19     0     0   -29.0  -79.769  153.077   1477.5    642.4
     1     1     8     1     1    18     0     0   -30.0  -79.698  153.015   1509.2    638.3
     1     1     8     1     1    17     0     0   -31.0  -79.623  152.978   1541.4    633.5
     1     1     8     1     1    16     0     0   -32.0  -79.539  152.999   1565.2    630.4
     1     1     8     1     1    15     0     0   -33.0  -79.446  153.073   1581.2    628.3
     1     1     8     1     1    14     0     0   -34.0  -79.344  153.196   1589.9    627.1
     1     1     8     1     1    13     0     0   -35.0  -79.235  153.363   1591.5    626.7
     1     1     8     1     1    12     0     0   -36.0  -79.118  153.570   1586.6    627.2
     1     1     8     1     1    11     0     0   -37.0  -78.999  153.760   1581.9    628.1
     1     1     8     1     1    10     0     0   -38.0  -78.883  153.882   1583.3    627.4
     1     1     8     1     1     9     0     0   -39.0  -78.771  153.937   1590.4    625.7
     1     1     8     1     1     8     0     0   -40.0  -78.662  153.927   1602.9    623.0
     1     1     8     1     1     7     0     0   -41.0  -78.555  153.852   1620.6    619.3
     1     1     8     1     1     6     0     0   -42.0  -78.450  153.713   1643.3    614.7
     1     1     8     1     1     5     0     0   -43.0  -78.346  153.557   1661.7    609.0
     1     1     8     1     1     4     0     0   -44.0  -78.246  153.439   1667.5    605.5
     1     1     8     1     1     3     0     0   -45.0  -78.153  153.364   1660.4    603.7
     1     1     8     1     1     2     0     0   -46.0  -78.066  153.336   1640.3    603.4
     1     1     8     1     1     1     0     0   -47.0  -77.987  153.363   1606.8    604.9
     1     1     8     1     1     0     0     0   -48.0  -77.915  153.454   1559.5    608.3
     1     1     7    12    31    23     0     0   -49.0  -77.851  153.566   1508.0    613.6
     1     1     7    12    31    22     0     0   -50.0  -77.799  153.646   1462.3    617.6
     1     1     7    12    31    21     0     0   -51.0  -77.759  153.690   1422.5    621.0
     1     1     7    12    31    20     0     0   -52.0  -77.731  153.695   1388.7    623.7
     1     1     7    12    31    19     0     0   -53.0  -77.716  153.656   1361.0    625.7
     1     1     7    12    31    18     0     0   -54.0  -77.713  153.570   1339.6    627.0
     1     1     7    12    31    17     0     0   -55.0  -77.713  153.430   1320.7    626.9
     1     1     7    12    31    16     0     0   -56.0  -77.711  153.232   1301.3    626.7
     1     1     7    12    31    15     0     0   -57.0  -77.706  152.970   1280.8    625.9
     1     1     7    12    31    14     0     0   -58.0  -77.700  152.638   1259.2    624.5
     1     1     7    12    31    13     0     0   -59.0  -77.693  152.231   1236.5    623.2
     1     1     7    12    31    12     0     0   -60.0  -77.689  151.740   1212.2    622.0
     1     1     7    12    31    11     0     0   -61.0  -77.684  151.177   1189.3    620.7
     1     1     7    12    31    10     0     0   -62.0  -77.677  150.554   1172.1    618.1
     1     1     7    12    31     9     0     0   -63.0  -77.667  149.865   1161.0    614.9
     1     1     7    12    31     8     0     0   -64.0  -77.652  149.107   1157.3    612.2
     1     1     7    12    31     7     0     0   -65.0  -77.634  148.275   1160.5    608.6
     1     1     7    12    31     6     0     0   -66.0  -77.611  147.363   1171.0    604.3
     1     1     7    12    31     5     0     0   -67.0  -77.591  146.394   1182.7    600.0
     1     1     7    12    31     4     0     0   -68.0  -77.581  145.399   1188.8    597.0
     1     1     7    12    31     3     0     0   -69.0  -77.581  144.382   1189.0    595.7
     1     1     7    12    31     2     0     0   -70.0  -77.590  143.341   1183.4    595.8
     1     1     7    12    31     1     0     0   -71.0  -77.610  142.275   1171.6    596.4
     1     1     7    12    31     0     0     0   -72.0  -77.639  141.181   1153.7    597.5
     1     1     7    12    30    23     0     0   -73.0  -77.672  140.043   1137.3    599.4
     1     1     7    12    30    22     0     0   -74.0  -77.704  138.842   1129.4    599.9
     1     1     7    12    30    21     0     0   -75.0  -77.731  137.579   1130.8    599.6
     1     1     7    12    30    20     0     0   -76.0  -77.753  136.244   1141.1    597.6
     1     1     7    12    30    19     0     0   -77.0  -77.767  134.832   1160.4    594.7
     1     1     7    12    30    18     0     0   -78.0  -77.768  133.337   1188.0    590.6
     1     1     7    12    30    17     0     0   -79.0  -77.757  131.772   1218.8    584.7
     1     1     7    12    30    16     0     0   -80.0  -77.735  130.157   1249.3    578.7
     1     1     7    12    30    15     0     0   -81.0  -77.703  128.502   1279.1    572.1
     1     1     7    12    30    14     0     0   -82.0  -77.660  126.824   1307.7    566.1
     1     1     7    12    30    13     0     0   -83.0  -77.604  125.137   1334.7    560.5
     1     1     7    12    30    12     0     0   -84.0  -77.535  123.461   1360.2    555.3
     1     1     7    12    30    11     0     0   -85.0  -77.446  121.803   1389.0    550.6
     1     1     7    12    30    10     0     0   -86.0  -77.327  120.181   1425.7    545.9
     1     1     7    12    30     9     0     0   -87.0  -77.184  118.626   1468.8    541.2
     1     1     7    12    30     8     0     0   -88.0  -77.019  117.157   1517.9    536.5
     1     1     7    12    30     7     0     0   -89.0  -76.838  115.791   1572.2    531.6
     1     1     7    12    30     6     0     0   -90.0  -76.646  114.533   1630.4    526.6
     1     1     7    12    30     5     0     0   -91.0  -76.452  113.416   1687.8    521.2
     1     1     7    12    30     4     0     0   -92.0  -76.265  112.467   1742.5    516.7
     1     1     7    12    30     3     0     0   -93.0  -76.085  111.682   1795.2    512.4
     1     1     7    12    30     2     0     0   -94.0  -75.913  111.056   1846.7    508.3
     1     1     7    12    30     1     0     0   -95.0  -75.746  110.581   1897.8    504.5
     1     1     7    12    30     0     0     0   -96.0  -75.587  110.252   1949.1    500.8
     1     1     7    12    29    23     0     0   -97.0  -75.426  110.006   1998.9    497.1
     1     1     7    12    29    22     0     0   -98.0  -75.260  109.787   2045.1    493.9
     1     1     7    12    29    21     0     0   -99.0  -75.089  109.587   2088.2    491.1
     1     1     7    12    29    20     0     0  -100.0  -74.917  109.403   2128.9    488.8
     1     1     7    12    29    19     0     0  -101.0  -74.745  109.244   2166.7    487.3
     1     1     7    12    29    18     0     0  -102.0  -74.576  109.112   2201.1    486.1
     1     1     7    12    29    17     0     0  -103.0  -74.411  109.039   2230.4    485.1
     1     1     7    12    29    16     0     0  -104.0  -74.253  109.052   2252.6    484.8
     1     1     7    12    29    15     0     0  -105.0  -74.101  109.143   2267.6    485.1
     1     1     7    12    29    14     0     0  -106.0  -73.953  109.309   2275.3    486.1
     1     1     7    12    29    13     0     0  -107.0  -73.809  109.545   2275.9    487.5
     1     1     7    12    29    12     0     0  -108.0  -73.667  109.849   2269.9    489.6
     1     1     7    12    29    11     0     0  -109.0  -73.523  110.226   2258.5    492.0
     1     1     7    12    29    10     0     0  -110.0  -73.369  110.684   2241.3    494.6
     1     1     7    12    29     9     0     0  -111.0  -73.205  111.221   2218.0    497.6
     1     1     7    12    29     8     0     0  -112.0  -73.030  111.837   2187.3    501.2
     1     1     7    12    29     7     0     0  -113.0  -72.844  112.533   2147.5    505.5
     1     1     7    12    29     6     0     0  -114.0  -72.649  113.305   2096.9    510.0
     1     1     7    12    29     5     0     0  -115.0  -72.458  114.172   2042.2    515.1
     1     1     7    12    29     4     0     0  -116.0  -72.281  115.141   1991.9    520.3
     1     1     7    12    29     3     0     0  -117.0  -72.113  116.195   1945.8    524.2
     1     1     7    12    29     2     0     0  -118.0  -71.949  117.333   1905.5    527.8
     1     1     7    12    29     1     0     0  -119.0  -71.782  118.556   1871.7    531.3
     1     1     7    12    29     0     0     0  -120.0  -71.609  119.865   1845.7    534.3
