    12     1
    CDC1     7     9     1     0     0
    CDC1     7    10     1     0     0
    CDC1     7    11     1     0     0
    CDC1     7    12     1     0     0
    CDC1     8     1     1     0     0
    CDC1     8     2     1     0     0
    CDC1     8     3     1     0     0
    CDC1     8     4     1     0     0
    CDC1     8     5     1     0     0
    CDC1     8     6     1     0     0
    CDC1     8     7     1     0     0
    CDC1     8     8     1     0     0
     1 BACKWARD OMEGA   
     8     1     7     0  -80.930  159.503  1000.0
     1 PRESSURE
     1     1     8     1     7     0     0     0     0.0  -80.930  159.503   1000.0    752.0
     1     1     8     1     6    23     0     0    -1.0  -81.103  159.967    981.0    757.7
     1     1     8     1     6    22     0     0    -2.0  -81.281  160.341    969.2    761.0
     1     1     8     1     6    21     0     0    -3.0  -81.460  160.635    964.5    762.6
     1     1     8     1     6    20     0     0    -4.0  -81.638  160.851    966.2    762.7
     1     1     8     1     6    19     0     0    -5.0  -81.813  160.991    973.9    761.4
     1     1     8     1     6    18     0     0    -6.0  -81.984  161.056    986.8    758.9
     1     1     8     1     6    17     0     0    -7.0  -82.140  161.136   1000.5    756.4
     1     1     8     1     6    16     0     0    -8.0  -82.276  161.328   1010.3    755.8
     1     1     8     1     6    15     0     0    -9.0  -82.395  161.641   1016.4    756.7
     1     1     8     1     6    14     0     0   -10.0  -82.500  162.083   1018.8    759.1
     1     1     8     1     6    13     0     0   -11.0  -82.593  162.649   1016.0    759.6
     1     1     8     1     6    12     0     0   -12.0  -82.675  163.334   1009.9    762.0
     1     1     8     1     6    11     0     0   -13.0  -82.751  164.049   1001.8    764.8
     1     1     8     1     6    10     0     0   -14.0  -82.825  164.694    993.8    766.8
     1     1     8     1     6     9     0     0   -15.0  -82.897  165.271    985.4    768.2
     1     1     8     1     6     8     0     0   -16.0  -82.965  165.781    976.4    769.2
     1     1     8     1     6     7     0     0   -17.0  -83.029  166.223    967.0    769.9
     1     1     8     1     6     6     0     0   -18.0  -83.089  166.594    957.0    770.4
     1     1     8     1     6     5     0     0   -19.0  -83.146  166.958    945.3    770.8
     1     1     8     1     6     4     0     0   -20.0  -83.204  167.387    931.6    772.1
     1     1     8     1     6     3     0     0   -21.0  -83.262  167.884    915.8    773.9
     1     1     8     1     6     2     0     0   -22.0  -83.322  168.453    898.4    776.1
     1     1     8     1     6     1     0     0   -23.0  -83.383  169.093    879.9    778.6
     1     1     8     1     6     0     0     0   -24.0  -83.445  169.806    860.7    781.4
     1     1     8     1     5    23     0     0   -25.0  -83.508  170.536    843.2    783.3
     1     1     8     1     5    22     0     0   -26.0  -83.571  171.227    829.9    784.2
     1     1     8     1     5    21     0     0   -27.0  -83.635  171.875    820.3    784.6
     1     1     8     1     5    20     0     0   -28.0  -83.699  172.476    813.9    784.4
     1     1     8     1     5    19     0     0   -29.0  -83.762  173.027    810.4    783.6
     1     1     8     1     5    18     0     0   -30.0  -83.826  173.526    809.7    782.2
     1     1     8     1     5    17     0     0   -31.0  -83.889  174.062    810.8    780.7
     1     1     8     1     5    16     0     0   -32.0  -83.952  174.737    812.1    779.9
     1     1     8     1     5    15     0     0   -33.0  -84.015  175.565    813.4    779.4
     1     1     8     1     5    14     0     0   -34.0  -84.079  176.557    814.3    779.6
     1     1     8     1     5    13     0     0   -35.0  -84.142  177.723    814.5    780.6
     1     1     8     1     5    12     0     0   -36.0  -84.205  179.072    813.2    782.4
     1     1     8     1     5    11     0     0   -37.0  -84.270 -179.503    812.4    784.1
     1     1     8     1     5    10     0     0   -38.0  -84.337 -178.104    814.0    784.7
     1     1     8     1     5     9     0     0   -39.0  -84.404 -176.729    817.6    785.3
     1     1     8     1     5     8     0     0   -40.0  -84.471 -175.389    823.0    785.4
     1     1     8     1     5     7     0     0   -41.0  -84.533 -174.089    831.2    785.1
     1     1     8     1     5     6     0     0   -42.0  -84.584 -172.831    844.3    784.9
     1     1     8     1     5     5     0     0   -43.0  -84.625 -171.560    859.9    784.2
     1     1     8     1     5     4     0     0   -44.0  -84.662 -170.213    875.0    784.4
     1     1     8     1     5     3     0     0   -45.0  -84.699 -168.786    889.2    785.0
     1     1     8     1     5     2     0     0   -46.0  -84.737 -167.278    902.7    785.8
     1     1     8     1     5     1     0     0   -47.0  -84.775 -165.700    916.2    786.8
     1     1     8     1     5     0     0     0   -48.0  -84.816 -164.058    930.2    787.3
     1     1     8     1     4    23     0     0   -49.0  -84.860 -162.421    949.2    786.9
     1     1     8     1     4    22     0     0   -50.0  -84.912 -160.875    976.9    783.6
     1     1     8     1     4    21     0     0   -51.0  -84.972 -159.429   1013.2    779.2
     1     1     8     1     4    20     0     0   -52.0  -85.036 -158.076   1057.6    772.9
     1     1     8     1     4    19     0     0   -53.0  -85.105 -156.812   1109.4    764.9
     1     1     8     1     4    18     0     0   -54.0  -85.177 -155.656   1168.1    756.1
     1     1     8     1     4    17     0     0   -55.0  -85.243 -154.507   1224.0    746.5
     1     1     8     1     4    16     0     0   -56.0  -85.297 -153.240   1269.0    738.9
     1     1     8     1     4    15     0     0   -57.0  -85.339 -151.845   1304.3    733.0
     1     1     8     1     4    14     0     0   -58.0  -85.370 -150.323   1331.5    728.6
     1     1     8     1     4    13     0     0   -59.0  -85.392 -148.677   1351.9    725.4
     1     1     8     1     4    12     0     0   -60.0  -85.405 -146.908   1365.7    722.6
     1     1     8     1     4    11     0     0   -61.0  -85.414 -145.147   1379.0    719.2
     1     1     8     1     4    10     0     0   -62.0  -85.424 -143.526   1397.0    715.0
     1     1     8     1     4     9     0     0   -63.0  -85.435 -142.048   1419.0    710.4
     1     1     8     1     4     8     0     0   -64.0  -85.448 -140.709   1444.3    705.2
     1     1     8     1     4     7     0     0   -65.0  -85.465 -139.501   1472.3    699.4
     1     1     8     1     4     6     0     0   -66.0  -85.488 -138.416   1502.8    693.3
     1     1     8     1     4     5     0     0   -67.0  -85.517 -137.425   1534.8    687.4
     1     1     8     1     4     4     0     0   -68.0  -85.551 -136.506   1567.0    681.4
     1     1     8     1     4     3     0     0   -69.0  -85.593 -135.659   1600.0    675.1
     1     1     8     1     4     2     0     0   -70.0  -85.644 -134.888   1634.4    668.2
     1     1     8     1     4     1     0     0   -71.0  -85.705 -134.206   1670.3    660.5
     1     1     8     1     4     0     0     0   -72.0  -85.777 -133.630   1708.4    652.5
     1     1     8     1     3    23     0     0   -73.0  -85.856 -133.171   1747.0    644.3
     1     1     8     1     3    22     0     0   -74.0  -85.943 -132.831   1784.8    636.3
     1     1     8     1     3    21     0     0   -75.0  -86.037 -132.607   1821.9    628.4
     1     1     8     1     3    20     0     0   -76.0  -86.137 -132.503   1858.0    620.5
     1     1     8     1     3    19     0     0   -77.0  -86.245 -132.529   1893.3    612.7
     1     1     8     1     3    18     0     0   -78.0  -86.359 -132.699   1927.8    604.9
     1     1     8     1     3    17     0     0   -79.0  -86.474 -133.046   1962.3    597.5
     1     1     8     1     3    16     0     0   -80.0  -86.580 -133.600   1997.2    590.4
     1     1     8     1     3    15     0     0   -81.0  -86.678 -134.378   2033.2    583.6
     1     1     8     1     3    14     0     0   -82.0  -86.767 -135.381   2070.6    577.0
     1     1     8     1     3    13     0     0   -83.0  -86.844 -136.585   2110.1    570.9
     1     1     8     1     3    12     0     0   -84.0  -86.909 -137.964   2151.2    565.0
     1     1     8     1     3    11     0     0   -85.0  -86.961 -139.441   2190.1    559.0
     1     1     8     1     3    10     0     0   -86.0  -86.997 -140.933   2224.4    554.7
     1     1     8     1     3     9     0     0   -87.0  -87.017 -142.417   2254.3    551.7
     1     1     8     1     3     8     0     0   -88.0  -87.022 -143.883   2278.4    549.1
     1     1     8     1     3     7     0     0   -89.0  -87.012 -145.312   2297.2    547.7
     1     1     8     1     3     6     0     0   -90.0  -86.988 -146.645   2310.2    547.3
     1     1     8     1     3     5     0     0   -91.0  -86.948 -147.862   2317.1    548.5
     1     1     8     1     3     4     0     0   -92.0  -86.887 -148.963   2318.7    551.4
     1     1     8     1     3     3     0     0   -93.0  -86.806 -149.912   2314.4    555.9
     1     1     8     1     3     2     0     0   -94.0  -86.707 -150.668   2303.5    561.9
     1     1     8     1     3     1     0     0   -95.0  -86.592 -151.204   2285.5    569.5
     1     1     8     1     3     0     0     0   -96.0  -86.463 -151.491   2260.0    578.7
     1     1     8     1     2    23     0     0   -97.0  -86.324 -151.496   2230.8    589.1
     1     1     8     1     2    22     0     0   -98.0  -86.183 -151.225   2203.1    599.5
     1     1     8     1     2    21     0     0   -99.0  -86.036 -150.714   2177.1    610.2
     1     1     8     1     2    20     0     0  -100.0  -85.884 -149.996   2153.4    621.3
     1     1     8     1     2    19     0     0  -101.0  -85.724 -149.103   2131.4    632.1
     1     1     8     1     2    18     0     0  -102.0  -85.554 -148.053   2112.0    643.2
     1     1     8     1     2    17     0     0  -103.0  -85.375 -146.836   2091.9    654.2
     1     1     8     1     2    16     0     0  -104.0  -85.192 -145.422   2065.8    666.1
     1     1     8     1     2    15     0     0  -105.0  -85.001 -143.776   2034.1    677.7
     1     1     8     1     2    14     0     0  -106.0  -84.803 -142.010   1993.8    684.7
     1     1     8     1     2    13     0     0  -107.0  -84.597 -140.260   1953.0    691.1
     1     1     8     1     2    12     0     0  -108.0  -84.383 -138.542   1913.0    697.1
     1     1     8     1     2    11     0     0  -109.0  -84.163 -136.985   1876.5    703.6
     1     1     8     1     2    10     0     0  -110.0  -83.940 -135.686   1841.1    709.8
     1     1     8     1     2     9     0     0  -111.0  -83.716 -134.618   1808.1    716.1
     1     1     8     1     2     8     0     0  -112.0  -83.490 -133.762   1777.0    722.4
     1     1     8     1     2     7     0     0  -113.0  -83.265 -133.096   1747.9    729.0
     1     1     8     1     2     6     0     0  -114.0  -83.038 -132.601   1720.4    736.0
     1     1     8     1     2     5     0     0  -115.0  -82.813 -132.172   1699.7    742.9
     1     1     8     1     2     4     0     0  -116.0  -82.594 -131.714   1690.1    747.6
     1     1     8     1     2     3     0     0  -117.0  -82.380 -131.218   1686.8    745.1
     1     1     8     1     2     2     0     0  -118.0  -82.173 -130.675   1689.7    737.4
     1     1     8     1     2     1     0     0  -119.0  -81.976 -130.077   1701.8    729.0
     1     1     8     1     2     0     0     0  -120.0  -81.790 -129.415   1723.1    719.6
