    12     1
    CDC1     7     9     1     0     0
    CDC1     7    10     1     0     0
    CDC1     7    11     1     0     0
    CDC1     7    12     1     0     0
    CDC1     8     1     1     0     0
    CDC1     8     2     1     0     0
    CDC1     8     3     1     0     0
    CDC1     8     4     1     0     0
    CDC1     8     5     1     0     0
    CDC1     8     6     1     0     0
    CDC1     8     7     1     0     0
    CDC1     8     8     1     0     0
     1 BACKWARD OMEGA   
     7    12     4     0  -80.930  159.503  1000.0
     1 PRESSURE
     1     1     7    12     4     0     0     0     0.0  -80.930  159.503   1000.0    737.4
     1     1     7    12     3    23     0     0    -1.0  -81.047  160.230    980.8    746.0
     1     1     7    12     3    22     0     0    -2.0  -81.189  160.885    966.1    752.9
     1     1     7    12     3    21     0     0    -3.0  -81.356  161.454    955.6    757.9
     1     1     7    12     3    20     0     0    -4.0  -81.549  161.932    950.5    760.9
     1     1     7    12     3    19     0     0    -5.0  -81.767  162.312    952.2    761.5
     1     1     7    12     3    18     0     0    -6.0  -82.010  162.589    962.1    759.8
     1     1     7    12     3    17     0     0    -7.0  -82.259  162.867    976.4    756.8
     1     1     7    12     3    16     0     0    -8.0  -82.500  163.248    989.7    755.3
     1     1     7    12     3    15     0     0    -9.0  -82.726  163.802    996.3    747.6
     1     1     7    12     3    14     0     0   -10.0  -82.936  164.583    999.1    742.5
     1     1     7    12     3    13     0     0   -11.0  -83.132  165.566    997.5    739.2
     1     1     7    12     3    12     0     0   -12.0  -83.314  166.732    991.2    737.5
     1     1     7    12     3    11     0     0   -13.0  -83.487  168.078    981.0    737.2
     1     1     7    12     3    10     0     0   -14.0  -83.655  169.610    967.4    738.3
     1     1     7    12     3     9     0     0   -15.0  -83.818  171.325    951.8    740.1
     1     1     7    12     3     8     0     0   -16.0  -83.977  173.227    935.6    742.0
     1     1     7    12     3     7     0     0   -17.0  -84.134  175.313    920.0    743.8
     1     1     7    12     3     6     0     0   -18.0  -84.285  177.581    907.3    745.8
     1     1     7    12     3     5     0     0   -19.0  -84.427  179.993    898.7    747.6
     1     1     7    12     3     4     0     0   -20.0  -84.557 -177.501    893.3    751.2
     1     1     7    12     3     3     0     0   -21.0  -84.676 -174.917    889.4    754.0
     1     1     7    12     3     2     0     0   -22.0  -84.785 -172.268    886.8    757.8
     1     1     7    12     3     1     0     0   -23.0  -84.882 -169.568    884.6    761.2
     1     1     7    12     3     0     0     0   -24.0  -84.945 -166.716    893.0    765.3
     1     1     7    12     2    23     0     0   -25.0  -84.984 -163.790    909.2    769.2
     1     1     7    12     2    22     0     0   -26.0  -85.012 -160.885    926.4    771.8
     1     1     7    12     2    21     0     0   -27.0  -85.029 -158.023    945.1    773.0
     1     1     7    12     2    20     0     0   -28.0  -85.036 -155.215    964.7    772.7
     1     1     7    12     2    19     0     0   -29.0  -85.032 -152.464    985.9    772.2
     1     1     7    12     2    18     0     0   -30.0  -85.018 -149.782   1008.4    770.9
     1     1     7    12     2    17     0     0   -31.0  -84.991 -147.183   1030.9    769.4
     1     1     7    12     2    16     0     0   -32.0  -84.948 -144.687   1052.5    765.5
     1     1     7    12     2    15     0     0   -33.0  -84.889 -142.329   1072.8    762.2
     1     1     7    12     2    14     0     0   -34.0  -84.814 -140.129   1092.2    758.5
     1     1     7    12     2    13     0     0   -35.0  -84.726 -138.101   1111.7    754.8
     1     1     7    12     2    12     0     0   -36.0  -84.627 -136.263   1130.8    751.0
     1     1     7    12     2    11     0     0   -37.0  -84.524 -134.580   1150.2    747.7
     1     1     7    12     2    10     0     0   -38.0  -84.422 -132.986   1167.3    744.0
     1     1     7    12     2     9     0     0   -39.0  -84.323 -131.485   1183.2    740.4
     1     1     7    12     2     8     0     0   -40.0  -84.219 -130.123   1200.1    737.0
     1     1     7    12     2     7     0     0   -41.0  -84.111 -128.898   1218.1    733.1
     1     1     7    12     2     6     0     0   -42.0  -84.002 -127.791   1237.6    729.2
     1     1     7    12     2     5     0     0   -43.0  -83.892 -126.814   1257.9    725.4
     1     1     7    12     2     4     0     0   -44.0  -83.782 -125.980   1278.2    722.0
     1     1     7    12     2     3     0     0   -45.0  -83.671 -125.273   1298.6    719.1
     1     1     7    12     2     2     0     0   -46.0  -83.560 -124.679   1319.1    716.6
     1     1     7    12     2     1     0     0   -47.0  -83.449 -124.181   1339.8    714.5
     1     1     7    12     2     0     0     0   -48.0  -83.338 -123.766   1360.9    712.8
     1     1     7    12     1    23     0     0   -49.0  -83.235 -123.343   1383.6    710.5
     1     1     7    12     1    22     0     0   -50.0  -83.149 -122.825   1409.8    706.8
     1     1     7    12     1    21     0     0   -51.0  -83.081 -122.210   1438.8    701.7
     1     1     7    12     1    20     0     0   -52.0  -83.029 -121.496   1470.2    695.4
     1     1     7    12     1    19     0     0   -53.0  -82.993 -120.691   1503.9    688.0
     1     1     7    12     1    18     0     0   -54.0  -82.975 -119.808   1540.4    679.6
     1     1     7    12     1    17     0     0   -55.0  -82.973 -118.939   1575.7    670.7
     1     1     7    12     1    16     0     0   -56.0  -82.987 -118.160   1607.1    663.0
     1     1     7    12     1    15     0     0   -57.0  -83.014 -117.457   1633.7    656.0
     1     1     7    12     1    14     0     0   -58.0  -83.053 -116.820   1655.5    649.9
     1     1     7    12     1    13     0     0   -59.0  -83.104 -116.236   1672.6    644.5
     1     1     7    12     1    12     0     0   -60.0  -83.167 -115.698   1684.8    639.9
     1     1     7    12     1    11     0     0   -61.0  -83.234 -115.222   1695.2    636.3
     1     1     7    12     1    10     0     0   -62.0  -83.300 -114.824   1706.4    632.8
     1     1     7    12     1     9     0     0   -63.0  -83.366 -114.506   1718.7    629.9
     1     1     7    12     1     8     0     0   -64.0  -83.431 -114.269   1731.9    627.3
     1     1     7    12     1     7     0     0   -65.0  -83.495 -114.113   1746.2    625.1
     1     1     7    12     1     6     0     0   -66.0  -83.559 -114.038   1761.4    623.3
     1     1     7    12     1     5     0     0   -67.0  -83.626 -114.026   1777.7    621.8
     1     1     7    12     1     4     0     0   -68.0  -83.702 -114.066   1794.4    620.4
     1     1     7    12     1     3     0     0   -69.0  -83.785 -114.159   1811.9    619.2
     1     1     7    12     1     2     0     0   -70.0  -83.876 -114.310   1830.1    618.1
     1     1     7    12     1     1     0     0   -71.0  -83.975 -114.528   1849.3    617.1
     1     1     7    12     1     0     0     0   -72.0  -84.081 -114.820   1869.5    616.2
     1     1     7    11    30    23     0     0   -73.0  -84.196 -115.163   1890.8    615.1
     1     1     7    11    30    22     0     0   -74.0  -84.320 -115.526   1915.4    613.6
     1     1     7    11    30    21     0     0   -75.0  -84.452 -115.913   1942.2    611.8
     1     1     7    11    30    20     0     0   -76.0  -84.592 -116.328   1971.1    609.8
     1     1     7    11    30    19     0     0   -77.0  -84.739 -116.778   2001.7    607.5
     1     1     7    11    30    18     0     0   -78.0  -84.892 -117.266   2034.1    604.8
     1     1     7    11    30    17     0     0   -79.0  -85.042 -117.838   2062.5    601.7
     1     1     7    11    30    16     0     0   -80.0  -85.176 -118.539   2081.2    599.0
     1     1     7    11    30    15     0     0   -81.0  -85.292 -119.375   2091.8    597.7
     1     1     7    11    30    14     0     0   -82.0  -85.390 -120.343   2094.6    597.6
     1     1     7    11    30    13     0     0   -83.0  -85.468 -121.433   2089.8    598.6
     1     1     7    11    30    12     0     0   -84.0  -85.528 -122.636   2077.9    601.0
     1     1     7    11    30    11     0     0   -85.0  -85.567 -123.864   2065.3    604.5
     1     1     7    11    30    10     0     0   -86.0  -85.588 -125.023   2058.6    607.2
     1     1     7    11    30     9     0     0   -87.0  -85.593 -126.086   2057.4    609.7
     1     1     7    11    30     8     0     0   -88.0  -85.583 -127.035   2061.6    612.1
     1     1     7    11    30     7     0     0   -89.0  -85.557 -127.856   2070.9    614.2
     1     1     7    11    30     6     0     0   -90.0  -85.519 -128.535   2085.3    616.1
     1     1     7    11    30     5     0     0   -91.0  -85.473 -129.093   2101.1    617.5
     1     1     7    11    30     4     0     0   -92.0  -85.427 -129.567   2115.1    619.4
     1     1     7    11    30     3     0     0   -93.0  -85.380 -129.957   2127.1    621.3
     1     1     7    11    30     2     0     0   -94.0  -85.335 -130.263   2137.2    623.1
     1     1     7    11    30     1     0     0   -95.0  -85.291 -130.484   2145.5    624.8
     1     1     7    11    30     0     0     0   -96.0  -85.251 -130.619   2152.0    626.3
     1     1     7    11    29    23     0     0   -97.0  -85.205 -130.670   2158.2    627.7
     1     1     7    11    29    22     0     0   -98.0  -85.148 -130.621   2164.6    629.2
     1     1     7    11    29    21     0     0   -99.0  -85.080 -130.462   2171.5    630.9
     1     1     7    11    29    20     0     0  -100.0  -85.001 -130.187   2178.9    632.7
     1     1     7    11    29    19     0     0  -101.0  -84.913 -129.847   2185.3    633.2
     1     1     7    11    29    18     0     0  -102.0  -84.816 -129.495   2192.3    633.7
     1     1     7    11    29    17     0     0  -103.0  -84.714 -129.124   2197.3    633.8
     1     1     7    11    29    16     0     0  -104.0  -84.609 -128.725   2199.7    634.4
     1     1     7    11    29    15     0     0  -105.0  -84.502 -128.302   2198.9    635.1
     1     1     7    11    29    14     0     0  -106.0  -84.392 -127.858   2195.1    636.0
     1     1     7    11    29    13     0     0  -107.0  -84.279 -127.394   2188.5    637.1
     1     1     7    11    29    12     0     0  -108.0  -84.161 -126.909   2179.2    638.3
     1     1     7    11    29    11     0     0  -109.0  -84.043 -126.474   2171.4    640.1
     1     1     7    11    29    10     0     0  -110.0  -83.925 -126.154   2167.1    641.6
     1     1     7    11    29     9     0     0  -111.0  -83.806 -125.938   2166.6    643.3
     1     1     7    11    29     8     0     0  -112.0  -83.684 -125.813   2170.0    645.0
     1     1     7    11    29     7     0     0  -113.0  -83.557 -125.769   2177.2    646.8
     1     1     7    11    29     6     0     0  -114.0  -83.425 -125.793   2188.3    648.8
     1     1     7    11    29     5     0     0  -115.0  -83.286 -125.796   2200.2    650.4
     1     1     7    11    29     4     0     0  -116.0  -83.143 -125.698   2209.1    652.1
     1     1     7    11    29     3     0     0  -117.0  -82.996 -125.500   2215.5    653.6
     1     1     7    11    29     2     0     0  -118.0  -82.847 -125.203   2219.5    654.6
     1     1     7    11    29     1     0     0  -119.0  -82.698 -124.808   2221.1    655.3
     1     1     7    11    29     0     0     0  -120.0  -82.552 -124.314   2220.4    655.5
