    12     1
    CDC1     7     9     1     0     0
    CDC1     7    10     1     0     0
    CDC1     7    11     1     0     0
    CDC1     7    12     1     0     0
    CDC1     8     1     1     0     0
    CDC1     8     2     1     0     0
    CDC1     8     3     1     0     0
    CDC1     8     4     1     0     0
    CDC1     8     5     1     0     0
    CDC1     8     6     1     0     0
    CDC1     8     7     1     0     0
    CDC1     8     8     1     0     0
     1 BACKWARD OMEGA   
     8     3    25     0  -80.930  159.503  1000.0
     1 PRESSURE
     1     1     8     3    25     0     0     0     0.0  -80.930  159.503   1000.0    748.8
     1     1     8     3    24    23     0     0    -1.0  -81.243  159.461    996.8    745.9
     1     1     8     3    24    22     0     0    -2.0  -81.559  159.382    999.0    741.9
     1     1     8     3    24    21     0     0    -3.0  -81.876  159.290   1006.4    737.2
     1     1     8     3    24    20     0     0    -4.0  -82.196  159.212   1019.4    732.3
     1     1     8     3    24    19     0     0    -5.0  -82.521  159.181   1037.9    726.6
     1     1     8     3    24    18     0     0    -6.0  -82.848  159.259   1056.8    711.4
     1     1     8     3    24    17     0     0    -7.0  -83.173  159.565   1077.9    697.7
     1     1     8     3    24    16     0     0    -8.0  -83.489  160.171   1097.8    686.2
     1     1     8     3    24    15     0     0    -9.0  -83.799  161.112   1119.7    676.2
     1     1     8     3    24    14     0     0   -10.0  -84.103  162.409   1144.3    666.6
     1     1     8     3    24    13     0     0   -11.0  -84.403  164.063   1168.8    658.0
     1     1     8     3    24    12     0     0   -12.0  -84.696  166.075   1190.5    650.5
     1     1     8     3    24    11     0     0   -13.0  -84.984  168.381   1209.5    643.4
     1     1     8     3    24    10     0     0   -14.0  -85.264  170.790   1232.7    641.2
     1     1     8     3    24     9     0     0   -15.0  -85.534  173.181   1258.5    638.0
     1     1     8     3    24     8     0     0   -16.0  -85.795  175.597   1286.8    633.5
     1     1     8     3    24     7     0     0   -17.0  -86.050  178.071   1317.1    627.9
     1     1     8     3    24     6     0     0   -18.0  -86.296 -179.356   1349.6    621.2
     1     1     8     3    24     5     0     0   -19.0  -86.534 -176.733   1381.8    613.4
     1     1     8     3    24     4     0     0   -20.0  -86.764 -174.219   1412.3    605.1
     1     1     8     3    24     3     0     0   -21.0  -86.987 -171.885   1441.7    595.1
     1     1     8     3    24     2     0     0   -22.0  -87.204 -169.815   1472.3    584.8
     1     1     8     3    24     1     0     0   -23.0  -87.419 -168.103   1502.4    572.6
     1     1     8     3    24     0     0     0   -24.0  -87.634 -167.203   1539.4    565.6
     1     1     8     3    23    23     0     0   -25.0  -87.841 -167.475   1578.0    560.4
     1     1     8     3    23    22     0     0   -26.0  -88.031 -168.706   1611.1    555.7
     1     1     8     3    23    21     0     0   -27.0  -88.202 -170.723   1637.0    551.1
     1     1     8     3    23    20     0     0   -28.0  -88.352 -173.344   1654.7    547.0
     1     1     8     3    23    19     0     0   -29.0  -88.479 -176.342   1664.1    543.9
     1     1     8     3    23    18     0     0   -30.0  -88.583 -179.435   1664.1    541.1
     1     1     8     3    23    17     0     0   -31.0  -88.664  177.217   1662.5    539.9
     1     1     8     3    23    16     0     0   -32.0  -88.715  173.304   1665.1    537.7
     1     1     8     3    23    15     0     0   -33.0  -88.737  169.152   1673.5    535.4
     1     1     8     3    23    14     0     0   -34.0  -88.728  165.082   1688.1    532.4
     1     1     8     3    23    13     0     0   -35.0  -88.688  161.511   1710.3    529.4
     1     1     8     3    23    12     0     0   -36.0  -88.619  158.699   1739.6    526.0
     1     1     8     3    23    11     0     0   -37.0  -88.531  156.832   1770.4    522.6
     1     1     8     3    23    10     0     0   -38.0  -88.436  155.983   1795.5    520.0
     1     1     8     3    23     9     0     0   -39.0  -88.336  156.031   1814.6    517.7
     1     1     8     3    23     8     0     0   -40.0  -88.230  156.864   1827.1    516.3
     1     1     8     3    23     7     0     0   -41.0  -88.116  158.380   1832.6    515.9
     1     1     8     3    23     6     0     0   -42.0  -87.994  160.476   1830.8    516.4
     1     1     8     3    23     5     0     0   -43.0  -87.853  162.997   1824.8    517.7
     1     1     8     3    23     4     0     0   -44.0  -87.678  165.769   1821.1    519.1
     1     1     8     3    23     3     0     0   -45.0  -87.464  168.872   1817.2    522.4
     1     1     8     3    23     2     0     0   -46.0  -87.225  171.983   1820.0    533.3
     1     1     8     3    23     1     0     0   -47.0  -86.968  174.831   1819.3    546.3
     1     1     8     3    23     0     0     0   -48.0  -86.694  177.429   1815.8    562.2
     1     1     8     3    22    23     0     0   -49.0  -86.425 -179.813   1803.9    579.5
     1     1     8     3    22    22     0     0   -50.0  -86.176 -176.559   1783.7    600.6
     1     1     8     3    22    21     0     0   -51.0  -85.942 -172.927   1753.8    623.4
     1     1     8     3    22    20     0     0   -52.0  -85.718 -169.021   1715.9    647.7
     1     1     8     3    22    19     0     0   -53.0  -85.492 -164.938   1670.6    673.1
     1     1     8     3    22    18     0     0   -54.0  -85.258 -160.801   1623.3    698.3
     1     1     8     3    22    17     0     0   -55.0  -85.022 -156.801   1578.0    722.3
     1     1     8     3    22    16     0     0   -56.0  -84.789 -153.070   1532.6    737.4
     1     1     8     3    22    15     0     0   -57.0  -84.547 -149.662   1497.1    749.2
     1     1     8     3    22    14     0     0   -58.0  -84.291 -146.589   1471.5    757.7
     1     1     8     3    22    13     0     0   -59.0  -84.020 -143.842   1455.0    764.6
     1     1     8     3    22    12     0     0   -60.0  -83.732 -141.406   1447.1    770.1
     1     1     8     3    22    11     0     0   -61.0  -83.424 -139.248   1449.6    774.6
     1     1     8     3    22    10     0     0   -62.0  -83.095 -137.321   1462.3    778.3
     1     1     8     3    22     9     0     0   -63.0  -82.741 -135.659   1486.5    780.8
     1     1     8     3    22     8     0     0   -64.0  -82.358 -134.277   1515.1    776.0
     1     1     8     3    22     7     0     0   -65.0  -81.940 -133.126   1537.1    757.6
     1     1     8     3    22     6     0     0   -66.0  -81.483 -132.177   1557.0    740.2
     1     1     8     3    22     5     0     0   -67.0  -80.994 -131.423   1575.6    723.8
     1     1     8     3    22     4     0     0   -68.0  -80.480 -130.839   1592.6    707.7
     1     1     8     3    22     3     0     0   -69.0  -79.942 -130.393   1606.5    691.9
     1     1     8     3    22     2     0     0   -70.0  -79.391 -129.937   1613.2    676.4
     1     1     8     3    22     1     0     0   -71.0  -78.843 -129.365   1610.1    662.2
     1     1     8     3    22     0     0     0   -72.0  -78.298 -128.693   1595.0    648.9
     1     1     8     3    21    23     0     0   -73.0  -77.752 -127.887   1566.0    635.7
     1     1     8     3    21    22     0     0   -74.0  -77.206 -126.913   1537.5    640.8
     1     1     8     3    21    21     0     0   -75.0  -76.671 -125.788   1507.5    661.6
     1     1     8     3    21    20     0     0   -76.0  -76.148 -124.530   1464.4    683.8
     1     1     8     3    21    19     0     0   -77.0  -75.640 -123.152   1407.5    708.5
     1     1     8     3    21    18     0     0   -78.0  -75.150 -121.665   1335.7    735.4
     1     1     8     3    21    17     0     0   -79.0  -74.695 -120.126   1255.0    764.8
     1     1     8     3    21    16     0     0   -80.0  -74.285 -118.604   1174.5    793.3
     1     1     8     3    21    15     0     0   -81.0  -73.909 -117.127   1098.0    818.2
     1     1     8     3    21    14     0     0   -82.0  -73.558 -115.701   1027.1    840.4
     1     1     8     3    21    13     0     0   -83.0  -73.226 -114.328    962.1    859.1
     1     1     8     3    21    12     0     0   -84.0  -72.908 -113.009    902.9    873.8
     1     1     8     3    21    11     0     0   -85.0  -72.595 -111.747    849.6    885.9
     1     1     8     3    21    10     0     0   -86.0  -72.280 -110.546    800.8    891.5
     1     1     8     3    21     9     0     0   -87.0  -71.958 -109.408    758.6    894.5
     1     1     8     3    21     8     0     0   -88.0  -71.623 -108.336    723.7    897.1
     1     1     8     3    21     7     0     0   -89.0  -71.268 -107.331    696.1    898.8
     1     1     8     3    21     6     0     0   -90.0  -70.888 -106.397    676.2    899.8
     1     1     8     3    21     5     0     0   -91.0  -70.485 -105.524    663.4    900.6
     1     1     8     3    21     4     0     0   -92.0  -70.057 -104.708    657.4    901.0
     1     1     8     3    21     3     0     0   -93.0  -69.610 -103.950    656.8    902.7
     1     1     8     3    21     2     0     0   -94.0  -69.148 -103.239    658.5    904.0
     1     1     8     3    21     1     0     0   -95.0  -68.675 -102.576    662.3    904.4
     1     1     8     3    21     0     0     0   -96.0  -68.190 -101.962    668.5    904.3
     1     1     8     3    20    23     0     0   -97.0  -67.692 -101.403    677.2    902.9
     1     1     8     3    20    22     0     0   -98.0  -67.183 -100.912    687.6    900.7
     1     1     8     3    20    21     0     0   -99.0  -66.671 -100.494    697.9    898.5
     1     1     8     3    20    20     0     0  -100.0  -66.163 -100.151    708.8    896.2
     1     1     8     3    20    19     0     0  -101.0  -65.666  -99.887    722.3    893.8
     1     1     8     3    20    18     0     0  -102.0  -65.186  -99.706    740.2    891.1
     1     1     8     3    20    17     0     0  -103.0  -64.722  -99.590    758.0    889.0
     1     1     8     3    20    16     0     0  -104.0  -64.268  -99.524    770.8    889.4
     1     1     8     3    20    15     0     0  -105.0  -63.830  -99.515    778.3    890.5
     1     1     8     3    20    14     0     0  -106.0  -63.413  -99.576    781.9    891.9
     1     1     8     3    20    13     0     0  -107.0  -63.023  -99.721    782.9    893.6
     1     1     8     3    20    12     0     0  -108.0  -62.664  -99.963    782.7    895.3
     1     1     8     3    20    11     0     0  -109.0  -62.320 -100.273    781.2    895.0
     1     1     8     3    20    10     0     0  -110.0  -61.973 -100.612    778.5    893.6
     1     1     8     3    20     9     0     0  -111.0  -61.629 -100.995    775.9    892.1
     1     1     8     3    20     8     0     0  -112.0  -61.296 -101.439    774.2    890.5
     1     1     8     3    20     7     0     0  -113.0  -60.981 -101.967    774.6    888.7
     1     1     8     3    20     6     0     0  -114.0  -60.694 -102.598    778.3    886.4
     1     1     8     3    20     5     0     0  -115.0  -60.423 -103.291    784.0    883.8
     1     1     8     3    20     4     0     0  -116.0  -60.156 -104.010    788.4    881.9
     1     1     8     3    20     3     0     0  -117.0  -59.903 -104.769    791.2    880.6
     1     1     8     3    20     2     0     0  -118.0  -59.666 -105.569    791.5    880.3
     1     1     8     3    20     1     0     0  -119.0  -59.450 -106.411    788.7    880.5
     1     1     8     3    20     0     0     0  -120.0  -59.264 -107.317    783.9    880.8
