    12     1
    CDC1     7     9     1     0     0
    CDC1     7    10     1     0     0
    CDC1     7    11     1     0     0
    CDC1     7    12     1     0     0
    CDC1     8     1     1     0     0
    CDC1     8     2     1     0     0
    CDC1     8     3     1     0     0
    CDC1     8     4     1     0     0
    CDC1     8     5     1     0     0
    CDC1     8     6     1     0     0
    CDC1     8     7     1     0     0
    CDC1     8     8     1     0     0
     1 BACKWARD OMEGA   
     7    12    31     0  -80.930  159.503  1000.0
     1 PRESSURE
     1     1     7    12    31     0     0     0     0.0  -80.930  159.503   1000.0    749.6
     1     1     7    12    30    23     0     0    -1.0  -80.734  159.876    978.3    757.3
     1     1     7    12    30    22     0     0    -2.0  -80.574  160.199    956.8    764.7
     1     1     7    12    30    21     0     0    -3.0  -80.448  160.482    936.8    771.5
     1     1     7    12    30    20     0     0    -4.0  -80.354  160.726    919.5    777.4
     1     1     7    12    30    19     0     0    -5.0  -80.290  160.923    905.6    782.2
     1     1     7    12    30    18     0     0    -6.0  -80.254  161.065    895.8    785.6
     1     1     7    12    30    17     0     0    -7.0  -80.233  161.214    888.9    788.3
     1     1     7    12    30    16     0     0    -8.0  -80.215  161.444    882.0    792.1
     1     1     7    12    30    15     0     0    -9.0  -80.202  161.758    875.2    796.9
     1     1     7    12    30    14     0     0   -10.0  -80.193  162.161    868.1    802.7
     1     1     7    12    30    13     0     0   -11.0  -80.189  162.657    860.5    809.6
     1     1     7    12    30    12     0     0   -12.0  -80.188  163.248    852.2    817.4
     1     1     7    12    30    11     0     0   -13.0  -80.194  163.878    840.5    825.4
     1     1     7    12    30    10     0     0   -14.0  -80.207  164.485    823.6    833.8
     1     1     7    12    30     9     0     0   -15.0  -80.225  165.070    801.1    842.4
     1     1     7    12    30     8     0     0   -16.0  -80.249  165.635    773.4    850.6
     1     1     7    12    30     7     0     0   -17.0  -80.275  166.187    741.3    859.2
     1     1     7    12    30     6     0     0   -18.0  -80.304  166.734    705.3    868.2
     1     1     7    12    30     5     0     0   -19.0  -80.330  167.374    667.4    879.2
     1     1     7    12    30     4     0     0   -20.0  -80.353  168.215    628.6    891.0
     1     1     7    12    30     3     0     0   -21.0  -80.376  169.268    590.4    903.7
     1     1     7    12    30     2     0     0   -22.0  -80.403  170.522    553.4    916.9
     1     1     7    12    30     1     0     0   -23.0  -80.431  171.959    516.8    929.7
     1     1     7    12    30     0     0     0   -24.0  -80.457  173.552    479.9    941.6
     1     1     7    12    29    23     0     0   -25.0  -80.481  175.194    445.3    952.0
     1     1     7    12    29    22     0     0   -26.0  -80.498  176.796    414.9    958.3
     1     1     7    12    29    21     0     0   -27.0  -80.503  178.363    389.1    963.1
     1     1     7    12    29    20     0     0   -28.0  -80.494  179.901    367.5    965.8
     1     1     7    12    29    19     0     0   -29.0  -80.470 -178.586    349.4    967.1
     1     1     7    12    29    18     0     0   -30.0  -80.429 -177.100    333.5    967.6
     1     1     7    12    29    17     0     0   -31.0  -80.371 -175.698    317.8    967.6
     1     1     7    12    29    16     0     0   -32.0  -80.295 -174.405    302.3    967.7
     1     1     7    12    29    15     0     0   -33.0  -80.206 -173.182    289.0    966.9
     1     1     7    12    29    14     0     0   -34.0  -80.108 -172.046    279.1    965.4
     1     1     7    12    29    13     0     0   -35.0  -80.009 -171.044    272.8    963.7
     1     1     7    12    29    12     0     0   -36.0  -79.915 -170.217    269.7    961.7
     1     1     7    12    29    11     0     0   -37.0  -79.832 -169.504    269.3    960.3
     1     1     7    12    29    10     0     0   -38.0  -79.767 -168.822    271.5    958.9
     1     1     7    12    29     9     0     0   -39.0  -79.720 -168.170    276.2    957.2
     1     1     7    12    29     8     0     0   -40.0  -79.691 -167.547    283.5    955.4
     1     1     7    12    29     7     0     0   -41.0  -79.681 -166.951    293.7    953.4
     1     1     7    12    29     6     0     0   -42.0  -79.690 -166.383    306.7    951.3
     1     1     7    12    29     5     0     0   -43.0  -79.709 -165.839    320.9    948.9
     1     1     7    12    29     4     0     0   -44.0  -79.727 -165.312    334.2    946.7
     1     1     7    12    29     3     0     0   -45.0  -79.745 -164.794    346.2    944.7
     1     1     7    12    29     2     0     0   -46.0  -79.763 -164.278    356.9    942.8
     1     1     7    12    29     1     0     0   -47.0  -79.780 -163.756    365.8    941.1
     1     1     7    12    29     0     0     0   -48.0  -79.796 -163.220    372.8    939.6
     1     1     7    12    28    23     0     0   -49.0  -79.819 -162.688    380.4    938.1
     1     1     7    12    28    22     0     0   -50.0  -79.855 -162.178    391.0    935.5
     1     1     7    12    28    21     0     0   -51.0  -79.904 -161.689    404.8    932.2
     1     1     7    12    28    20     0     0   -52.0  -79.963 -161.221    421.9    928.3
     1     1     7    12    28    19     0     0   -53.0  -80.032 -160.779    442.6    924.6
     1     1     7    12    28    18     0     0   -54.0  -80.109 -160.379    466.6    921.5
     1     1     7    12    28    17     0     0   -55.0  -80.185 -160.030    491.5    918.3
     1     1     7    12    28    16     0     0   -56.0  -80.251 -159.726    514.7    915.6
     1     1     7    12    28    15     0     0   -57.0  -80.307 -159.462    536.3    913.1
     1     1     7    12    28    14     0     0   -58.0  -80.355 -159.235    556.1    910.9
     1     1     7    12    28    13     0     0   -59.0  -80.395 -159.044    574.1    908.9
     1     1     7    12    28    12     0     0   -60.0  -80.427 -158.886    590.0    907.1
     1     1     7    12    28    11     0     0   -61.0  -80.459 -158.768    604.6    905.1
     1     1     7    12    28    10     0     0   -62.0  -80.496 -158.696    618.7    903.2
     1     1     7    12    28     9     0     0   -63.0  -80.539 -158.673    632.0    901.5
     1     1     7    12    28     8     0     0   -64.0  -80.587 -158.702    644.7    899.9
     1     1     7    12    28     7     0     0   -65.0  -80.639 -158.782    657.1    898.5
     1     1     7    12    28     6     0     0   -66.0  -80.696 -158.916    669.4    897.3
     1     1     7    12    28     5     0     0   -67.0  -80.753 -159.036    682.6    896.8
     1     1     7    12    28     4     0     0   -68.0  -80.804 -159.074    696.1    895.9
     1     1     7    12    28     3     0     0   -69.0  -80.850 -159.024    710.1    894.8
     1     1     7    12    28     2     0     0   -70.0  -80.890 -158.884    724.3    893.5
     1     1     7    12    28     1     0     0   -71.0  -80.926 -158.651    738.7    892.0
     1     1     7    12    28     0     0     0   -72.0  -80.955 -158.325    753.0    890.3
     1     1     7    12    27    23     0     0   -73.0  -80.978 -157.945    767.0    888.4
     1     1     7    12    27    22     0     0   -74.0  -80.992 -157.554    780.0    886.7
     1     1     7    12    27    21     0     0   -75.0  -80.999 -157.154    792.2    884.9
     1     1     7    12    27    20     0     0   -76.0  -80.998 -156.745    803.9    883.0
     1     1     7    12    27    19     0     0   -77.0  -80.990 -156.331    815.3    881.1
     1     1     7    12    27    18     0     0   -78.0  -80.973 -155.913    826.4    879.1
     1     1     7    12    27    17     0     0   -79.0  -80.952 -155.506    837.1    876.8
     1     1     7    12    27    16     0     0   -80.0  -80.930 -155.122    847.5    874.5
     1     1     7    12    27    15     0     0   -81.0  -80.908 -154.759    857.3    872.1
     1     1     7    12    27    14     0     0   -82.0  -80.886 -154.415    866.7    869.7
     1     1     7    12    27    13     0     0   -83.0  -80.865 -154.089    875.6    867.4
     1     1     7    12    27    12     0     0   -84.0  -80.844 -153.781    884.2    865.2
     1     1     7    12    27    11     0     0   -85.0  -80.824 -153.489    893.7    862.9
     1     1     7    12    27    10     0     0   -86.0  -80.805 -153.214    905.4    860.2
     1     1     7    12    27     9     0     0   -87.0  -80.786 -152.956    918.9    857.4
     1     1     7    12    27     8     0     0   -88.0  -80.765 -152.713    934.1    854.4
     1     1     7    12    27     7     0     0   -89.0  -80.743 -152.484    950.7    851.0
     1     1     7    12    27     6     0     0   -90.0  -80.719 -152.267    968.7    847.6
     1     1     7    12    27     5     0     0   -91.0  -80.692 -152.007    987.0    844.5
     1     1     7    12    27     4     0     0   -92.0  -80.664 -151.648   1004.6    841.1
     1     1     7    12    27     3     0     0   -93.0  -80.631 -151.191   1021.5    837.5
     1     1     7    12    27     2     0     0   -94.0  -80.595 -150.640   1037.8    833.5
     1     1     7    12    27     1     0     0   -95.0  -80.552 -149.995   1053.5    829.1
     1     1     7    12    27     0     0     0   -96.0  -80.503 -149.261   1068.8    824.1
     1     1     7    12    26    23     0     0   -97.0  -80.438 -148.485   1082.8    818.8
     1     1     7    12    26    22     0     0   -98.0  -80.349 -147.706   1094.2    813.0
     1     1     7    12    26    21     0     0   -99.0  -80.236 -146.924   1103.3    806.6
     1     1     7    12    26    20     0     0  -100.0  -80.099 -146.137   1110.3    799.8
     1     1     7    12    26    19     0     0  -101.0  -79.936 -145.346   1116.2    793.9
     1     1     7    12    26    18     0     0  -102.0  -79.751 -144.566   1121.4    789.7
     1     1     7    12    26    17     0     0  -103.0  -79.556 -143.831   1125.8    784.9
     1     1     7    12    26    16     0     0  -104.0  -79.365 -143.160   1131.3    779.8
     1     1     7    12    26    15     0     0  -105.0  -79.178 -142.542   1137.7    774.5
     1     1     7    12    26    14     0     0  -106.0  -78.997 -141.970   1145.1    769.0
     1     1     7    12    26    13     0     0  -107.0  -78.824 -141.436   1153.5    763.5
     1     1     7    12    26    12     0     0  -108.0  -78.660 -140.935   1163.0    758.0
     1     1     7    12    26    11     0     0  -109.0  -78.502 -140.471   1173.7    752.4
     1     1     7    12    26    10     0     0  -110.0  -78.347 -140.050   1185.6    746.8
     1     1     7    12    26     9     0     0  -111.0  -78.198 -139.670   1199.2    741.0
     1     1     7    12    26     8     0     0  -112.0  -78.055 -139.328   1214.8    735.2
     1     1     7    12    26     7     0     0  -113.0  -77.920 -139.020   1233.2    729.3
     1     1     7    12    26     6     0     0  -114.0  -77.794 -138.743   1254.6    723.2
     1     1     7    12    26     5     0     0  -115.0  -77.674 -138.493   1276.9    716.9
     1     1     7    12    26     4     0     0  -116.0  -77.559 -138.267   1296.8    711.2
     1     1     7    12    26     3     0     0  -117.0  -77.447 -138.068   1315.6    708.3
     1     1     7    12    26     2     0     0  -118.0  -77.342 -137.903   1333.2    708.6
     1     1     7    12    26     1     0     0  -119.0  -77.241 -137.775   1347.7    709.3
     1     1     7    12    26     0     0     0  -120.0  -77.147 -137.686   1359.3    710.5
