    12     1
    CDC1     7     9     1     0     0
    CDC1     7    10     1     0     0
    CDC1     7    11     1     0     0
    CDC1     7    12     1     0     0
    CDC1     8     1     1     0     0
    CDC1     8     2     1     0     0
    CDC1     8     3     1     0     0
    CDC1     8     4     1     0     0
    CDC1     8     5     1     0     0
    CDC1     8     6     1     0     0
    CDC1     8     7     1     0     0
    CDC1     8     8     1     0     0
     1 BACKWARD OMEGA   
     8     1    15     0  -80.930  159.503  1000.0
     1 PRESSURE
     1     1     8     1    15     0     0     0     0.0  -80.930  159.503   1000.0    740.1
     1     1     8     1    14    23     0     0    -1.0  -81.031  160.103    994.8    746.2
     1     1     8     1    14    22     0     0    -2.0  -81.139  160.644    994.9    750.7
     1     1     8     1    14    21     0     0    -3.0  -81.254  161.138   1000.5    753.8
     1     1     8     1    14    20     0     0    -4.0  -81.375  161.584   1011.5    755.7
     1     1     8     1    14    19     0     0    -5.0  -81.500  161.977   1028.0    756.2
     1     1     8     1    14    18     0     0    -6.0  -81.629  162.311   1050.0    755.3
     1     1     8     1    14    17     0     0    -7.0  -81.756  162.664   1071.3    754.3
     1     1     8     1    14    16     0     0    -8.0  -81.876  163.116   1084.3    755.7
     1     1     8     1    14    15     0     0    -9.0  -81.993  163.669   1089.5    758.5
     1     1     8     1    14    14     0     0   -10.0  -82.107  164.325   1087.5    762.8
     1     1     8     1    14    13     0     0   -11.0  -82.220  165.085   1078.6    768.4
     1     1     8     1    14    12     0     0   -12.0  -82.332  165.949   1063.1    774.8
     1     1     8     1    14    11     0     0   -13.0  -82.445  166.822   1046.9    781.7
     1     1     8     1    14    10     0     0   -14.0  -82.559  167.626   1033.1    785.1
     1     1     8     1    14     9     0     0   -15.0  -82.673  168.393   1021.6    785.5
     1     1     8     1    14     8     0     0   -16.0  -82.787  169.140   1013.2    785.0
     1     1     8     1    14     7     0     0   -17.0  -82.902  169.868   1007.6    783.7
     1     1     8     1    14     6     0     0   -18.0  -83.015  170.580   1004.1    781.8
     1     1     8     1    14     5     0     0   -19.0  -83.129  171.352   1003.1    780.5
     1     1     8     1    14     4     0     0   -20.0  -83.244  172.264   1003.7    779.6
     1     1     8     1    14     3     0     0   -21.0  -83.358  173.324   1006.0    778.4
     1     1     8     1    14     2     0     0   -22.0  -83.470  174.533   1010.3    777.5
     1     1     8     1    14     1     0     0   -23.0  -83.580  175.891   1016.1    776.9
     1     1     8     1    14     0     0     0   -24.0  -83.684  177.407   1023.2    777.0
     1     1     8     1    13    23     0     0   -25.0  -83.781  178.991   1028.7    776.9
     1     1     8     1    13    22     0     0   -26.0  -83.870 -179.460   1030.3    777.3
     1     1     8     1    13    21     0     0   -27.0  -83.953 -177.966   1028.2    778.1
     1     1     8     1    13    20     0     0   -28.0  -84.027 -176.549   1022.2    779.3
     1     1     8     1    13    19     0     0   -29.0  -84.093 -175.237   1012.9    780.8
     1     1     8     1    13    18     0     0   -30.0  -84.152 -174.049   1000.8    782.4
     1     1     8     1    13    17     0     0   -31.0  -84.203 -172.928    987.6    784.6
     1     1     8     1    13    16     0     0   -32.0  -84.249 -171.757    974.4    786.7
     1     1     8     1    13    15     0     0   -33.0  -84.290 -170.424    959.6    789.8
     1     1     8     1    13    14     0     0   -34.0  -84.326 -168.926    942.5    793.8
     1     1     8     1    13    13     0     0   -35.0  -84.355 -167.380    924.3    798.2
     1     1     8     1    13    12     0     0   -36.0  -84.377 -165.823    905.7    802.6
     1     1     8     1    13    11     0     0   -37.0  -84.393 -164.323    887.6    806.5
     1     1     8     1    13    10     0     0   -38.0  -84.405 -162.949    870.9    809.8
     1     1     8     1    13     9     0     0   -39.0  -84.413 -161.702    855.5    812.7
     1     1     8     1    13     8     0     0   -40.0  -84.417 -160.577    841.3    815.6
     1     1     8     1    13     7     0     0   -41.0  -84.417 -159.572    828.0    818.5
     1     1     8     1    13     6     0     0   -42.0  -84.414 -158.690    815.7    821.0
     1     1     8     1    13     5     0     0   -43.0  -84.413 -157.867    807.8    823.3
     1     1     8     1    13     4     0     0   -44.0  -84.415 -157.044    807.4    824.1
     1     1     8     1    13     3     0     0   -45.0  -84.421 -156.228    814.5    823.8
     1     1     8     1    13     2     0     0   -46.0  -84.430 -155.422    828.7    822.6
     1     1     8     1    13     1     0     0   -47.0  -84.443 -154.626    849.8    820.6
     1     1     8     1    13     0     0     0   -48.0  -84.459 -153.840    877.6    817.8
     1     1     8     1    12    23     0     0   -49.0  -84.477 -153.105    906.6    814.1
     1     1     8     1    12    22     0     0   -50.0  -84.493 -152.459    931.7    811.0
     1     1     8     1    12    21     0     0   -51.0  -84.508 -151.905    953.0    808.0
     1     1     8     1    12    20     0     0   -52.0  -84.521 -151.443    970.5    805.5
     1     1     8     1    12    19     0     0   -53.0  -84.535 -151.075    984.3    803.4
     1     1     8     1    12    18     0     0   -54.0  -84.548 -150.800    994.6    801.8
     1     1     8     1    12    17     0     0   -55.0  -84.562 -150.567   1001.3    800.8
     1     1     8     1    12    16     0     0   -56.0  -84.578 -150.324   1003.6    800.1
     1     1     8     1    12    15     0     0   -57.0  -84.597 -150.070   1001.8    799.8
     1     1     8     1    12    14     0     0   -58.0  -84.617 -149.801    995.8    799.7
     1     1     8     1    12    13     0     0   -59.0  -84.640 -149.516    985.6    800.0
     1     1     8     1    12    12     0     0   -60.0  -84.665 -149.211    971.3    800.6
     1     1     8     1    12    11     0     0   -61.0  -84.689 -148.931    955.0    801.5
     1     1     8     1    12    10     0     0   -62.0  -84.706 -148.720    938.8    802.5
     1     1     8     1    12     9     0     0   -63.0  -84.719 -148.575    922.7    803.8
     1     1     8     1    12     8     0     0   -64.0  -84.725 -148.493    906.5    805.4
     1     1     8     1    12     7     0     0   -65.0  -84.726 -148.472    890.3    807.0
     1     1     8     1    12     6     0     0   -66.0  -84.720 -148.510    874.0    808.8
     1     1     8     1    12     5     0     0   -67.0  -84.710 -148.621    854.3    811.2
     1     1     8     1    12     4     0     0   -68.0  -84.697 -148.813    828.4    814.8
     1     1     8     1    12     3     0     0   -69.0  -84.679 -149.074    796.1    819.3
     1     1     8     1    12     2     0     0   -70.0  -84.657 -149.390    757.2    824.9
     1     1     8     1    12     1     0     0   -71.0  -84.629 -149.743    711.9    831.6
     1     1     8     1    12     0     0     0   -72.0  -84.595 -150.114    660.0    839.4
     1     1     8     1    11    23     0     0   -73.0  -84.554 -150.531    604.5    847.4
     1     1     8     1    11    22     0     0   -74.0  -84.504 -151.036    549.8    854.9
     1     1     8     1    11    21     0     0   -75.0  -84.444 -151.629    496.9    862.9
     1     1     8     1    11    20     0     0   -76.0  -84.374 -152.304    446.3    871.5
     1     1     8     1    11    19     0     0   -77.0  -84.291 -153.056    398.0    880.5
     1     1     8     1    11    18     0     0   -78.0  -84.193 -153.865    352.1    889.5
     1     1     8     1    11    17     0     0   -79.0  -84.080 -154.717    307.6    898.6
     1     1     8     1    11    16     0     0   -80.0  -83.958 -155.601    263.9    908.6
     1     1     8     1    11    15     0     0   -81.0  -83.829 -156.500    222.0    919.2
     1     1     8     1    11    14     0     0   -82.0  -83.690 -157.398    182.2    929.9
     1     1     8     1    11    13     0     0   -83.0  -83.543 -158.279    143.9    940.3
     1     1     8     1    11    12     0     0   -84.0  -83.390 -159.127    106.9    951.6
     1     1     8     1    11    11     0     0   -85.0  -83.230 -159.935     72.3    963.7
     1     1     8     1    11    10     0     0   -86.0  -83.068 -160.763     44.8    974.6
     1     1     8     1    11     9     0     0   -87.0  -82.904 -161.672     26.7    985.1
     1     1     8     1    11     8     0     0   -88.0  -82.733 -162.665     16.3    995.5
     1     1     8     1    11     7     0     0   -89.0  -82.555 -163.731      9.8   1004.7
     1     1     8     1    11     6     0     0   -90.0  -82.371 -164.842      6.0   1006.6
     1     1     8     1    11     5     0     0   -91.0  -82.188 -165.884      2.8   1006.0
     1     1     8     1    11     4     0     0   -92.0  -82.012 -166.778      0.0   1005.7
     1     1     8     1    11     3     0     0   -93.0  -81.842 -167.525      0.0   1005.5
     1     1     8     1    11     2     0     0   -94.0  -81.680 -168.123      0.0   1005.4
     1     1     8     1    11     1     0     0   -95.0  -81.524 -168.568      0.0   1005.5
     1     1     8     1    11     0     0     0   -96.0  -81.377 -168.859      0.0   1005.5
     1     1     8     1    10    23     0     0   -97.0  -81.250 -168.977      0.0   1005.0
     1     1     8     1    10    22     0     0   -98.0  -81.153 -168.926      0.0   1004.5
     1     1     8     1    10    21     0     0   -99.0  -81.087 -168.737      0.0   1003.9
     1     1     8     1    10    20     0     0  -100.0  -81.049 -168.433      0.0   1003.4
     1     1     8     1    10    19     0     0  -101.0  -81.037 -168.029      0.0   1003.1
     1     1     8     1    10    18     0     0  -102.0  -81.050 -167.535      0.0   1003.0
     1     1     8     1    10    17     0     0  -103.0  -81.077 -167.027      0.1   1002.3
     1     1     8     1    10    16     0     0  -104.0  -81.112 -166.573      0.2   1001.9
     1     1     8     1    10    15     0     0  -105.0  -81.155 -166.176      0.4   1001.6
     1     1     8     1    10    14     0     0  -106.0  -81.205 -165.835      0.8   1001.6
     1     1     8     1    10    13     0     0  -107.0  -81.263 -165.552      1.2   1001.8
     1     1     8     1    10    12     0     0  -108.0  -81.329 -165.327      1.9   1002.1
     1     1     8     1    10    11     0     0  -109.0  -81.396 -165.104      2.7   1002.5
     1     1     8     1    10    10     0     0  -110.0  -81.459 -164.822      3.8   1003.0
     1     1     8     1    10     9     0     0  -111.0  -81.518 -164.473      5.1   1003.3
     1     1     8     1    10     8     0     0  -112.0  -81.572 -164.050      6.6   1003.5
     1     1     8     1    10     7     0     0  -113.0  -81.621 -163.549      8.5   1003.5
     1     1     8     1    10     6     0     0  -114.0  -81.664 -162.964     10.7   1003.2
     1     1     8     1    10     5     0     0  -115.0  -81.704 -162.289     13.7   1002.7
     1     1     8     1    10     4     0     0  -116.0  -81.744 -161.528     17.7   1002.1
     1     1     8     1    10     3     0     0  -117.0  -81.784 -160.684     22.7   1001.2
     1     1     8     1    10     2     0     0  -118.0  -81.822 -159.757     28.9   1000.0
     1     1     8     1    10     1     0     0  -119.0  -81.857 -158.754     36.6    998.3
     1     1     8     1    10     0     0     0  -120.0  -81.887 -157.693     46.1    996.4
