    12     1
    CDC1     7     9     1     0     0
    CDC1     7    10     1     0     0
    CDC1     7    11     1     0     0
    CDC1     7    12     1     0     0
    CDC1     8     1     1     0     0
    CDC1     8     2     1     0     0
    CDC1     8     3     1     0     0
    CDC1     8     4     1     0     0
    CDC1     8     5     1     0     0
    CDC1     8     6     1     0     0
    CDC1     8     7     1     0     0
    CDC1     8     8     1     0     0
     1 BACKWARD OMEGA   
     8     6     6     0  -80.930  159.503  1000.0
     1 PRESSURE
     1     1     8     6     6     0     0     0     0.0  -80.930  159.503   1000.0    744.1
     1     1     8     6     5    23     0     0    -1.0  -81.436  159.977    990.5    745.9
     1     1     8     6     5    22     0     0    -2.0  -81.933  160.518    993.3    746.3
     1     1     8     6     5    21     0     0    -3.0  -82.416  161.162   1014.4    745.1
     1     1     8     6     5    20     0     0    -4.0  -82.871  161.929   1047.5    729.0
     1     1     8     6     5    19     0     0    -5.0  -83.288  162.767   1090.6    710.2
     1     1     8     6     5    18     0     0    -6.0  -83.665  163.589   1138.1    692.3
     1     1     8     6     5    17     0     0    -7.0  -83.994  164.350   1185.5    675.7
     1     1     8     6     5    16     0     0    -8.0  -84.269  165.036   1232.6    661.1
     1     1     8     6     5    15     0     0    -9.0  -84.490  165.617   1280.0    648.0
     1     1     8     6     5    14     0     0   -10.0  -84.661  166.068   1328.8    636.7
     1     1     8     6     5    13     0     0   -11.0  -84.783  166.359   1379.8    627.0
     1     1     8     6     5    12     0     0   -12.0  -84.859  166.471   1433.7    618.8
     1     1     8     6     5    11     0     0   -13.0  -84.897  166.353   1489.8    611.7
     1     1     8     6     5    10     0     0   -14.0  -84.902  165.956   1544.0    605.5
     1     1     8     6     5     9     0     0   -15.0  -84.879  165.279   1597.0    599.5
     1     1     8     6     5     8     0     0   -16.0  -84.834  164.344   1648.1    593.6
     1     1     8     6     5     7     0     0   -17.0  -84.768  163.186   1696.6    587.9
     1     1     8     6     5     6     0     0   -18.0  -84.682  161.830   1742.0    582.9
     1     1     8     6     5     5     0     0   -19.0  -84.562  160.377   1783.7    578.8
     1     1     8     6     5     4     0     0   -20.0  -84.401  158.970   1817.9    576.7
     1     1     8     6     5     3     0     0   -21.0  -84.199  157.668   1847.2    575.8
     1     1     8     6     5     2     0     0   -22.0  -83.959  156.519   1873.9    576.9
     1     1     8     6     5     1     0     0   -23.0  -83.683  155.556   1898.4    579.4
     1     1     8     6     5     0     0     0   -24.0  -83.375  154.808   1921.8    583.2
     1     1     8     6     4    23     0     0   -25.0  -83.056  154.269   1946.9    588.2
     1     1     8     6     4    22     0     0   -26.0  -82.747  153.893   1973.8    593.0
     1     1     8     6     4    21     0     0   -27.0  -82.449  153.640   2001.2    596.3
     1     1     8     6     4    20     0     0   -28.0  -82.166  153.433   2020.6    593.2
     1     1     8     6     4    19     0     0   -29.0  -81.902  153.215   2037.1    590.4
     1     1     8     6     4    18     0     0   -30.0  -81.657  152.989   2049.9    587.7
     1     1     8     6     4    17     0     0   -31.0  -81.432  152.800   2057.1    585.8
     1     1     8     6     4    16     0     0   -32.0  -81.228  152.693   2056.2    585.2
     1     1     8     6     4    15     0     0   -33.0  -81.044  152.673   2047.7    585.9
     1     1     8     6     4    14     0     0   -34.0  -80.880  152.742   2031.8    587.7
     1     1     8     6     4    13     0     0   -35.0  -80.739  152.901   2008.5    590.7
     1     1     8     6     4    12     0     0   -36.0  -80.620  153.153   1977.7    595.0
     1     1     8     6     4    11     0     0   -37.0  -80.513  153.509   1940.1    600.7
     1     1     8     6     4    10     0     0   -38.0  -80.409  153.988   1896.2    607.9
     1     1     8     6     4     9     0     0   -39.0  -80.313  154.597   1845.6    617.0
     1     1     8     6     4     8     0     0   -40.0  -80.229  155.344   1788.8    628.7
     1     1     8     6     4     7     0     0   -41.0  -80.165  156.234   1726.3    643.4
     1     1     8     6     4     6     0     0   -42.0  -80.126  157.268   1658.3    660.5
     1     1     8     6     4     5     0     0   -43.0  -80.121  158.390   1590.2    678.9
     1     1     8     6     4     4     0     0   -44.0  -80.151  159.532   1531.9    696.2
     1     1     8     6     4     3     0     0   -45.0  -80.212  160.692   1485.5    713.1
     1     1     8     6     4     2     0     0   -46.0  -80.300  161.868   1452.7    728.7
     1     1     8     6     4     1     0     0   -47.0  -80.412  163.066   1432.1    742.4
     1     1     8     6     4     0     0     0   -48.0  -80.544  164.299   1421.3    754.4
     1     1     8     6     3    23     0     0   -49.0  -80.691  165.474   1419.0    764.1
     1     1     8     6     3    22     0     0   -50.0  -80.848  166.489   1422.5    770.4
     1     1     8     6     3    21     0     0   -51.0  -81.010  167.339   1433.6    774.0
     1     1     8     6     3    20     0     0   -52.0  -81.170  168.026   1452.4    774.7
     1     1     8     6     3    19     0     0   -53.0  -81.326  168.557   1479.9    773.0
     1     1     8     6     3    18     0     0   -54.0  -81.472  168.933   1517.0    769.2
     1     1     8     6     3    17     0     0   -55.0  -81.602  169.259   1556.7    764.9
     1     1     8     6     3    16     0     0   -56.0  -81.715  169.637   1593.6    762.4
     1     1     8     6     3    15     0     0   -57.0  -81.813  170.062   1627.1    760.8
     1     1     8     6     3    14     0     0   -58.0  -81.900  170.533   1656.8    759.6
     1     1     8     6     3    13     0     0   -59.0  -81.979  171.049   1683.2    759.2
     1     1     8     6     3    12     0     0   -60.0  -82.051  171.610   1706.3    759.5
     1     1     8     6     3    11     0     0   -61.0  -82.118  172.255   1726.6    760.3
     1     1     8     6     3    10     0     0   -62.0  -82.180  173.031   1742.2    761.6
     1     1     8     6     3     9     0     0   -63.0  -82.237  173.941   1754.6    763.7
     1     1     8     6     3     8     0     0   -64.0  -82.291  174.987   1764.6    766.8
     1     1     8     6     3     7     0     0   -65.0  -82.343  176.166   1773.0    770.5
     1     1     8     6     3     6     0     0   -66.0  -82.397  177.471   1781.1    775.1
     1     1     8     6     3     5     0     0   -67.0  -82.450  178.881   1785.9    777.3
     1     1     8     6     3     4     0     0   -68.0  -82.499 -179.627   1788.4    780.4
     1     1     8     6     3     3     0     0   -69.0  -82.546 -178.074   1787.1    782.0
     1     1     8     6     3     2     0     0   -70.0  -82.587 -176.480   1783.1    783.0
     1     1     8     6     3     1     0     0   -71.0  -82.619 -174.862   1777.5    783.9
     1     1     8     6     3     0     0     0   -72.0  -82.644 -173.229   1771.4    785.6
     1     1     8     6     2    23     0     0   -73.0  -82.649 -171.579   1768.8    786.8
     1     1     8     6     2    22     0     0   -74.0  -82.625 -169.906   1770.1    787.7
     1     1     8     6     2    21     0     0   -75.0  -82.569 -168.201   1777.0    790.0
     1     1     8     6     2    20     0     0   -76.0  -82.480 -166.460   1786.8    791.6
     1     1     8     6     2    19     0     0   -77.0  -82.351 -164.741   1794.5    788.3
     1     1     8     6     2    18     0     0   -78.0  -82.177 -163.082   1801.5    785.1
     1     1     8     6     2    17     0     0   -79.0  -81.962 -161.462   1805.1    780.9
     1     1     8     6     2    16     0     0   -80.0  -81.712 -159.871   1803.6    776.6
     1     1     8     6     2    15     0     0   -81.0  -81.427 -158.325   1798.3    772.4
     1     1     8     6     2    14     0     0   -82.0  -81.105 -156.835   1788.8    767.5
     1     1     8     6     2    13     0     0   -83.0  -80.744 -155.415   1775.5    761.8
     1     1     8     6     2    12     0     0   -84.0  -80.344 -154.073   1759.0    755.0
     1     1     8     6     2    11     0     0   -85.0  -79.907 -152.862   1741.4    749.0
     1     1     8     6     2    10     0     0   -86.0  -79.444 -151.838   1728.0    750.0
     1     1     8     6     2     9     0     0   -87.0  -78.963 -150.998   1715.2    750.8
     1     1     8     6     2     8     0     0   -88.0  -78.465 -150.318   1703.2    752.0
     1     1     8     6     2     7     0     0   -89.0  -77.947 -149.777   1691.7    753.3
     1     1     8     6     2     6     0     0   -90.0  -77.412 -149.354   1681.0    754.8
     1     1     8     6     2     5     0     0   -91.0  -76.876 -149.005   1672.6    758.9
     1     1     8     6     2     4     0     0   -92.0  -76.351 -148.702   1666.0    763.6
     1     1     8     6     2     3     0     0   -93.0  -75.836 -148.453   1661.6    768.8
     1     1     8     6     2     2     0     0   -94.0  -75.327 -148.263   1659.4    774.3
     1     1     8     6     2     1     0     0   -95.0  -74.823 -148.130   1657.8    778.6
     1     1     8     6     2     0     0     0   -96.0  -74.323 -148.033   1653.4    780.6
     1     1     8     6     1    23     0     0   -97.0  -73.828 -147.923   1646.2    782.7
     1     1     8     6     1    22     0     0   -98.0  -73.337 -147.774   1636.7    785.3
     1     1     8     6     1    21     0     0   -99.0  -72.849 -147.592   1623.7    788.5
     1     1     8     6     1    20     0     0  -100.0  -72.364 -147.385   1606.4    791.8
     1     1     8     6     1    19     0     0  -101.0  -71.875 -147.163   1583.2    794.1
     1     1     8     6     1    18     0     0  -102.0  -71.380 -146.935   1555.1    796.9
     1     1     8     6     1    17     0     0  -103.0  -70.890 -146.729   1521.6    800.6
     1     1     8     6     1    16     0     0  -104.0  -70.415 -146.569   1483.3    804.8
     1     1     8     6     1    15     0     0  -105.0  -69.956 -146.451   1440.6    809.3
     1     1     8     6     1    14     0     0  -106.0  -69.512 -146.382   1396.3    813.9
     1     1     8     6     1    13     0     0  -107.0  -69.082 -146.370   1352.6    818.5
     1     1     8     6     1    12     0     0  -108.0  -68.662 -146.411   1309.4    823.2
     1     1     8     6     1    11     0     0  -109.0  -68.245 -146.488   1268.9    826.5
     1     1     8     6     1    10     0     0  -110.0  -67.823 -146.586   1233.6    828.9
     1     1     8     6     1     9     0     0  -111.0  -67.393 -146.701   1202.6    831.2
     1     1     8     6     1     8     0     0  -112.0  -66.955 -146.833   1177.1    834.1
     1     1     8     6     1     7     0     0  -113.0  -66.506 -146.982   1156.9    836.5
     1     1     8     6     1     6     0     0  -114.0  -66.043 -147.148   1140.8    838.8
     1     1     8     6     1     5     0     0  -115.0  -65.581 -147.339   1128.5    841.7
     1     1     8     6     1     4     0     0  -116.0  -65.137 -147.564   1121.2    844.1
     1     1     8     6     1     3     0     0  -117.0  -64.712 -147.811   1118.1    844.8
     1     1     8     6     1     2     0     0  -118.0  -64.308 -148.069   1119.1    844.7
     1     1     8     6     1     1     0     0  -119.0  -63.921 -148.325   1124.3    844.3
     1     1     8     6     1     0     0     0  -120.0  -63.547 -148.568   1133.6    843.6
