    12     1
    CDC1     7     9     1     0     0
    CDC1     7    10     1     0     0
    CDC1     7    11     1     0     0
    CDC1     7    12     1     0     0
    CDC1     8     1     1     0     0
    CDC1     8     2     1     0     0
    CDC1     8     3     1     0     0
    CDC1     8     4     1     0     0
    CDC1     8     5     1     0     0
    CDC1     8     6     1     0     0
    CDC1     8     7     1     0     0
    CDC1     8     8     1     0     0
     1 BACKWARD OMEGA   
     8     3     3     0  -80.930  159.503  1000.0
     1 PRESSURE
     1     1     8     3     3     0     0     0     0.0  -80.930  159.503   1000.0    742.0
     1     1     8     3     2    23     0     0    -1.0  -81.165  159.487   1029.4    736.7
     1     1     8     3     2    22     0     0    -2.0  -81.368  159.604   1053.1    733.9
     1     1     8     3     2    21     0     0    -3.0  -81.538  159.857   1071.5    733.2
     1     1     8     3     2    20     0     0    -4.0  -81.674  160.236   1085.4    734.3
     1     1     8     3     2    19     0     0    -5.0  -81.776  160.714   1096.2    736.8
     1     1     8     3     2    18     0     0    -6.0  -81.841  161.266   1105.1    740.4
     1     1     8     3     2    17     0     0    -7.0  -81.885  161.890   1113.0    745.3
     1     1     8     3     2    16     0     0    -8.0  -81.920  162.600   1119.9    750.9
     1     1     8     3     2    15     0     0    -9.0  -81.950  163.402   1124.7    757.3
     1     1     8     3     2    14     0     0   -10.0  -81.980  164.296   1126.9    764.8
     1     1     8     3     2    13     0     0   -11.0  -82.010  165.283   1127.0    773.2
     1     1     8     3     2    12     0     0   -12.0  -82.042  166.363   1125.1    782.6
     1     1     8     3     2    11     0     0   -13.0  -82.076  167.486   1124.8    792.5
     1     1     8     3     2    10     0     0   -14.0  -82.115  168.600   1126.9    800.2
     1     1     8     3     2     9     0     0   -15.0  -82.160  169.710   1132.3    807.2
     1     1     8     3     2     8     0     0   -16.0  -82.213  170.818   1140.8    812.9
     1     1     8     3     2     7     0     0   -17.0  -82.274  171.926   1152.5    818.0
     1     1     8     3     2     6     0     0   -18.0  -82.345  173.042   1167.3    822.1
     1     1     8     3     2     5     0     0   -19.0  -82.422  174.209   1181.8    825.3
     1     1     8     3     2     4     0     0   -20.0  -82.503  175.463   1193.6    829.0
     1     1     8     3     2     3     0     0   -21.0  -82.585  176.814   1199.3    829.2
     1     1     8     3     2     2     0     0   -22.0  -82.666  178.262   1199.6    830.1
     1     1     8     3     2     1     0     0   -23.0  -82.745  179.801   1194.4    831.6
     1     1     8     3     2     0     0     0   -24.0  -82.820 -178.570   1183.4    833.6
     1     1     8     3     1    23     0     0   -25.0  -82.890 -176.911   1169.1    836.0
     1     1     8     3     1    22     0     0   -26.0  -82.951 -175.289   1154.3    837.2
     1     1     8     3     1    21     0     0   -27.0  -82.999 -173.698   1139.5    838.9
     1     1     8     3     1    20     0     0   -28.0  -83.032 -172.122   1124.4    841.4
     1     1     8     3     1    19     0     0   -29.0  -83.049 -170.562   1109.1    843.9
     1     1     8     3     1    18     0     0   -30.0  -83.052 -169.026   1094.7    846.7
     1     1     8     3     1    17     0     0   -31.0  -83.037 -167.523   1079.6    850.2
     1     1     8     3     1    16     0     0   -32.0  -83.006 -166.057   1060.5    855.3
     1     1     8     3     1    15     0     0   -33.0  -82.959 -164.631   1038.3    861.0
     1     1     8     3     1    14     0     0   -34.0  -82.898 -163.255   1013.3    866.9
     1     1     8     3     1    13     0     0   -35.0  -82.824 -161.936    986.4    873.6
     1     1     8     3     1    12     0     0   -36.0  -82.737 -160.670    958.0    880.8
     1     1     8     3     1    11     0     0   -37.0  -82.646 -159.413    934.1    886.9
     1     1     8     3     1    10     0     0   -38.0  -82.552 -158.124    922.8    890.8
     1     1     8     3     1     9     0     0   -39.0  -82.449 -156.803    921.8    891.0
     1     1     8     3     1     8     0     0   -40.0  -82.328 -155.456    929.7    886.7
     1     1     8     3     1     7     0     0   -41.0  -82.181 -154.095    946.5    880.8
     1     1     8     3     1     6     0     0   -42.0  -82.002 -152.736    970.9    872.9
     1     1     8     3     1     5     0     0   -43.0  -81.790 -151.414    997.6    863.2
     1     1     8     3     1     4     0     0   -44.0  -81.553 -150.146   1022.8    853.7
     1     1     8     3     1     3     0     0   -45.0  -81.293 -148.920   1047.5    843.1
     1     1     8     3     1     2     0     0   -46.0  -81.014 -147.719   1073.0    831.4
     1     1     8     3     1     1     0     0   -47.0  -80.716 -146.529   1100.0    818.1
     1     1     8     3     1     0     0     0   -48.0  -80.401 -145.333   1129.4    803.2
     1     1     8     2    29    23     0     0   -49.0  -80.057 -144.128   1161.3    786.7
     1     1     8     2    29    22     0     0   -50.0  -79.676 -142.915   1193.8    774.7
     1     1     8     2    29    21     0     0   -51.0  -79.263 -141.692   1220.2    762.9
     1     1     8     2    29    20     0     0   -52.0  -78.811 -140.453   1237.0    749.6
     1     1     8     2    29    19     0     0   -53.0  -78.316 -139.183   1240.9    735.1
     1     1     8     2    29    18     0     0   -54.0  -77.771 -137.863   1227.9    719.6
     1     1     8     2    29    17     0     0   -55.0  -77.206 -136.479   1208.1    716.5
     1     1     8     2    29    16     0     0   -56.0  -76.664 -135.038   1190.7    726.4
     1     1     8     2    29    15     0     0   -57.0  -76.161 -133.537   1171.2    737.7
     1     1     8     2    29    14     0     0   -58.0  -75.692 -131.968   1148.3    749.5
     1     1     8     2    29    13     0     0   -59.0  -75.251 -130.317   1120.3    761.7
     1     1     8     2    29    12     0     0   -60.0  -74.838 -128.626   1086.7    775.4
     1     1     8     2    29    11     0     0   -61.0  -74.442 -127.020   1047.0    791.4
     1     1     8     2    29    10     0     0   -62.0  -74.054 -125.580   1002.8    811.0
     1     1     8     2    29     9     0     0   -63.0  -73.676 -124.286    955.6    832.5
     1     1     8     2    29     8     0     0   -64.0  -73.306 -123.120    907.3    854.4
     1     1     8     2    29     7     0     0   -65.0  -72.940 -122.069    859.9    875.8
     1     1     8     2    29     6     0     0   -66.0  -72.575 -121.114    815.2    896.9
     1     1     8     2    29     5     0     0   -67.0  -72.218 -120.249    769.5    904.6
     1     1     8     2    29     4     0     0   -68.0  -71.878 -119.474    725.1    908.6
     1     1     8     2    29     3     0     0   -69.0  -71.557 -118.782    683.9    912.4
     1     1     8     2    29     2     0     0   -70.0  -71.254 -118.161    646.1    916.1
     1     1     8     2    29     1     0     0   -71.0  -70.973 -117.602    612.4    919.2
     1     1     8     2    29     0     0     0   -72.0  -70.712 -117.095    583.3    921.2
     1     1     8     2    28    23     0     0   -73.0  -70.457 -116.647    559.1    922.4
     1     1     8     2    28    22     0     0   -74.0  -70.191 -116.270    539.5    923.1
     1     1     8     2    28    21     0     0   -75.0  -69.918 -115.960    523.8    923.8
     1     1     8     2    28    20     0     0   -76.0  -69.642 -115.706    510.1    925.6
     1     1     8     2    28    19     0     0   -77.0  -69.369 -115.500    496.8    927.6
     1     1     8     2    28    18     0     0   -78.0  -69.099 -115.334    483.8    929.7
     1     1     8     2    28    17     0     0   -79.0  -68.846 -115.207    472.1    931.8
     1     1     8     2    28    16     0     0   -80.0  -68.622 -115.115    463.3    933.3
     1     1     8     2    28    15     0     0   -81.0  -68.426 -115.050    457.3    934.5
     1     1     8     2    28    14     0     0   -82.0  -68.260 -115.006    454.1    935.2
     1     1     8     2    28    13     0     0   -83.0  -68.124 -114.977    453.5    935.5
     1     1     8     2    28    12     0     0   -84.0  -68.016 -114.960    455.7    935.5
     1     1     8     2    28    11     0     0   -85.0  -67.918 -114.948    460.2    935.2
     1     1     8     2    28    10     0     0   -86.0  -67.813 -114.932    466.3    934.8
     1     1     8     2    28     9     0     0   -87.0  -67.703 -114.910    474.5    934.2
     1     1     8     2    28     8     0     0   -88.0  -67.586 -114.882    485.0    933.4
     1     1     8     2    28     7     0     0   -89.0  -67.464 -114.843    497.8    932.2
     1     1     8     2    28     6     0     0   -90.0  -67.338 -114.791    512.1    930.4
     1     1     8     2    28     5     0     0   -91.0  -67.216 -114.733    526.2    928.3
     1     1     8     2    28     4     0     0   -92.0  -67.105 -114.677    538.7    926.6
     1     1     8     2    28     3     0     0   -93.0  -67.005 -114.624    549.6    925.2
     1     1     8     2    28     2     0     0   -94.0  -66.914 -114.576    558.8    923.9
     1     1     8     2    28     1     0     0   -95.0  -66.832 -114.533    566.4    922.8
     1     1     8     2    28     0     0     0   -96.0  -66.758 -114.496    572.5    921.9
     1     1     8     2    27    23     0     0   -97.0  -66.685 -114.448    576.7    921.1
     1     1     8     2    27    22     0     0   -98.0  -66.605 -114.369    578.6    920.5
     1     1     8     2    27    21     0     0   -99.0  -66.520 -114.255    578.3    920.2
     1     1     8     2    27    20     0     0  -100.0  -66.430 -114.105    575.8    920.1
     1     1     8     2    27    19     0     0  -101.0  -66.336 -113.916    571.2    920.2
     1     1     8     2    27    18     0     0  -102.0  -66.238 -113.686    564.6    920.6
     1     1     8     2    27    17     0     0  -103.0  -66.148 -113.423    557.1    921.3
     1     1     8     2    27    16     0     0  -104.0  -66.073 -113.139    550.1    922.0
     1     1     8     2    27    15     0     0  -105.0  -66.013 -112.834    543.5    922.7
     1     1     8     2    27    14     0     0  -106.0  -65.966 -112.508    537.3    923.4
     1     1     8     2    27    13     0     0  -107.0  -65.933 -112.159    531.5    923.9
     1     1     8     2    27    12     0     0  -108.0  -65.911 -111.786    526.2    924.4
     1     1     8     2    27    11     0     0  -109.0  -65.897 -111.360    520.7    924.5
     1     1     8     2    27    10     0     0  -110.0  -65.888 -110.846    515.1    924.7
     1     1     8     2    27     9     0     0  -111.0  -65.882 -110.241    508.8    925.0
     1     1     8     2    27     8     0     0  -112.0  -65.876 -109.537    501.8    925.1
     1     1     8     2    27     7     0     0  -113.0  -65.864 -108.730    493.9    925.2
     1     1     8     2    27     6     0     0  -114.0  -65.844 -107.817    485.0    925.4
     1     1     8     2    27     5     0     0  -115.0  -65.810 -106.822    475.4    925.6
     1     1     8     2    27     4     0     0  -116.0  -65.753 -105.776    465.7    925.5
     1     1     8     2    27     3     0     0  -117.0  -65.662 -104.688    455.4    925.1
     1     1     8     2    27     2     0     0  -118.0  -65.530 -103.572    444.1    924.2
     1     1     8     2    27     1     0     0  -119.0  -65.349 -102.440    431.8    923.2
     1     1     8     2    27     0     0     0  -120.0  -65.115 -101.309    418.3    922.9
