    12     1
    CDC1     7     9     1     0     0
    CDC1     7    10     1     0     0
    CDC1     7    11     1     0     0
    CDC1     7    12     1     0     0
    CDC1     8     1     1     0     0
    CDC1     8     2     1     0     0
    CDC1     8     3     1     0     0
    CDC1     8     4     1     0     0
    CDC1     8     5     1     0     0
    CDC1     8     6     1     0     0
    CDC1     8     7     1     0     0
    CDC1     8     8     1     0     0
     1 BACKWARD OMEGA   
     8     7    14     0  -80.930  159.503  1000.0
     1 PRESSURE
     1     1     8     7    14     0     0     0     0.0  -80.930  159.503   1000.0    717.7
     1     1     8     7    13    23     0     0    -1.0  -81.176  159.281   1069.2    707.5
     1     1     8     7    13    22     0     0    -2.0  -81.426  159.236   1140.2    698.9
     1     1     8     7    13    21     0     0    -3.0  -81.675  159.324   1211.7    691.8
     1     1     8     7    13    20     0     0    -4.0  -81.919  159.495   1282.8    685.2
     1     1     8     7    13    19     0     0    -5.0  -82.153  159.692   1352.6    678.8
     1     1     8     7    13    18     0     0    -6.0  -82.377  159.868   1421.7    672.5
     1     1     8     7    13    17     0     0    -7.0  -82.579  160.114   1483.5    664.0
     1     1     8     7    13    16     0     0    -8.0  -82.757  160.544   1532.3    655.7
     1     1     8     7    13    15     0     0    -9.0  -82.913  161.148   1570.6    650.6
     1     1     8     7    13    14     0     0   -10.0  -83.050  161.895   1599.4    647.9
     1     1     8     7    13    13     0     0   -11.0  -83.171  162.756   1619.3    647.0
     1     1     8     7    13    12     0     0   -12.0  -83.276  163.709   1630.8    647.5
     1     1     8     7    13    11     0     0   -13.0  -83.376  164.781   1641.2    648.7
     1     1     8     7    13    10     0     0   -14.0  -83.481  166.007   1653.2    649.7
     1     1     8     7    13     9     0     0   -15.0  -83.586  167.397   1667.7    651.1
     1     1     8     7    13     8     0     0   -16.0  -83.687  168.969   1683.4    652.8
     1     1     8     7    13     7     0     0   -17.0  -83.781  170.750   1700.3    655.2
     1     1     8     7    13     6     0     0   -18.0  -83.863  172.781   1717.3    659.0
     1     1     8     7    13     5     0     0   -19.0  -83.925  174.980   1733.8    664.1
     1     1     8     7    13     4     0     0   -20.0  -83.965  177.223   1745.4    670.6
     1     1     8     7    13     3     0     0   -21.0  -83.981  179.489   1754.6    678.1
     1     1     8     7    13     2     0     0   -22.0  -83.971 -178.251   1761.0    686.6
     1     1     8     7    13     1     0     0   -23.0  -83.936 -176.030   1765.0    695.5
     1     1     8     7    13     0     0     0   -24.0  -83.871 -173.876   1767.2    705.2
     1     1     8     7    12    23     0     0   -25.0  -83.787 -171.682   1767.3    714.4
     1     1     8     7    12    22     0     0   -26.0  -83.691 -169.361   1765.7    723.5
     1     1     8     7    12    21     0     0   -27.0  -83.579 -166.937   1762.8    732.1
     1     1     8     7    12    20     0     0   -28.0  -83.447 -164.454   1759.1    740.0
     1     1     8     7    12    19     0     0   -29.0  -83.293 -161.971   1755.5    747.4
     1     1     8     7    12    18     0     0   -30.0  -83.115 -159.536   1754.1    755.3
     1     1     8     7    12    17     0     0   -31.0  -82.910 -157.225   1754.4    762.7
     1     1     8     7    12    16     0     0   -32.0  -82.677 -155.112   1756.8    769.1
     1     1     8     7    12    15     0     0   -33.0  -82.421 -153.242   1759.9    771.7
     1     1     8     7    12    14     0     0   -34.0  -82.147 -151.596   1757.2    765.3
     1     1     8     7    12    13     0     0   -35.0  -81.862 -150.148   1753.1    758.2
     1     1     8     7    12    12     0     0   -36.0  -81.568 -148.899   1746.7    750.8
     1     1     8     7    12    11     0     0   -37.0  -81.271 -147.861   1740.5    742.1
     1     1     8     7    12    10     0     0   -38.0  -80.977 -147.045   1737.0    732.6
     1     1     8     7    12     9     0     0   -39.0  -80.687 -146.468   1734.3    723.4
     1     1     8     7    12     8     0     0   -40.0  -80.400 -146.150   1731.3    715.0
     1     1     8     7    12     7     0     0   -41.0  -80.118 -146.113   1727.0    707.9
     1     1     8     7    12     6     0     0   -42.0  -79.845 -146.338   1723.3    705.3
     1     1     8     7    12     5     0     0   -43.0  -79.589 -146.660   1720.4    706.8
     1     1     8     7    12     4     0     0   -44.0  -79.354 -146.954   1718.7    708.1
     1     1     8     7    12     3     0     0   -45.0  -79.140 -147.227   1719.0    709.4
     1     1     8     7    12     2     0     0   -46.0  -78.946 -147.483   1722.0    710.3
     1     1     8     7    12     1     0     0   -47.0  -78.775 -147.726   1728.5    710.8
     1     1     8     7    12     0     0     0   -48.0  -78.624 -147.957   1739.0    710.9
     1     1     8     7    11    23     0     0   -49.0  -78.487 -148.201   1750.6    710.7
     1     1     8     7    11    22     0     0   -50.0  -78.355 -148.485   1759.6    711.3
     1     1     8     7    11    21     0     0   -51.0  -78.230 -148.809   1765.6    712.6
     1     1     8     7    11    20     0     0   -52.0  -78.115 -149.170   1768.3    714.4
     1     1     8     7    11    19     0     0   -53.0  -78.010 -149.570   1767.0    716.9
     1     1     8     7    11    18     0     0   -54.0  -77.919 -150.008   1761.5    720.1
     1     1     8     7    11    17     0     0   -55.0  -77.841 -150.453   1753.4    723.6
     1     1     8     7    11    16     0     0   -56.0  -77.775 -150.872   1741.9    727.1
     1     1     8     7    11    15     0     0   -57.0  -77.723 -151.257   1728.0    730.5
     1     1     8     7    11    14     0     0   -58.0  -77.683 -151.602   1711.3    733.9
     1     1     8     7    11    13     0     0   -59.0  -77.658 -151.899   1691.6    737.2
     1     1     8     7    11    12     0     0   -60.0  -77.644 -152.141   1668.8    740.4
     1     1     8     7    11    11     0     0   -61.0  -77.636 -152.305   1645.2    743.5
     1     1     8     7    11    10     0     0   -62.0  -77.626 -152.375   1622.2    746.0
     1     1     8     7    11     9     0     0   -63.0  -77.610 -152.348   1600.2    748.0
     1     1     8     7    11     8     0     0   -64.0  -77.589 -152.225   1579.3    749.3
     1     1     8     7    11     7     0     0   -65.0  -77.560 -152.004   1559.6    750.0
     1     1     8     7    11     6     0     0   -66.0  -77.520 -151.687   1541.1    750.0
     1     1     8     7    11     5     0     0   -67.0  -77.471 -151.282   1524.2    749.8
     1     1     8     7    11     4     0     0   -68.0  -77.415 -150.799   1508.6    749.2
     1     1     8     7    11     3     0     0   -69.0  -77.348 -150.245   1495.2    748.2
     1     1     8     7    11     2     0     0   -70.0  -77.268 -149.632   1483.6    746.5
     1     1     8     7    11     1     0     0   -71.0  -77.169 -148.980   1473.6    744.2
     1     1     8     7    11     0     0     0   -72.0  -77.051 -148.305   1465.2    742.0
     1     1     8     7    10    23     0     0   -73.0  -76.904 -147.601   1457.1    740.5
     1     1     8     7    10    22     0     0   -74.0  -76.722 -146.863   1446.7    739.9
     1     1     8     7    10    21     0     0   -75.0  -76.505 -146.102   1433.8    740.4
     1     1     8     7    10    20     0     0   -76.0  -76.256 -145.327   1418.0    742.4
     1     1     8     7    10    19     0     0   -77.0  -75.976 -144.547   1398.5    745.9
     1     1     8     7    10    18     0     0   -78.0  -75.669 -143.767   1374.7    751.4
     1     1     8     7    10    17     0     0   -79.0  -75.347 -143.008   1346.1    759.0
     1     1     8     7    10    16     0     0   -80.0  -75.022 -142.277   1315.0    767.8
     1     1     8     7    10    15     0     0   -81.0  -74.702 -141.580   1280.4    774.0
     1     1     8     7    10    14     0     0   -82.0  -74.394 -140.922   1245.7    780.4
     1     1     8     7    10    13     0     0   -83.0  -74.099 -140.289   1211.3    787.3
     1     1     8     7    10    12     0     0   -84.0  -73.817 -139.666   1177.0    794.7
     1     1     8     7    10    11     0     0   -85.0  -73.542 -139.043   1143.1    802.8
     1     1     8     7    10    10     0     0   -86.0  -73.265 -138.418   1108.0    811.7
     1     1     8     7    10     9     0     0   -87.0  -72.982 -137.783   1071.5    821.6
     1     1     8     7    10     8     0     0   -88.0  -72.693 -137.132   1032.4    832.6
     1     1     8     7    10     7     0     0   -89.0  -72.395 -136.471    988.3    842.1
     1     1     8     7    10     6     0     0   -90.0  -72.083 -135.827    937.1    846.9
     1     1     8     7    10     5     0     0   -91.0  -71.759 -135.280    883.7    852.5
     1     1     8     7    10     4     0     0   -92.0  -71.426 -134.882    830.6    857.5
     1     1     8     7    10     3     0     0   -93.0  -71.086 -134.632    778.2    862.3
     1     1     8     7    10     2     0     0   -94.0  -70.737 -134.525    726.6    867.0
     1     1     8     7    10     1     0     0   -95.0  -70.377 -134.552    675.6    871.5
     1     1     8     7    10     0     0     0   -96.0  -70.001 -134.704    624.8    875.8
     1     1     8     7     9    23     0     0   -97.0  -69.626 -134.948    577.5    884.8
     1     1     8     7     9    22     0     0   -98.0  -69.271 -135.251    534.8    893.2
     1     1     8     7     9    21     0     0   -99.0  -68.936 -135.606    496.2    901.2
     1     1     8     7     9    20     0     0  -100.0  -68.619 -136.004    460.9    908.9
     1     1     8     7     9    19     0     0  -101.0  -68.321 -136.441    428.7    916.3
     1     1     8     7     9    18     0     0  -102.0  -68.040 -136.910    399.3    923.5
     1     1     8     7     9    17     0     0  -103.0  -67.773 -137.411    370.7    928.8
     1     1     8     7     9    16     0     0  -104.0  -67.518 -137.949    342.1    933.7
     1     1     8     7     9    15     0     0  -105.0  -67.281 -138.508    315.0    936.9
     1     1     8     7     9    14     0     0  -106.0  -67.066 -139.072    290.7    939.7
     1     1     8     7     9    13     0     0  -107.0  -66.878 -139.636    269.3    942.5
     1     1     8     7     9    12     0     0  -108.0  -66.719 -140.203    250.9    945.1
     1     1     8     7     9    11     0     0  -109.0  -66.578 -140.754    235.2    947.5
     1     1     8     7     9    10     0     0  -110.0  -66.447 -141.272    222.0    949.8
     1     1     8     7     9     9     0     0  -111.0  -66.331 -141.757    211.3    951.8
     1     1     8     7     9     8     0     0  -112.0  -66.232 -142.214    202.8    953.4
     1     1     8     7     9     7     0     0  -113.0  -66.154 -142.644    196.2    954.4
     1     1     8     7     9     6     0     0  -114.0  -66.097 -143.054    191.5    955.0
     1     1     8     7     9     5     0     0  -115.0  -66.046 -143.426    187.1    955.7
     1     1     8     7     9     4     0     0  -116.0  -65.989 -143.741    181.4    956.6
     1     1     8     7     9     3     0     0  -117.0  -65.925 -143.996    174.6    957.7
     1     1     8     7     9     2     0     0  -118.0  -65.854 -144.190    166.6    958.9
     1     1     8     7     9     1     0     0  -119.0  -65.777 -144.323    157.4    960.3
     1     1     8     7     9     0     0     0  -120.0  -65.692 -144.391    147.1    961.8
