    12     1
    CDC1     7     9     1     0     0
    CDC1     7    10     1     0     0
    CDC1     7    11     1     0     0
    CDC1     7    12     1     0     0
    CDC1     8     1     1     0     0
    CDC1     8     2     1     0     0
    CDC1     8     3     1     0     0
    CDC1     8     4     1     0     0
    CDC1     8     5     1     0     0
    CDC1     8     6     1     0     0
    CDC1     8     7     1     0     0
    CDC1     8     8     1     0     0
     1 BACKWARD OMEGA   
     8     7    12     0  -80.930  159.503  1000.0
     1 PRESSURE
     1     1     8     7    12     0     0     0     0.0  -80.930  159.503   1000.0    716.3
     1     1     8     7    11    23     0     0    -1.0  -81.162  160.159   1003.4    720.7
     1     1     8     7    11    22     0     0    -2.0  -81.410  160.840   1007.5    724.8
     1     1     8     7    11    21     0     0    -3.0  -81.676  161.573   1013.0    728.3
     1     1     8     7    11    20     0     0    -4.0  -81.960  162.366   1018.7    731.5
     1     1     8     7    11    19     0     0    -5.0  -82.261  163.223   1025.8    734.3
     1     1     8     7    11    18     0     0    -6.0  -82.581  164.207   1037.1    733.4
     1     1     8     7    11    17     0     0    -7.0  -82.917  165.533   1049.9    724.4
     1     1     8     7    11    16     0     0    -8.0  -83.272  167.330   1065.2    715.8
     1     1     8     7    11    15     0     0    -9.0  -83.642  169.588   1079.7    706.7
     1     1     8     7    11    14     0     0   -10.0  -84.020  172.289   1093.7    697.0
     1     1     8     7    11    13     0     0   -11.0  -84.400  175.429   1106.4    687.3
     1     1     8     7    11    12     0     0   -12.0  -84.770  179.011   1118.1    678.7
     1     1     8     7    11    11     0     0   -13.0  -85.116 -176.901   1128.1    674.5
     1     1     8     7    11    10     0     0   -14.0  -85.420 -171.792   1136.8    675.9
     1     1     8     7    11     9     0     0   -15.0  -85.669 -165.515   1144.0    677.8
     1     1     8     7    11     8     0     0   -16.0  -85.842 -158.195   1157.8    678.1
     1     1     8     7    11     7     0     0   -17.0  -85.916 -150.295   1179.6    676.6
     1     1     8     7    11     6     0     0   -18.0  -85.889 -142.370   1201.8    673.9
     1     1     8     7    11     5     0     0   -19.0  -85.786 -135.070   1219.6    667.9
     1     1     8     7    11     4     0     0   -20.0  -85.633 -128.871   1243.2    659.3
     1     1     8     7    11     3     0     0   -21.0  -85.452 -123.769   1274.1    649.8
     1     1     8     7    11     2     0     0   -22.0  -85.262 -119.671   1309.4    640.5
     1     1     8     7    11     1     0     0   -23.0  -85.077 -116.456   1348.6    633.4
     1     1     8     7    11     0     0     0   -24.0  -84.905 -113.913   1387.6    626.0
     1     1     8     7    10    23     0     0   -25.0  -84.724 -111.886   1420.1    619.1
     1     1     8     7    10    22     0     0   -26.0  -84.517 -110.432   1447.0    613.3
     1     1     8     7    10    21     0     0   -27.0  -84.290 -109.465   1470.2    608.8
     1     1     8     7    10    20     0     0   -28.0  -84.048 -108.900   1492.5    605.3
     1     1     8     7    10    19     0     0   -29.0  -83.794 -108.656   1516.3    602.2
     1     1     8     7    10    18     0     0   -30.0  -83.531 -108.661   1544.8    599.3
     1     1     8     7    10    17     0     0   -31.0  -83.271 -108.821   1577.4    595.9
     1     1     8     7    10    16     0     0   -32.0  -83.029 -109.068   1613.4    592.7
     1     1     8     7    10    15     0     0   -33.0  -82.804 -109.397   1651.8    589.7
     1     1     8     7    10    14     0     0   -34.0  -82.600 -109.808   1692.1    587.1
     1     1     8     7    10    13     0     0   -35.0  -82.415 -110.274   1733.2    585.5
     1     1     8     7    10    12     0     0   -36.0  -82.251 -110.751   1772.9    584.8
     1     1     8     7    10    11     0     0   -37.0  -82.096 -111.233   1809.7    584.4
     1     1     8     7    10    10     0     0   -38.0  -81.939 -111.738   1843.7    584.3
     1     1     8     7    10     9     0     0   -39.0  -81.780 -112.262   1875.4    584.3
     1     1     8     7    10     8     0     0   -40.0  -81.621 -112.799   1905.6    584.5
     1     1     8     7    10     7     0     0   -41.0  -81.464 -113.341   1934.7    584.8
     1     1     8     7    10     6     0     0   -42.0  -81.309 -113.885   1962.9    585.2
     1     1     8     7    10     5     0     0   -43.0  -81.166 -114.469   1992.8    585.7
     1     1     8     7    10     4     0     0   -44.0  -81.043 -115.121   2026.9    585.8
     1     1     8     7    10     3     0     0   -45.0  -80.939 -115.822   2065.7    585.5
     1     1     8     7    10     2     0     0   -46.0  -80.850 -116.557   2109.5    584.7
     1     1     8     7    10     1     0     0   -47.0  -80.775 -117.315   2158.4    583.4
     1     1     8     7    10     0     0     0   -48.0  -80.712 -118.094   2212.7    581.7
     1     1     8     7     9    23     0     0   -49.0  -80.658 -118.943   2271.1    579.9
     1     1     8     7     9    22     0     0   -50.0  -80.604 -119.906   2331.1    578.3
     1     1     8     7     9    21     0     0   -51.0  -80.547 -120.970   2391.0    576.5
     1     1     8     7     9    20     0     0   -52.0  -80.481 -122.127   2449.4    574.9
     1     1     8     7     9    19     0     0   -53.0  -80.403 -123.366   2504.5    573.2
     1     1     8     7     9    18     0     0   -54.0  -80.308 -124.669   2554.3    571.8
     1     1     8     7     9    17     0     0   -55.0  -80.196 -125.975   2598.6    569.7
     1     1     8     7     9    16     0     0   -56.0  -80.066 -127.236   2639.0    567.1
     1     1     8     7     9    15     0     0   -57.0  -79.919 -128.472   2674.3    563.9
     1     1     8     7     9    14     0     0   -58.0  -79.754 -129.701   2704.9    560.5
     1     1     8     7     9    13     0     0   -59.0  -79.571 -130.929   2732.1    557.8
     1     1     8     7     9    12     0     0   -60.0  -79.367 -132.150   2755.1    555.4
     1     1     8     7     9    11     0     0   -61.0  -79.145 -133.357   2773.1    554.0
     1     1     8     7     9    10     0     0   -62.0  -78.909 -134.545   2782.2    554.0
     1     1     8     7     9     9     0     0   -63.0  -78.661 -135.721   2786.9    555.3
     1     1     8     7     9     8     0     0   -64.0  -78.403 -136.892   2789.6    557.7
     1     1     8     7     9     7     0     0   -65.0  -78.136 -138.072   2793.5    561.5
     1     1     8     7     9     6     0     0   -66.0  -77.860 -139.272   2800.7    567.1
     1     1     8     7     9     5     0     0   -67.0  -77.572 -140.471   2807.0    572.6
     1     1     8     7     9     4     0     0   -68.0  -77.274 -141.631   2818.6    584.9
     1     1     8     7     9     3     0     0   -69.0  -76.966 -142.738   2825.6    599.2
     1     1     8     7     9     2     0     0   -70.0  -76.648 -143.787   2825.3    612.7
     1     1     8     7     9     1     0     0   -71.0  -76.321 -144.778   2820.0    625.3
     1     1     8     7     9     0     0     0   -72.0  -75.989 -145.711   2810.8    636.6
     1     1     8     7     8    23     0     0   -73.0  -75.657 -146.603   2798.3    645.8
     1     1     8     7     8    22     0     0   -74.0  -75.335 -147.485   2787.1    653.8
     1     1     8     7     8    21     0     0   -75.0  -75.021 -148.386   2775.2    660.1
     1     1     8     7     8    20     0     0   -76.0  -74.717 -149.335   2760.6    663.5
     1     1     8     7     8    19     0     0   -77.0  -74.420 -150.340   2745.4    666.5
     1     1     8     7     8    18     0     0   -78.0  -74.129 -151.393   2730.3    669.3
     1     1     8     7     8    17     0     0   -79.0  -73.841 -152.452   2713.8    671.4
     1     1     8     7     8    16     0     0   -80.0  -73.558 -153.481   2694.3    673.5
     1     1     8     7     8    15     0     0   -81.0  -73.277 -154.484   2672.2    675.4
     1     1     8     7     8    14     0     0   -82.0  -72.999 -155.459   2647.8    677.6
     1     1     8     7     8    13     0     0   -83.0  -72.721 -156.403   2621.4    680.1
     1     1     8     7     8    12     0     0   -84.0  -72.441 -157.311   2593.6    682.9
     1     1     8     7     8    11     0     0   -85.0  -72.166 -158.211   2568.0    685.9
     1     1     8     7     8    10     0     0   -86.0  -71.905 -159.133   2547.7    688.1
     1     1     8     7     8     9     0     0   -87.0  -71.657 -160.069   2530.2    689.8
     1     1     8     7     8     8     0     0   -88.0  -71.421 -161.018   2513.8    691.2
     1     1     8     7     8     7     0     0   -89.0  -71.198 -161.971   2497.5    692.3
     1     1     8     7     8     6     0     0   -90.0  -70.987 -162.919   2480.6    693.4
     1     1     8     7     8     5     0     0   -91.0  -70.785 -163.869   2462.2    695.1
     1     1     8     7     8     4     0     0   -92.0  -70.587 -164.828   2441.5    696.9
     1     1     8     7     8     3     0     0   -93.0  -70.391 -165.790   2417.9    699.2
     1     1     8     7     8     2     0     0   -94.0  -70.196 -166.748   2390.9    701.9
     1     1     8     7     8     1     0     0   -95.0  -70.000 -167.695   2359.5    705.1
     1     1     8     7     8     0     0     0   -96.0  -69.804 -168.634   2323.5    709.1
     1     1     8     7     7    23     0     0   -97.0  -69.617 -169.600   2283.8    713.4
     1     1     8     7     7    22     0     0   -98.0  -69.443 -170.616   2243.9    717.7
     1     1     8     7     7    21     0     0   -99.0  -69.275 -171.671   2201.9    722.1
     1     1     8     7     7    20     0     0  -100.0  -69.102 -172.752   2156.2    726.6
     1     1     8     7     7    19     0     0  -101.0  -68.919 -173.845   2105.7    731.5
     1     1     8     7     7    18     0     0  -102.0  -68.722 -174.930   2049.5    736.9
     1     1     8     7     7    17     0     0  -103.0  -68.533 -175.994   1993.2    743.4
     1     1     8     7     7    16     0     0  -104.0  -68.373 -177.040   1943.4    748.7
     1     1     8     7     7    15     0     0  -105.0  -68.229 -178.070   1898.9    753.6
     1     1     8     7     7    14     0     0  -106.0  -68.090 -179.084   1859.3    757.9
     1     1     8     7     7    13     0     0  -107.0  -67.944  179.923   1823.7    761.5
     1     1     8     7     7    12     0     0  -108.0  -67.782  178.961   1792.1    765.3
     1     1     8     7     7    11     0     0  -109.0  -67.634  178.015   1765.8    769.5
     1     1     8     7     7    10     0     0  -110.0  -67.528  177.071   1746.8    773.1
     1     1     8     7     7     9     0     0  -111.0  -67.452  176.137   1732.0    776.8
     1     1     8     7     7     8     0     0  -112.0  -67.391  175.223   1717.4    780.3
     1     1     8     7     7     7     0     0  -113.0  -67.330  174.342   1699.7    784.2
     1     1     8     7     7     6     0     0  -114.0  -67.253  173.507   1675.7    788.5
     1     1     8     7     7     5     0     0  -115.0  -67.173  172.707   1647.1    792.8
     1     1     8     7     7     4     0     0  -116.0  -67.110  171.921   1619.5    797.3
     1     1     8     7     7     3     0     0  -117.0  -67.062  171.150   1593.1    801.9
     1     1     8     7     7     2     0     0  -118.0  -67.022  170.397   1566.8    806.4
     1     1     8     7     7     1     0     0  -119.0  -66.981  169.664   1539.4    810.8
     1     1     8     7     7     0     0     0  -120.0  -66.935  168.954   1509.6    815.0
