    12     1
    CDC1     7     9     1     0     0
    CDC1     7    10     1     0     0
    CDC1     7    11     1     0     0
    CDC1     7    12     1     0     0
    CDC1     8     1     1     0     0
    CDC1     8     2     1     0     0
    CDC1     8     3     1     0     0
    CDC1     8     4     1     0     0
    CDC1     8     5     1     0     0
    CDC1     8     6     1     0     0
    CDC1     8     7     1     0     0
    CDC1     8     8     1     0     0
     1 BACKWARD OMEGA   
     8     2    29     0  -80.930  159.503  1000.0
     1 PRESSURE
     1     1     8     2    29     0     0     0     0.0  -80.930  159.503   1000.0    740.5
     1     1     8     2    28    23     0     0    -1.0  -80.810  159.591    992.7    744.0
     1     1     8     2    28    22     0     0    -2.0  -80.705  159.534    992.1    744.7
     1     1     8     2    28    21     0     0    -3.0  -80.614  159.342    996.4    743.3
     1     1     8     2    28    20     0     0    -4.0  -80.535  159.016   1004.0    739.9
     1     1     8     2    28    19     0     0    -5.0  -80.465  158.554   1013.0    734.6
     1     1     8     2    28    18     0     0    -6.0  -80.404  157.946   1021.8    727.4
     1     1     8     2    28    17     0     0    -7.0  -80.338  157.244   1026.5    719.6
     1     1     8     2    28    16     0     0    -8.0  -80.258  156.529   1023.7    713.3
     1     1     8     2    28    15     0     0    -9.0  -80.163  155.820   1016.3    707.3
     1     1     8     2    28    14     0     0   -10.0  -80.053  155.112   1004.4    701.5
     1     1     8     2    28    13     0     0   -11.0  -79.928  154.404    988.3    696.1
     1     1     8     2    28    12     0     0   -12.0  -79.791  153.715    968.7    690.0
     1     1     8     2    28    11     0     0   -13.0  -79.649  153.042    953.6    683.9
     1     1     8     2    28    10     0     0   -14.0  -79.507  152.364    948.9    676.2
     1     1     8     2    28     9     0     0   -15.0  -79.363  151.649    954.8    668.8
     1     1     8     2    28     8     0     0   -16.0  -79.216  150.869    969.6    660.0
     1     1     8     2    28     7     0     0   -17.0  -79.061  150.005    992.1    650.0
     1     1     8     2    28     6     0     0   -18.0  -78.897  149.037   1021.7    639.9
     1     1     8     2    28     5     0     0   -19.0  -78.719  148.014   1053.5    629.1
     1     1     8     2    28     4     0     0   -20.0  -78.530  146.995   1084.2    620.3
     1     1     8     2    28     3     0     0   -21.0  -78.331  145.977   1114.3    612.8
     1     1     8     2    28     2     0     0   -22.0  -78.122  144.956   1143.7    605.4
     1     1     8     2    28     1     0     0   -23.0  -77.904  143.931   1173.8    599.5
     1     1     8     2    28     0     0     0   -24.0  -77.676  142.902   1204.0    593.9
     1     1     8     2    27    23     0     0   -25.0  -77.436  141.839   1234.9    589.6
     1     1     8     2    27    22     0     0   -26.0  -77.183  140.753   1265.3    587.7
     1     1     8     2    27    21     0     0   -27.0  -76.919  139.694   1291.8    586.3
     1     1     8     2    27    20     0     0   -28.0  -76.644  138.679   1314.0    584.9
     1     1     8     2    27    19     0     0   -29.0  -76.357  137.723   1332.0    583.7
     1     1     8     2    27    18     0     0   -30.0  -76.058  136.839   1345.5    582.3
     1     1     8     2    27    17     0     0   -31.0  -75.752  136.044   1355.5    580.5
     1     1     8     2    27    16     0     0   -32.0  -75.438  135.349   1363.5    578.8
     1     1     8     2    27    15     0     0   -33.0  -75.116  134.759   1368.1    577.1
     1     1     8     2    27    14     0     0   -34.0  -74.790  134.286   1368.7    575.1
     1     1     8     2    27    13     0     0   -35.0  -74.464  133.939   1365.6    573.5
     1     1     8     2    27    12     0     0   -36.0  -74.142  133.719   1358.7    572.8
     1     1     8     2    27    11     0     0   -37.0  -73.828  133.596   1349.5    573.1
     1     1     8     2    27    10     0     0   -38.0  -73.529  133.537   1338.8    573.6
     1     1     8     2    27     9     0     0   -39.0  -73.241  133.543   1327.6    574.3
     1     1     8     2    27     8     0     0   -40.0  -72.965  133.616   1316.4    575.3
     1     1     8     2    27     7     0     0   -41.0  -72.698  133.756   1305.3    576.4
     1     1     8     2    27     6     0     0   -42.0  -72.439  133.958   1294.9    578.2
     1     1     8     2    27     5     0     0   -43.0  -72.193  134.198   1284.1    581.2
     1     1     8     2    27     4     0     0   -44.0  -71.961  134.462   1268.6    584.5
     1     1     8     2    27     3     0     0   -45.0  -71.745  134.755   1249.4    588.0
     1     1     8     2    27     2     0     0   -46.0  -71.542  135.079   1227.0    591.6
     1     1     8     2    27     1     0     0   -47.0  -71.355  135.437   1202.0    595.5
     1     1     8     2    27     0     0     0   -48.0  -71.185  135.831   1174.7    599.7
     1     1     8     2    26    23     0     0   -49.0  -71.026  136.238   1146.1    603.7
     1     1     8     2    26    22     0     0   -50.0  -70.872  136.637   1118.4    607.4
     1     1     8     2    26    21     0     0   -51.0  -70.723  137.035   1091.0    611.1
     1     1     8     2    26    20     0     0   -52.0  -70.581  137.440   1063.5    614.7
     1     1     8     2    26    19     0     0   -53.0  -70.446  137.856   1036.6    619.3
     1     1     8     2    26    18     0     0   -54.0  -70.321  138.290   1010.0    624.5
     1     1     8     2    26    17     0     0   -55.0  -70.215  138.745    986.2    629.9
     1     1     8     2    26    16     0     0   -56.0  -70.136  139.218    966.0    635.0
     1     1     8     2    26    15     0     0   -57.0  -70.083  139.708    950.7    639.6
     1     1     8     2    26    14     0     0   -58.0  -70.056  140.214    940.8    644.5
     1     1     8     2    26    13     0     0   -59.0  -70.052  140.735    936.2    649.7
     1     1     8     2    26    12     0     0   -60.0  -70.070  141.270    936.4    654.4
     1     1     8     2    26    11     0     0   -61.0  -70.104  141.804    937.6    658.3
     1     1     8     2    26    10     0     0   -62.0  -70.147  142.319    935.7    662.5
     1     1     8     2    26     9     0     0   -63.0  -70.200  142.817    931.1    667.3
     1     1     8     2    26     8     0     0   -64.0  -70.260  143.300    923.6    672.4
     1     1     8     2    26     7     0     0   -65.0  -70.330  143.769    913.7    677.2
     1     1     8     2    26     6     0     0   -66.0  -70.410  144.228    901.7    681.7
     1     1     8     2    26     5     0     0   -67.0  -70.503  144.684    893.2    685.6
     1     1     8     2    26     4     0     0   -68.0  -70.608  145.136    893.0    687.5
     1     1     8     2    26     3     0     0   -69.0  -70.725  145.568    900.3    687.7
     1     1     8     2    26     2     0     0   -70.0  -70.851  145.972    914.1    686.3
     1     1     8     2    26     1     0     0   -71.0  -70.988  146.340    934.0    683.4
     1     1     8     2    26     0     0     0   -72.0  -71.133  146.668    959.6    679.1
     1     1     8     2    25    23     0     0   -73.0  -71.291  146.976    988.3    673.7
     1     1     8     2    25    22     0     0   -74.0  -71.465  147.284   1018.2    667.6
     1     1     8     2    25    21     0     0   -75.0  -71.654  147.585   1049.4    660.5
     1     1     8     2    25    20     0     0   -76.0  -71.856  147.870   1081.8    652.0
     1     1     8     2    25    19     0     0   -77.0  -72.069  148.129   1115.6    642.9
     1     1     8     2    25    18     0     0   -78.0  -72.293  148.349   1150.8    633.0
     1     1     8     2    25    17     0     0   -79.0  -72.522  148.497   1188.8    623.2
     1     1     8     2    25    16     0     0   -80.0  -72.748  148.558   1231.9    618.2
     1     1     8     2    25    15     0     0   -81.0  -72.964  148.552   1276.7    613.2
     1     1     8     2    25    14     0     0   -82.0  -73.171  148.483   1323.5    608.1
     1     1     8     2    25    13     0     0   -83.0  -73.369  148.359   1372.1    603.0
     1     1     8     2    25    12     0     0   -84.0  -73.559  148.186   1422.7    597.7
     1     1     8     2    25    11     0     0   -85.0  -73.738  147.984   1476.0    592.3
     1     1     8     2    25    10     0     0   -86.0  -73.907  147.774   1532.0    586.7
     1     1     8     2    25     9     0     0   -87.0  -74.066  147.555   1590.6    580.7
     1     1     8     2    25     8     0     0   -88.0  -74.214  147.330   1651.5    574.5
     1     1     8     2    25     7     0     0   -89.0  -74.353  147.096   1714.2    568.4
     1     1     8     2    25     6     0     0   -90.0  -74.484  146.854   1778.1    562.5
     1     1     8     2    25     5     0     0   -91.0  -74.610  146.628   1840.2    556.3
     1     1     8     2    25     4     0     0   -92.0  -74.735  146.451   1895.1    551.1
     1     1     8     2    25     3     0     0   -93.0  -74.861  146.341   1943.3    546.5
     1     1     8     2    25     2     0     0   -94.0  -74.990  146.313   1984.3    542.5
     1     1     8     2    25     1     0     0   -95.0  -75.119  146.388   2017.9    539.2
     1     1     8     2    25     0     0     0   -96.0  -75.244  146.583   2043.7    536.6
     1     1     8     2    24    23     0     0   -97.0  -75.363  146.832   2065.5    534.9
     1     1     8     2    24    22     0     0   -98.0  -75.476  147.057   2087.8    532.9
     1     1     8     2    24    21     0     0   -99.0  -75.583  147.248   2110.1    531.0
     1     1     8     2    24    20     0     0  -100.0  -75.687  147.398   2132.3    529.1
     1     1     8     2    24    19     0     0  -101.0  -75.787  147.497   2153.9    527.3
     1     1     8     2    24    18     0     0  -102.0  -75.885  147.535   2175.0    525.5
     1     1     8     2    24    17     0     0  -103.0  -75.981  147.559   2194.9    523.7
     1     1     8     2    24    16     0     0  -104.0  -76.073  147.631   2213.3    522.2
     1     1     8     2    24    15     0     0  -105.0  -76.162  147.755   2230.4    520.9
     1     1     8     2    24    14     0     0  -106.0  -76.247  147.938   2246.1    519.9
     1     1     8     2    24    13     0     0  -107.0  -76.330  148.181   2260.7    519.2
     1     1     8     2    24    12     0     0  -108.0  -76.409  148.489   2274.0    518.8
     1     1     8     2    24    11     0     0  -109.0  -76.486  148.802   2283.3    518.6
     1     1     8     2    24    10     0     0  -110.0  -76.562  149.057   2289.7    518.7
     1     1     8     2    24     9     0     0  -111.0  -76.638  149.248   2292.2    518.9
     1     1     8     2    24     8     0     0  -112.0  -76.714  149.368   2290.9    519.1
     1     1     8     2    24     7     0     0  -113.0  -76.790  149.410   2286.1    519.5
     1     1     8     2    24     6     0     0  -114.0  -76.867  149.364   2278.3    519.8
     1     1     8     2    24     5     0     0  -115.0  -76.949  149.273   2273.1    520.2
     1     1     8     2    24     4     0     0  -116.0  -77.039  149.190   2274.0    519.8
     1     1     8     2    24     3     0     0  -117.0  -77.136  149.121   2281.6    518.9
     1     1     8     2    24     2     0     0  -118.0  -77.239  149.074   2295.8    517.6
     1     1     8     2    24     1     0     0  -119.0  -77.348  149.061   2316.9    515.9
     1     1     8     2    24     0     0     0  -120.0  -77.462  149.092   2345.1    513.8
