     2     1
    CDC1     8     8     1     0     0
    CDC1     8     9     1     0     0
     1 BACKWARD OMEGA   
     8     9     4     0  -80.930  159.503  1000.0
     1 PRESSURE
     1     1     8     9     4     0     0     0     0.0  -80.930  159.503   1000.0    722.8
     1     1     8     9     3    23     0     0    -1.0  -81.253  159.000   1052.0    711.7
     1     1     8     9     3    22     0     0    -2.0  -81.579  158.845   1107.3    703.2
     1     1     8     9     3    21     0     0    -3.0  -81.903  159.038   1162.3    698.2
     1     1     8     9     3    20     0     0    -4.0  -82.219  159.581   1214.6    696.5
     1     1     8     9     3    19     0     0    -5.0  -82.526  160.492   1261.0    696.8
     1     1     8     9     3    18     0     0    -6.0  -82.809  161.894   1293.9    693.1
     1     1     8     9     3    17     0     0    -7.0  -83.062  163.806   1316.1    692.4
     1     1     8     9     3    16     0     0    -8.0  -83.284  166.100   1328.4    695.8
     1     1     8     9     3    15     0     0    -9.0  -83.473  168.720   1331.4    701.9
     1     1     8     9     3    14     0     0   -10.0  -83.630  171.585   1324.4    709.9
     1     1     8     9     3    13     0     0   -11.0  -83.754  174.632   1306.0    719.7
     1     1     8     9     3    12     0     0   -12.0  -83.845  177.784   1275.1    732.0
     1     1     8     9     3    11     0     0   -13.0  -83.914 -179.006   1236.2    744.3
     1     1     8     9     3    10     0     0   -14.0  -83.973 -175.735   1198.4    755.5
     1     1     8     9     3     9     0     0   -15.0  -84.022 -172.399   1164.6    765.7
     1     1     8     9     3     8     0     0   -16.0  -84.055 -169.011   1136.9    773.8
     1     1     8     9     3     7     0     0   -17.0  -84.051 -165.463   1118.8    781.4
     1     1     8     9     3     6     0     0   -18.0  -84.008 -161.809   1108.9    789.1
     1     1     8     9     3     5     0     0   -19.0  -83.937 -158.208   1103.6    794.5
     1     1     8     9     3     4     0     0   -20.0  -83.858 -154.786   1099.2    799.2
     1     1     8     9     3     3     0     0   -21.0  -83.776 -151.524   1096.1    802.2
     1     1     8     9     3     2     0     0   -22.0  -83.690 -148.390   1093.6    803.0
     1     1     8     9     3     1     0     0   -23.0  -83.597 -145.369   1091.9    802.9
     1     1     8     9     3     0     0     0   -24.0  -83.496 -142.437   1090.8    801.4
     1     1     8     9     2    23     0     0   -25.0  -83.378 -139.577   1095.9    797.1
     1     1     8     9     2    22     0     0   -26.0  -83.237 -136.797   1113.6    791.6
     1     1     8     9     2    21     0     0   -27.0  -83.070 -134.129   1140.9    783.5
     1     1     8     9     2    20     0     0   -28.0  -82.876 -131.567   1174.6    773.8
     1     1     8     9     2    19     0     0   -29.0  -82.642 -129.147   1215.0    762.6
     1     1     8     9     2    18     0     0   -30.0  -82.359 -126.872   1256.1    745.3
     1     1     8     9     2    17     0     0   -31.0  -82.010 -124.755   1285.4    723.7
     1     1     8     9     2    16     0     0   -32.0  -81.610 -122.832   1303.2    705.1
     1     1     8     9     2    15     0     0   -33.0  -81.176 -121.061   1308.8    690.0
     1     1     8     9     2    14     0     0   -34.0  -80.724 -119.381   1299.9    678.4
     1     1     8     9     2    13     0     0   -35.0  -80.262 -117.723   1273.1    670.5
     1     1     8     9     2    12     0     0   -36.0  -79.796 -116.031   1224.7    667.7
     1     1     8     9     2    11     0     0   -37.0  -79.324 -114.380   1159.3    671.5
     1     1     8     9     2    10     0     0   -38.0  -78.845 -112.837   1084.1    679.7
     1     1     8     9     2     9     0     0   -39.0  -78.367 -111.342   1001.5    693.5
     1     1     8     9     2     8     0     0   -40.0  -77.902 -109.813    914.1    712.2
     1     1     8     9     2     7     0     0   -41.0  -77.464 -108.174    824.5    732.5
     1     1     8     9     2     6     0     0   -42.0  -77.059 -106.470    735.8    757.6
     1     1     8     9     2     5     0     0   -43.0  -76.674 -104.829    647.5    782.6
     1     1     8     9     2     4     0     0   -44.0  -76.297 -103.289    559.9    804.9
     1     1     8     9     2     3     0     0   -45.0  -75.919 -101.824    475.7    826.0
     1     1     8     9     2     2     0     0   -46.0  -75.532 -100.409    396.4    845.9
     1     1     8     9     2     1     0     0   -47.0  -75.126  -99.027    319.6    863.6
     1     1     8     9     2     0     0     0   -48.0  -74.693  -97.696    248.6    877.1
     1     1     8     9     1    23     0     0   -49.0  -74.241  -96.486    186.5    890.2
     1     1     8     9     1    22     0     0   -50.0  -73.783  -95.421    133.0    903.5
     1     1     8     9     1    21     0     0   -51.0  -73.327  -94.474     91.0    919.1
     1     1     8     9     1    20     0     0   -52.0  -72.876  -93.645     59.5    933.1
     1     1     8     9     1    19     0     0   -53.0  -72.429  -92.934     37.0    945.7
     1     1     8     9     1    18     0     0   -54.0  -71.990  -92.322     22.8    953.6
     1     1     8     9     1    17     0     0   -55.0  -71.553  -91.793     14.9    961.1
     1     1     8     9     1    16     0     0   -56.0  -71.107  -91.352     10.5    967.8
     1     1     8     9     1    15     0     0   -57.0  -70.650  -90.998      8.0    974.4
     1     1     8     9     1    14     0     0   -58.0  -70.183  -90.734      6.2    981.3
     1     1     8     9     1    13     0     0   -59.0  -69.705  -90.557      4.8    986.1
     1     1     8     9     1    12     0     0   -60.0  -69.221  -90.455      3.8    989.7
     1     1     8     9     1    11     0     0   -61.0  -68.736  -90.393      2.8    992.3
     1     1     8     9     1    10     0     0   -62.0  -68.252  -90.347      1.8    994.9
     1     1     8     9     1     9     0     0   -63.0  -67.769  -90.322      0.8    997.5
     1     1     8     9     1     8     0     0   -64.0  -67.288  -90.323      0.0    999.4
     1     1     8     9     1     7     0     0   -65.0  -66.816  -90.347      0.0   1000.2
     1     1     8     9     1     6     0     0   -66.0  -66.357  -90.393      0.0   1001.0
     1     1     8     9     1     5     0     0   -67.0  -65.911  -90.457      0.0   1003.2
     1     1     8     9     1     4     0     0   -68.0  -65.480  -90.531      0.0   1005.3
     1     1     8     9     1     3     0     0   -69.0  -65.062  -90.615      0.2   1007.2
     1     1     8     9     1     2     0     0   -70.0  -64.657  -90.708      0.7   1008.2
     1     1     8     9     1     1     0     0   -71.0  -64.267  -90.812      1.1   1009.0
     1     1     8     9     1     0     0     0   -72.0  -63.891  -90.922      1.5   1009.8
     1     1     8     8    31    23     0     0   -73.0  -63.529  -91.040      1.8   1009.7
     1     1     8     8    31    22     0     0   -74.0  -63.182  -91.168      1.9   1009.6
     1     1     8     8    31    21     0     0   -75.0  -62.850  -91.303      1.9   1009.7
     1     1     8     8    31    20     0     0   -76.0  -62.534  -91.447      1.7   1009.8
     1     1     8     8    31    19     0     0   -77.0  -62.237  -91.593      1.4   1010.5
     1     1     8     8    31    18     0     0   -78.0  -61.966  -91.737      1.1   1011.1
     1     1     8     8    31    17     0     0   -79.0  -61.722  -91.868      0.7   1012.1
     1     1     8     8    31    16     0     0   -80.0  -61.511  -91.975      0.2   1013.0
     1     1     8     8    31    15     0     0   -81.0  -61.331  -92.056      0.0   1013.8
     1     1     8     8    31    14     0     0   -82.0  -61.182  -92.111      0.0   1014.6
     1     1     8     8    31    13     0     0   -83.0  -61.063  -92.140      0.0   1015.3
     1     1     8     8    31    12     0     0   -84.0  -60.973  -92.140      0.0   1016.0
     1     1     8     8    31    11     0     0   -85.0  -60.908  -92.121      0.0   1016.2
     1     1     8     8    31    10     0     0   -86.0  -60.865  -92.091      0.0   1016.4
     1     1     8     8    31     9     0     0   -87.0  -60.841  -92.051      0.1   1016.6
     1     1     8     8    31     8     0     0   -88.0  -60.836  -92.002      0.4   1016.7
     1     1     8     8    31     7     0     0   -89.0  -60.848  -91.944      1.0   1016.8
     1     1     8     8    31     6     0     0   -90.0  -60.876  -91.878      1.8   1016.9
     1     1     8     8    31     5     0     0   -91.0  -60.918  -91.800      2.6   1017.1
     1     1     8     8    31     4     0     0   -92.0  -60.973  -91.702      3.4   1017.2
     1     1     8     8    31     3     0     0   -93.0  -61.040  -91.585      4.2   1017.4
     1     1     8     8    31     2     0     0   -94.0  -61.119  -91.447      4.9   1017.5
     1     1     8     8    31     1     0     0   -95.0  -61.209  -91.287      5.6   1017.6
     1     1     8     8    31     0     0     0   -96.0  -61.309  -91.104      6.2   1017.6
     1     1     8     8    30    23     0     0   -97.0  -61.417  -90.904      6.8   1017.3
     1     1     8     8    30    22     0     0   -98.0  -61.527  -90.696      7.3   1017.0
     1     1     8     8    30    21     0     0   -99.0  -61.641  -90.477      7.8   1016.8
     1     1     8     8    30    20     0     0  -100.0  -61.757  -90.245      8.2   1016.6
     1     1     8     8    30    19     0     0  -101.0  -61.875  -89.998      8.6   1016.4
     1     1     8     8    30    18     0     0  -102.0  -61.993  -89.733      9.1   1016.2
     1     1     8     8    30    17     0     0  -103.0  -62.115  -89.435      9.6   1016.0
     1     1     8     8    30    16     0     0  -104.0  -62.246  -89.089     10.4   1015.8
     1     1     8     8    30    15     0     0  -105.0  -62.386  -88.691     11.4   1015.3
     1     1     8     8    30    14     0     0  -106.0  -62.537  -88.237     12.8   1014.8
     1     1     8     8    30    13     0     0  -107.0  -62.698  -87.726     14.7   1014.5
     1     1     8     8    30    12     0     0  -108.0  -62.867  -87.162     16.8   1014.5
     1     1     8     8    30    11     0     0  -109.0  -63.044  -86.567     19.3   1014.1
     1     1     8     8    30    10     0     0  -110.0  -63.230  -85.964     22.2   1013.5
     1     1     8     8    30     9     0     0  -111.0  -63.428  -85.356     25.5   1012.7
     1     1     8     8    30     8     0     0  -112.0  -63.640  -84.746     29.5   1011.7
     1     1     8     8    30     7     0     0  -113.0  -63.867  -84.139     34.2   1010.9
     1     1     8     8    30     6     0     0  -114.0  -64.109  -83.535     39.5   1010.2
     1     1     8     8    30     5     0     0  -115.0  -64.356  -82.926     44.9   1010.1
     1     1     8     8    30     4     0     0  -116.0  -64.595  -82.309     49.8   1010.1
     1     1     8     8    30     3     0     0  -117.0  -64.823  -81.687     53.6   1010.7
     1     1     8     8    30     2     0     0  -118.0  -65.038  -81.065     55.8   1011.3
     1     1     8     8    30     1     0     0  -119.0  -65.238  -80.459     56.1   1010.7
     1     1     8     8    30     0     0     0  -120.0  -65.422  -79.885     54.2   1010.7
