    12     1
    CDC1     7     9     1     0     0
    CDC1     7    10     1     0     0
    CDC1     7    11     1     0     0
    CDC1     7    12     1     0     0
    CDC1     8     1     1     0     0
    CDC1     8     2     1     0     0
    CDC1     8     3     1     0     0
    CDC1     8     4     1     0     0
    CDC1     8     5     1     0     0
    CDC1     8     6     1     0     0
    CDC1     8     7     1     0     0
    CDC1     8     8     1     0     0
     1 BACKWARD OMEGA   
     7    12     3     0  -80.930  159.503  1000.0
     1 PRESSURE
     1     1     7    12     3     0     0     0     0.0  -80.930  159.503   1000.0    736.2
     1     1     7    12     2    23     0     0    -1.0  -81.075  160.172    994.9    742.2
     1     1     7    12     2    22     0     0    -2.0  -81.230  160.934    987.5    749.3
     1     1     7    12     2    21     0     0    -3.0  -81.393  161.773    978.3    756.9
     1     1     7    12     2    20     0     0    -4.0  -81.564  162.680    967.5    764.6
     1     1     7    12     2    19     0     0    -5.0  -81.741  163.655    954.9    772.6
     1     1     7    12     2    18     0     0    -6.0  -81.924  164.693    940.7    780.9
     1     1     7    12     2    17     0     0    -7.0  -82.104  165.757    925.2    788.5
     1     1     7    12     2    16     0     0    -8.0  -82.276  166.814    907.1    795.7
     1     1     7    12     2    15     0     0    -9.0  -82.442  167.862    886.3    802.6
     1     1     7    12     2    14     0     0   -10.0  -82.601  168.905    860.8    806.3
     1     1     7    12     2    13     0     0   -11.0  -82.750  169.953    830.9    808.4
     1     1     7    12     2    12     0     0   -12.0  -82.891  171.008    797.7    810.3
     1     1     7    12     2    11     0     0   -13.0  -83.022  172.059    764.5    812.8
     1     1     7    12     2    10     0     0   -14.0  -83.144  173.100    734.4    814.6
     1     1     7    12     2     9     0     0   -15.0  -83.256  174.137    707.7    816.4
     1     1     7    12     2     8     0     0   -16.0  -83.358  175.163    684.7    818.3
     1     1     7    12     2     7     0     0   -17.0  -83.453  176.173    665.4    819.4
     1     1     7    12     2     6     0     0   -18.0  -83.539  177.161    650.0    820.4
     1     1     7    12     2     5     0     0   -19.0  -83.620  178.149    638.6    820.9
     1     1     7    12     2     4     0     0   -20.0  -83.699  179.165    631.4    820.8
     1     1     7    12     2     3     0     0   -21.0  -83.775 -179.794    627.9    820.6
     1     1     7    12     2     2     0     0   -22.0  -83.848 -178.730    627.9    820.2
     1     1     7    12     2     1     0     0   -23.0  -83.917 -177.643    630.9    820.1
     1     1     7    12     2     0     0     0   -24.0  -83.982 -176.534    636.4    819.2
     1     1     7    12     1    23     0     0   -25.0  -84.040 -175.423    642.2    818.6
     1     1     7    12     1    22     0     0   -26.0  -84.089 -174.336    645.6    819.0
     1     1     7    12     1    21     0     0   -27.0  -84.132 -173.292    646.8    820.0
     1     1     7    12     1    20     0     0   -28.0  -84.168 -172.288    646.2    821.5
     1     1     7    12     1    19     0     0   -29.0  -84.192 -171.243    644.8    823.7
     1     1     7    12     1    18     0     0   -30.0  -84.200 -170.034    643.9    827.2
     1     1     7    12     1    17     0     0   -31.0  -84.195 -168.685    642.0    830.6
     1     1     7    12     1    16     0     0   -32.0  -84.181 -167.293    637.5    834.7
     1     1     7    12     1    15     0     0   -33.0  -84.159 -165.877    630.0    839.6
     1     1     7    12     1    14     0     0   -34.0  -84.128 -164.456    618.8    845.1
     1     1     7    12     1    13     0     0   -35.0  -84.089 -163.047    603.3    851.0
     1     1     7    12     1    12     0     0   -36.0  -84.041 -161.671    582.7    857.4
     1     1     7    12     1    11     0     0   -37.0  -83.988 -160.310    561.5    863.9
     1     1     7    12     1    10     0     0   -38.0  -83.931 -158.934    544.5    869.1
     1     1     7    12     1     9     0     0   -39.0  -83.869 -157.542    531.5    873.7
     1     1     7    12     1     8     0     0   -40.0  -83.801 -156.144    522.6    877.5
     1     1     7    12     1     7     0     0   -41.0  -83.724 -154.746    517.8    881.0
     1     1     7    12     1     6     0     0   -42.0  -83.639 -153.349    517.1    884.2
     1     1     7    12     1     5     0     0   -43.0  -83.552 -151.988    518.7    887.6
     1     1     7    12     1     4     0     0   -44.0  -83.470 -150.700    520.9    890.4
     1     1     7    12     1     3     0     0   -45.0  -83.395 -149.482    523.7    892.5
     1     1     7    12     1     2     0     0   -46.0  -83.328 -148.333    527.0    894.3
     1     1     7    12     1     1     0     0   -47.0  -83.270 -147.249    530.6    895.9
     1     1     7    12     1     0     0     0   -48.0  -83.222 -146.227    534.2    896.6
     1     1     7    11    30    23     0     0   -49.0  -83.173 -145.201    537.1    896.4
     1     1     7    11    30    22     0     0   -50.0  -83.109 -144.107    539.1    896.4
     1     1     7    11    30    21     0     0   -51.0  -83.031 -142.946    540.2    896.6
     1     1     7    11    30    20     0     0   -52.0  -82.937 -141.721    540.7    897.2
     1     1     7    11    30    19     0     0   -53.0  -82.830 -140.427    541.0    898.1
     1     1     7    11    30    18     0     0   -54.0  -82.709 -139.066    541.3    898.1
     1     1     7    11    30    17     0     0   -55.0  -82.578 -137.711    542.2    897.5
     1     1     7    11    30    16     0     0   -56.0  -82.441 -136.448    543.5    893.4
     1     1     7    11    30    15     0     0   -57.0  -82.301 -135.310    544.7    884.5
     1     1     7    11    30    14     0     0   -58.0  -82.159 -134.308    546.1    875.7
     1     1     7    11    30    13     0     0   -59.0  -82.015 -133.429    546.8    867.4
     1     1     7    11    30    12     0     0   -60.0  -81.869 -132.659    546.0    859.8
     1     1     7    11    30    11     0     0   -61.0  -81.724 -131.942    546.3    852.4
     1     1     7    11    30    10     0     0   -62.0  -81.583 -131.230    550.7    844.4
     1     1     7    11    30     9     0     0   -63.0  -81.447 -130.523    559.8    836.3
     1     1     7    11    30     8     0     0   -64.0  -81.318 -129.818    573.6    828.1
     1     1     7    11    30     7     0     0   -65.0  -81.196 -129.106    590.8    819.7
     1     1     7    11    30     6     0     0   -66.0  -81.083 -128.369    609.8    811.7
     1     1     7    11    30     5     0     0   -67.0  -80.980 -127.643    626.9    803.8
     1     1     7    11    30     4     0     0   -68.0  -80.886 -126.978    640.8    797.1
     1     1     7    11    30     3     0     0   -69.0  -80.799 -126.378    653.2    791.1
     1     1     7    11    30     2     0     0   -70.0  -80.717 -125.844    664.4    785.9
     1     1     7    11    30     1     0     0   -71.0  -80.640 -125.373    674.0    781.4
     1     1     7    11    30     0     0     0   -72.0  -80.566 -124.964    682.1    777.5
     1     1     7    11    29    23     0     0   -73.0  -80.493 -124.588    689.4    773.8
     1     1     7    11    29    22     0     0   -74.0  -80.418 -124.215    697.2    770.0
     1     1     7    11    29    21     0     0   -75.0  -80.342 -123.845    705.4    766.3
     1     1     7    11    29    20     0     0   -76.0  -80.266 -123.481    714.1    762.7
     1     1     7    11    29    19     0     0   -77.0  -80.190 -123.122    723.3    759.1
     1     1     7    11    29    18     0     0   -78.0  -80.115 -122.769    732.9    755.7
     1     1     7    11    29    17     0     0   -79.0  -80.036 -122.408    742.7    752.2
     1     1     7    11    29    16     0     0   -80.0  -79.949 -122.023    752.1    748.5
     1     1     7    11    29    15     0     0   -81.0  -79.855 -121.612    761.4    744.6
     1     1     7    11    29    14     0     0   -82.0  -79.756 -121.179    770.8    740.8
     1     1     7    11    29    13     0     0   -83.0  -79.653 -120.725    780.2    737.2
     1     1     7    11    29    12     0     0   -84.0  -79.546 -120.254    789.8    733.6
     1     1     7    11    29    11     0     0   -85.0  -79.441 -119.800    800.2    730.5
     1     1     7    11    29    10     0     0   -86.0  -79.343 -119.397    811.5    727.8
     1     1     7    11    29     9     0     0   -87.0  -79.252 -119.043    823.5    725.4
     1     1     7    11    29     8     0     0   -88.0  -79.167 -118.736    836.3    723.2
     1     1     7    11    29     7     0     0   -89.0  -79.086 -118.477    849.5    721.2
     1     1     7    11    29     6     0     0   -90.0  -79.009 -118.263    863.2    719.4
     1     1     7    11    29     5     0     0   -91.0  -78.930 -118.054    876.2    717.5
     1     1     7    11    29     4     0     0   -92.0  -78.845 -117.809    887.2    715.8
     1     1     7    11    29     3     0     0   -93.0  -78.755 -117.526    896.1    714.4
     1     1     7    11    29     2     0     0   -94.0  -78.660 -117.206    902.8    713.4
     1     1     7    11    29     1     0     0   -95.0  -78.561 -116.852    907.1    712.9
     1     1     7    11    29     0     0     0   -96.0  -78.458 -116.464    908.9    713.0
     1     1     7    11    28    23     0     0   -97.0  -78.360 -116.054    910.7    713.8
     1     1     7    11    28    22     0     0   -98.0  -78.275 -115.631    915.1    714.3
     1     1     7    11    28    21     0     0   -99.0  -78.204 -115.189    922.5    714.8
     1     1     7    11    28    20     0     0  -100.0  -78.146 -114.727    933.2    714.8
     1     1     7    11    28    19     0     0  -101.0  -78.103 -114.240    947.3    714.4
     1     1     7    11    28    18     0     0  -102.0  -78.073 -113.730    965.4    713.6
     1     1     7    11    28    17     0     0  -103.0  -78.051 -113.211    985.3    712.6
     1     1     7    11    28    16     0     0  -104.0  -78.032 -112.702   1004.5    712.0
     1     1     7    11    28    15     0     0  -105.0  -78.014 -112.201   1022.7    711.3
     1     1     7    11    28    14     0     0  -106.0  -77.997 -111.708   1039.9    710.3
     1     1     7    11    28    13     0     0  -107.0  -77.982 -111.223   1056.4    709.3
     1     1     7    11    28    12     0     0  -108.0  -77.969 -110.748   1072.2    708.3
     1     1     7    11    28    11     0     0  -109.0  -77.960 -110.263   1088.6    707.4
     1     1     7    11    28    10     0     0  -110.0  -77.959 -109.748   1106.3    706.1
     1     1     7    11    28     9     0     0  -111.0  -77.963 -109.203   1125.5    704.4
     1     1     7    11    28     8     0     0  -112.0  -77.974 -108.626   1146.4    702.4
     1     1     7    11    28     7     0     0  -113.0  -77.992 -108.015   1169.2    700.1
     1     1     7    11    28     6     0     0  -114.0  -78.016 -107.368   1194.1    697.2
     1     1     7    11    28     5     0     0  -115.0  -78.040 -106.720   1219.1    693.1
     1     1     7    11    28     4     0     0  -116.0  -78.058 -106.114   1242.1    689.3
     1     1     7    11    28     3     0     0  -117.0  -78.070 -105.554   1263.1    685.8
     1     1     7    11    28     2     0     0  -118.0  -78.073 -105.043   1281.7    682.9
     1     1     7    11    28     1     0     0  -119.0  -78.067 -104.581   1297.5    680.2
     1     1     7    11    28     0     0     0  -120.0  -78.050 -104.169   1310.3    678.2
