    12     1
    CDC1     7     9     1     0     0
    CDC1     7    10     1     0     0
    CDC1     7    11     1     0     0
    CDC1     7    12     1     0     0
    CDC1     8     1     1     0     0
    CDC1     8     2     1     0     0
    CDC1     8     3     1     0     0
    CDC1     8     4     1     0     0
    CDC1     8     5     1     0     0
    CDC1     8     6     1     0     0
    CDC1     8     7     1     0     0
    CDC1     8     8     1     0     0
     1 BACKWARD OMEGA   
     7    11    29     0  -80.930  159.503  1000.0
     1 PRESSURE
     1     1     7    11    29     0     0     0     0.0  -80.930  159.503   1000.0    741.7
     1     1     7    11    28    23     0     0    -1.0  -81.034  160.044    985.2    747.7
     1     1     7    11    28    22     0     0    -2.0  -81.151  160.605    971.8    753.6
     1     1     7    11    28    21     0     0    -3.0  -81.282  161.208    960.2    759.4
     1     1     7    11    28    20     0     0    -4.0  -81.424  161.869    951.0    765.1
     1     1     7    11    28    19     0     0    -5.0  -81.576  162.604    944.8    770.8
     1     1     7    11    28    18     0     0    -6.0  -81.738  163.423    941.9    776.6
     1     1     7    11    28    17     0     0    -7.0  -81.897  164.313    939.8    781.8
     1     1     7    11    28    16     0     0    -8.0  -82.041  165.248    935.0    787.6
     1     1     7    11    28    15     0     0    -9.0  -82.170  166.230    926.4    793.6
     1     1     7    11    28    14     0     0   -10.0  -82.287  167.259    913.6    800.5
     1     1     7    11    28    13     0     0   -11.0  -82.392  168.323    896.2    807.8
     1     1     7    11    28    12     0     0   -12.0  -82.487  169.399    874.0    815.9
     1     1     7    11    28    11     0     0   -13.0  -82.586  170.450    852.4    821.0
     1     1     7    11    28    10     0     0   -14.0  -82.705  171.477    838.6    822.0
     1     1     7    11    28     9     0     0   -15.0  -82.840  172.509    832.6    820.9
     1     1     7    11    28     8     0     0   -16.0  -82.990  173.579    833.7    817.1
     1     1     7    11    28     7     0     0   -17.0  -83.154  174.714    842.0    811.7
     1     1     7    11    28     6     0     0   -18.0  -83.330  175.934    857.3    804.7
     1     1     7    11    28     5     0     0   -19.0  -83.511  177.300    873.9    797.5
     1     1     7    11    28     4     0     0   -20.0  -83.690  178.859    886.4    791.3
     1     1     7    11    28     3     0     0   -21.0  -83.869 -179.396    894.6    786.0
     1     1     7    11    28     2     0     0   -22.0  -84.045 -177.465    898.7    781.5
     1     1     7    11    28     1     0     0   -23.0  -84.218 -175.354    899.6    778.3
     1     1     7    11    28     0     0     0   -24.0  -84.387 -173.073    897.2    775.9
     1     1     7    11    27    23     0     0   -25.0  -84.551 -170.636    895.3    773.8
     1     1     7    11    27    22     0     0   -26.0  -84.701 -168.001    899.8    772.7
     1     1     7    11    27    21     0     0   -27.0  -84.824 -165.085    917.7    771.6
     1     1     7    11    27    20     0     0   -28.0  -84.930 -161.950    944.7    770.2
     1     1     7    11    27    19     0     0   -29.0  -85.017 -158.619    978.9    767.5
     1     1     7    11    27    18     0     0   -30.0  -85.080 -155.085   1018.0    763.7
     1     1     7    11    27    17     0     0   -31.0  -85.107 -151.439   1058.4    758.3
     1     1     7    11    27    16     0     0   -32.0  -85.092 -147.818   1097.2    755.1
     1     1     7    11    27    15     0     0   -33.0  -85.036 -144.298   1135.1    752.0
     1     1     7    11    27    14     0     0   -34.0  -84.939 -140.975   1171.0    747.5
     1     1     7    11    27    13     0     0   -35.0  -84.802 -137.907   1204.6    742.7
     1     1     7    11    27    12     0     0   -36.0  -84.627 -135.136   1236.5    737.6
     1     1     7    11    27    11     0     0   -37.0  -84.431 -132.707   1264.8    733.4
     1     1     7    11    27    10     0     0   -38.0  -84.223 -130.614   1290.7    729.6
     1     1     7    11    27     9     0     0   -39.0  -84.002 -128.824   1317.1    725.6
     1     1     7    11    27     8     0     0   -40.0  -83.772 -127.292   1344.8    722.1
     1     1     7    11    27     7     0     0   -41.0  -83.534 -125.957   1373.0    718.5
     1     1     7    11    27     6     0     0   -42.0  -83.289 -124.766   1401.3    715.0
     1     1     7    11    27     5     0     0   -43.0  -83.034 -123.667   1430.8    711.4
     1     1     7    11    27     4     0     0   -44.0  -82.767 -122.617   1461.8    707.4
     1     1     7    11    27     3     0     0   -45.0  -82.490 -121.585   1493.3    702.5
     1     1     7    11    27     2     0     0   -46.0  -82.212 -120.558   1518.0    690.6
     1     1     7    11    27     1     0     0   -47.0  -81.939 -119.532   1540.3    679.9
     1     1     7    11    27     0     0     0   -48.0  -81.674 -118.487   1559.6    670.1
     1     1     7    11    26    23     0     0   -49.0  -81.414 -117.437   1575.7    661.2
     1     1     7    11    26    22     0     0   -50.0  -81.161 -116.385   1588.3    653.4
     1     1     7    11    26    21     0     0   -51.0  -80.915 -115.303   1599.5    646.3
     1     1     7    11    26    20     0     0   -52.0  -80.679 -114.167   1610.8    639.5
     1     1     7    11    26    19     0     0   -53.0  -80.456 -112.956   1623.6    632.4
     1     1     7    11    26    18     0     0   -54.0  -80.245 -111.648   1638.9    625.3
     1     1     7    11    26    17     0     0   -55.0  -80.048 -110.258   1652.0    618.1
     1     1     7    11    26    16     0     0   -56.0  -79.867 -108.819   1658.7    614.3
     1     1     7    11    26    15     0     0   -57.0  -79.703 -107.344   1658.9    612.5
     1     1     7    11    26    14     0     0   -58.0  -79.555 -105.836   1652.9    612.0
     1     1     7    11    26    13     0     0   -59.0  -79.422 -104.299   1640.9    612.2
     1     1     7    11    26    12     0     0   -60.0  -79.305 -102.742   1623.6    613.0
     1     1     7    11    26    11     0     0   -61.0  -79.198 -101.169   1604.1    614.7
     1     1     7    11    26    10     0     0   -62.0  -79.097  -99.579   1583.4    616.9
     1     1     7    11    26     9     0     0   -63.0  -79.000  -97.975   1560.7    620.5
     1     1     7    11    26     8     0     0   -64.0  -78.906  -96.355   1535.2    625.9
     1     1     7    11    26     7     0     0   -65.0  -78.816  -94.711   1505.0    633.0
     1     1     7    11    26     6     0     0   -66.0  -78.728  -93.038   1470.1    643.1
     1     1     7    11    26     5     0     0   -67.0  -78.647  -91.340   1430.2    656.0
     1     1     7    11    26     4     0     0   -68.0  -78.577  -89.623   1386.1    671.4
     1     1     7    11    26     3     0     0   -69.0  -78.522  -87.898   1340.8    690.5
     1     1     7    11    26     2     0     0   -70.0  -78.484  -86.179   1292.7    711.7
     1     1     7    11    26     1     0     0   -71.0  -78.462  -84.473   1240.5    733.9
     1     1     7    11    26     0     0     0   -72.0  -78.455  -82.781   1184.6    756.7
     1     1     7    11    25    23     0     0   -73.0  -78.464  -81.112   1126.4    780.5
     1     1     7    11    25    22     0     0   -74.0  -78.487  -79.480   1067.1    803.6
     1     1     7    11    25    21     0     0   -75.0  -78.527  -77.897   1006.0    825.9
     1     1     7    11    25    20     0     0   -76.0  -78.581  -76.374    942.8    845.9
     1     1     7    11    25    19     0     0   -77.0  -78.646  -74.934    879.4    863.8
     1     1     7    11    25    18     0     0   -78.0  -78.719  -73.601    816.1    878.0
     1     1     7    11    25    17     0     0   -79.0  -78.797  -72.344    755.4    891.9
     1     1     7    11    25    16     0     0   -80.0  -78.873  -71.110    698.3    902.9
     1     1     7    11    25    15     0     0   -81.0  -78.946  -69.882    646.3    913.2
     1     1     7    11    25    14     0     0   -82.0  -79.010  -68.647    600.0    919.3
     1     1     7    11    25    13     0     0   -83.0  -79.058  -67.392    560.6    924.0
     1     1     7    11    25    12     0     0   -84.0  -79.088  -66.110    526.8    925.7
     1     1     7    11    25    11     0     0   -85.0  -79.102  -64.859    496.4    926.6
     1     1     7    11    25    10     0     0   -86.0  -79.106  -63.706    467.1    927.2
     1     1     7    11    25     9     0     0   -87.0  -79.101  -62.657    438.7    927.8
     1     1     7    11    25     8     0     0   -88.0  -79.092  -61.717    411.1    928.1
     1     1     7    11    25     7     0     0   -89.0  -79.081  -60.893    383.9    928.8
     1     1     7    11    25     6     0     0   -90.0  -79.069  -60.183    357.4    929.1
     1     1     7    11    25     5     0     0   -91.0  -79.050  -59.513    333.3    929.9
     1     1     7    11    25     4     0     0   -92.0  -79.017  -58.819    312.5    930.3
     1     1     7    11    25     3     0     0   -93.0  -78.970  -58.104    294.8    930.3
     1     1     7    11    25     2     0     0   -94.0  -78.910  -57.372    279.8    930.2
     1     1     7    11    25     1     0     0   -95.0  -78.836  -56.622    267.5    930.1
     1     1     7    11    25     0     0     0   -96.0  -78.751  -55.852    257.8    929.7
     1     1     7    11    24    23     0     0   -97.0  -78.659  -55.079    250.0    929.0
     1     1     7    11    24    22     0     0   -98.0  -78.563  -54.318    243.7    929.3
     1     1     7    11    24    21     0     0   -99.0  -78.464  -53.568    239.2    929.3
     1     1     7    11    24    20     0     0  -100.0  -78.362  -52.832    236.7    929.0
     1     1     7    11    24    19     0     0  -101.0  -78.256  -52.112    236.3    928.7
     1     1     7    11    24    18     0     0  -102.0  -78.145  -51.411    238.4    928.5
     1     1     7    11    24    17     0     0  -103.0  -78.027  -50.723    241.7    928.3
     1     1     7    11    24    16     0     0  -104.0  -77.898  -50.039    244.3    928.3
     1     1     7    11    24    15     0     0  -105.0  -77.757  -49.352    245.9    929.4
     1     1     7    11    24    14     0     0  -106.0  -77.605  -48.656    245.8    930.8
     1     1     7    11    24    13     0     0  -107.0  -77.443  -47.944    243.5    933.0
     1     1     7    11    24    12     0     0  -108.0  -77.276  -47.204    238.9    936.2
     1     1     7    11    24    11     0     0  -109.0  -77.111  -46.446    234.6    939.2
     1     1     7    11    24    10     0     0  -110.0  -76.950  -45.697    233.0    940.9
     1     1     7    11    24     9     0     0  -111.0  -76.789  -44.962    234.1    941.7
     1     1     7    11    24     8     0     0  -112.0  -76.625  -44.249    238.0    941.9
     1     1     7    11    24     7     0     0  -113.0  -76.455  -43.567    244.9    941.3
     1     1     7    11    24     6     0     0  -114.0  -76.277  -42.921    255.1    939.9
     1     1     7    11    24     5     0     0  -115.0  -76.094  -42.332    267.4    938.1
     1     1     7    11    24     4     0     0  -116.0  -75.913  -41.814    280.0    936.8
     1     1     7    11    24     3     0     0  -117.0  -75.734  -41.362    292.4    935.4
     1     1     7    11    24     2     0     0  -118.0  -75.560  -40.974    304.1    934.0
     1     1     7    11    24     1     0     0  -119.0  -75.390  -40.647    314.9    932.6
     1     1     7    11    24     0     0     0  -120.0  -75.225  -40.380    324.2    931.4
