    12     1
    CDC1     7     9     1     0     0
    CDC1     7    10     1     0     0
    CDC1     7    11     1     0     0
    CDC1     7    12     1     0     0
    CDC1     8     1     1     0     0
    CDC1     8     2     1     0     0
    CDC1     8     3     1     0     0
    CDC1     8     4     1     0     0
    CDC1     8     5     1     0     0
    CDC1     8     6     1     0     0
    CDC1     8     7     1     0     0
    CDC1     8     8     1     0     0
     1 BACKWARD OMEGA   
     8     3    23     0  -80.930  159.503  1000.0
     1 PRESSURE
     1     1     8     3    23     0     0     0     0.0  -80.930  159.503   1000.0    741.8
     1     1     8     3    22    23     0     0    -1.0  -81.049  161.693    921.2    771.6
     1     1     8     3    22    22     0     0    -2.0  -81.182  163.715    851.7    797.7
     1     1     8     3    22    21     0     0    -3.0  -81.327  165.598    794.5    819.4
     1     1     8     3    22    20     0     0    -4.0  -81.478  167.387    748.7    837.7
     1     1     8     3    22    19     0     0    -5.0  -81.628  169.114    712.4    853.3
     1     1     8     3    22    18     0     0    -6.0  -81.773  170.808    684.5    865.8
     1     1     8     3    22    17     0     0    -7.0  -81.915  172.501    660.8    876.5
     1     1     8     3    22    16     0     0    -8.0  -82.059  174.216    638.7    886.3
     1     1     8     3    22    15     0     0    -9.0  -82.200  175.945    618.8    894.7
     1     1     8     3    22    14     0     0   -10.0  -82.337  177.682    601.5    901.9
     1     1     8     3    22    13     0     0   -11.0  -82.468  179.415    587.4    908.2
     1     1     8     3    22    12     0     0   -12.0  -82.591 -178.831    575.1    909.7
     1     1     8     3    22    11     0     0   -13.0  -82.711 -177.056    565.5    908.2
     1     1     8     3    22    10     0     0   -14.0  -82.836 -175.256    559.8    904.3
     1     1     8     3    22     9     0     0   -15.0  -82.962 -173.364    556.6    900.1
     1     1     8     3    22     8     0     0   -16.0  -83.084 -171.322    555.2    896.0
     1     1     8     3    22     7     0     0   -17.0  -83.192 -169.109    556.7    891.8
     1     1     8     3    22     6     0     0   -18.0  -83.287 -166.704    563.3    887.2
     1     1     8     3    22     5     0     0   -19.0  -83.350 -164.029    573.2    885.0
     1     1     8     3    22     4     0     0   -20.0  -83.365 -161.083    585.5    884.9
     1     1     8     3    22     3     0     0   -21.0  -83.331 -157.961    602.8    885.4
     1     1     8     3    22     2     0     0   -22.0  -83.249 -154.739    627.8    885.9
     1     1     8     3    22     1     0     0   -23.0  -83.118 -151.488    661.5    885.3
     1     1     8     3    22     0     0     0   -24.0  -82.937 -148.278    704.1    883.5
     1     1     8     3    21    23     0     0   -25.0  -82.703 -145.135    756.9    882.1
     1     1     8     3    21    22     0     0   -26.0  -82.407 -142.108    818.6    874.3
     1     1     8     3    21    21     0     0   -27.0  -82.046 -139.287    878.6    850.0
     1     1     8     3    21    20     0     0   -28.0  -81.623 -136.757    935.5    823.6
     1     1     8     3    21    19     0     0   -29.0  -81.150 -134.542    986.9    796.4
     1     1     8     3    21    18     0     0   -30.0  -80.632 -132.604   1030.4    770.2
     1     1     8     3    21    17     0     0   -31.0  -80.080 -130.888   1066.3    746.7
     1     1     8     3    21    16     0     0   -32.0  -79.515 -129.286   1090.7    724.9
     1     1     8     3    21    15     0     0   -33.0  -78.945 -127.698   1096.4    705.4
     1     1     8     3    21    14     0     0   -34.0  -78.372 -126.058   1087.4    689.3
     1     1     8     3    21    13     0     0   -35.0  -77.791 -124.298   1068.8    676.5
     1     1     8     3    21    12     0     0   -36.0  -77.208 -122.435   1048.7    685.2
     1     1     8     3    21    11     0     0   -37.0  -76.646 -120.567   1021.3    714.5
     1     1     8     3    21    10     0     0   -38.0  -76.122 -118.745    976.7    744.0
     1     1     8     3    21     9     0     0   -39.0  -75.639 -116.963    916.7    775.8
     1     1     8     3    21     8     0     0   -40.0  -75.192 -115.227    842.9    808.6
     1     1     8     3    21     7     0     0   -41.0  -74.773 -113.577    760.5    840.2
     1     1     8     3    21     6     0     0   -42.0  -74.369 -112.061    679.3    866.1
     1     1     8     3    21     5     0     0   -43.0  -73.976 -110.644    604.8    886.5
     1     1     8     3    21     4     0     0   -44.0  -73.597 -109.284    538.0    903.4
     1     1     8     3    21     3     0     0   -45.0  -73.228 -107.986    480.2    918.1
     1     1     8     3    21     2     0     0   -46.0  -72.864 -106.748    431.6    930.6
     1     1     8     3    21     1     0     0   -47.0  -72.501 -105.565    392.1    941.9
     1     1     8     3    21     0     0     0   -48.0  -72.132 -104.447    359.7    944.5
     1     1     8     3    20    23     0     0   -49.0  -71.751 -103.383    334.3    946.3
     1     1     8     3    20    22     0     0   -50.0  -71.357 -102.355    315.0    948.2
     1     1     8     3    20    21     0     0   -51.0  -70.946 -101.368    300.3    949.9
     1     1     8     3    20    20     0     0   -52.0  -70.511 -100.423    289.0    952.7
     1     1     8     3    20    19     0     0   -53.0  -70.050  -99.521    280.5    956.2
     1     1     8     3    20    18     0     0   -54.0  -69.568  -98.669    273.7    957.6
     1     1     8     3    20    17     0     0   -55.0  -69.080  -97.864    268.0    958.9
     1     1     8     3    20    16     0     0   -56.0  -68.588  -97.094    262.7    959.9
     1     1     8     3    20    15     0     0   -57.0  -68.089  -96.357    257.5    961.1
     1     1     8     3    20    14     0     0   -58.0  -67.579  -95.640    252.5    962.7
     1     1     8     3    20    13     0     0   -59.0  -67.067  -94.944    246.8    962.9
     1     1     8     3    20    12     0     0   -60.0  -66.563  -94.275    239.6    962.8
     1     1     8     3    20    11     0     0   -61.0  -66.066  -93.614    232.0    963.7
     1     1     8     3    20    10     0     0   -62.0  -65.567  -92.934    226.0    964.5
     1     1     8     3    20     9     0     0   -63.0  -65.061  -92.222    222.0    965.3
     1     1     8     3    20     8     0     0   -64.0  -64.554  -91.495    219.5    966.5
     1     1     8     3    20     7     0     0   -65.0  -64.052  -90.771    217.8    967.1
     1     1     8     3    20     6     0     0   -66.0  -63.550  -90.037    216.5    967.2
     1     1     8     3    20     5     0     0   -67.0  -63.063  -89.295    215.3    966.5
     1     1     8     3    20     4     0     0   -68.0  -62.604  -88.550    214.2    966.0
     1     1     8     3    20     3     0     0   -69.0  -62.175  -87.805    213.4    967.0
     1     1     8     3    20     2     0     0   -70.0  -61.783  -87.076    212.7    968.5
     1     1     8     3    20     1     0     0   -71.0  -61.433  -86.361    211.6    970.0
     1     1     8     3    20     0     0     0   -72.0  -61.124  -85.654    209.7    971.6
     1     1     8     3    19    23     0     0   -73.0  -60.848  -84.959    207.7    973.3
     1     1     8     3    19    22     0     0   -74.0  -60.598  -84.288    205.5    974.4
     1     1     8     3    19    21     0     0   -75.0  -60.372  -83.641    203.4    975.7
     1     1     8     3    19    20     0     0   -76.0  -60.164  -83.010    202.4    976.8
     1     1     8     3    19    19     0     0   -77.0  -59.969  -82.392    203.7    977.4
     1     1     8     3    19    18     0     0   -78.0  -59.794  -81.803    207.8    976.0
     1     1     8     3    19    17     0     0   -79.0  -59.644  -81.237    212.2    974.6
     1     1     8     3    19    16     0     0   -80.0  -59.524  -80.672    215.2    974.1
     1     1     8     3    19    15     0     0   -81.0  -59.430  -80.106    217.3    973.9
     1     1     8     3    19    14     0     0   -82.0  -59.358  -79.537    218.8    974.0
     1     1     8     3    19    13     0     0   -83.0  -59.303  -78.966    219.9    974.0
     1     1     8     3    19    12     0     0   -84.0  -59.267  -78.399    220.6    974.2
     1     1     8     3    19    11     0     0   -85.0  -59.266  -77.863    222.2    974.2
     1     1     8     3    19    10     0     0   -86.0  -59.310  -77.378    225.6    973.7
     1     1     8     3    19     9     0     0   -87.0  -59.395  -76.940    230.4    973.2
     1     1     8     3    19     8     0     0   -88.0  -59.519  -76.546    236.4    972.5
     1     1     8     3    19     7     0     0   -89.0  -59.683  -76.200    244.0    971.4
     1     1     8     3    19     6     0     0   -90.0  -59.886  -75.903    253.4    970.0
     1     1     8     3    19     5     0     0   -91.0  -60.129  -75.679    264.2    967.8
     1     1     8     3    19     4     0     0   -92.0  -60.403  -75.550    275.4    965.5
     1     1     8     3    19     3     0     0   -93.0  -60.705  -75.510    286.8    963.2
     1     1     8     3    19     2     0     0   -94.0  -61.030  -75.552    298.3    961.0
     1     1     8     3    19     1     0     0   -95.0  -61.377  -75.667    309.8    958.8
     1     1     8     3    19     0     0     0   -96.0  -61.742  -75.849    321.3    956.6
     1     1     8     3    18    23     0     0   -97.0  -62.110  -76.098    332.2    954.8
     1     1     8     3    18    22     0     0   -98.0  -62.467  -76.421    341.9    953.2
     1     1     8     3    18    21     0     0   -99.0  -62.801  -76.811    350.2    953.8
     1     1     8     3    18    20     0     0  -100.0  -63.103  -77.256    356.2    954.8
     1     1     8     3    18    19     0     0  -101.0  -63.374  -77.752    360.3    955.7
     1     1     8     3    18    18     0     0  -102.0  -63.611  -78.296    363.0    956.3
     1     1     8     3    18    17     0     0  -103.0  -63.822  -78.881    365.8    956.8
     1     1     8     3    18    16     0     0  -104.0  -64.018  -79.503    369.8    956.8
     1     1     8     3    18    15     0     0  -105.0  -64.197  -80.158    375.0    956.3
     1     1     8     3    18    14     0     0  -106.0  -64.355  -80.840    381.5    955.8
     1     1     8     3    18    13     0     0  -107.0  -64.485  -81.544    388.9    954.9
     1     1     8     3    18    12     0     0  -108.0  -64.589  -82.266    396.9    953.9
     1     1     8     3    18    11     0     0  -109.0  -64.667  -83.004    404.5    952.6
     1     1     8     3    18    10     0     0  -110.0  -64.720  -83.753    410.2    952.1
     1     1     8     3    18     9     0     0  -111.0  -64.742  -84.506    414.1    951.9
     1     1     8     3    18     8     0     0  -112.0  -64.733  -85.257    416.2    952.1
     1     1     8     3    18     7     0     0  -113.0  -64.691  -85.998    416.6    952.2
     1     1     8     3    18     6     0     0  -114.0  -64.613  -86.720    415.3    952.5
     1     1     8     3    18     5     0     0  -115.0  -64.506  -87.406    413.1    953.2
     1     1     8     3    18     4     0     0  -116.0  -64.384  -88.041    410.4    953.6
     1     1     8     3    18     3     0     0  -117.0  -64.253  -88.626    407.9    953.9
     1     1     8     3    18     2     0     0  -118.0  -64.118  -89.163    405.8    954.0
     1     1     8     3    18     1     0     0  -119.0  -63.980  -89.654    404.0    954.1
     1     1     8     3    18     0     0     0  -120.0  -63.842  -90.098    402.4    954.2
