    12     1
    CDC1     7     9     1     0     0
    CDC1     7    10     1     0     0
    CDC1     7    11     1     0     0
    CDC1     7    12     1     0     0
    CDC1     8     1     1     0     0
    CDC1     8     2     1     0     0
    CDC1     8     3     1     0     0
    CDC1     8     4     1     0     0
    CDC1     8     5     1     0     0
    CDC1     8     6     1     0     0
    CDC1     8     7     1     0     0
    CDC1     8     8     1     0     0
     1 BACKWARD OMEGA   
     8     7    25     0  -80.930  159.503  1000.0
     1 PRESSURE
     1     1     8     7    25     0     0     0     0.0  -80.930  159.503   1000.0    725.3
     1     1     8     7    24    23     0     0    -1.0  -81.024  160.282    977.0    734.9
     1     1     8     7    24    22     0     0    -2.0  -81.116  161.059    957.7    743.7
     1     1     8     7    24    21     0     0    -3.0  -81.205  161.831    941.9    751.9
     1     1     8     7    24    20     0     0    -4.0  -81.290  162.608    929.3    759.8
     1     1     8     7    24    19     0     0    -5.0  -81.372  163.360    918.9    766.8
     1     1     8     7    24    18     0     0    -6.0  -81.449  164.043    909.7    772.7
     1     1     8     7    24    17     0     0    -7.0  -81.521  164.629    904.8    777.6
     1     1     8     7    24    16     0     0    -8.0  -81.590  165.114    908.0    780.1
     1     1     8     7    24    15     0     0    -9.0  -81.656  165.513    917.7    780.6
     1     1     8     7    24    14     0     0   -10.0  -81.721  165.836    932.7    779.9
     1     1     8     7    24    13     0     0   -11.0  -81.784  166.085    952.7    777.9
     1     1     8     7    24    12     0     0   -12.0  -81.847  166.263    977.1    774.8
     1     1     8     7    24    11     0     0   -13.0  -81.911  166.359   1005.8    771.4
     1     1     8     7    24    10     0     0   -14.0  -81.976  166.362   1037.5    766.8
     1     1     8     7    24     9     0     0   -15.0  -82.044  166.278   1072.5    761.2
     1     1     8     7    24     8     0     0   -16.0  -82.112  166.109   1110.5    754.7
     1     1     8     7    24     7     0     0   -17.0  -82.181  165.864   1151.5    747.3
     1     1     8     7    24     6     0     0   -18.0  -82.248  165.548   1195.4    739.3
     1     1     8     7    24     5     0     0   -19.0  -82.309  165.260   1240.8    731.6
     1     1     8     7    24     4     0     0   -20.0  -82.361  165.083   1286.7    725.0
     1     1     8     7    24     3     0     0   -21.0  -82.406  165.002   1333.6    719.0
     1     1     8     7    24     2     0     0   -22.0  -82.444  165.006   1382.4    713.8
     1     1     8     7    24     1     0     0   -23.0  -82.476  165.088   1433.4    709.0
     1     1     8     7    24     0     0     0   -24.0  -82.502  165.244   1486.8    704.7
     1     1     8     7    23    23     0     0   -25.0  -82.521  165.450   1537.7    700.0
     1     1     8     7    23    22     0     0   -26.0  -82.531  165.676   1584.4    696.9
     1     1     8     7    23    21     0     0   -27.0  -82.531  165.910   1626.8    694.8
     1     1     8     7    23    20     0     0   -28.0  -82.522  166.142   1665.2    693.5
     1     1     8     7    23    19     0     0   -29.0  -82.505  166.359   1700.0    692.7
     1     1     8     7    23    18     0     0   -30.0  -82.478  166.549   1730.8    691.7
     1     1     8     7    23    17     0     0   -31.0  -82.442  166.712   1758.5    691.2
     1     1     8     7    23    16     0     0   -32.0  -82.396  166.847   1783.6    690.9
     1     1     8     7    23    15     0     0   -33.0  -82.340  166.955   1806.4    690.8
     1     1     8     7    23    14     0     0   -34.0  -82.275  167.037   1827.2    690.9
     1     1     8     7    23    13     0     0   -35.0  -82.202  167.094   1846.0    691.1
     1     1     8     7    23    12     0     0   -36.0  -82.122  167.130   1863.3    691.4
     1     1     8     7    23    11     0     0   -37.0  -82.036  167.180   1878.9    691.6
     1     1     8     7    23    10     0     0   -38.0  -81.949  167.281   1893.3    692.4
     1     1     8     7    23     9     0     0   -39.0  -81.860  167.436   1906.0    693.8
     1     1     8     7    23     8     0     0   -40.0  -81.770  167.646   1916.9    695.8
     1     1     8     7    23     7     0     0   -41.0  -81.682  167.911   1925.8    698.4
     1     1     8     7    23     6     0     0   -42.0  -81.595  168.235   1932.8    701.7
     1     1     8     7    23     5     0     0   -43.0  -81.517  168.568   1941.5    705.2
     1     1     8     7    23     4     0     0   -44.0  -81.450  168.862   1954.4    707.5
     1     1     8     7    23     3     0     0   -45.0  -81.393  169.122   1971.4    708.9
     1     1     8     7    23     2     0     0   -46.0  -81.345  169.349   1991.9    709.5
     1     1     8     7    23     1     0     0   -47.0  -81.304  169.546   2015.8    709.4
     1     1     8     7    23     0     0     0   -48.0  -81.269  169.712   2042.7    708.8
     1     1     8     7    22    23     0     0   -49.0  -81.240  169.896   2070.2    707.7
     1     1     8     7    22    22     0     0   -50.0  -81.219  170.149   2097.0    707.2
     1     1     8     7    22    21     0     0   -51.0  -81.206  170.475   2122.9    706.8
     1     1     8     7    22    20     0     0   -52.0  -81.203  170.876   2148.4    706.8
     1     1     8     7    22    19     0     0   -53.0  -81.208  171.357   2173.8    707.1
     1     1     8     7    22    18     0     0   -54.0  -81.222  171.918   2199.6    707.8
     1     1     8     7    22    17     0     0   -55.0  -81.245  172.549   2224.3    708.8
     1     1     8     7    22    16     0     0   -56.0  -81.276  173.240   2247.2    709.2
     1     1     8     7    22    15     0     0   -57.0  -81.316  173.995   2268.8    709.9
     1     1     8     7    22    14     0     0   -58.0  -81.364  174.819   2289.4    710.7
     1     1     8     7    22    13     0     0   -59.0  -81.419  175.716   2308.6    711.0
     1     1     8     7    22    12     0     0   -60.0  -81.482  176.688   2327.4    711.3
     1     1     8     7    22    11     0     0   -61.0  -81.551  177.671   2346.7    711.9
     1     1     8     7    22    10     0     0   -62.0  -81.623  178.598   2360.1    711.9
     1     1     8     7    22     9     0     0   -63.0  -81.697  179.465   2370.7    712.2
     1     1     8     7    22     8     0     0   -64.0  -81.774 -179.729   2378.1    712.6
     1     1     8     7    22     7     0     0   -65.0  -81.851 -178.985   2382.3    712.8
     1     1     8     7    22     6     0     0   -66.0  -81.928 -178.309   2383.9    713.3
     1     1     8     7    22     5     0     0   -67.0  -81.993 -177.629   2384.8    714.8
     1     1     8     7    22     4     0     0   -68.0  -82.033 -176.872   2385.3    716.5
     1     1     8     7    22     3     0     0   -69.0  -82.049 -176.038   2385.8    718.5
     1     1     8     7    22     2     0     0   -70.0  -82.043 -175.126   2386.6    720.5
     1     1     8     7    22     1     0     0   -71.0  -82.017 -174.140   2387.0    721.8
     1     1     8     7    22     0     0     0   -72.0  -81.973 -173.084   2387.8    722.7
     1     1     8     7    21    23     0     0   -73.0  -81.923 -171.989   2388.8    723.1
     1     1     8     7    21    22     0     0   -74.0  -81.878 -170.892   2387.0    723.7
     1     1     8     7    21    21     0     0   -75.0  -81.837 -169.792   2383.5    724.3
     1     1     8     7    21    20     0     0   -76.0  -81.802 -168.685   2378.5    724.7
     1     1     8     7    21    19     0     0   -77.0  -81.770 -167.565   2372.3    725.3
     1     1     8     7    21    18     0     0   -78.0  -81.742 -166.429   2365.1    725.9
     1     1     8     7    21    17     0     0   -79.0  -81.718 -165.344   2361.1    726.0
     1     1     8     7    21    16     0     0   -80.0  -81.694 -164.384   2364.1    725.1
     1     1     8     7    21    15     0     0   -81.0  -81.671 -163.557   2372.9    723.6
     1     1     8     7    21    14     0     0   -82.0  -81.649 -162.867   2386.7    721.8
     1     1     8     7    21    13     0     0   -83.0  -81.628 -162.317   2405.1    719.7
     1     1     8     7    21    12     0     0   -84.0  -81.609 -161.908   2427.7    717.2
     1     1     8     7    21    11     0     0   -85.0  -81.600 -161.635   2452.2    713.4
     1     1     8     7    21    10     0     0   -86.0  -81.608 -161.493   2479.8    709.7
     1     1     8     7    21     9     0     0   -87.0  -81.631 -161.480   2509.1    706.1
     1     1     8     7    21     8     0     0   -88.0  -81.667 -161.593   2540.0    702.5
     1     1     8     7    21     7     0     0   -89.0  -81.715 -161.832   2572.4    699.0
     1     1     8     7    21     6     0     0   -90.0  -81.773 -162.194   2606.5    695.3
     1     1     8     7    21     5     0     0   -91.0  -81.826 -162.663   2641.1    692.6
     1     1     8     7    21     4     0     0   -92.0  -81.859 -163.218   2671.6    690.3
     1     1     8     7    21     3     0     0   -93.0  -81.870 -163.855   2698.2    688.3
     1     1     8     7    21     2     0     0   -94.0  -81.859 -164.571   2720.4    686.5
     1     1     8     7    21     1     0     0   -95.0  -81.825 -165.360   2737.8    685.1
     1     1     8     7    21     0     0     0   -96.0  -81.765 -166.208   2750.0    684.2
     1     1     8     7    20    23     0     0   -97.0  -81.697 -167.026   2762.8    683.7
     1     1     8     7    20    22     0     0   -98.0  -81.640 -167.738   2783.0    681.7
     1     1     8     7    20    21     0     0   -99.0  -81.597 -168.351   2811.2    678.9
     1     1     8     7    20    20     0     0  -100.0  -81.569 -168.867   2848.2    675.3
     1     1     8     7    20    19     0     0  -101.0  -81.560 -169.285   2894.8    670.9
     1     1     8     7    20    18     0     0  -102.0  -81.571 -169.603   2951.7    665.6
     1     1     8     7    20    17     0     0  -103.0  -81.598 -169.828   3013.2    659.5
     1     1     8     7    20    16     0     0  -104.0  -81.634 -169.970   3071.3    654.3
     1     1     8     7    20    15     0     0  -105.0  -81.679 -170.029   3126.8    649.4
     1     1     8     7    20    14     0     0  -106.0  -81.731 -170.009   3179.4    644.8
     1     1     8     7    20    13     0     0  -107.0  -81.791 -169.906   3229.4    640.4
     1     1     8     7    20    12     0     0  -108.0  -81.856 -169.720   3276.9    636.4
     1     1     8     7    20    11     0     0  -109.0  -81.924 -169.419   3318.5    632.6
     1     1     8     7    20    10     0     0  -110.0  -81.993 -168.969   3346.6    630.3
     1     1     8     7    20     9     0     0  -111.0  -82.062 -168.354   3362.0    629.2
     1     1     8     7    20     8     0     0  -112.0  -82.127 -167.563   3364.5    629.2
     1     1     8     7    20     7     0     0  -113.0  -82.184 -166.591   3353.0    630.1
     1     1     8     7    20     6     0     0  -114.0  -82.228 -165.439   3328.0    631.9
     1     1     8     7    20     5     0     0  -115.0  -82.247 -164.204   3301.1    634.8
     1     1     8     7    20     4     0     0  -116.0  -82.234 -162.989   3286.3    635.6
     1     1     8     7    20     3     0     0  -117.0  -82.193 -161.815   3280.5    635.3
     1     1     8     7    20     2     0     0  -118.0  -82.123 -160.701   3282.7    633.9
     1     1     8     7    20     1     0     0  -119.0  -82.023 -159.663   3291.6    631.7
     1     1     8     7    20     0     0     0  -120.0  -81.895 -158.717   3305.5    629.0
