    12     1
    CDC1     7     9     1     0     0
    CDC1     7    10     1     0     0
    CDC1     7    11     1     0     0
    CDC1     7    12     1     0     0
    CDC1     8     1     1     0     0
    CDC1     8     2     1     0     0
    CDC1     8     3     1     0     0
    CDC1     8     4     1     0     0
    CDC1     8     5     1     0     0
    CDC1     8     6     1     0     0
    CDC1     8     7     1     0     0
    CDC1     8     8     1     0     0
     1 BACKWARD OMEGA   
     7    12     2     0  -80.930  159.503  1000.0
     1 PRESSURE
     1     1     7    12     2     0     0     0     0.0  -80.930  159.503   1000.0    739.7
     1     1     7    12     1    23     0     0    -1.0  -80.950  160.040    967.3    748.7
     1     1     7    12     1    22     0     0    -2.0  -80.981  160.611    933.1    758.3
     1     1     7    12     1    21     0     0    -3.0  -81.021  161.210    896.9    768.2
     1     1     7    12     1    20     0     0    -4.0  -81.069  161.839    857.5    778.3
     1     1     7    12     1    19     0     0    -5.0  -81.125  162.504    813.3    789.1
     1     1     7    12     1    18     0     0    -6.0  -81.188  163.217    764.2    801.3
     1     1     7    12     1    17     0     0    -7.0  -81.249  163.925    717.2    813.7
     1     1     7    12     1    16     0     0    -8.0  -81.304  164.563    678.0    824.1
     1     1     7    12     1    15     0     0    -9.0  -81.351  165.129    647.1    832.9
     1     1     7    12     1    14     0     0   -10.0  -81.394  165.620    624.5    839.8
     1     1     7    12     1    13     0     0   -11.0  -81.430  166.033    610.0    844.7
     1     1     7    12     1    12     0     0   -12.0  -81.461  166.367    603.5    848.0
     1     1     7    12     1    11     0     0   -13.0  -81.496  166.654    600.3    850.2
     1     1     7    12     1    10     0     0   -14.0  -81.544  166.933    595.4    852.6
     1     1     7    12     1     9     0     0   -15.0  -81.605  167.208    589.0    855.0
     1     1     7    12     1     8     0     0   -16.0  -81.677  167.486    581.1    857.3
     1     1     7    12     1     7     0     0   -17.0  -81.762  167.771    571.9    859.4
     1     1     7    12     1     6     0     0   -18.0  -81.857  168.066    561.7    861.4
     1     1     7    12     1     5     0     0   -19.0  -81.954  168.439    549.2    864.1
     1     1     7    12     1     4     0     0   -20.0  -82.045  168.953    532.9    868.7
     1     1     7    12     1     3     0     0   -21.0  -82.130  169.603    512.8    874.8
     1     1     7    12     1     2     0     0   -22.0  -82.210  170.385    488.5    882.1
     1     1     7    12     1     1     0     0   -23.0  -82.286  171.309    460.2    890.5
     1     1     7    12     1     0     0     0   -24.0  -82.357  172.383    428.2    900.9
     1     1     7    11    30    23     0     0   -25.0  -82.434  173.531    396.1    910.2
     1     1     7    11    30    22     0     0   -26.0  -82.522  174.688    369.0    917.1
     1     1     7    11    30    21     0     0   -27.0  -82.617  175.884    347.1    919.6
     1     1     7    11    30    20     0     0   -28.0  -82.715  177.150    331.0    921.0
     1     1     7    11    30    19     0     0   -29.0  -82.813  178.506    319.0    921.3
     1     1     7    11    30    18     0     0   -30.0  -82.907  179.976    309.7    921.9
     1     1     7    11    30    17     0     0   -31.0  -82.991 -178.442    301.8    921.4
     1     1     7    11    30    16     0     0   -32.0  -83.063 -176.770    294.8    922.1
     1     1     7    11    30    15     0     0   -33.0  -83.122 -175.012    288.7    923.1
     1     1     7    11    30    14     0     0   -34.0  -83.166 -173.186    283.2    924.2
     1     1     7    11    30    13     0     0   -35.0  -83.192 -171.316    277.5    926.5
     1     1     7    11    30    12     0     0   -36.0  -83.197 -169.424    271.5    929.4
     1     1     7    11    30    11     0     0   -37.0  -83.181 -167.457    266.7    932.0
     1     1     7    11    30    10     0     0   -38.0  -83.142 -165.376    264.1    935.5
     1     1     7    11    30     9     0     0   -39.0  -83.080 -163.206    263.6    938.9
     1     1     7    11    30     8     0     0   -40.0  -82.989 -160.962    265.2    942.7
     1     1     7    11    30     7     0     0   -41.0  -82.866 -158.669    268.8    947.6
     1     1     7    11    30     6     0     0   -42.0  -82.718 -156.384    274.4    952.0
     1     1     7    11    30     5     0     0   -43.0  -82.551 -154.149    280.7    956.3
     1     1     7    11    30     4     0     0   -44.0  -82.378 -152.061    284.8    953.9
     1     1     7    11    30     3     0     0   -45.0  -82.199 -150.188    286.7    948.4
     1     1     7    11    30     2     0     0   -46.0  -82.017 -148.530    286.3    942.3
     1     1     7    11    30     1     0     0   -47.0  -81.835 -147.083    283.2    935.6
     1     1     7    11    30     0     0     0   -48.0  -81.655 -145.837    277.6    929.0
     1     1     7    11    29    23     0     0   -49.0  -81.475 -144.742    271.6    921.9
     1     1     7    11    29    22     0     0   -50.0  -81.285 -143.750    266.8    913.7
     1     1     7    11    29    21     0     0   -51.0  -81.081 -142.856    263.3    905.0
     1     1     7    11    29    20     0     0   -52.0  -80.864 -142.060    261.8    895.6
     1     1     7    11    29    19     0     0   -53.0  -80.630 -141.368    263.0    885.2
     1     1     7    11    29    18     0     0   -54.0  -80.378 -140.784    268.0    874.1
     1     1     7    11    29    17     0     0   -55.0  -80.110 -140.306    275.9    862.2
     1     1     7    11    29    16     0     0   -56.0  -79.832 -139.908    285.4    853.6
     1     1     7    11    29    15     0     0   -57.0  -79.556 -139.550    296.1    847.0
     1     1     7    11    29    14     0     0   -58.0  -79.286 -139.203    306.5    840.1
     1     1     7    11    29    13     0     0   -59.0  -79.022 -138.855    315.5    833.2
     1     1     7    11    29    12     0     0   -60.0  -78.765 -138.493    322.4    826.2
     1     1     7    11    29    11     0     0   -61.0  -78.519 -138.127    327.7    819.4
     1     1     7    11    29    10     0     0   -62.0  -78.286 -137.777    331.5    812.7
     1     1     7    11    29     9     0     0   -63.0  -78.066 -137.453    334.0    806.2
     1     1     7    11    29     8     0     0   -64.0  -77.858 -137.170    335.3    800.2
     1     1     7    11    29     7     0     0   -65.0  -77.660 -136.947    335.7    794.8
     1     1     7    11    29     6     0     0   -66.0  -77.471 -136.783    335.3    791.6
     1     1     7    11    29     5     0     0   -67.0  -77.289 -136.628    335.2    797.2
     1     1     7    11    29     4     0     0   -68.0  -77.107 -136.427    334.9    802.4
     1     1     7    11    29     3     0     0   -69.0  -76.926 -136.181    333.9    807.4
     1     1     7    11    29     2     0     0   -70.0  -76.745 -135.890    332.0    812.2
     1     1     7    11    29     1     0     0   -71.0  -76.564 -135.553    329.0    816.9
     1     1     7    11    29     0     0     0   -72.0  -76.382 -135.170    324.8    821.5
     1     1     7    11    28    23     0     0   -73.0  -76.206 -134.727    319.4    826.2
     1     1     7    11    28    22     0     0   -74.0  -76.046 -134.214    312.1    830.1
     1     1     7    11    28    21     0     0   -75.0  -75.899 -133.624    303.1    833.3
     1     1     7    11    28    20     0     0   -76.0  -75.765 -132.949    292.3    835.5
     1     1     7    11    28    19     0     0   -77.0  -75.643 -132.182    279.9    837.3
     1     1     7    11    28    18     0     0   -78.0  -75.532 -131.323    266.3    839.2
     1     1     7    11    28    17     0     0   -79.0  -75.423 -130.376    250.4    840.8
     1     1     7    11    28    16     0     0   -80.0  -75.310 -129.344    231.1    843.7
     1     1     7    11    28    15     0     0   -81.0  -75.191 -128.227    208.0    847.8
     1     1     7    11    28    14     0     0   -82.0  -75.068 -127.027    180.4    852.9
     1     1     7    11    28    13     0     0   -83.0  -74.948 -125.762    150.4    859.1
     1     1     7    11    28    12     0     0   -84.0  -74.847 -124.479    122.1    866.2
     1     1     7    11    28    11     0     0   -85.0  -74.773 -123.215     99.7    873.5
     1     1     7    11    28    10     0     0   -86.0  -74.727 -121.997     84.0    879.9
     1     1     7    11    28     9     0     0   -87.0  -74.700 -120.847     73.4    885.8
     1     1     7    11    28     8     0     0   -88.0  -74.686 -119.769     66.1    890.3
     1     1     7    11    28     7     0     0   -89.0  -74.677 -118.756     60.8    895.5
     1     1     7    11    28     6     0     0   -90.0  -74.672 -117.802     56.9    900.4
     1     1     7    11    28     5     0     0   -91.0  -74.665 -116.901     53.9    905.0
     1     1     7    11    28     4     0     0   -92.0  -74.653 -116.045     51.4    909.5
     1     1     7    11    28     3     0     0   -93.0  -74.636 -115.235     49.2    913.8
     1     1     7    11    28     2     0     0   -94.0  -74.615 -114.462     47.4    918.3
     1     1     7    11    28     1     0     0   -95.0  -74.591 -113.727     46.0    922.7
     1     1     7    11    28     0     0     0   -96.0  -74.570 -113.050     44.7    926.7
     1     1     7    11    27    23     0     0   -97.0  -74.556 -112.435     43.8    930.2
     1     1     7    11    27    22     0     0   -98.0  -74.550 -111.866     43.7    932.6
     1     1     7    11    27    21     0     0   -99.0  -74.551 -111.327     44.7    934.5
     1     1     7    11    27    20     0     0  -100.0  -74.560 -110.815     48.0    936.0
     1     1     7    11    27    19     0     0  -101.0  -74.577 -110.322     54.6    937.0
     1     1     7    11    27    18     0     0  -102.0  -74.602 -109.845     65.9    937.0
     1     1     7    11    27    17     0     0  -103.0  -74.641 -109.374     80.4    934.9
     1     1     7    11    27    16     0     0  -104.0  -74.695 -108.904     94.8    932.4
     1     1     7    11    27    15     0     0  -105.0  -74.766 -108.429    109.0    929.8
     1     1     7    11    27    14     0     0  -106.0  -74.852 -107.939    123.0    927.3
     1     1     7    11    27    13     0     0  -107.0  -74.956 -107.426    136.7    924.5
     1     1     7    11    27    12     0     0  -108.0  -75.075 -106.877    150.0    918.6
     1     1     7    11    27    11     0     0  -109.0  -75.197 -106.283    162.0    911.8
     1     1     7    11    27    10     0     0  -110.0  -75.315 -105.646    172.2    905.3
     1     1     7    11    27     9     0     0  -111.0  -75.428 -104.958    180.7    898.9
     1     1     7    11    27     8     0     0  -112.0  -75.534 -104.209    187.1    891.2
     1     1     7    11    27     7     0     0  -113.0  -75.631 -103.390    191.4    884.0
     1     1     7    11    27     6     0     0  -114.0  -75.722 -102.496    194.0    877.1
     1     1     7    11    27     5     0     0  -115.0  -75.801 -101.506    194.1    868.8
     1     1     7    11    27     4     0     0  -116.0  -75.868 -100.401    191.8    861.2
     1     1     7    11    27     3     0     0  -117.0  -75.927  -99.193    187.6    853.4
     1     1     7    11    27     2     0     0  -118.0  -75.982  -97.901    181.8    845.6
     1     1     7    11    27     1     0     0  -119.0  -76.036  -96.537    174.3    839.0
     1     1     7    11    27     0     0     0  -120.0  -76.089  -95.107    164.9    833.1
