    12     1
    CDC1     7     9     1     0     0
    CDC1     7    10     1     0     0
    CDC1     7    11     1     0     0
    CDC1     7    12     1     0     0
    CDC1     8     1     1     0     0
    CDC1     8     2     1     0     0
    CDC1     8     3     1     0     0
    CDC1     8     4     1     0     0
    CDC1     8     5     1     0     0
    CDC1     8     6     1     0     0
    CDC1     8     7     1     0     0
    CDC1     8     8     1     0     0
     1 BACKWARD OMEGA   
     8     6     7     0  -80.930  159.503  1000.0
     1 PRESSURE
     1     1     8     6     7     0     0     0     0.0  -80.930  159.503   1000.0    742.9
     1     1     8     6     6    23     0     0    -1.0  -81.471  159.968   1020.5    741.1
     1     1     8     6     6    22     0     0    -2.0  -81.998  160.713   1043.4    741.3
     1     1     8     6     6    21     0     0    -3.0  -82.510  161.731   1080.8    740.7
     1     1     8     6     6    20     0     0    -4.0  -83.001  163.200   1124.1    722.7
     1     1     8     6     6    19     0     0    -5.0  -83.474  165.275   1171.0    707.1
     1     1     8     6     6    18     0     0    -6.0  -83.929  167.964   1219.3    694.4
     1     1     8     6     6    17     0     0    -7.0  -84.359  171.306   1265.1    682.1
     1     1     8     6     6    16     0     0    -8.0  -84.750  175.270   1309.7    672.8
     1     1     8     6     6    15     0     0    -9.0  -85.100  179.767   1351.3    668.3
     1     1     8     6     6    14     0     0   -10.0  -85.408 -175.466   1393.5    667.4
     1     1     8     6     6    13     0     0   -11.0  -85.675 -170.618   1433.1    664.9
     1     1     8     6     6    12     0     0   -12.0  -85.896 -165.784   1474.6    659.3
     1     1     8     6     6    11     0     0   -13.0  -86.069 -161.088   1506.6    654.0
     1     1     8     6     6    10     0     0   -14.0  -86.193 -156.623   1525.1    650.7
     1     1     8     6     6     9     0     0   -15.0  -86.275 -152.463   1531.7    648.4
     1     1     8     6     6     8     0     0   -16.0  -86.324 -148.629   1527.8    647.4
     1     1     8     6     6     7     0     0   -17.0  -86.343 -145.165   1513.9    647.9
     1     1     8     6     6     6     0     0   -18.0  -86.339 -142.023   1491.4    649.3
     1     1     8     6     6     5     0     0   -19.0  -86.314 -139.304   1465.9    650.4
     1     1     8     6     6     4     0     0   -20.0  -86.274 -137.084   1444.1    652.6
     1     1     8     6     6     3     0     0   -21.0  -86.221 -135.342   1425.5    654.9
     1     1     8     6     6     2     0     0   -22.0  -86.159 -134.058   1409.7    657.4
     1     1     8     6     6     1     0     0   -23.0  -86.089 -133.192   1396.9    660.3
     1     1     8     6     6     0     0     0   -24.0  -86.012 -132.706   1387.1    663.7
     1     1     8     6     5    23     0     0   -25.0  -85.938 -132.422   1383.8    666.9
     1     1     8     6     5    22     0     0   -26.0  -85.875 -132.221   1391.5    668.3
     1     1     8     6     5    21     0     0   -27.0  -85.822 -132.115   1408.7    668.5
     1     1     8     6     5    20     0     0   -28.0  -85.779 -132.113   1434.9    667.6
     1     1     8     6     5    19     0     0   -29.0  -85.745 -132.227   1470.0    665.8
     1     1     8     6     5    18     0     0   -30.0  -85.720 -132.466   1514.0    663.2
     1     1     8     6     5    17     0     0   -31.0  -85.705 -132.934   1564.9    660.0
     1     1     8     6     5    16     0     0   -32.0  -85.704 -133.714   1618.7    656.7
     1     1     8     6     5    15     0     0   -33.0  -85.717 -134.802   1676.8    652.8
     1     1     8     6     5    14     0     0   -34.0  -85.745 -136.215   1739.9    648.1
     1     1     8     6     5    13     0     0   -35.0  -85.784 -137.983   1808.2    642.6
     1     1     8     6     5    12     0     0   -36.0  -85.834 -140.159   1881.1    636.2
     1     1     8     6     5    11     0     0   -37.0  -85.888 -142.690   1955.2    628.6
     1     1     8     6     5    10     0     0   -38.0  -85.944 -145.497   2025.4    621.4
     1     1     8     6     5     9     0     0   -39.0  -86.001 -148.597   2091.9    613.8
     1     1     8     6     5     8     0     0   -40.0  -86.058 -152.048   2153.0    604.6
     1     1     8     6     5     7     0     0   -41.0  -86.115 -155.923   2210.1    595.0
     1     1     8     6     5     6     0     0   -42.0  -86.169 -160.251   2261.1    583.8
     1     1     8     6     5     5     0     0   -43.0  -86.198 -165.167   2306.5    572.7
     1     1     8     6     5     4     0     0   -44.0  -86.173 -170.594   2342.7    561.6
     1     1     8     6     5     3     0     0   -45.0  -86.082 -176.267   2370.4    551.2
     1     1     8     6     5     2     0     0   -46.0  -85.913  178.208   2389.9    542.1
     1     1     8     6     5     1     0     0   -47.0  -85.668  173.197   2403.9    535.5
     1     1     8     6     5     0     0     0   -48.0  -85.352  169.036   2414.0    531.0
     1     1     8     6     4    23     0     0   -49.0  -84.993  165.976   2427.9    529.6
     1     1     8     6     4    22     0     0   -50.0  -84.624  163.739   2452.3    535.6
     1     1     8     6     4    21     0     0   -51.0  -84.253  161.940   2478.1    541.4
     1     1     8     6     4    20     0     0   -52.0  -83.886  160.518   2505.4    547.2
     1     1     8     6     4    19     0     0   -53.0  -83.527  159.404   2534.0    552.5
     1     1     8     6     4    18     0     0   -54.0  -83.180  158.553   2563.2    557.4
     1     1     8     6     4    17     0     0   -55.0  -82.847  157.945   2591.7    562.9
     1     1     8     6     4    16     0     0   -56.0  -82.531  157.587   2615.1    569.3
     1     1     8     6     4    15     0     0   -57.0  -82.237  157.431   2620.2    570.0
     1     1     8     6     4    14     0     0   -58.0  -81.967  157.419   2614.8    571.5
     1     1     8     6     4    13     0     0   -59.0  -81.724  157.549   2600.1    574.8
     1     1     8     6     4    12     0     0   -60.0  -81.507  157.826   2576.2    580.0
     1     1     8     6     4    11     0     0   -61.0  -81.309  158.259   2544.4    587.1
     1     1     8     6     4    10     0     0   -62.0  -81.122  158.869   2503.7    596.5
     1     1     8     6     4     9     0     0   -63.0  -80.950  159.667   2454.8    608.5
     1     1     8     6     4     8     0     0   -64.0  -80.800  160.663   2398.2    623.4
     1     1     8     6     4     7     0     0   -65.0  -80.680  161.867   2334.9    641.3
     1     1     8     6     4     6     0     0   -66.0  -80.595  163.285   2265.9    662.1
     1     1     8     6     4     5     0     0   -67.0  -80.553  164.860   2195.5    684.7
     1     1     8     6     4     4     0     0   -68.0  -80.558  166.510   2135.0    705.1
     1     1     8     6     4     3     0     0   -69.0  -80.602  168.212   2087.1    722.8
     1     1     8     6     4     2     0     0   -70.0  -80.676  169.971   2050.4    737.9
     1     1     8     6     4     1     0     0   -71.0  -80.771  171.796   2020.1    749.6
     1     1     8     6     4     0     0     0   -72.0  -80.879  173.689   1993.1    759.1
     1     1     8     6     3    23     0     0   -73.0  -80.993  175.564   1969.4    766.3
     1     1     8     6     3    22     0     0   -74.0  -81.106  177.340   1948.9    771.0
     1     1     8     6     3    21     0     0   -75.0  -81.214  179.019   1933.5    773.5
     1     1     8     6     3    20     0     0   -76.0  -81.313 -179.397   1924.8    774.5
     1     1     8     6     3    19     0     0   -77.0  -81.401 -177.900   1922.9    774.3
     1     1     8     6     3    18     0     0   -78.0  -81.478 -176.480   1928.6    773.2
     1     1     8     6     3    17     0     0   -79.0  -81.542 -175.070   1936.1    772.6
     1     1     8     6     3    16     0     0   -80.0  -81.593 -173.613   1941.7    772.1
     1     1     8     6     3    15     0     0   -81.0  -81.632 -172.117   1944.8    771.8
     1     1     8     6     3    14     0     0   -82.0  -81.660 -170.580   1945.2    771.2
     1     1     8     6     3    13     0     0   -83.0  -81.677 -169.010   1944.4    770.8
     1     1     8     6     3    12     0     0   -84.0  -81.685 -167.412   1942.8    770.6
     1     1     8     6     3    11     0     0   -85.0  -81.674 -165.775   1941.4    769.8
     1     1     8     6     3    10     0     0   -86.0  -81.636 -164.085   1940.9    768.1
     1     1     8     6     3     9     0     0   -87.0  -81.569 -162.351   1940.9    765.5
     1     1     8     6     3     8     0     0   -88.0  -81.469 -160.593   1941.7    762.6
     1     1     8     6     3     7     0     0   -89.0  -81.335 -158.822   1942.4    758.9
     1     1     8     6     3     6     0     0   -90.0  -81.168 -157.044   1942.3    754.3
     1     1     8     6     3     5     0     0   -91.0  -80.963 -155.317   1940.8    749.6
     1     1     8     6     3     4     0     0   -92.0  -80.724 -153.697   1935.4    744.2
     1     1     8     6     3     3     0     0   -93.0  -80.451 -152.187   1927.1    738.0
     1     1     8     6     3     2     0     0   -94.0  -80.146 -150.787   1915.5    730.8
     1     1     8     6     3     1     0     0   -95.0  -79.813 -149.504   1905.3    726.3
     1     1     8     6     3     0     0     0   -96.0  -79.461 -148.333   1898.4    724.1
     1     1     8     6     2    23     0     0   -97.0  -79.088 -147.264   1891.8    720.9
     1     1     8     6     2    22     0     0   -98.0  -78.694 -146.275   1883.4    716.5
     1     1     8     6     2    21     0     0   -99.0  -78.285 -145.344   1874.1    711.3
     1     1     8     6     2    20     0     0  -100.0  -77.868 -144.451   1864.0    705.1
     1     1     8     6     2    19     0     0  -101.0  -77.448 -143.579   1855.0    699.0
     1     1     8     6     2    18     0     0  -102.0  -77.035 -142.720   1856.9    701.7
     1     1     8     6     2    17     0     0  -103.0  -76.632 -141.902   1863.0    705.3
     1     1     8     6     2    16     0     0  -104.0  -76.239 -141.149   1871.5    709.9
     1     1     8     6     2    15     0     0  -105.0  -75.856 -140.469   1883.0    715.3
     1     1     8     6     2    14     0     0  -106.0  -75.484 -139.867   1897.8    721.3
     1     1     8     6     2    13     0     0  -107.0  -75.122 -139.352   1915.8    727.6
     1     1     8     6     2    12     0     0  -108.0  -74.766 -138.932   1933.8    731.8
     1     1     8     6     2    11     0     0  -109.0  -74.415 -138.585   1951.6    735.5
     1     1     8     6     2    10     0     0  -110.0  -74.074 -138.285   1972.5    739.3
     1     1     8     6     2     9     0     0  -111.0  -73.746 -138.021   1996.3    742.9
     1     1     8     6     2     8     0     0  -112.0  -73.435 -137.783   2023.7    746.3
     1     1     8     6     2     7     0     0  -113.0  -73.144 -137.563   2055.3    749.1
     1     1     8     6     2     6     0     0  -114.0  -72.875 -137.356   2091.3    751.1
     1     1     8     6     2     5     0     0  -115.0  -72.630 -137.186   2127.9    752.1
     1     1     8     6     2     4     0     0  -116.0  -72.402 -137.073   2158.2    751.1
     1     1     8     6     2     3     0     0  -117.0  -72.189 -137.015   2180.8    747.5
     1     1     8     6     2     2     0     0  -118.0  -71.988 -137.005   2198.6    744.4
     1     1     8     6     2     1     0     0  -119.0  -71.799 -137.033   2211.9    742.0
     1     1     8     6     2     0     0     0  -120.0  -71.624 -137.092   2220.8    740.0
