    12     1
    CDC1     7     9     1     0     0
    CDC1     7    10     1     0     0
    CDC1     7    11     1     0     0
    CDC1     7    12     1     0     0
    CDC1     8     1     1     0     0
    CDC1     8     2     1     0     0
    CDC1     8     3     1     0     0
    CDC1     8     4     1     0     0
    CDC1     8     5     1     0     0
    CDC1     8     6     1     0     0
    CDC1     8     7     1     0     0
    CDC1     8     8     1     0     0
     1 BACKWARD OMEGA   
     7    11    30     0  -80.930  159.503  1000.0
     1 PRESSURE
     1     1     7    11    30     0     0     0     0.0  -80.930  159.503   1000.0    743.2
     1     1     7    11    29    23     0     0    -1.0  -81.091  160.302    971.4    752.9
     1     1     7    11    29    22     0     0    -2.0  -81.263  161.076    945.9    761.4
     1     1     7    11    29    21     0     0    -3.0  -81.446  161.826    922.8    769.0
     1     1     7    11    29    20     0     0    -4.0  -81.637  162.558    902.0    775.5
     1     1     7    11    29    19     0     0    -5.0  -81.838  163.298    884.0    781.2
     1     1     7    11    29    18     0     0    -6.0  -82.048  164.074    869.3    786.3
     1     1     7    11    29    17     0     0    -7.0  -82.255  164.965    855.1    791.8
     1     1     7    11    29    16     0     0    -8.0  -82.453  166.047    837.9    798.9
     1     1     7    11    29    15     0     0    -9.0  -82.639  167.337    816.6    802.4
     1     1     7    11    29    14     0     0   -10.0  -82.814  168.862    792.7    805.6
     1     1     7    11    29    13     0     0   -11.0  -82.977  170.649    766.7    810.4
     1     1     7    11    29    12     0     0   -12.0  -83.128  172.699    738.5    815.7
     1     1     7    11    29    11     0     0   -13.0  -83.271  174.938    712.2    822.3
     1     1     7    11    29    10     0     0   -14.0  -83.403  177.290    691.4    827.0
     1     1     7    11    29     9     0     0   -15.0  -83.522  179.729    676.1    831.0
     1     1     7    11    29     8     0     0   -16.0  -83.627 -177.771    665.5    834.7
     1     1     7    11    29     7     0     0   -17.0  -83.714 -175.224    659.2    837.3
     1     1     7    11    29     6     0     0   -18.0  -83.783 -172.651    657.1    840.6
     1     1     7    11    29     5     0     0   -19.0  -83.815 -169.915    653.9    844.4
     1     1     7    11    29     4     0     0   -20.0  -83.801 -167.014    646.4    850.4
     1     1     7    11    29     3     0     0   -21.0  -83.759 -164.143    636.9    857.0
     1     1     7    11    29     2     0     0   -22.0  -83.690 -161.329    626.6    864.0
     1     1     7    11    29     1     0     0   -23.0  -83.598 -158.594    616.3    870.3
     1     1     7    11    29     0     0     0   -24.0  -83.484 -155.954    607.2    876.2
     1     1     7    11    28    23     0     0   -25.0  -83.354 -153.408    602.6    881.1
     1     1     7    11    28    22     0     0   -26.0  -83.210 -150.971    603.9    885.1
     1     1     7    11    28    21     0     0   -27.0  -83.052 -148.635    610.9    888.3
     1     1     7    11    28    20     0     0   -28.0  -82.880 -146.419    622.6    890.6
     1     1     7    11    28    19     0     0   -29.0  -82.695 -144.330    638.1    891.7
     1     1     7    11    28    18     0     0   -30.0  -82.497 -142.372    656.3    891.3
     1     1     7    11    28    17     0     0   -31.0  -82.284 -140.590    674.7    878.7
     1     1     7    11    28    16     0     0   -32.0  -82.057 -139.026    696.5    864.8
     1     1     7    11    28    15     0     0   -33.0  -81.814 -137.667    721.7    849.8
     1     1     7    11    28    14     0     0   -34.0  -81.554 -136.494    749.6    834.5
     1     1     7    11    28    13     0     0   -35.0  -81.277 -135.495    779.3    819.0
     1     1     7    11    28    12     0     0   -36.0  -80.980 -134.659    809.6    803.3
     1     1     7    11    28    11     0     0   -37.0  -80.658 -133.977    837.0    788.3
     1     1     7    11    28    10     0     0   -38.0  -80.305 -133.445    857.2    774.3
     1     1     7    11    28     9     0     0   -39.0  -79.924 -133.053    869.4    761.3
     1     1     7    11    28     8     0     0   -40.0  -79.530 -132.737    872.0    750.5
     1     1     7    11    28     7     0     0   -41.0  -79.135 -132.443    864.4    740.4
     1     1     7    11    28     6     0     0   -42.0  -78.746 -132.164    847.4    731.2
     1     1     7    11    28     5     0     0   -43.0  -78.362 -131.873    822.2    722.5
     1     1     7    11    28     4     0     0   -44.0  -77.983 -131.546    790.0    714.4
     1     1     7    11    28     3     0     0   -45.0  -77.605 -131.171    751.5    706.6
     1     1     7    11    28     2     0     0   -46.0  -77.233 -130.715    714.4    715.9
     1     1     7    11    28     1     0     0   -47.0  -76.874 -130.139    675.7    731.2
     1     1     7    11    28     0     0     0   -48.0  -76.525 -129.438    633.4    747.2
     1     1     7    11    27    23     0     0   -49.0  -76.194 -128.635    590.2    763.2
     1     1     7    11    27    22     0     0   -50.0  -75.889 -127.761    549.4    776.7
     1     1     7    11    27    21     0     0   -51.0  -75.608 -126.820    512.5    790.1
     1     1     7    11    27    20     0     0   -52.0  -75.346 -125.819    480.4    802.5
     1     1     7    11    27    19     0     0   -53.0  -75.103 -124.772    454.3    814.2
     1     1     7    11    27    18     0     0   -54.0  -74.877 -123.712    436.4    827.5
     1     1     7    11    27    17     0     0   -55.0  -74.665 -122.696    422.7    839.2
     1     1     7    11    27    16     0     0   -56.0  -74.464 -121.753    409.6    851.7
     1     1     7    11    27    15     0     0   -57.0  -74.274 -120.890    396.4    863.6
     1     1     7    11    27    14     0     0   -58.0  -74.097 -120.117    382.8    874.6
     1     1     7    11    27    13     0     0   -59.0  -73.933 -119.439    368.7    884.8
     1     1     7    11    27    12     0     0   -60.0  -73.784 -118.862    354.2    893.7
     1     1     7    11    27    11     0     0   -61.0  -73.650 -118.385    341.3    901.5
     1     1     7    11    27    10     0     0   -62.0  -73.530 -118.004    331.3    907.9
     1     1     7    11    27     9     0     0   -63.0  -73.421 -117.719    323.5    913.3
     1     1     7    11    27     8     0     0   -64.0  -73.319 -117.526    317.3    918.0
     1     1     7    11    27     7     0     0   -65.0  -73.223 -117.420    312.4    922.3
     1     1     7    11    27     6     0     0   -66.0  -73.130 -117.400    308.6    926.3
     1     1     7    11    27     5     0     0   -67.0  -73.040 -117.461    305.1    930.3
     1     1     7    11    27     4     0     0   -68.0  -72.955 -117.601    300.8    934.4
     1     1     7    11    27     3     0     0   -69.0  -72.874 -117.817    296.0    938.4
     1     1     7    11    27     2     0     0   -70.0  -72.794 -118.105    290.7    942.5
     1     1     7    11    27     1     0     0   -71.0  -72.715 -118.465    284.7    946.7
     1     1     7    11    27     0     0     0   -72.0  -72.634 -118.894    278.2    951.0
     1     1     7    11    26    23     0     0   -73.0  -72.549 -119.385    272.7    955.6
     1     1     7    11    26    22     0     0   -74.0  -72.462 -119.929    269.7    958.3
     1     1     7    11    26    21     0     0   -75.0  -72.370 -120.508    268.7    958.5
     1     1     7    11    26    20     0     0   -76.0  -72.274 -121.109    269.8    958.4
     1     1     7    11    26    19     0     0   -77.0  -72.175 -121.736    273.0    958.1
     1     1     7    11    26    18     0     0   -78.0  -72.071 -122.393    278.2    957.5
     1     1     7    11    26    17     0     0   -79.0  -71.969 -123.045    284.6    956.5
     1     1     7    11    26    16     0     0   -80.0  -71.874 -123.665    291.2    955.6
     1     1     7    11    26    15     0     0   -81.0  -71.787 -124.261    298.0    954.7
     1     1     7    11    26    14     0     0   -82.0  -71.709 -124.845    304.8    953.8
     1     1     7    11    26    13     0     0   -83.0  -71.640 -125.421    311.7    953.0
     1     1     7    11    26    12     0     0   -84.0  -71.578 -125.995    318.5    952.1
     1     1     7    11    26    11     0     0   -85.0  -71.522 -126.565    325.6    951.0
     1     1     7    11    26    10     0     0   -86.0  -71.469 -127.132    332.9    949.9
     1     1     7    11    26     9     0     0   -87.0  -71.420 -127.698    340.7    948.8
     1     1     7    11    26     8     0     0   -88.0  -71.376 -128.265    349.2    947.7
     1     1     7    11    26     7     0     0   -89.0  -71.335 -128.838    358.5    946.3
     1     1     7    11    26     6     0     0   -90.0  -71.298 -129.424    368.9    944.8
     1     1     7    11    26     5     0     0   -91.0  -71.262 -130.013    379.7    943.1
     1     1     7    11    26     4     0     0   -92.0  -71.225 -130.588    390.2    941.6
     1     1     7    11    26     3     0     0   -93.0  -71.187 -131.144    399.9    940.2
     1     1     7    11    26     2     0     0   -94.0  -71.149 -131.681    408.9    938.9
     1     1     7    11    26     1     0     0   -95.0  -71.110 -132.200    417.1    937.7
     1     1     7    11    26     0     0     0   -96.0  -71.071 -132.702    424.2    936.8
     1     1     7    11    25    23     0     0   -97.0  -71.035 -133.195    430.3    935.8
     1     1     7    11    25    22     0     0   -98.0  -71.005 -133.691    435.2    935.1
     1     1     7    11    25    21     0     0   -99.0  -70.981 -134.193    439.0    934.6
     1     1     7    11    25    20     0     0  -100.0  -70.963 -134.705    441.8    934.3
     1     1     7    11    25    19     0     0  -101.0  -70.951 -135.228    443.8    934.3
     1     1     7    11    25    18     0     0  -102.0  -70.944 -135.764    445.0    934.5
     1     1     7    11    25    17     0     0  -103.0  -70.943 -136.291    447.2    934.4
     1     1     7    11    25    16     0     0  -104.0  -70.950 -136.792    452.0    934.0
     1     1     7    11    25    15     0     0  -105.0  -70.965 -137.276    459.6    933.3
     1     1     7    11    25    14     0     0  -106.0  -70.990 -137.745    470.1    932.2
     1     1     7    11    25    13     0     0  -107.0  -71.026 -138.205    483.6    930.9
     1     1     7    11    25    12     0     0  -108.0  -71.074 -138.659    500.4    929.2
     1     1     7    11    25    11     0     0  -109.0  -71.130 -139.127    518.6    927.0
     1     1     7    11    25    10     0     0  -110.0  -71.189 -139.625    536.7    925.2
     1     1     7    11    25     9     0     0  -111.0  -71.249 -140.155    554.2    923.4
     1     1     7    11    25     8     0     0  -112.0  -71.308 -140.718    571.0    921.4
     1     1     7    11    25     7     0     0  -113.0  -71.363 -141.312    586.9    919.5
     1     1     7    11    25     6     0     0  -114.0  -71.412 -141.937    601.6    917.8
     1     1     7    11    25     5     0     0  -115.0  -71.455 -142.595    616.1    916.3
     1     1     7    11    25     4     0     0  -116.0  -71.495 -143.280    631.0    914.4
     1     1     7    11    25     3     0     0  -117.0  -71.529 -143.990    646.9    912.0
     1     1     7    11    25     2     0     0  -118.0  -71.555 -144.725    664.2    909.4
     1     1     7    11    25     1     0     0  -119.0  -71.571 -145.484    683.7    906.7
     1     1     7    11    25     0     0     0  -120.0  -71.575 -146.262    705.7    903.9
