    12     1
    CDC1     7     9     1     0     0
    CDC1     7    10     1     0     0
    CDC1     7    11     1     0     0
    CDC1     7    12     1     0     0
    CDC1     8     1     1     0     0
    CDC1     8     2     1     0     0
    CDC1     8     3     1     0     0
    CDC1     8     4     1     0     0
    CDC1     8     5     1     0     0
    CDC1     8     6     1     0     0
    CDC1     8     7     1     0     0
    CDC1     8     8     1     0     0
     1 BACKWARD OMEGA   
     8     1     6     0  -80.930  159.503  1000.0
     1 PRESSURE
     1     1     8     1     6     0     0     0     0.0  -80.930  159.503   1000.0    755.9
     1     1     8     1     5    23     0     0    -1.0  -81.017  160.050    966.1    764.0
     1     1     8     1     5    22     0     0    -2.0  -81.114  160.555    937.1    771.1
     1     1     8     1     5    21     0     0    -3.0  -81.219  161.011    914.1    776.7
     1     1     8     1     5    20     0     0    -4.0  -81.330  161.414    896.8    781.1
     1     1     8     1     5    19     0     0    -5.0  -81.446  161.761    885.1    784.0
     1     1     8     1     5    18     0     0    -6.0  -81.565  162.049    878.5    785.8
     1     1     8     1     5    17     0     0    -7.0  -81.685  162.330    876.9    787.0
     1     1     8     1     5    16     0     0    -8.0  -81.805  162.662    879.1    788.1
     1     1     8     1     5    15     0     0    -9.0  -81.925  163.047    885.3    789.1
     1     1     8     1     5    14     0     0   -10.0  -82.046  163.489    895.5    790.1
     1     1     8     1     5    13     0     0   -11.0  -82.168  163.988    909.8    790.9
     1     1     8     1     5    12     0     0   -12.0  -82.292  164.547    927.8    791.7
     1     1     8     1     5    11     0     0   -13.0  -82.422  165.060    948.9    791.1
     1     1     8     1     5    10     0     0   -14.0  -82.557  165.427    972.1    786.7
     1     1     8     1     5     9     0     0   -15.0  -82.695  165.662    996.0    778.2
     1     1     8     1     5     8     0     0   -16.0  -82.831  165.772   1021.4    768.7
     1     1     8     1     5     7     0     0   -17.0  -82.966  165.757   1048.2    758.4
     1     1     8     1     5     6     0     0   -18.0  -83.097  165.613   1076.4    747.4
     1     1     8     1     5     5     0     0   -19.0  -83.219  165.454   1102.2    737.0
     1     1     8     1     5     4     0     0   -20.0  -83.330  165.392   1122.6    728.9
     1     1     8     1     5     3     0     0   -21.0  -83.432  165.418   1137.9    722.4
     1     1     8     1     5     2     0     0   -22.0  -83.528  165.527   1148.4    717.2
     1     1     8     1     5     1     0     0   -23.0  -83.619  165.713   1154.5    713.0
     1     1     8     1     5     0     0     0   -24.0  -83.708  165.970   1156.6    709.6
     1     1     8     1     4    23     0     0   -25.0  -83.796  166.198   1161.9    706.5
     1     1     8     1     4    22     0     0   -26.0  -83.882  166.289   1176.3    701.3
     1     1     8     1     4    21     0     0   -27.0  -83.964  166.232   1200.5    694.6
     1     1     8     1     4    20     0     0   -28.0  -84.040  166.017   1234.8    686.5
     1     1     8     1     4    19     0     0   -29.0  -84.108  165.641   1280.0    676.9
     1     1     8     1     4    18     0     0   -30.0  -84.165  165.108   1336.7    666.2
     1     1     8     1     4    17     0     0   -31.0  -84.207  164.605   1391.8    655.1
     1     1     8     1     4    16     0     0   -32.0  -84.239  164.314   1431.4    648.4
     1     1     8     1     4    15     0     0   -33.0  -84.265  164.230   1455.2    644.4
     1     1     8     1     4    14     0     0   -34.0  -84.288  164.350   1463.0    643.0
     1     1     8     1     4    13     0     0   -35.0  -84.310  164.673   1454.7    644.0
     1     1     8     1     4    12     0     0   -36.0  -84.334  165.200   1430.3    647.2
     1     1     8     1     4    11     0     0   -37.0  -84.361  165.776   1406.2    652.0
     1     1     8     1     4    10     0     0   -38.0  -84.395  166.240   1396.8    653.2
     1     1     8     1     4     9     0     0   -39.0  -84.433  166.587   1402.8    652.2
     1     1     8     1     4     8     0     0   -40.0  -84.476  166.820   1424.3    649.2
     1     1     8     1     4     7     0     0   -41.0  -84.522  166.940   1461.6    644.3
     1     1     8     1     4     6     0     0   -42.0  -84.569  166.954   1515.0    637.5
     1     1     8     1     4     5     0     0   -43.0  -84.607  166.957   1571.0    629.6
     1     1     8     1     4     4     0     0   -44.0  -84.630  167.042   1615.2    624.9
     1     1     8     1     4     3     0     0   -45.0  -84.638  167.207   1646.8    622.3
     1     1     8     1     4     2     0     0   -46.0  -84.631  167.445   1665.7    621.9
     1     1     8     1     4     1     0     0   -47.0  -84.611  167.746   1671.7    623.6
     1     1     8     1     4     0     0     0   -48.0  -84.578  168.114   1665.0    627.5
     1     1     8     1     3    23     0     0   -49.0  -84.540  168.476   1655.0    632.9
     1     1     8     1     3    22     0     0   -50.0  -84.505  168.755   1649.1    636.6
     1     1     8     1     3    21     0     0   -51.0  -84.472  168.949   1648.0    639.4
     1     1     8     1     3    20     0     0   -52.0  -84.441  169.060   1651.8    641.3
     1     1     8     1     3    19     0     0   -53.0  -84.413  169.087   1660.4    642.2
     1     1     8     1     3    18     0     0   -54.0  -84.385  169.029   1674.1    642.3
     1     1     8     1     3    17     0     0   -55.0  -84.353  168.970   1687.4    641.8
     1     1     8     1     3    16     0     0   -56.0  -84.313  169.001   1694.7    643.3
     1     1     8     1     3    15     0     0   -57.0  -84.264  169.125   1695.7    646.1
     1     1     8     1     3    14     0     0   -58.0  -84.209  169.348   1690.1    650.5
     1     1     8     1     3    13     0     0   -59.0  -84.147  169.677   1677.7    656.3
     1     1     8     1     3    12     0     0   -60.0  -84.079  170.120   1658.2    663.8
     1     1     8     1     3    11     0     0   -61.0  -84.011  170.629   1634.4    671.9
     1     1     8     1     3    10     0     0   -62.0  -83.949  171.148   1610.9    679.4
     1     1     8     1     3     9     0     0   -63.0  -83.894  171.669   1587.7    686.6
     1     1     8     1     3     8     0     0   -64.0  -83.844  172.181   1565.0    693.5
     1     1     8     1     3     7     0     0   -65.0  -83.800  172.678   1542.8    700.0
     1     1     8     1     3     6     0     0   -66.0  -83.759  173.154   1521.4    706.0
     1     1     8     1     3     5     0     0   -67.0  -83.721  173.677   1497.0    712.4
     1     1     8     1     3     4     0     0   -68.0  -83.684  174.320   1464.6    720.5
     1     1     8     1     3     3     0     0   -69.0  -83.648  175.075   1424.7    729.9
     1     1     8     1     3     2     0     0   -70.0  -83.613  175.938   1377.5    740.3
     1     1     8     1     3     1     0     0   -71.0  -83.578  176.907   1323.3    752.1
     1     1     8     1     3     0     0     0   -72.0  -83.544  177.976   1262.6    765.0
     1     1     8     1     2    23     0     0   -73.0  -83.517  179.053   1203.7    777.4
     1     1     8     1     2    22     0     0   -74.0  -83.506 -179.945   1154.4    786.7
     1     1     8     1     2    21     0     0   -75.0  -83.509 -179.005   1113.8    793.4
     1     1     8     1     2    20     0     0   -76.0  -83.524 -178.114   1081.2    798.5
     1     1     8     1     2    19     0     0   -77.0  -83.551 -177.263   1055.6    802.1
     1     1     8     1     2    18     0     0   -78.0  -83.587 -176.449   1036.2    804.0
     1     1     8     1     2    17     0     0   -79.0  -83.626 -175.579   1017.7    805.6
     1     1     8     1     2    16     0     0   -80.0  -83.661 -174.562    994.3    809.0
     1     1     8     1     2    15     0     0   -81.0  -83.692 -173.396    966.8    813.5
     1     1     8     1     2    14     0     0   -82.0  -83.720 -172.081    934.8    818.7
     1     1     8     1     2    13     0     0   -83.0  -83.746 -170.594    893.8    824.1
     1     1     8     1     2    12     0     0   -84.0  -83.773 -168.907    842.3    831.0
     1     1     8     1     2    11     0     0   -85.0  -83.801 -167.144    788.9    838.4
     1     1     8     1     2    10     0     0   -86.0  -83.830 -165.424    739.8    844.6
     1     1     8     1     2     9     0     0   -87.0  -83.858 -163.742    694.4    850.1
     1     1     8     1     2     8     0     0   -88.0  -83.886 -162.100    652.3    855.4
     1     1     8     1     2     7     0     0   -89.0  -83.912 -160.496    613.7    860.5
     1     1     8     1     2     6     0     0   -90.0  -83.936 -158.937    578.2    864.2
     1     1     8     1     2     5     0     0   -91.0  -83.955 -157.391    546.6    867.9
     1     1     8     1     2     4     0     0   -92.0  -83.965 -155.822    519.9    870.9
     1     1     8     1     2     3     0     0   -93.0  -83.965 -154.243    498.4    873.8
     1     1     8     1     2     2     0     0   -94.0  -83.956 -152.674    482.4    876.5
     1     1     8     1     2     1     0     0   -95.0  -83.936 -151.128    471.9    877.9
     1     1     8     1     2     0     0     0   -96.0  -83.906 -149.614    467.1    878.6
     1     1     8     1     1    23     0     0   -97.0  -83.872 -148.136    468.5    879.0
     1     1     8     1     1    22     0     0   -98.0  -83.840 -146.693    476.7    878.1
     1     1     8     1     1    21     0     0   -99.0  -83.807 -145.283    492.1    875.9
     1     1     8     1     1    20     0     0  -100.0  -83.775 -143.910    515.3    872.5
     1     1     8     1     1    19     0     0  -101.0  -83.744 -142.578    546.3    868.3
     1     1     8     1     1    18     0     0  -102.0  -83.714 -141.296    585.3    862.7
     1     1     8     1     1    17     0     0  -103.0  -83.682 -140.139    627.4    856.1
     1     1     8     1     1    16     0     0  -104.0  -83.644 -139.161    667.8    850.1
     1     1     8     1     1    15     0     0  -105.0  -83.602 -138.346    706.5    844.9
     1     1     8     1     1    14     0     0  -106.0  -83.559 -137.682    743.6    840.4
     1     1     8     1     1    13     0     0  -107.0  -83.514 -137.161    778.8    836.5
     1     1     8     1     1    12     0     0  -108.0  -83.470 -136.773    812.1    833.1
     1     1     8     1     1    11     0     0  -109.0  -83.422 -136.483    845.3    830.4
     1     1     8     1     1    10     0     0  -110.0  -83.368 -136.256    879.0    827.9
     1     1     8     1     1     9     0     0  -111.0  -83.306 -136.085    913.6    825.9
     1     1     8     1     1     8     0     0  -112.0  -83.237 -135.965    948.9    823.7
     1     1     8     1     1     7     0     0  -113.0  -83.161 -135.892    984.7    821.9
     1     1     8     1     1     6     0     0  -114.0  -83.078 -135.857   1021.0    820.4
     1     1     8     1     1     5     0     0  -115.0  -82.993 -135.833   1057.5    819.1
     1     1     8     1     1     4     0     0  -116.0  -82.912 -135.799   1092.9    817.7
     1     1     8     1     1     3     0     0  -117.0  -82.836 -135.752   1127.3    816.4
     1     1     8     1     1     2     0     0  -118.0  -82.766 -135.689   1160.6    814.9
     1     1     8     1     1     1     0     0  -119.0  -82.700 -135.606   1192.5    813.4
     1     1     8     1     1     0     0     0  -120.0  -82.640 -135.502   1222.9    811.9
