    12     1
    CDC1     7     9     1     0     0
    CDC1     7    10     1     0     0
    CDC1     7    11     1     0     0
    CDC1     7    12     1     0     0
    CDC1     8     1     1     0     0
    CDC1     8     2     1     0     0
    CDC1     8     3     1     0     0
    CDC1     8     4     1     0     0
    CDC1     8     5     1     0     0
    CDC1     8     6     1     0     0
    CDC1     8     7     1     0     0
    CDC1     8     8     1     0     0
     1 BACKWARD OMEGA   
     8     2    19     0  -80.930  159.503  1000.0
     1 PRESSURE
     1     1     8     2    19     0     0     0     0.0  -80.930  159.503   1000.0    746.1
     1     1     8     2    18    23     0     0    -1.0  -80.872  159.783   1017.8    747.9
     1     1     8     2    18    22     0     0    -2.0  -80.814  160.008   1031.6    749.7
     1     1     8     2    18    21     0     0    -3.0  -80.755  160.169   1041.2    751.4
     1     1     8     2    18    20     0     0    -4.0  -80.696  160.260   1046.3    752.8
     1     1     8     2    18    19     0     0    -5.0  -80.635  160.275   1046.6    753.8
     1     1     8     2    18    18     0     0    -6.0  -80.573  160.211   1042.1    754.5
     1     1     8     2    18    17     0     0    -7.0  -80.506  160.171   1035.0    755.4
     1     1     8     2    18    16     0     0    -8.0  -80.432  160.266   1028.7    757.6
     1     1     8     2    18    15     0     0    -9.0  -80.353  160.499   1023.1    761.5
     1     1     8     2    18    14     0     0   -10.0  -80.269  160.873   1018.7    766.9
     1     1     8     2    18    13     0     0   -11.0  -80.182  161.392   1015.8    774.1
     1     1     8     2    18    12     0     0   -12.0  -80.091  162.065   1014.9    783.2
     1     1     8     2    18    11     0     0   -13.0  -80.003  162.762   1014.8    792.5
     1     1     8     2    18    10     0     0   -14.0  -79.923  163.332   1014.5    799.0
     1     1     8     2    18     9     0     0   -15.0  -79.849  163.767   1013.6    804.0
     1     1     8     2    18     8     0     0   -16.0  -79.780  164.065   1012.3    807.4
     1     1     8     2    18     7     0     0   -17.0  -79.713  164.223   1010.6    809.2
     1     1     8     2    18     6     0     0   -18.0  -79.647  164.239   1008.5    809.3
     1     1     8     2    18     5     0     0   -19.0  -79.581  164.199   1007.6    808.1
     1     1     8     2    18     4     0     0   -20.0  -79.518  164.193   1010.3    806.9
     1     1     8     2    18     3     0     0   -21.0  -79.458  164.219   1016.2    805.8
     1     1     8     2    18     2     0     0   -22.0  -79.399  164.274   1025.2    804.6
     1     1     8     2    18     1     0     0   -23.0  -79.342  164.357   1037.5    803.5
     1     1     8     2    18     0     0     0   -24.0  -79.286  164.466   1052.9    802.4
     1     1     8     2    17    23     0     0   -25.0  -79.227  164.548   1072.5    800.6
     1     1     8     2    17    22     0     0   -26.0  -79.161  164.553   1097.8    797.1
     1     1     8     2    17    21     0     0   -27.0  -79.087  164.484   1128.0    792.0
     1     1     8     2    17    20     0     0   -28.0  -79.005  164.340   1162.6    785.6
     1     1     8     2    17    19     0     0   -29.0  -78.916  164.124   1201.2    777.8
     1     1     8     2    17    18     0     0   -30.0  -78.819  163.838   1243.1    768.8
     1     1     8     2    17    17     0     0   -31.0  -78.724  163.534   1285.3    759.6
     1     1     8     2    17    16     0     0   -32.0  -78.639  163.263   1325.0    751.2
     1     1     8     2    17    15     0     0   -33.0  -78.564  163.025   1362.6    743.6
     1     1     8     2    17    14     0     0   -34.0  -78.498  162.818   1398.3    736.6
     1     1     8     2    17    13     0     0   -35.0  -78.442  162.641   1432.6    730.3
     1     1     8     2    17    12     0     0   -36.0  -78.394  162.491   1465.6    724.6
     1     1     8     2    17    11     0     0   -37.0  -78.350  162.324   1498.2    719.1
     1     1     8     2    17    10     0     0   -38.0  -78.301  162.092   1529.0    712.8
     1     1     8     2    17     9     0     0   -39.0  -78.247  161.792   1559.6    705.6
     1     1     8     2    17     8     0     0   -40.0  -78.190  161.420   1590.8    697.2
     1     1     8     2    17     7     0     0   -41.0  -78.128  160.976   1623.8    687.6
     1     1     8     2    17     6     0     0   -42.0  -78.062  160.459   1660.2    676.6
     1     1     8     2    17     5     0     0   -43.0  -77.997  159.924   1697.5    664.0
     1     1     8     2    17     4     0     0   -44.0  -77.936  159.422   1733.2    652.8
     1     1     8     2    17     3     0     0   -45.0  -77.881  158.947   1766.1    642.4
     1     1     8     2    17     2     0     0   -46.0  -77.832  158.497   1795.6    632.6
     1     1     8     2    17     1     0     0   -47.0  -77.790  158.067   1821.3    623.6
     1     1     8     2    17     0     0     0   -48.0  -77.757  157.654   1842.8    615.4
     1     1     8     2    16    23     0     0   -49.0  -77.732  157.235   1863.1    608.4
     1     1     8     2    16    22     0     0   -50.0  -77.717  156.782   1887.9    600.8
     1     1     8     2    16    21     0     0   -51.0  -77.712  156.288   1916.2    592.8
     1     1     8     2    16    20     0     0   -52.0  -77.716  155.748   1948.0    584.2
     1     1     8     2    16    19     0     0   -53.0  -77.730  155.153   1983.4    574.9
     1     1     8     2    16    18     0     0   -54.0  -77.753  154.499   2023.6    566.4
     1     1     8     2    16    17     0     0   -55.0  -77.780  153.765   2066.1    557.2
     1     1     8     2    16    16     0     0   -56.0  -77.811  152.935   2106.2    547.7
     1     1     8     2    16    15     0     0   -57.0  -77.847  152.013   2146.3    538.7
     1     1     8     2    16    14     0     0   -58.0  -77.891  151.010   2186.7    530.4
     1     1     8     2    16    13     0     0   -59.0  -77.944  149.931   2227.5    522.0
     1     1     8     2    16    12     0     0   -60.0  -78.009  148.783   2271.7    515.4
     1     1     8     2    16    11     0     0   -61.0  -78.082  147.608   2317.4    508.9
     1     1     8     2    16    10     0     0   -62.0  -78.162  146.448   2367.6    503.6
     1     1     8     2    16     9     0     0   -63.0  -78.247  145.310   2418.2    498.5
     1     1     8     2    16     8     0     0   -64.0  -78.337  144.202   2468.3    494.0
     1     1     8     2    16     7     0     0   -65.0  -78.430  143.130   2515.2    490.0
     1     1     8     2    16     6     0     0   -66.0  -78.526  142.093   2557.3    486.5
     1     1     8     2    16     5     0     0   -67.0  -78.623  141.057   2593.7    483.2
     1     1     8     2    16     4     0     0   -68.0  -78.717  139.993   2626.2    480.0
     1     1     8     2    16     3     0     0   -69.0  -78.808  138.912   2655.3    477.0
     1     1     8     2    16     2     0     0   -70.0  -78.894  137.821   2681.3    474.1
     1     1     8     2    16     1     0     0   -71.0  -78.973  136.719   2704.7    471.2
     1     1     8     2    16     0     0     0   -72.0  -79.047  135.611   2726.1    468.6
     1     1     8     2    15    23     0     0   -73.0  -79.112  134.539   2741.1    466.0
     1     1     8     2    15    22     0     0   -74.0  -79.169  133.542   2749.1    464.0
     1     1     8     2    15    21     0     0   -75.0  -79.216  132.617   2750.0    462.5
     1     1     8     2    15    20     0     0   -76.0  -79.254  131.764   2743.7    461.3
     1     1     8     2    15    19     0     0   -77.0  -79.281  130.984   2731.2    460.6
     1     1     8     2    15    18     0     0   -78.0  -79.298  130.272   2712.9    460.4
     1     1     8     2    15    17     0     0   -79.0  -79.308  129.605   2693.8    460.4
     1     1     8     2    15    16     0     0   -80.0  -79.311  128.962   2676.3    460.1
     1     1     8     2    15    15     0     0   -81.0  -79.306  128.340   2661.7    459.7
     1     1     8     2    15    14     0     0   -82.0  -79.294  127.737   2650.0    459.1
     1     1     8     2    15    13     0     0   -83.0  -79.274  127.148   2641.3    458.3
     1     1     8     2    15    12     0     0   -84.0  -79.245  126.568   2635.7    457.4
     1     1     8     2    15    11     0     0   -85.0  -79.212  125.977   2631.3    456.2
     1     1     8     2    15    10     0     0   -86.0  -79.181  125.358   2626.4    455.1
     1     1     8     2    15     9     0     0   -87.0  -79.150  124.709   2620.8    454.0
     1     1     8     2    15     8     0     0   -88.0  -79.120  124.030   2614.3    452.9
     1     1     8     2    15     7     0     0   -89.0  -79.092  123.319   2606.8    451.8
     1     1     8     2    15     6     0     0   -90.0  -79.066  122.574   2598.1    450.7
     1     1     8     2    15     5     0     0   -91.0  -79.043  121.792   2589.5    449.5
     1     1     8     2    15     4     0     0   -92.0  -79.028  120.975   2583.1    448.1
     1     1     8     2    15     3     0     0   -93.0  -79.021  120.125   2579.2    446.5
     1     1     8     2    15     2     0     0   -94.0  -79.020  119.247   2579.5    445.0
     1     1     8     2    15     1     0     0   -95.0  -79.028  118.347   2584.2    443.3
     1     1     8     2    15     0     0     0   -96.0  -79.045  117.428   2593.7    441.1
     1     1     8     2    14    23     0     0   -97.0  -79.066  116.519   2605.8    438.9
     1     1     8     2    14    22     0     0   -98.0  -79.087  115.646   2617.4    436.9
     1     1     8     2    14    21     0     0   -99.0  -79.109  114.811   2628.2    434.9
     1     1     8     2    14    20     0     0  -100.0  -79.132  114.017   2638.2    433.1
     1     1     8     2    14    19     0     0  -101.0  -79.157  113.269   2646.6    431.5
     1     1     8     2    14    18     0     0  -102.0  -79.185  112.569   2653.3    430.0
     1     1     8     2    14    17     0     0  -103.0  -79.215  111.913   2660.5    429.0
     1     1     8     2    14    16     0     0  -104.0  -79.249  111.291   2667.4    427.8
     1     1     8     2    14    15     0     0  -105.0  -79.286  110.703   2674.7    426.7
     1     1     8     2    14    14     0     0  -106.0  -79.327  110.146   2682.2    425.6
     1     1     8     2    14    13     0     0  -107.0  -79.371  109.619   2689.5    424.4
     1     1     8     2    14    12     0     0  -108.0  -79.418  109.121   2696.9    423.1
     1     1     8     2    14    11     0     0  -109.0  -79.471  108.671   2705.3    421.8
     1     1     8     2    14    10     0     0  -110.0  -79.530  108.294   2715.1    420.6
     1     1     8     2    14     9     0     0  -111.0  -79.597  107.987   2726.5    419.4
     1     1     8     2    14     8     0     0  -112.0  -79.670  107.752   2739.7    418.3
     1     1     8     2    14     7     0     0  -113.0  -79.749  107.588   2754.7    417.2
     1     1     8     2    14     6     0     0  -114.0  -79.834  107.495   2771.6    416.1
     1     1     8     2    14     5     0     0  -115.0  -79.922  107.447   2788.8    414.9
     1     1     8     2    14     4     0     0  -116.0  -80.012  107.415   2804.6    413.9
     1     1     8     2    14     3     0     0  -117.0  -80.105  107.407   2819.0    413.2
     1     1     8     2    14     2     0     0  -118.0  -80.202  107.428   2831.6    412.7
     1     1     8     2    14     1     0     0  -119.0  -80.303  107.478   2842.4    412.3
     1     1     8     2    14     0     0     0  -120.0  -80.408  107.555   2851.4    412.0
