    12     1
    CDC1     7     9     1     0     0
    CDC1     7    10     1     0     0
    CDC1     7    11     1     0     0
    CDC1     7    12     1     0     0
    CDC1     8     1     1     0     0
    CDC1     8     2     1     0     0
    CDC1     8     3     1     0     0
    CDC1     8     4     1     0     0
    CDC1     8     5     1     0     0
    CDC1     8     6     1     0     0
    CDC1     8     7     1     0     0
    CDC1     8     8     1     0     0
     1 BACKWARD OMEGA   
     8     1     2     0  -80.930  159.503  1000.0
     1 PRESSURE
     1     1     8     1     2     0     0     0     0.0  -80.930  159.503   1000.0    749.7
     1     1     8     1     1    23     0     0    -1.0  -80.901  159.503   1007.4    749.5
     1     1     8     1     1    22     0     0    -2.0  -80.876  159.492   1017.4    748.7
     1     1     8     1     1    21     0     0    -3.0  -80.854  159.470   1030.2    747.6
     1     1     8     1     1    20     0     0    -4.0  -80.835  159.441   1045.8    746.0
     1     1     8     1     1    19     0     0    -5.0  -80.820  159.405   1064.5    744.1
     1     1     8     1     1    18     0     0    -6.0  -80.807  159.364   1086.5    741.8
     1     1     8     1     1    17     0     0    -7.0  -80.788  159.375   1107.8    739.4
     1     1     8     1     1    16     0     0    -8.0  -80.752  159.491   1124.1    739.3
     1     1     8     1     1    15     0     0    -9.0  -80.703  159.709   1135.5    740.8
     1     1     8     1     1    14     0     0   -10.0  -80.640  160.028   1142.1    744.0
     1     1     8     1     1    13     0     0   -11.0  -80.566  160.455   1143.5    749.0
     1     1     8     1     1    12     0     0   -12.0  -80.484  160.995   1139.8    755.8
     1     1     8     1     1    11     0     0   -13.0  -80.408  161.568   1134.8    763.6
     1     1     8     1     1    10     0     0   -14.0  -80.352  162.084   1130.4    770.3
     1     1     8     1     1     9     0     0   -15.0  -80.316  162.543   1126.1    776.4
     1     1     8     1     1     8     0     0   -16.0  -80.298  162.943   1121.2    781.7
     1     1     8     1     1     7     0     0   -17.0  -80.297  163.282   1115.4    786.2
     1     1     8     1     1     6     0     0   -18.0  -80.312  163.556   1108.5    789.7
     1     1     8     1     1     5     0     0   -19.0  -80.332  163.871   1096.5    793.5
     1     1     8     1     1     4     0     0   -20.0  -80.348  164.347   1074.8    800.6
     1     1     8     1     1     3     0     0   -21.0  -80.366  164.995   1043.8    810.7
     1     1     8     1     1     2     0     0   -22.0  -80.390  165.830   1003.8    822.8
     1     1     8     1     1     1     0     0   -23.0  -80.423  166.869    956.9    837.6
     1     1     8     1     1     0     0     0   -24.0  -80.468  168.124    904.9    854.2
     1     1     7    12    31    23     0     0   -25.0  -80.534  169.457    853.2    870.0
     1     1     7    12    31    22     0     0   -26.0  -80.617  170.723    806.5    882.2
     1     1     7    12    31    21     0     0   -27.0  -80.711  171.929    763.9    892.3
     1     1     7    12    31    20     0     0   -28.0  -80.809  173.074    724.3    900.5
     1     1     7    12    31    19     0     0   -29.0  -80.906  174.160    686.6    907.4
     1     1     7    12    31    18     0     0   -30.0  -80.999  175.188    649.7    914.0
     1     1     7    12    31    17     0     0   -31.0  -81.075  176.209    613.9    919.6
     1     1     7    12    31    16     0     0   -32.0  -81.125  177.270    580.2    925.3
     1     1     7    12    31    15     0     0   -33.0  -81.152  178.360    548.7    930.4
     1     1     7    12    31    14     0     0   -34.0  -81.157  179.475    520.2    935.3
     1     1     7    12    31    13     0     0   -35.0  -81.145 -179.390    495.1    939.7
     1     1     7    12    31    12     0     0   -36.0  -81.117 -178.235    473.9    943.3
     1     1     7    12    31    11     0     0   -37.0  -81.091 -177.113    456.9    945.1
     1     1     7    12    31    10     0     0   -38.0  -81.082 -176.072    444.6    945.4
     1     1     7    12    31     9     0     0   -39.0  -81.087 -175.101    436.4    945.5
     1     1     7    12    31     8     0     0   -40.0  -81.103 -174.197    431.1    944.8
     1     1     7    12    31     7     0     0   -41.0  -81.128 -173.365    428.4    943.9
     1     1     7    12    31     6     0     0   -42.0  -81.159 -172.602    428.7    942.5
     1     1     7    12    31     5     0     0   -43.0  -81.188 -171.841    429.2    941.8
     1     1     7    12    31     4     0     0   -44.0  -81.208 -171.016    426.8    942.0
     1     1     7    12    31     3     0     0   -45.0  -81.221 -170.130    421.8    942.5
     1     1     7    12    31     2     0     0   -46.0  -81.228 -169.195    414.3    942.9
     1     1     7    12    31     1     0     0   -47.0  -81.231 -168.222    404.5    943.5
     1     1     7    12    31     0     0     0   -48.0  -81.232 -167.219    392.6    944.5
     1     1     7    12    30    23     0     0   -49.0  -81.230 -166.194    380.8    945.6
     1     1     7    12    30    22     0     0   -50.0  -81.225 -165.144    370.7    945.9
     1     1     7    12    30    21     0     0   -51.0  -81.214 -164.063    362.6    945.9
     1     1     7    12    30    20     0     0   -52.0  -81.196 -162.947    356.1    945.7
     1     1     7    12    30    19     0     0   -53.0  -81.170 -161.792    351.4    944.8
     1     1     7    12    30    18     0     0   -54.0  -81.134 -160.595    348.6    943.4
     1     1     7    12    30    17     0     0   -55.0  -81.089 -159.381    347.7    941.7
     1     1     7    12    30    16     0     0   -56.0  -81.034 -158.177    348.8    939.4
     1     1     7    12    30    15     0     0   -57.0  -80.970 -156.985    352.6    936.6
     1     1     7    12    30    14     0     0   -58.0  -80.896 -155.807    360.0    933.1
     1     1     7    12    30    13     0     0   -59.0  -80.812 -154.647    371.7    928.6
     1     1     7    12    30    12     0     0   -60.0  -80.719 -153.500    388.4    922.5
     1     1     7    12    30    11     0     0   -61.0  -80.623 -152.358    411.0    915.1
     1     1     7    12    30    10     0     0   -62.0  -80.533 -151.222    440.3    906.2
     1     1     7    12    30     9     0     0   -63.0  -80.448 -150.098    475.6    896.6
     1     1     7    12    30     8     0     0   -64.0  -80.370 -148.987    516.6    886.7
     1     1     7    12    30     7     0     0   -65.0  -80.300 -147.886    563.0    876.5
     1     1     7    12    30     6     0     0   -66.0  -80.239 -146.800    614.9    865.7
     1     1     7    12    30     5     0     0   -67.0  -80.193 -145.746    669.8    853.6
     1     1     7    12    30     4     0     0   -68.0  -80.165 -144.736    725.4    842.4
     1     1     7    12    30     3     0     0   -69.0  -80.156 -143.761    780.9    831.5
     1     1     7    12    30     2     0     0   -70.0  -80.168 -142.814    835.9    821.4
     1     1     7    12    30     1     0     0   -71.0  -80.199 -141.889    889.5    812.5
     1     1     7    12    30     0     0     0   -72.0  -80.249 -140.983    940.7    804.5
     1     1     7    12    29    23     0     0   -73.0  -80.318 -140.078    993.3    797.4
     1     1     7    12    29    22     0     0   -74.0  -80.403 -139.160   1052.1    790.0
     1     1     7    12    29    21     0     0   -75.0  -80.504 -138.228   1117.2    782.9
     1     1     7    12    29    20     0     0   -76.0  -80.616 -137.279   1188.7    775.7
     1     1     7    12    29    19     0     0   -77.0  -80.738 -136.307   1266.8    767.9
     1     1     7    12    29    18     0     0   -78.0  -80.867 -135.301   1352.4    758.6
     1     1     7    12    29    17     0     0   -79.0  -80.997 -134.305   1438.8    749.1
     1     1     7    12    29    16     0     0   -80.0  -81.121 -133.373   1517.1    741.3
     1     1     7    12    29    15     0     0   -81.0  -81.241 -132.512   1587.2    734.5
     1     1     7    12    29    14     0     0   -82.0  -81.355 -131.723   1648.6    728.5
     1     1     7    12    29    13     0     0   -83.0  -81.465 -131.009   1700.7    723.2
     1     1     7    12    29    12     0     0   -84.0  -81.572 -130.370   1743.4    719.0
     1     1     7    12    29    11     0     0   -85.0  -81.677 -129.802   1779.3    715.8
     1     1     7    12    29    10     0     0   -86.0  -81.783 -129.301   1811.8    712.7
     1     1     7    12    29     9     0     0   -87.0  -81.890 -128.876   1841.1    710.3
     1     1     7    12    29     8     0     0   -88.0  -81.999 -128.537   1867.5    708.5
     1     1     7    12    29     7     0     0   -89.0  -82.110 -128.293   1891.2    707.4
     1     1     7    12    29     6     0     0   -90.0  -82.222 -128.152   1912.6    707.1
     1     1     7    12    29     5     0     0   -91.0  -82.335 -128.103   1933.7    707.4
     1     1     7    12    29     4     0     0   -92.0  -82.451 -128.132   1956.3    707.7
     1     1     7    12    29     3     0     0   -93.0  -82.567 -128.239   1978.2    705.6
     1     1     7    12    29     2     0     0   -94.0  -82.683 -128.428   2000.0    701.7
     1     1     7    12    29     1     0     0   -95.0  -82.798 -128.705   2023.2    698.1
     1     1     7    12    29     0     0     0   -96.0  -82.912 -129.074   2047.6    695.0
     1     1     7    12    28    23     0     0   -97.0  -83.022 -129.503   2069.4    692.0
     1     1     7    12    28    22     0     0   -98.0  -83.125 -129.959   2087.2    690.0
     1     1     7    12    28    21     0     0   -99.0  -83.222 -130.443   2100.7    688.1
     1     1     7    12    28    20     0     0  -100.0  -83.313 -130.956   2110.5    686.9
     1     1     7    12    28    19     0     0  -101.0  -83.399 -131.499   2117.0    686.2
     1     1     7    12    28    18     0     0  -102.0  -83.480 -132.075   2120.7    686.1
     1     1     7    12    28    17     0     0  -103.0  -83.555 -132.736   2124.4    686.4
     1     1     7    12    28    16     0     0  -104.0  -83.621 -133.533   2130.4    686.6
     1     1     7    12    28    15     0     0  -105.0  -83.677 -134.459   2139.0    687.3
     1     1     7    12    28    14     0     0  -106.0  -83.724 -135.503   2149.6    688.3
     1     1     7    12    28    13     0     0  -107.0  -83.760 -136.650   2161.9    689.3
     1     1     7    12    28    12     0     0  -108.0  -83.786 -137.886   2175.7    690.5
     1     1     7    12    28    11     0     0  -109.0  -83.801 -139.161   2187.3    691.8
     1     1     7    12    28    10     0     0  -110.0  -83.802 -140.415   2192.1    693.8
     1     1     7    12    28     9     0     0  -111.0  -83.791 -141.630   2191.4    696.2
     1     1     7    12    28     8     0     0  -112.0  -83.769 -142.793   2186.1    699.3
     1     1     7    12    28     7     0     0  -113.0  -83.739 -143.890   2176.3    702.9
     1     1     7    12    28     6     0     0  -114.0  -83.700 -144.909   2163.0    706.9
     1     1     7    12    28     5     0     0  -115.0  -83.657 -145.853   2149.0    710.8
     1     1     7    12    28     4     0     0  -116.0  -83.609 -146.725   2139.8    714.1
     1     1     7    12    28     3     0     0  -117.0  -83.558 -147.524   2133.9    717.3
     1     1     7    12    28     2     0     0  -118.0  -83.502 -148.244   2130.1    720.0
     1     1     7    12    28     1     0     0  -119.0  -83.443 -148.882   2128.2    722.5
     1     1     7    12    28     0     0     0  -120.0  -83.378 -149.435   2127.8    725.1
