    12     1
    CDC1     7     9     1     0     0
    CDC1     7    10     1     0     0
    CDC1     7    11     1     0     0
    CDC1     7    12     1     0     0
    CDC1     8     1     1     0     0
    CDC1     8     2     1     0     0
    CDC1     8     3     1     0     0
    CDC1     8     4     1     0     0
    CDC1     8     5     1     0     0
    CDC1     8     6     1     0     0
    CDC1     8     7     1     0     0
    CDC1     8     8     1     0     0
     1 BACKWARD OMEGA   
     8     7    10     0  -80.930  159.503  1000.0
     1 PRESSURE
     1     1     8     7    10     0     0     0     0.0  -80.930  159.503   1000.0    724.9
     1     1     8     7     9    23     0     0    -1.0  -81.236  159.072   1012.7    716.2
     1     1     8     7     9    22     0     0    -2.0  -81.518  158.758   1027.1    708.7
     1     1     8     7     9    21     0     0    -3.0  -81.779  158.589   1043.2    703.0
     1     1     8     7     9    20     0     0    -4.0  -82.024  158.588   1060.5    699.0
     1     1     8     7     9    19     0     0    -5.0  -82.257  158.776   1078.8    696.6
     1     1     8     7     9    18     0     0    -6.0  -82.479  159.172   1097.6    695.9
     1     1     8     7     9    17     0     0    -7.0  -82.696  159.723   1111.9    690.1
     1     1     8     7     9    16     0     0    -8.0  -82.911  160.380   1123.3    684.5
     1     1     8     7     9    15     0     0    -9.0  -83.123  161.176   1131.4    680.0
     1     1     8     7     9    14     0     0   -10.0  -83.330  162.143   1135.8    676.7
     1     1     8     7     9    13     0     0   -11.0  -83.530  163.315   1136.9    674.5
     1     1     8     7     9    12     0     0   -12.0  -83.718  164.741   1136.2    673.3
     1     1     8     7     9    11     0     0   -13.0  -83.891  166.473   1134.5    674.4
     1     1     8     7     9    10     0     0   -14.0  -84.046  168.521   1130.8    677.7
     1     1     8     7     9     9     0     0   -15.0  -84.183  170.870   1127.3    682.5
     1     1     8     7     9     8     0     0   -16.0  -84.299  173.476   1124.8    688.0
     1     1     8     7     9     7     0     0   -17.0  -84.390  176.291   1124.5    695.2
     1     1     8     7     9     6     0     0   -18.0  -84.456  179.228   1126.6    703.8
     1     1     8     7     9     5     0     0   -19.0  -84.497 -177.828   1130.7    712.2
     1     1     8     7     9     4     0     0   -20.0  -84.522 -174.985   1135.6    719.2
     1     1     8     7     9     3     0     0   -21.0  -84.531 -172.252   1141.5    727.1
     1     1     8     7     9     2     0     0   -22.0  -84.531 -169.657   1146.4    734.3
     1     1     8     7     9     1     0     0   -23.0  -84.524 -167.182   1149.7    740.2
     1     1     8     7     9     0     0     0   -24.0  -84.502 -164.841   1154.1    745.7
     1     1     8     7     8    23     0     0   -25.0  -84.468 -162.636   1159.7    749.6
     1     1     8     7     8    22     0     0   -26.0  -84.430 -160.532   1167.5    752.9
     1     1     8     7     8    21     0     0   -27.0  -84.391 -158.524   1176.6    755.2
     1     1     8     7     8    20     0     0   -28.0  -84.352 -156.605   1186.9    756.4
     1     1     8     7     8    19     0     0   -29.0  -84.315 -154.754   1198.9    756.7
     1     1     8     7     8    18     0     0   -30.0  -84.284 -152.952   1213.1    756.6
     1     1     8     7     8    17     0     0   -31.0  -84.255 -151.116   1226.6    755.6
     1     1     8     7     8    16     0     0   -32.0  -84.223 -149.178   1236.5    754.8
     1     1     8     7     8    15     0     0   -33.0  -84.187 -147.134   1243.1    753.7
     1     1     8     7     8    14     0     0   -34.0  -84.148 -144.960   1245.6    751.7
     1     1     8     7     8    13     0     0   -35.0  -84.101 -142.641   1244.7    749.4
     1     1     8     7     8    12     0     0   -36.0  -84.046 -140.169   1240.7    747.4
     1     1     8     7     8    11     0     0   -37.0  -83.986 -137.552   1235.9    742.9
     1     1     8     7     8    10     0     0   -38.0  -83.915 -134.875   1235.5    736.2
     1     1     8     7     8     9     0     0   -39.0  -83.822 -132.263   1242.8    728.0
     1     1     8     7     8     8     0     0   -40.0  -83.700 -129.747   1255.8    719.4
     1     1     8     7     8     7     0     0   -41.0  -83.548 -127.377   1271.8    710.1
     1     1     8     7     8     6     0     0   -42.0  -83.361 -125.218   1289.2    701.4
     1     1     8     7     8     5     0     0   -43.0  -83.152 -123.366   1304.8    693.4
     1     1     8     7     8     4     0     0   -44.0  -82.935 -121.886   1317.9    686.7
     1     1     8     7     8     3     0     0   -45.0  -82.715 -120.812   1333.9    681.3
     1     1     8     7     8     2     0     0   -46.0  -82.496 -120.130   1355.7    677.4
     1     1     8     7     8     1     0     0   -47.0  -82.278 -119.749   1378.2    670.4
     1     1     8     7     8     0     0     0   -48.0  -82.057 -119.583   1401.6    665.4
     1     1     8     7     7    23     0     0   -49.0  -81.830 -119.614   1425.5    661.7
     1     1     8     7     7    22     0     0   -50.0  -81.597 -119.827   1449.0    659.1
     1     1     8     7     7    21     0     0   -51.0  -81.355 -120.217   1472.6    657.1
     1     1     8     7     7    20     0     0   -52.0  -81.105 -120.783   1496.6    655.4
     1     1     8     7     7    19     0     0   -53.0  -80.844 -121.522   1520.9    653.7
     1     1     8     7     7    18     0     0   -54.0  -80.568 -122.431   1545.0    651.6
     1     1     8     7     7    17     0     0   -55.0  -80.278 -123.515   1566.8    648.9
     1     1     8     7     7    16     0     0   -56.0  -79.977 -124.752   1582.7    645.9
     1     1     8     7     7    15     0     0   -57.0  -79.658 -126.053   1586.0    641.6
     1     1     8     7     7    14     0     0   -58.0  -79.313 -127.346   1572.8    637.8
     1     1     8     7     7    13     0     0   -59.0  -78.939 -128.614   1542.7    635.0
     1     1     8     7     7    12     0     0   -60.0  -78.528 -129.838   1494.3    632.8
     1     1     8     7     7    11     0     0   -61.0  -78.086 -130.983   1431.0    633.1
     1     1     8     7     7    10     0     0   -62.0  -77.621 -132.035   1354.8    634.3
     1     1     8     7     7     9     0     0   -63.0  -77.142 -132.977   1281.5    657.8
     1     1     8     7     7     8     0     0   -64.0  -76.667 -133.787   1206.0    688.6
     1     1     8     7     7     7     0     0   -65.0  -76.203 -134.469   1126.7    718.3
     1     1     8     7     7     6     0     0   -66.0  -75.753 -135.034   1045.2    747.8
     1     1     8     7     7     5     0     0   -67.0  -75.323 -135.505    962.6    776.8
     1     1     8     7     7     4     0     0   -68.0  -74.915 -135.922    880.1    803.9
     1     1     8     7     7     3     0     0   -69.0  -74.521 -136.352    799.5    826.7
     1     1     8     7     7     2     0     0   -70.0  -74.131 -136.845    724.6    848.8
     1     1     8     7     7     1     0     0   -71.0  -73.735 -137.396    656.4    870.4
     1     1     8     7     7     0     0     0   -72.0  -73.328 -137.998    596.4    890.0
     1     1     8     7     6    23     0     0   -73.0  -72.913 -138.617    545.4    906.7
     1     1     8     7     6    22     0     0   -74.0  -72.493 -139.225    502.7    921.6
     1     1     8     7     6    21     0     0   -75.0  -72.060 -139.855    461.9    924.9
     1     1     8     7     6    20     0     0   -76.0  -71.606 -140.541    421.2    928.4
     1     1     8     7     6    19     0     0   -77.0  -71.130 -141.296    380.9    932.0
     1     1     8     7     6    18     0     0   -78.0  -70.632 -142.123    342.3    935.1
     1     1     8     7     6    17     0     0   -79.0  -70.125 -143.039    307.1    939.7
     1     1     8     7     6    16     0     0   -80.0  -69.623 -144.006    277.4    946.6
     1     1     8     7     6    15     0     0   -81.0  -69.131 -144.950    253.9    952.4
     1     1     8     7     6    14     0     0   -82.0  -68.644 -145.853    235.1    956.7
     1     1     8     7     6    13     0     0   -83.0  -68.160 -146.710    219.7    959.8
     1     1     8     7     6    12     0     0   -84.0  -67.670 -147.523    206.5    961.9
     1     1     8     7     6    11     0     0   -85.0  -67.176 -148.286    195.3    964.8
     1     1     8     7     6    10     0     0   -86.0  -66.686 -148.995    185.7    968.4
     1     1     8     7     6     9     0     0   -87.0  -66.202 -149.649    176.5    972.2
     1     1     8     7     6     8     0     0   -88.0  -65.728 -150.245    166.3    976.1
     1     1     8     7     6     7     0     0   -89.0  -65.265 -150.780    153.2    980.4
     1     1     8     7     6     6     0     0   -90.0  -64.816 -151.241    136.5    984.7
     1     1     8     7     6     5     0     0   -91.0  -64.387 -151.604    118.3    989.1
     1     1     8     7     6     4     0     0   -92.0  -63.980 -151.864    101.1    993.2
     1     1     8     7     6     3     0     0   -93.0  -63.596 -152.038     85.5    997.2
     1     1     8     7     6     2     0     0   -94.0  -63.233 -152.145     72.0   1000.6
     1     1     8     7     6     1     0     0   -95.0  -62.892 -152.202     61.4   1002.9
     1     1     8     7     6     0     0     0   -96.0  -62.572 -152.226     53.8   1004.8
     1     1     8     7     5    23     0     0   -97.0  -62.271 -152.230     48.1   1006.0
     1     1     8     7     5    22     0     0   -98.0  -61.986 -152.224     43.3   1007.2
     1     1     8     7     5    21     0     0   -99.0  -61.715 -152.206     39.3   1008.2
     1     1     8     7     5    20     0     0  -100.0  -61.459 -152.175     35.8   1009.1
     1     1     8     7     5    19     0     0  -101.0  -61.215 -152.129     32.7   1009.8
     1     1     8     7     5    18     0     0  -102.0  -60.985 -152.068     30.0   1010.5
     1     1     8     7     5    17     0     0  -103.0  -60.767 -151.982     27.5   1011.3
     1     1     8     7     5    16     0     0  -104.0  -60.562 -151.861     25.3   1012.1
     1     1     8     7     5    15     0     0  -105.0  -60.371 -151.708     23.4   1012.8
     1     1     8     7     5    14     0     0  -106.0  -60.196 -151.525     21.7   1013.5
     1     1     8     7     5    13     0     0  -107.0  -60.038 -151.316     20.4   1014.1
     1     1     8     7     5    12     0     0  -108.0  -59.901 -151.082     19.3   1014.8
     1     1     8     7     5    11     0     0  -109.0  -59.786 -150.840     18.4   1014.9
     1     1     8     7     5    10     0     0  -110.0  -59.693 -150.602     17.8   1015.1
     1     1     8     7     5     9     0     0  -111.0  -59.620 -150.369     17.3   1015.2
     1     1     8     7     5     8     0     0  -112.0  -59.567 -150.140     16.9   1015.3
     1     1     8     7     5     7     0     0  -113.0  -59.532 -149.918     16.5   1015.4
     1     1     8     7     5     6     0     0  -114.0  -59.515 -149.703     16.2   1015.7
     1     1     8     7     5     5     0     0  -115.0  -59.509 -149.498     16.0   1015.9
     1     1     8     7     5     4     0     0  -116.0  -59.511 -149.303     16.2   1016.1
     1     1     8     7     5     3     0     0  -117.0  -59.520 -149.120     16.9   1016.1
     1     1     8     7     5     2     0     0  -118.0  -59.535 -148.951     18.0   1016.0
     1     1     8     7     5     1     0     0  -119.0  -59.555 -148.794     19.7   1015.7
     1     1     8     7     5     0     0     0  -120.0  -59.579 -148.653     22.1   1015.4
