    12     1
    CDC1     7     9     1     0     0
    CDC1     7    10     1     0     0
    CDC1     7    11     1     0     0
    CDC1     7    12     1     0     0
    CDC1     8     1     1     0     0
    CDC1     8     2     1     0     0
    CDC1     8     3     1     0     0
    CDC1     8     4     1     0     0
    CDC1     8     5     1     0     0
    CDC1     8     6     1     0     0
    CDC1     8     7     1     0     0
    CDC1     8     8     1     0     0
     1 BACKWARD OMEGA   
     8     3    22     0  -80.930  159.503  1000.0
     1 PRESSURE
     1     1     8     3    22     0     0     0     0.0  -80.930  159.503   1000.0    738.6
     1     1     8     3    21    23     0     0    -1.0  -81.006  161.255    951.9    761.0
     1     1     8     3    21    22     0     0    -2.0  -81.105  162.940    911.3    781.3
     1     1     8     3    21    21     0     0    -3.0  -81.227  164.605    878.3    799.5
     1     1     8     3    21    20     0     0    -4.0  -81.371  166.309    853.0    815.1
     1     1     8     3    21    19     0     0    -5.0  -81.532  168.109    834.5    829.1
     1     1     8     3    21    18     0     0    -6.0  -81.703  170.061    822.3    841.7
     1     1     8     3    21    17     0     0    -7.0  -81.857  172.170    808.9    853.2
     1     1     8     3    21    16     0     0    -8.0  -81.974  174.397    788.1    865.3
     1     1     8     3    21    15     0     0    -9.0  -82.052  176.715    760.3    878.3
     1     1     8     3    21    14     0     0   -10.0  -82.093  179.089    726.7    890.5
     1     1     8     3    21    13     0     0   -11.0  -82.099 -178.504    688.0    901.7
     1     1     8     3    21    12     0     0   -12.0  -82.076 -176.089    645.4    912.3
     1     1     8     3    21    11     0     0   -13.0  -82.047 -173.805    609.0    918.5
     1     1     8     3    21    10     0     0   -14.0  -82.026 -171.751    587.7    920.5
     1     1     8     3    21     9     0     0   -15.0  -82.014 -169.858    578.6    919.7
     1     1     8     3    21     8     0     0   -16.0  -82.008 -168.077    581.1    917.9
     1     1     8     3    21     7     0     0   -17.0  -82.002 -166.359    594.9    914.8
     1     1     8     3    21     6     0     0   -18.0  -81.989 -164.672    619.3    910.0
     1     1     8     3    21     5     0     0   -19.0  -81.954 -162.941    647.2    904.5
     1     1     8     3    21     4     0     0   -20.0  -81.889 -161.145    671.6    900.3
     1     1     8     3    21     3     0     0   -21.0  -81.796 -159.331    694.0    895.6
     1     1     8     3    21     2     0     0   -22.0  -81.679 -157.523    716.6    890.0
     1     1     8     3    21     1     0     0   -23.0  -81.538 -155.747    741.5    883.3
     1     1     8     3    21     0     0     0   -24.0  -81.377 -154.024    771.2    875.4
     1     1     8     3    20    23     0     0   -25.0  -81.191 -152.352    807.6    865.3
     1     1     8     3    20    22     0     0   -26.0  -80.975 -150.738    850.7    852.9
     1     1     8     3    20    21     0     0   -27.0  -80.725 -149.211    898.1    838.9
     1     1     8     3    20    20     0     0   -28.0  -80.439 -147.788    947.8    823.1
     1     1     8     3    20    19     0     0   -29.0  -80.113 -146.480    996.7    805.3
     1     1     8     3    20    18     0     0   -30.0  -79.755 -145.262   1043.8    791.8
     1     1     8     3    20    17     0     0   -31.0  -79.388 -144.087   1088.2    780.2
     1     1     8     3    20    16     0     0   -32.0  -79.026 -142.939   1127.8    767.7
     1     1     8     3    20    15     0     0   -33.0  -78.663 -141.813   1160.6    755.0
     1     1     8     3    20    14     0     0   -34.0  -78.294 -140.706   1184.7    741.9
     1     1     8     3    20    13     0     0   -35.0  -77.914 -139.617   1198.5    728.3
     1     1     8     3    20    12     0     0   -36.0  -77.520 -138.538   1200.4    713.9
     1     1     8     3    20    11     0     0   -37.0  -77.131 -137.458   1201.3    716.4
     1     1     8     3    20    10     0     0   -38.0  -76.768 -136.376   1193.9    721.7
     1     1     8     3    20     9     0     0   -39.0  -76.430 -135.285   1179.3    727.3
     1     1     8     3    20     8     0     0   -40.0  -76.113 -134.159   1157.8    733.9
     1     1     8     3    20     7     0     0   -41.0  -75.809 -132.978   1128.9    741.3
     1     1     8     3    20     6     0     0   -42.0  -75.512 -131.724   1092.5    749.8
     1     1     8     3    20     5     0     0   -43.0  -75.220 -130.359   1046.4    758.3
     1     1     8     3    20     4     0     0   -44.0  -74.931 -128.865    989.1    770.0
     1     1     8     3    20     3     0     0   -45.0  -74.643 -127.296    921.3    784.8
     1     1     8     3    20     2     0     0   -46.0  -74.353 -125.694    846.8    803.2
     1     1     8     3    20     1     0     0   -47.0  -74.061 -124.063    767.3    824.4
     1     1     8     3    20     0     0     0   -48.0  -73.764 -122.394    684.9    847.7
     1     1     8     3    19    23     0     0   -49.0  -73.457 -120.664    604.8    872.0
     1     1     8     3    19    22     0     0   -50.0  -73.135 -118.871    532.3    895.3
     1     1     8     3    19    21     0     0   -51.0  -72.800 -117.052    470.2    916.6
     1     1     8     3    19    20     0     0   -52.0  -72.449 -115.247    419.2    932.1
     1     1     8     3    19    19     0     0   -53.0  -72.078 -113.512    376.2    934.8
     1     1     8     3    19    18     0     0   -54.0  -71.684 -111.883    341.2    936.2
     1     1     8     3    19    17     0     0   -55.0  -71.268 -110.360    313.3    937.2
     1     1     8     3    19    16     0     0   -56.0  -70.827 -108.954    291.2    937.5
     1     1     8     3    19    15     0     0   -57.0  -70.353 -107.677    273.7    937.9
     1     1     8     3    19    14     0     0   -58.0  -69.848 -106.550    260.1    939.9
     1     1     8     3    19    13     0     0   -59.0  -69.323 -105.551    249.9    943.4
     1     1     8     3    19    12     0     0   -60.0  -68.783 -104.637    242.9    946.2
     1     1     8     3    19    11     0     0   -61.0  -68.226 -103.777    239.2    948.3
     1     1     8     3    19    10     0     0   -62.0  -67.647 -102.954    238.6    949.1
     1     1     8     3    19     9     0     0   -63.0  -67.045 -102.167    240.4    948.4
     1     1     8     3    19     8     0     0   -64.0  -66.429 -101.402    243.6    947.5
     1     1     8     3    19     7     0     0   -65.0  -65.797 -100.633    248.3    946.2
     1     1     8     3    19     6     0     0   -66.0  -65.143  -99.831    255.4    944.6
     1     1     8     3    19     5     0     0   -67.0  -64.482  -99.032    265.2    946.2
     1     1     8     3    19     4     0     0   -68.0  -63.832  -98.273    275.7    948.7
     1     1     8     3    19     3     0     0   -69.0  -63.191  -97.530    285.8    951.3
     1     1     8     3    19     2     0     0   -70.0  -62.558  -96.776    294.5    953.7
     1     1     8     3    19     1     0     0   -71.0  -61.943  -96.040    300.4    953.0
     1     1     8     3    19     0     0     0   -72.0  -61.352  -95.337    302.3    953.2
     1     1     8     3    18    23     0     0   -73.0  -60.788  -94.656    301.2    954.5
     1     1     8     3    18    22     0     0   -74.0  -60.252  -93.991    298.6    956.4
     1     1     8     3    18    21     0     0   -75.0  -59.747  -93.338    295.9    958.7
     1     1     8     3    18    20     0     0   -76.0  -59.283  -92.704    294.3    960.8
     1     1     8     3    18    19     0     0   -77.0  -58.863  -92.077    294.0    962.2
     1     1     8     3    18    18     0     0   -78.0  -58.487  -91.434    295.2    963.1
     1     1     8     3    18    17     0     0   -79.0  -58.162  -90.771    297.7    963.2
     1     1     8     3    18    16     0     0   -80.0  -57.898  -90.089    300.8    963.3
     1     1     8     3    18    15     0     0   -81.0  -57.697  -89.388    304.3    963.6
     1     1     8     3    18    14     0     0   -82.0  -57.557  -88.673    307.4    964.1
     1     1     8     3    18    13     0     0   -83.0  -57.476  -87.953    309.1    964.8
     1     1     8     3    18    12     0     0   -84.0  -57.449  -87.239    308.8    965.6
     1     1     8     3    18    11     0     0   -85.0  -57.458  -86.557    307.2    966.2
     1     1     8     3    18    10     0     0   -86.0  -57.491  -85.932    306.0    966.6
     1     1     8     3    18     9     0     0   -87.0  -57.548  -85.376    305.4    966.9
     1     1     8     3    18     8     0     0   -88.0  -57.631  -84.906    305.5    967.3
     1     1     8     3    18     7     0     0   -89.0  -57.739  -84.536    306.7    967.6
     1     1     8     3    18     6     0     0   -90.0  -57.870  -84.273    309.2    967.8
     1     1     8     3    18     5     0     0   -91.0  -58.019  -84.120    313.8    967.8
     1     1     8     3    18     4     0     0   -92.0  -58.178  -84.072    320.7    967.4
     1     1     8     3    18     3     0     0   -93.0  -58.346  -84.117    329.9    966.7
     1     1     8     3    18     2     0     0   -94.0  -58.520  -84.240    341.1    965.9
     1     1     8     3    18     1     0     0   -95.0  -58.700  -84.432    353.8    965.0
     1     1     8     3    18     0     0     0   -96.0  -58.889  -84.679    367.7    964.0
     1     1     8     3    17    23     0     0   -97.0  -59.080  -84.975    382.8    962.7
     1     1     8     3    17    22     0     0   -98.0  -59.264  -85.316    399.2    960.5
     1     1     8     3    17    21     0     0   -99.0  -59.438  -85.703    416.9    958.0
     1     1     8     3    17    20     0     0  -100.0  -59.600  -86.131    435.9    955.4
     1     1     8     3    17    19     0     0  -101.0  -59.753  -86.601    456.3    952.8
     1     1     8     3    17    18     0     0  -102.0  -59.897  -87.113    478.4    950.2
     1     1     8     3    17    17     0     0  -103.0  -60.043  -87.645    502.0    946.6
     1     1     8     3    17    16     0     0  -104.0  -60.197  -88.167    527.5    942.4
     1     1     8     3    17    15     0     0  -105.0  -60.357  -88.674    554.5    938.2
     1     1     8     3    17    14     0     0  -106.0  -60.523  -89.160    583.4    934.1
     1     1     8     3    17    13     0     0  -107.0  -60.695  -89.617    614.4    930.0
     1     1     8     3    17    12     0     0  -108.0  -60.876  -90.037    648.0    925.3
     1     1     8     3    17    11     0     0  -109.0  -61.068  -90.438    682.5    920.0
     1     1     8     3    17    10     0     0  -110.0  -61.267  -90.838    716.0    915.3
     1     1     8     3    17     9     0     0  -111.0  -61.475  -91.236    748.3    910.9
     1     1     8     3    17     8     0     0  -112.0  -61.692  -91.632    779.1    906.9
     1     1     8     3    17     7     0     0  -113.0  -61.919  -92.024    808.4    903.2
     1     1     8     3    17     6     0     0  -114.0  -62.159  -92.411    835.9    899.9
     1     1     8     3    17     5     0     0  -115.0  -62.416  -92.780    863.4    896.3
     1     1     8     3    17     4     0     0  -116.0  -62.697  -93.124    892.9    892.5
     1     1     8     3    17     3     0     0  -117.0  -63.002  -93.447    925.8    888.3
     1     1     8     3    17     2     0     0  -118.0  -63.331  -93.749    963.0    883.0
     1     1     8     3    17     1     0     0  -119.0  -63.683  -94.027   1005.2    876.8
     1     1     8     3    17     0     0     0  -120.0  -64.058  -94.281   1053.1    869.8
