    12     1
    CDC1     7     9     1     0     0
    CDC1     7    10     1     0     0
    CDC1     7    11     1     0     0
    CDC1     7    12     1     0     0
    CDC1     8     1     1     0     0
    CDC1     8     2     1     0     0
    CDC1     8     3     1     0     0
    CDC1     8     4     1     0     0
    CDC1     8     5     1     0     0
    CDC1     8     6     1     0     0
    CDC1     8     7     1     0     0
    CDC1     8     8     1     0     0
     1 BACKWARD OMEGA   
     8     2    14     0  -80.930  159.503  1000.0
     1 PRESSURE
     1     1     8     2    14     0     0     0     0.0  -80.930  159.503   1000.0    735.7
     1     1     8     2    13    23     0     0    -1.0  -80.878  159.377   1029.3    731.8
     1     1     8     2    13    22     0     0    -2.0  -80.828  159.216   1056.2    727.8
     1     1     8     2    13    21     0     0    -3.0  -80.780  159.033   1080.2    723.8
     1     1     8     2    13    20     0     0    -4.0  -80.735  158.841   1101.2    720.1
     1     1     8     2    13    19     0     0    -5.0  -80.694  158.648   1118.7    716.7
     1     1     8     2    13    18     0     0    -6.0  -80.656  158.465   1132.7    713.7
     1     1     8     2    13    17     0     0    -7.0  -80.623  158.299   1143.0    711.0
     1     1     8     2    13    16     0     0    -8.0  -80.594  158.154   1149.5    709.0
     1     1     8     2    13    15     0     0    -9.0  -80.571  158.028   1152.4    707.4
     1     1     8     2    13    14     0     0   -10.0  -80.553  157.920   1151.9    706.3
     1     1     8     2    13    13     0     0   -11.0  -80.541  157.828   1148.2    705.7
     1     1     8     2    13    12     0     0   -12.0  -80.535  157.755   1141.2    705.5
     1     1     8     2    13    11     0     0   -13.0  -80.528  157.674   1133.0    705.5
     1     1     8     2    13    10     0     0   -14.0  -80.508  157.553   1124.8    704.8
     1     1     8     2    13     9     0     0   -15.0  -80.477  157.390   1117.1    703.8
     1     1     8     2    13     8     0     0   -16.0  -80.432  157.183   1109.9    702.4
     1     1     8     2    13     7     0     0   -17.0  -80.373  156.927   1103.4    700.4
     1     1     8     2    13     6     0     0   -18.0  -80.300  156.619   1098.0    697.8
     1     1     8     2    13     5     0     0   -19.0  -80.217  156.289   1092.0    694.4
     1     1     8     2    13     4     0     0   -20.0  -80.130  155.965   1085.4    691.3
     1     1     8     2    13     3     0     0   -21.0  -80.040  155.642   1077.1    688.4
     1     1     8     2    13     2     0     0   -22.0  -79.948  155.314   1066.8    684.8
     1     1     8     2    13     1     0     0   -23.0  -79.857  154.982   1054.5    680.8
     1     1     8     2    13     0     0     0   -24.0  -79.770  154.648   1040.8    677.4
     1     1     8     2    12    23     0     0   -25.0  -79.688  154.261   1028.3    673.8
     1     1     8     2    12    22     0     0   -26.0  -79.607  153.763   1021.6    668.5
     1     1     8     2    12    21     0     0   -27.0  -79.528  153.143   1020.5    661.7
     1     1     8     2    12    20     0     0   -28.0  -79.451  152.382   1025.3    653.5
     1     1     8     2    12    19     0     0   -29.0  -79.376  151.464   1037.0    644.7
     1     1     8     2    12    18     0     0   -30.0  -79.302  150.375   1055.5    634.3
     1     1     8     2    12    17     0     0   -31.0  -79.238  149.158   1083.1    624.5
     1     1     8     2    12    16     0     0   -32.0  -79.194  147.881   1118.6    614.7
     1     1     8     2    12    15     0     0   -33.0  -79.172  146.556   1162.2    605.4
     1     1     8     2    12    14     0     0   -34.0  -79.175  145.204   1212.6    596.1
     1     1     8     2    12    13     0     0   -35.0  -79.204  143.852   1269.6    588.1
     1     1     8     2    12    12     0     0   -36.0  -79.259  142.519   1332.5    580.5
     1     1     8     2    12    11     0     0   -37.0  -79.323  141.220   1394.5    573.0
     1     1     8     2    12    10     0     0   -38.0  -79.378  139.949   1449.7    566.6
     1     1     8     2    12     9     0     0   -39.0  -79.425  138.709   1497.7    561.3
     1     1     8     2    12     8     0     0   -40.0  -79.462  137.500   1538.0    556.6
     1     1     8     2    12     7     0     0   -41.0  -79.489  136.325   1570.2    552.2
     1     1     8     2    12     6     0     0   -42.0  -79.506  135.186   1594.8    548.3
     1     1     8     2    12     5     0     0   -43.0  -79.524  134.098   1613.4    544.7
     1     1     8     2    12     4     0     0   -44.0  -79.558  133.080   1626.7    541.7
     1     1     8     2    12     3     0     0   -45.0  -79.607  132.130   1635.3    539.0
     1     1     8     2    12     2     0     0   -46.0  -79.672  131.252   1639.6    536.8
     1     1     8     2    12     1     0     0   -47.0  -79.752  130.442   1640.1    535.2
     1     1     8     2    12     0     0     0   -48.0  -79.849  129.702   1637.0    534.1
     1     1     8     2    11    23     0     0   -49.0  -79.957  129.036   1631.9    533.4
     1     1     8     2    11    22     0     0   -50.0  -80.073  128.456   1628.5    532.5
     1     1     8     2    11    21     0     0   -51.0  -80.195  127.975   1626.5    531.5
     1     1     8     2    11    20     0     0   -52.0  -80.320  127.595   1626.4    530.7
     1     1     8     2    11    19     0     0   -53.0  -80.447  127.313   1628.6    529.9
     1     1     8     2    11    18     0     0   -54.0  -80.575  127.128   1633.2    529.1
     1     1     8     2    11    17     0     0   -55.0  -80.704  127.042   1636.7    528.2
     1     1     8     2    11    16     0     0   -56.0  -80.835  127.059   1635.0    528.3
     1     1     8     2    11    15     0     0   -57.0  -80.967  127.182   1628.3    528.9
     1     1     8     2    11    14     0     0   -58.0  -81.097  127.414   1617.0    530.1
     1     1     8     2    11    13     0     0   -59.0  -81.225  127.760   1601.3    532.0
     1     1     8     2    11    12     0     0   -60.0  -81.348  128.224   1581.3    534.6
     1     1     8     2    11    11     0     0   -61.0  -81.460  128.822   1559.1    537.8
     1     1     8     2    11    10     0     0   -62.0  -81.553  129.554   1537.1    541.2
     1     1     8     2    11     9     0     0   -63.0  -81.625  130.403   1515.1    544.6
     1     1     8     2    11     8     0     0   -64.0  -81.674  131.347   1493.2    548.3
     1     1     8     2    11     7     0     0   -65.0  -81.697  132.359   1471.8    552.0
     1     1     8     2    11     6     0     0   -66.0  -81.693  133.408   1451.4    556.6
     1     1     8     2    11     5     0     0   -67.0  -81.670  134.483   1430.4    561.0
     1     1     8     2    11     4     0     0   -68.0  -81.637  135.598   1408.2    565.6
     1     1     8     2    11     3     0     0   -69.0  -81.592  136.750   1384.5    570.3
     1     1     8     2    11     2     0     0   -70.0  -81.536  137.943   1359.2    575.3
     1     1     8     2    11     1     0     0   -71.0  -81.468  139.177   1332.1    580.8
     1     1     8     2    11     0     0     0   -72.0  -81.389  140.449   1303.1    586.6
     1     1     8     2    10    23     0     0   -73.0  -81.294  141.669   1275.6    592.4
     1     1     8     2    10    22     0     0   -74.0  -81.178  142.734   1254.8    596.8
     1     1     8     2    10    21     0     0   -75.0  -81.044  143.624   1241.1    600.5
     1     1     8     2    10    20     0     0   -76.0  -80.895  144.321   1234.0    602.9
     1     1     8     2    10    19     0     0   -77.0  -80.733  144.820   1233.2    604.1
     1     1     8     2    10    18     0     0   -78.0  -80.560  145.116   1238.5    604.2
     1     1     8     2    10    17     0     0   -79.0  -80.380  145.255   1246.6    603.5
     1     1     8     2    10    16     0     0   -80.0  -80.198  145.281   1252.7    602.8
     1     1     8     2    10    15     0     0   -81.0  -80.012  145.199   1257.5    601.9
     1     1     8     2    10    14     0     0   -82.0  -79.827  145.025   1259.7    599.2
     1     1     8     2    10    13     0     0   -83.0  -79.644  144.779   1260.6    596.5
     1     1     8     2    10    12     0     0   -84.0  -79.466  144.470   1260.4    593.9
     1     1     8     2    10    11     0     0   -85.0  -79.283  144.070   1261.5    591.3
     1     1     8     2    10    10     0     0   -86.0  -79.086  143.553   1266.8    587.9
     1     1     8     2    10     9     0     0   -87.0  -78.876  142.929   1275.8    584.0
     1     1     8     2    10     8     0     0   -88.0  -78.655  142.207   1287.8    579.9
     1     1     8     2    10     7     0     0   -89.0  -78.422  141.397   1302.5    575.9
     1     1     8     2    10     6     0     0   -90.0  -78.179  140.505   1318.9    571.7
     1     1     8     2    10     5     0     0   -91.0  -77.941  139.563   1334.1    567.5
     1     1     8     2    10     4     0     0   -92.0  -77.724  138.601   1346.1    564.3
     1     1     8     2    10     3     0     0   -93.0  -77.529  137.619   1355.0    561.5
     1     1     8     2    10     2     0     0   -94.0  -77.357  136.641   1361.9    560.2
     1     1     8     2    10     1     0     0   -95.0  -77.208  135.691   1366.8    559.0
     1     1     8     2    10     0     0     0   -96.0  -77.082  134.766   1370.6    557.5
     1     1     8     2     9    23     0     0   -97.0  -76.966  133.835   1372.8    556.1
     1     1     8     2     9    22     0     0   -98.0  -76.850  132.868   1372.0    554.8
     1     1     8     2     9    21     0     0   -99.0  -76.736  131.865   1366.8    553.0
     1     1     8     2     9    20     0     0  -100.0  -76.622  130.826   1356.7    550.8
     1     1     8     2     9    19     0     0  -101.0  -76.508  129.751   1341.0    548.9
     1     1     8     2     9    18     0     0  -102.0  -76.392  128.637   1319.6    547.7
     1     1     8     2     9    17     0     0  -103.0  -76.280  127.513   1295.6    546.8
     1     1     8     2     9    16     0     0  -104.0  -76.179  126.406   1272.4    546.1
     1     1     8     2     9    15     0     0  -105.0  -76.089  125.315   1250.0    545.5
     1     1     8     2     9    14     0     0  -106.0  -76.012  124.238   1229.0    545.6
     1     1     8     2     9    13     0     0  -107.0  -75.948  123.174   1210.0    545.6
     1     1     8     2     9    12     0     0  -108.0  -75.899  122.118   1193.5    545.6
     1     1     8     2     9    11     0     0  -109.0  -75.861  121.057   1179.3    546.3
     1     1     8     2     9    10     0     0  -110.0  -75.830  119.980   1165.6    547.1
     1     1     8     2     9     9     0     0  -111.0  -75.810  118.897   1154.2    548.0
     1     1     8     2     9     8     0     0  -112.0  -75.805  117.818   1146.6    548.4
     1     1     8     2     9     7     0     0  -113.0  -75.816  116.747   1143.4    548.1
     1     1     8     2     9     6     0     0  -114.0  -75.846  115.690   1144.5    547.4
     1     1     8     2     9     5     0     0  -115.0  -75.904  114.632   1149.0    546.2
     1     1     8     2     9     4     0     0  -116.0  -76.001  113.551   1155.7    544.3
     1     1     8     2     9     3     0     0  -117.0  -76.140  112.442   1165.2    541.9
     1     1     8     2     9     2     0     0  -118.0  -76.318  111.287   1177.0    538.6
     1     1     8     2     9     1     0     0  -119.0  -76.533  110.067   1191.5    534.8
     1     1     8     2     9     0     0     0  -120.0  -76.781  108.755   1208.6    529.5
