    12     1
    CDC1     7     9     1     0     0
    CDC1     7    10     1     0     0
    CDC1     7    11     1     0     0
    CDC1     7    12     1     0     0
    CDC1     8     1     1     0     0
    CDC1     8     2     1     0     0
    CDC1     8     3     1     0     0
    CDC1     8     4     1     0     0
    CDC1     8     5     1     0     0
    CDC1     8     6     1     0     0
    CDC1     8     7     1     0     0
    CDC1     8     8     1     0     0
     1 BACKWARD OMEGA   
     8     8    28     0  -80.930  159.503  1000.0
     1 PRESSURE
     1     1     8     8    28     0     0     0     0.0  -80.930  159.503   1000.0    732.9
     1     1     8     8    27    23     0     0    -1.0  -81.060  159.067   1013.3    725.1
     1     1     8     8    27    22     0     0    -2.0  -81.174  158.633   1022.4    718.3
     1     1     8     8    27    21     0     0    -3.0  -81.273  158.211   1028.4    712.1
     1     1     8     8    27    20     0     0    -4.0  -81.359  157.808   1032.0    706.6
     1     1     8     8    27    19     0     0    -5.0  -81.434  157.434   1034.1    701.8
     1     1     8     8    27    18     0     0    -6.0  -81.501  157.104   1036.0    697.8
     1     1     8     8    27    17     0     0    -7.0  -81.560  156.866   1035.0    694.9
     1     1     8     8    27    16     0     0    -8.0  -81.610  156.762   1028.0    694.3
     1     1     8     8    27    15     0     0    -9.0  -81.654  156.799   1014.5    695.7
     1     1     8     8    27    14     0     0   -10.0  -81.694  156.983    994.5    699.3
     1     1     8     8    27    13     0     0   -11.0  -81.732  157.316    968.1    704.9
     1     1     8     8    27    12     0     0   -12.0  -81.770  157.806    936.2    712.9
     1     1     8     8    27    11     0     0   -13.0  -81.810  158.399    904.6    722.2
     1     1     8     8    27    10     0     0   -14.0  -81.850  159.029    877.9    730.7
     1     1     8     8    27     9     0     0   -15.0  -81.888  159.709    856.4    738.7
     1     1     8     8    27     8     0     0   -16.0  -81.921  160.413    840.0    746.3
     1     1     8     8    27     7     0     0   -17.0  -81.941  161.075    829.0    753.1
     1     1     8     8    27     6     0     0   -18.0  -81.944  161.656    823.5    758.7
     1     1     8     8    27     5     0     0   -19.0  -81.938  162.207    821.5    763.8
     1     1     8     8    27     4     0     0   -20.0  -81.927  162.791    819.6    769.5
     1     1     8     8    27     3     0     0   -21.0  -81.915  163.432    817.0    775.8
     1     1     8     8    27     2     0     0   -22.0  -81.904  164.134    813.0    782.8
     1     1     8     8    27     1     0     0   -23.0  -81.892  164.889    807.5    790.6
     1     1     8     8    27     0     0     0   -24.0  -81.878  165.686    799.6    798.5
     1     1     8     8    26    23     0     0   -25.0  -81.871  166.475    792.3    806.2
     1     1     8     8    26    22     0     0   -26.0  -81.880  167.227    789.0    812.5
     1     1     8     8    26    21     0     0   -27.0  -81.906  167.958    789.1    817.6
     1     1     8     8    26    20     0     0   -28.0  -81.950  168.686    792.2    821.9
     1     1     8     8    26    19     0     0   -29.0  -82.014  169.430    798.1    825.6
     1     1     8     8    26    18     0     0   -30.0  -82.096  170.212    806.3    828.8
     1     1     8     8    26    17     0     0   -31.0  -82.187  171.063    812.7    830.8
     1     1     8     8    26    16     0     0   -32.0  -82.277  171.996    816.3    834.2
     1     1     8     8    26    15     0     0   -33.0  -82.367  173.019    816.6    837.9
     1     1     8     8    26    14     0     0   -34.0  -82.455  174.143    813.7    842.3
     1     1     8     8    26    13     0     0   -35.0  -82.538  175.388    807.4    845.7
     1     1     8     8    26    12     0     0   -36.0  -82.615  176.787    797.4    847.4
     1     1     8     8    26    11     0     0   -37.0  -82.684  178.324    788.9    850.5
     1     1     8     8    26    10     0     0   -38.0  -82.747  179.964    785.4    852.5
     1     1     8     8    26     9     0     0   -39.0  -82.806 -178.276    787.5    853.9
     1     1     8     8    26     8     0     0   -40.0  -82.862 -176.375    794.9    853.8
     1     1     8     8    26     7     0     0   -41.0  -82.915 -174.325    806.9    852.3
     1     1     8     8    26     6     0     0   -42.0  -82.964 -172.102    823.9    850.1
     1     1     8     8    26     5     0     0   -43.0  -83.018 -169.744    846.5    847.6
     1     1     8     8    26     4     0     0   -44.0  -83.088 -167.305    875.6    842.4
     1     1     8     8    26     3     0     0   -45.0  -83.153 -164.792    914.3    836.3
     1     1     8     8    26     2     0     0   -46.0  -83.207 -162.243    964.6    829.1
     1     1     8     8    26     1     0     0   -47.0  -83.255 -159.713   1023.7    820.1
     1     1     8     8    26     0     0     0   -48.0  -83.289 -157.252   1090.9    810.8
     1     1     8     8    25    23     0     0   -49.0  -83.292 -154.847   1162.0    803.2
     1     1     8     8    25    22     0     0   -50.0  -83.246 -152.464   1232.0    796.7
     1     1     8     8    25    21     0     0   -51.0  -83.147 -150.146   1301.6    791.5
     1     1     8     8    25    20     0     0   -52.0  -82.997 -147.934   1370.7    786.2
     1     1     8     8    25    19     0     0   -53.0  -82.795 -145.866   1440.2    782.6
     1     1     8     8    25    18     0     0   -54.0  -82.542 -143.979   1511.6    780.2
     1     1     8     8    25    17     0     0   -55.0  -82.238 -142.331   1568.3    766.2
     1     1     8     8    25    16     0     0   -56.0  -81.882 -140.986   1606.6    749.4
     1     1     8     8    25    15     0     0   -57.0  -81.469 -139.934   1624.6    733.9
     1     1     8     8    25    14     0     0   -58.0  -80.993 -139.157   1620.1    719.2
     1     1     8     8    25    13     0     0   -59.0  -80.446 -138.625   1590.6    705.6
     1     1     8     8    25    12     0     0   -60.0  -79.818 -138.292   1535.2    695.4
     1     1     8     8    25    11     0     0   -61.0  -79.139 -138.085   1462.9    693.4
     1     1     8     8    25    10     0     0   -62.0  -78.433 -137.969   1375.5    691.7
     1     1     8     8    25     9     0     0   -63.0  -77.697 -137.942   1269.8    691.6
     1     1     8     8    25     8     0     0   -64.0  -76.955 -137.940   1169.0    718.8
     1     1     8     8    25     7     0     0   -65.0  -76.239 -137.880   1075.5    753.7
     1     1     8     8    25     6     0     0   -66.0  -75.549 -137.742    985.6    787.7
     1     1     8     8    25     5     0     0   -67.0  -74.884 -137.564    899.5    820.5
     1     1     8     8    25     4     0     0   -68.0  -74.255 -137.450    819.9    845.0
     1     1     8     8    25     3     0     0   -69.0  -73.658 -137.452    752.2    868.0
     1     1     8     8    25     2     0     0   -70.0  -73.080 -137.545    695.2    889.8
     1     1     8     8    25     1     0     0   -71.0  -72.509 -137.711    647.8    910.3
     1     1     8     8    25     0     0     0   -72.0  -71.938 -137.963    601.8    912.5
     1     1     8     8    24    23     0     0   -73.0  -71.378 -138.326    559.6    914.8
     1     1     8     8    24    22     0     0   -74.0  -70.834 -138.794    521.8    916.7
     1     1     8     8    24    21     0     0   -75.0  -70.297 -139.355    487.6    918.6
     1     1     8     8    24    20     0     0   -76.0  -69.762 -139.981    457.7    923.1
     1     1     8     8    24    19     0     0   -77.0  -69.240 -140.627    433.8    929.6
     1     1     8     8    24    18     0     0   -78.0  -68.734 -141.273    415.5    935.0
     1     1     8     8    24    17     0     0   -79.0  -68.250 -141.956    401.4    938.8
     1     1     8     8    24    16     0     0   -80.0  -67.793 -142.698    391.2    941.3
     1     1     8     8    24    15     0     0   -81.0  -67.352 -143.476    384.4    942.2
     1     1     8     8    24    14     0     0   -82.0  -66.927 -144.259    380.5    943.2
     1     1     8     8    24    13     0     0   -83.0  -66.518 -145.016    379.8    944.2
     1     1     8     8    24    12     0     0   -84.0  -66.121 -145.736    381.9    944.9
     1     1     8     8    24    11     0     0   -85.0  -65.742 -146.441    385.3    945.0
     1     1     8     8    24    10     0     0   -86.0  -65.395 -147.155    389.2    945.2
     1     1     8     8    24     9     0     0   -87.0  -65.081 -147.867    394.1    945.4
     1     1     8     8    24     8     0     0   -88.0  -64.799 -148.575    399.6    945.0
     1     1     8     8    24     7     0     0   -89.0  -64.549 -149.274    406.0    944.3
     1     1     8     8    24     6     0     0   -90.0  -64.331 -149.953    413.8    943.6
     1     1     8     8    24     5     0     0   -91.0  -64.124 -150.635    421.6    942.6
     1     1     8     8    24     4     0     0   -92.0  -63.910 -151.338    428.0    942.3
     1     1     8     8    24     3     0     0   -93.0  -63.702 -152.057    433.9    942.0
     1     1     8     8    24     2     0     0   -94.0  -63.510 -152.792    440.3    941.7
     1     1     8     8    24     1     0     0   -95.0  -63.344 -153.541    447.7    941.2
     1     1     8     8    24     0     0     0   -96.0  -63.211 -154.304    457.1    940.7
     1     1     8     8    23    23     0     0   -97.0  -63.090 -155.083    466.8    939.0
     1     1     8     8    23    22     0     0   -98.0  -62.951 -155.881    474.5    937.0
     1     1     8     8    23    21     0     0   -99.0  -62.806 -156.707    481.1    935.0
     1     1     8     8    23    20     0     0  -100.0  -62.673 -157.564    488.0    932.9
     1     1     8     8    23    19     0     0  -101.0  -62.563 -158.455    496.7    930.5
     1     1     8     8    23    18     0     0  -102.0  -62.491 -159.379    509.2    927.7
     1     1     8     8    23    17     0     0  -103.0  -62.435 -160.317    524.9    924.5
     1     1     8     8    23    16     0     0  -104.0  -62.364 -161.247    540.9    922.2
     1     1     8     8    23    15     0     0  -105.0  -62.285 -162.166    556.2    919.9
     1     1     8     8    23    14     0     0  -106.0  -62.210 -163.078    570.3    918.1
     1     1     8     8    23    13     0     0  -107.0  -62.146 -163.986    582.5    917.0
     1     1     8     8    23    12     0     0  -108.0  -62.111 -164.893    593.2    916.2
     1     1     8     8    23    11     0     0  -109.0  -62.095 -165.804    602.2    914.8
     1     1     8     8    23    10     0     0  -110.0  -62.086 -166.717    610.5    913.4
     1     1     8     8    23     9     0     0  -111.0  -62.095 -167.636    618.6    911.7
     1     1     8     8    23     8     0     0  -112.0  -62.124 -168.561    626.8    908.6
     1     1     8     8    23     7     0     0  -113.0  -62.179 -169.492    636.4    905.1
     1     1     8     8    23     6     0     0  -114.0  -62.268 -170.424    648.6    901.4
     1     1     8     8    23     5     0     0  -115.0  -62.373 -171.352    664.6    897.9
     1     1     8     8    23     4     0     0  -116.0  -62.485 -172.268    686.4    893.4
     1     1     8     8    23     3     0     0  -117.0  -62.614 -173.163    714.6    888.9
     1     1     8     8    23     2     0     0  -118.0  -62.767 -174.023    749.1    884.1
     1     1     8     8    23     1     0     0  -119.0  -62.957 -174.841    790.6    878.6
     1     1     8     8    23     0     0     0  -120.0  -63.185 -175.611    839.1    873.4
