    12     1
    CDC1     7     9     1     0     0
    CDC1     7    10     1     0     0
    CDC1     7    11     1     0     0
    CDC1     7    12     1     0     0
    CDC1     8     1     1     0     0
    CDC1     8     2     1     0     0
    CDC1     8     3     1     0     0
    CDC1     8     4     1     0     0
    CDC1     8     5     1     0     0
    CDC1     8     6     1     0     0
    CDC1     8     7     1     0     0
    CDC1     8     8     1     0     0
     1 BACKWARD OMEGA   
     8     8    31     0  -80.930  159.503  1000.0
     1 PRESSURE
     1     1     8     8    31     0     0     0     0.0  -80.930  159.503   1000.0    709.8
     1     1     8     8    30    23     0     0    -1.0  -81.101  160.100   1022.1    712.6
     1     1     8     8    30    22     0     0    -2.0  -81.276  160.798   1048.2    715.5
     1     1     8     8    30    21     0     0    -3.0  -81.454  161.601   1079.5    718.4
     1     1     8     8    30    20     0     0    -4.0  -81.635  162.487   1114.8    721.4
     1     1     8     8    30    19     0     0    -5.0  -81.820  163.431   1153.5    723.8
     1     1     8     8    30    18     0     0    -6.0  -82.007  164.417   1195.9    725.3
     1     1     8     8    30    17     0     0    -7.0  -82.193  165.509   1239.7    726.9
     1     1     8     8    30    16     0     0    -8.0  -82.375  166.768   1282.6    729.1
     1     1     8     8    30    15     0     0    -9.0  -82.551  168.223   1322.4    730.3
     1     1     8     8    30    14     0     0   -10.0  -82.714  169.947   1354.8    729.6
     1     1     8     8    30    13     0     0   -11.0  -82.862  171.951   1380.5    731.2
     1     1     8     8    30    12     0     0   -12.0  -82.997  174.178   1400.5    734.0
     1     1     8     8    30    11     0     0   -13.0  -83.130  176.491   1418.4    735.1
     1     1     8     8    30    10     0     0   -14.0  -83.270  178.822   1438.9    733.6
     1     1     8     8    30     9     0     0   -15.0  -83.412 -178.824   1462.1    730.4
     1     1     8     8    30     8     0     0   -16.0  -83.556 -176.423   1488.7    726.0
     1     1     8     8    30     7     0     0   -17.0  -83.699 -173.955   1519.3    720.8
     1     1     8     8    30     6     0     0   -18.0  -83.835 -171.445   1554.9    715.7
     1     1     8     8    30     5     0     0   -19.0  -83.958 -168.870   1588.3    711.4
     1     1     8     8    30     4     0     0   -20.0  -84.063 -166.215   1611.7    709.2
     1     1     8     8    30     3     0     0   -21.0  -84.157 -163.527   1627.8    707.9
     1     1     8     8    30     2     0     0   -22.0  -84.242 -160.831   1640.1    707.2
     1     1     8     8    30     1     0     0   -23.0  -84.319 -158.165   1649.1    706.1
     1     1     8     8    30     0     0     0   -24.0  -84.391 -155.540   1656.6    704.3
     1     1     8     8    29    23     0     0   -25.0  -84.450 -153.004   1667.1    702.5
     1     1     8     8    29    22     0     0   -26.0  -84.490 -150.614   1681.0    699.9
     1     1     8     8    29    21     0     0   -27.0  -84.511 -148.390   1698.1    696.3
     1     1     8     8    29    20     0     0   -28.0  -84.513 -146.341   1718.1    692.7
     1     1     8     8    29    19     0     0   -29.0  -84.500 -144.481   1740.8    689.3
     1     1     8     8    29    18     0     0   -30.0  -84.473 -142.824   1765.2    685.8
     1     1     8     8    29    17     0     0   -31.0  -84.436 -141.415   1792.5    682.2
     1     1     8     8    29    16     0     0   -32.0  -84.395 -140.294   1825.6    678.2
     1     1     8     8    29    15     0     0   -33.0  -84.353 -139.465   1865.0    674.2
     1     1     8     8    29    14     0     0   -34.0  -84.313 -138.930   1911.1    670.2
     1     1     8     8    29    13     0     0   -35.0  -84.278 -138.684   1963.9    666.1
     1     1     8     8    29    12     0     0   -36.0  -84.250 -138.723   2023.6    661.7
     1     1     8     8    29    11     0     0   -37.0  -84.217 -139.048   2082.8    657.5
     1     1     8     8    29    10     0     0   -38.0  -84.164 -139.617   2133.7    656.0
     1     1     8     8    29     9     0     0   -39.0  -84.091 -140.378   2177.1    656.1
     1     1     8     8    29     8     0     0   -40.0  -83.998 -141.279   2213.1    657.5
     1     1     8     8    29     7     0     0   -41.0  -83.884 -142.266   2242.1    660.4
     1     1     8     8    29     6     0     0   -42.0  -83.746 -143.294   2263.3    664.6
     1     1     8     8    29     5     0     0   -43.0  -83.602 -144.365   2283.3    669.7
     1     1     8     8    29     4     0     0   -44.0  -83.467 -145.513   2306.4    673.8
     1     1     8     8    29     3     0     0   -45.0  -83.343 -146.732   2332.8    677.5
     1     1     8     8    29     2     0     0   -46.0  -83.226 -148.023   2361.6    680.4
     1     1     8     8    29     1     0     0   -47.0  -83.116 -149.394   2392.3    682.6
     1     1     8     8    29     0     0     0   -48.0  -83.011 -150.846   2424.7    684.3
     1     1     8     8    28    23     0     0   -49.0  -82.907 -152.206   2455.3    685.3
     1     1     8     8    28    22     0     0   -50.0  -82.804 -153.316   2482.3    687.5
     1     1     8     8    28    21     0     0   -51.0  -82.702 -154.196   2506.3    689.8
     1     1     8     8    28    20     0     0   -52.0  -82.603 -154.860   2527.9    692.1
     1     1     8     8    28    19     0     0   -53.0  -82.507 -155.328   2547.4    694.2
     1     1     8     8    28    18     0     0   -54.0  -82.412 -155.654   2561.1    692.5
     1     1     8     8    28    17     0     0   -55.0  -82.312 -155.895   2570.7    690.3
     1     1     8     8    28    16     0     0   -56.0  -82.197 -156.070   2575.3    688.7
     1     1     8     8    28    15     0     0   -57.0  -82.068 -156.188   2574.2    687.4
     1     1     8     8    28    14     0     0   -58.0  -81.924 -156.262   2567.1    686.5
     1     1     8     8    28    13     0     0   -59.0  -81.764 -156.308   2553.9    686.0
     1     1     8     8    28    12     0     0   -60.0  -81.589 -156.343   2534.0    686.0
     1     1     8     8    28    11     0     0   -61.0  -81.399 -156.369   2511.3    686.7
     1     1     8     8    28    10     0     0   -62.0  -81.194 -156.390   2492.5    686.4
     1     1     8     8    28     9     0     0   -63.0  -80.975 -156.408   2476.7    685.7
     1     1     8     8    28     8     0     0   -64.0  -80.741 -156.427   2464.1    684.4
     1     1     8     8    28     7     0     0   -65.0  -80.494 -156.453   2454.8    682.7
     1     1     8     8    28     6     0     0   -66.0  -80.233 -156.489   2449.1    680.5
     1     1     8     8    28     5     0     0   -67.0  -79.967 -156.592   2441.3    679.1
     1     1     8     8    28     4     0     0   -68.0  -79.702 -156.792   2429.4    683.8
     1     1     8     8    28     3     0     0   -69.0  -79.439 -157.066   2409.9    689.3
     1     1     8     8    28     2     0     0   -70.0  -79.176 -157.393   2382.8    695.7
     1     1     8     8    28     1     0     0   -71.0  -78.911 -157.756   2348.1    702.6
     1     1     8     8    28     0     0     0   -72.0  -78.639 -158.140   2305.9    710.2
     1     1     8     8    27    23     0     0   -73.0  -78.359 -158.513   2261.4    718.3
     1     1     8     8    27    22     0     0   -74.0  -78.072 -158.854   2215.3    726.1
     1     1     8     8    27    21     0     0   -75.0  -77.775 -159.166   2167.4    733.8
     1     1     8     8    27    20     0     0   -76.0  -77.468 -159.451   2116.6    741.8
     1     1     8     8    27    19     0     0   -77.0  -77.156 -159.701   2062.6    748.7
     1     1     8     8    27    18     0     0   -78.0  -76.846 -159.903   2007.7    755.6
     1     1     8     8    27    17     0     0   -79.0  -76.536 -160.097   1954.4    762.2
     1     1     8     8    27    16     0     0   -80.0  -76.222 -160.314   1909.5    767.6
     1     1     8     8    27    15     0     0   -81.0  -75.905 -160.540   1871.3    772.5
     1     1     8     8    27    14     0     0   -82.0  -75.583 -160.759   1839.8    776.8
     1     1     8     8    27    13     0     0   -83.0  -75.256 -160.955   1814.9    780.6
     1     1     8     8    27    12     0     0   -84.0  -74.925 -161.107   1796.6    783.2
     1     1     8     8    27    11     0     0   -85.0  -74.614 -161.206   1780.7    783.2
     1     1     8     8    27    10     0     0   -86.0  -74.341 -161.248   1765.4    783.6
     1     1     8     8    27     9     0     0   -87.0  -74.102 -161.228   1750.0    784.3
     1     1     8     8    27     8     0     0   -88.0  -73.896 -161.140   1734.5    785.1
     1     1     8     8    27     7     0     0   -89.0  -73.719 -160.981   1718.8    785.9
     1     1     8     8    27     6     0     0   -90.0  -73.568 -160.747   1703.0    786.8
     1     1     8     8    27     5     0     0   -91.0  -73.427 -160.468   1690.1    787.9
     1     1     8     8    27     4     0     0   -92.0  -73.277 -160.171   1682.2    788.2
     1     1     8     8    27     3     0     0   -93.0  -73.118 -159.849   1678.7    788.0
     1     1     8     8    27     2     0     0   -94.0  -72.948 -159.497   1678.7    787.5
     1     1     8     8    27     1     0     0   -95.0  -72.765 -159.106   1681.3    786.6
     1     1     8     8    27     0     0     0   -96.0  -72.568 -158.667   1685.3    785.6
     1     1     8     8    26    23     0     0   -97.0  -72.367 -158.223   1686.6    783.9
     1     1     8     8    26    22     0     0   -98.0  -72.168 -157.835   1682.2    783.7
     1     1     8     8    26    21     0     0   -99.0  -71.968 -157.509   1671.4    784.4
     1     1     8     8    26    20     0     0  -100.0  -71.760 -157.240   1654.1    786.1
     1     1     8     8    26    19     0     0  -101.0  -71.542 -157.018   1630.2    788.5
     1     1     8     8    26    18     0     0  -102.0  -71.307 -156.832   1599.6    791.8
     1     1     8     8    26    17     0     0  -103.0  -71.060 -156.742   1565.7    797.1
     1     1     8     8    26    16     0     0  -104.0  -70.810 -156.804   1532.2    802.0
     1     1     8     8    26    15     0     0  -105.0  -70.553 -157.008   1498.3    807.1
     1     1     8     8    26    14     0     0  -106.0  -70.286 -157.343   1463.5    812.5
     1     1     8     8    26    13     0     0  -107.0  -70.002 -157.796   1427.0    818.1
     1     1     8     8    26    12     0     0  -108.0  -69.690 -158.380   1386.7    822.1
     1     1     8     8    26    11     0     0  -109.0  -69.355 -159.073   1344.4    825.7
     1     1     8     8    26    10     0     0  -110.0  -69.012 -159.831   1305.5    829.5
     1     1     8     8    26     9     0     0  -111.0  -68.653 -160.638   1267.8    833.1
     1     1     8     8    26     8     0     0  -112.0  -68.274 -161.473   1229.9    837.2
     1     1     8     8    26     7     0     0  -113.0  -67.857 -162.310   1189.1    842.3
     1     1     8     8    26     6     0     0  -114.0  -67.391 -163.117   1142.1    849.0
     1     1     8     8    26     5     0     0  -115.0  -66.915 -163.951   1090.9    855.3
     1     1     8     8    26     4     0     0  -116.0  -66.470 -164.872   1042.5    861.4
     1     1     8     8    26     3     0     0  -117.0  -66.050 -165.856    997.0    867.9
     1     1     8     8    26     2     0     0  -118.0  -65.642 -166.863    954.6    874.7
     1     1     8     8    26     1     0     0  -119.0  -65.222 -167.840    913.7    881.7
     1     1     8     8    26     0     0     0  -120.0  -64.774 -168.730    872.7    889.5
