    12     1
    CDC1     7     9     1     0     0
    CDC1     7    10     1     0     0
    CDC1     7    11     1     0     0
    CDC1     7    12     1     0     0
    CDC1     8     1     1     0     0
    CDC1     8     2     1     0     0
    CDC1     8     3     1     0     0
    CDC1     8     4     1     0     0
    CDC1     8     5     1     0     0
    CDC1     8     6     1     0     0
    CDC1     8     7     1     0     0
    CDC1     8     8     1     0     0
     1 BACKWARD OMEGA   
     8     1    14     0  -80.930  159.503  1000.0
     1 PRESSURE
     1     1     8     1    14     0     0     0     0.0  -80.930  159.503   1000.0    745.4
     1     1     8     1    13    23     0     0    -1.0  -81.025  159.052   1005.3    740.1
     1     1     8     1    13    22     0     0    -2.0  -81.116  158.568   1010.6    734.5
     1     1     8     1    13    21     0     0    -3.0  -81.203  158.038   1015.3    728.5
     1     1     8     1    13    20     0     0    -4.0  -81.284  157.448   1019.2    722.1
     1     1     8     1    13    19     0     0    -5.0  -81.362  156.779   1022.5    715.4
     1     1     8     1    13    18     0     0    -6.0  -81.438  156.023   1025.7    708.1
     1     1     8     1    13    17     0     0    -7.0  -81.518  155.209   1029.5    700.6
     1     1     8     1    13    16     0     0    -8.0  -81.607  154.365   1034.1    693.6
     1     1     8     1    13    15     0     0    -9.0  -81.704  153.475   1039.3    686.5
     1     1     8     1    13    14     0     0   -10.0  -81.810  152.526   1044.8    679.1
     1     1     8     1    13    13     0     0   -11.0  -81.924  151.517   1051.1    672.4
     1     1     8     1    13    12     0     0   -12.0  -82.046  150.450   1057.6    665.2
     1     1     8     1    13    11     0     0   -13.0  -82.165  149.282   1065.5    658.4
     1     1     8     1    13    10     0     0   -14.0  -82.268  147.965   1074.3    651.3
     1     1     8     1    13     9     0     0   -15.0  -82.357  146.495   1083.6    643.7
     1     1     8     1    13     8     0     0   -16.0  -82.431  144.873   1092.6    635.5
     1     1     8     1    13     7     0     0   -17.0  -82.490  143.103   1101.7    628.9
     1     1     8     1    13     6     0     0   -18.0  -82.533  141.208   1108.4    621.6
     1     1     8     1    13     5     0     0   -19.0  -82.568  139.217   1116.2    615.0
     1     1     8     1    13     4     0     0   -20.0  -82.604  137.124   1128.5    608.6
     1     1     8     1    13     3     0     0   -21.0  -82.638  134.905   1146.1    601.9
     1     1     8     1    13     2     0     0   -22.0  -82.667  132.536   1170.4    595.5
     1     1     8     1    13     1     0     0   -23.0  -82.690  130.024   1199.3    586.8
     1     1     8     1    13     0     0     0   -24.0  -82.703  127.396   1235.4    580.3
     1     1     8     1    12    23     0     0   -25.0  -82.710  124.724   1270.7    572.1
     1     1     8     1    12    22     0     0   -26.0  -82.711  122.098   1303.7    566.2
     1     1     8     1    12    21     0     0   -27.0  -82.708  119.542   1333.7    560.5
     1     1     8     1    12    20     0     0   -28.0  -82.700  117.055   1360.3    554.9
     1     1     8     1    12    19     0     0   -29.0  -82.689  114.640   1383.6    550.3
     1     1     8     1    12    18     0     0   -30.0  -82.676  112.302   1403.9    546.0
     1     1     8     1    12    17     0     0   -31.0  -82.662  110.020   1421.9    540.5
     1     1     8     1    12    16     0     0   -32.0  -82.644  107.763   1441.1    536.3
     1     1     8     1    12    15     0     0   -33.0  -82.620  105.530   1460.2    532.1
     1     1     8     1    12    14     0     0   -34.0  -82.592  103.323   1477.4    526.8
     1     1     8     1    12    13     0     0   -35.0  -82.559  101.129   1493.1    521.3
     1     1     8     1    12    12     0     0   -36.0  -82.520   98.953   1507.0    516.4
     1     1     8     1    12    11     0     0   -37.0  -82.483   96.871   1514.7    511.7
     1     1     8     1    12    10     0     0   -38.0  -82.447   94.935   1517.7    506.7
     1     1     8     1    12     9     0     0   -39.0  -82.412   93.143   1515.2    503.3
     1     1     8     1    12     8     0     0   -40.0  -82.377   91.500   1507.6    500.5
     1     1     8     1    12     7     0     0   -41.0  -82.343   90.005   1495.6    498.5
     1     1     8     1    12     6     0     0   -42.0  -82.309   88.652   1480.5    497.8
     1     1     8     1    12     5     0     0   -43.0  -82.275   87.334   1460.8    497.4
     1     1     8     1    12     4     0     0   -44.0  -82.243   85.968   1437.4    496.7
     1     1     8     1    12     3     0     0   -45.0  -82.211   84.566   1410.3    496.6
     1     1     8     1    12     2     0     0   -46.0  -82.180   83.119   1379.4    497.2
     1     1     8     1    12     1     0     0   -47.0  -82.149   81.631   1345.4    498.3
     1     1     8     1    12     0     0     0   -48.0  -82.118   80.131   1309.0    499.4
     1     1     8     1    11    23     0     0   -49.0  -82.086   78.698   1274.4    501.4
     1     1     8     1    11    22     0     0   -50.0  -82.051   77.390   1244.8    503.0
     1     1     8     1    11    21     0     0   -51.0  -82.017   76.194   1220.2    504.8
     1     1     8     1    11    20     0     0   -52.0  -81.986   75.098   1200.1    506.6
     1     1     8     1    11    19     0     0   -53.0  -81.959   74.098   1184.1    507.9
     1     1     8     1    11    18     0     0   -54.0  -81.936   73.186   1172.3    508.9
     1     1     8     1    11    17     0     0   -55.0  -81.908   72.282   1162.1    509.5
     1     1     8     1    11    16     0     0   -56.0  -81.868   71.327   1150.7    511.2
     1     1     8     1    11    15     0     0   -57.0  -81.816   70.333   1138.3    513.1
     1     1     8     1    11    14     0     0   -58.0  -81.752   69.310   1125.7    515.2
     1     1     8     1    11    13     0     0   -59.0  -81.676   68.270   1113.1    517.7
     1     1     8     1    11    12     0     0   -60.0  -81.589   67.222   1101.0    520.4
     1     1     8     1    11    11     0     0   -61.0  -81.501   66.246   1091.7    523.3
     1     1     8     1    11    10     0     0   -62.0  -81.421   65.393   1084.9    525.6
     1     1     8     1    11     9     0     0   -63.0  -81.352   64.643   1081.4    527.5
     1     1     8     1    11     8     0     0   -64.0  -81.291   63.977   1081.0    529.0
     1     1     8     1    11     7     0     0   -65.0  -81.240   63.381   1083.6    530.2
     1     1     8     1    11     6     0     0   -66.0  -81.198   62.848   1089.1    530.9
     1     1     8     1    11     5     0     0   -67.0  -81.155   62.334   1094.7    531.2
     1     1     8     1    11     4     0     0   -68.0  -81.106   61.800   1098.1    531.7
     1     1     8     1    11     3     0     0   -69.0  -81.051   61.251   1099.2    532.5
     1     1     8     1    11     2     0     0   -70.0  -80.989   60.691   1097.8    533.6
     1     1     8     1    11     1     0     0   -71.0  -80.921   60.124   1093.7    534.8
     1     1     8     1    11     0     0     0   -72.0  -80.849   59.553   1086.9    536.4
     1     1     8     1    10    23     0     0   -73.0  -80.778   58.981   1080.7    538.3
     1     1     8     1    10    22     0     0   -74.0  -80.714   58.409   1079.0    539.6
     1     1     8     1    10    21     0     0   -75.0  -80.653   57.836   1081.7    540.3
     1     1     8     1    10    20     0     0   -76.0  -80.596   57.262   1088.8    540.6
     1     1     8     1    10    19     0     0   -77.0  -80.539   56.688   1100.5    540.3
     1     1     8     1    10    18     0     0   -78.0  -80.482   56.117   1116.8    539.8
     1     1     8     1    10    17     0     0   -79.0  -80.420   55.534   1133.9    539.0
     1     1     8     1    10    16     0     0   -80.0  -80.348   54.926   1147.6    538.9
     1     1     8     1    10    15     0     0   -81.0  -80.267   54.297   1157.2    538.7
     1     1     8     1    10    14     0     0   -82.0  -80.177   53.649   1162.8    538.9
     1     1     8     1    10    13     0     0   -83.0  -80.078   52.983   1163.9    539.5
     1     1     8     1    10    12     0     0   -84.0  -79.970   52.298   1160.2    540.6
     1     1     8     1    10    11     0     0   -85.0  -79.859   51.639   1152.6    542.2
     1     1     8     1    10    10     0     0   -86.0  -79.750   51.052   1142.2    543.8
     1     1     8     1    10     9     0     0   -87.0  -79.643   50.536   1128.8    545.6
     1     1     8     1    10     8     0     0   -88.0  -79.541   50.092   1112.5    547.5
     1     1     8     1    10     7     0     0   -89.0  -79.443   49.718   1093.4    549.6
     1     1     8     1    10     6     0     0   -90.0  -79.351   49.410   1072.0    551.8
     1     1     8     1    10     5     0     0   -91.0  -79.262   49.136   1049.5    554.2
     1     1     8     1    10     4     0     0   -92.0  -79.174   48.863   1027.5    556.4
     1     1     8     1    10     3     0     0   -93.0  -79.087   48.593   1006.2    558.6
     1     1     8     1    10     2     0     0   -94.0  -79.000   48.326    985.7    560.7
     1     1     8     1    10     1     0     0   -95.0  -78.911   48.061    966.3    562.7
     1     1     8     1    10     0     0     0   -96.0  -78.821   47.800    947.9    564.6
     1     1     8     1     9    23     0     0   -97.0  -78.736   47.570    930.3    566.5
     1     1     8     1     9    22     0     0   -98.0  -78.663   47.391    912.5    568.5
     1     1     8     1     9    21     0     0   -99.0  -78.603   47.258    894.3    570.5
     1     1     8     1     9    20     0     0  -100.0  -78.554   47.166    875.7    572.5
     1     1     8     1     9    19     0     0  -101.0  -78.518   47.110    856.6    574.4
     1     1     8     1     9    18     0     0  -102.0  -78.494   47.086    836.7    576.4
     1     1     8     1     9    17     0     0  -103.0  -78.480   47.083    818.3    578.1
     1     1     8     1     9    16     0     0  -104.0  -78.474   47.090    804.6    579.0
     1     1     8     1     9    15     0     0  -105.0  -78.475   47.109    795.3    579.5
     1     1     8     1     9    14     0     0  -106.0  -78.485   47.137    790.5    579.5
     1     1     8     1     9    13     0     0  -107.0  -78.502   47.175    790.2    579.1
     1     1     8     1     9    12     0     0  -108.0  -78.528   47.224    794.4    578.3
     1     1     8     1     9    11     0     0  -109.0  -78.561   47.305    800.2    577.3
     1     1     8     1     9    10     0     0  -110.0  -78.603   47.438    805.0    576.5
     1     1     8     1     9     9     0     0  -111.0  -78.653   47.623    808.8    575.8
     1     1     8     1     9     8     0     0  -112.0  -78.712   47.859    811.5    575.2
     1     1     8     1     9     7     0     0  -113.0  -78.779   48.149    813.0    574.7
     1     1     8     1     9     6     0     0  -114.0  -78.856   48.494    813.4    574.3
     1     1     8     1     9     5     0     0  -115.0  -78.944   48.860    817.2    573.8
     1     1     8     1     9     4     0     0  -116.0  -79.045   49.212    828.8    572.1
     1     1     8     1     9     3     0     0  -117.0  -79.160   49.551    848.4    569.6
     1     1     8     1     9     2     0     0  -118.0  -79.286   49.876    875.7    566.2
     1     1     8     1     9     1     0     0  -119.0  -79.423   50.187    910.8    562.1
     1     1     8     1     9     0     0     0  -120.0  -79.568   50.481    953.6    557.3
