    12     1
    CDC1     7     9     1     0     0
    CDC1     7    10     1     0     0
    CDC1     7    11     1     0     0
    CDC1     7    12     1     0     0
    CDC1     8     1     1     0     0
    CDC1     8     2     1     0     0
    CDC1     8     3     1     0     0
    CDC1     8     4     1     0     0
    CDC1     8     5     1     0     0
    CDC1     8     6     1     0     0
    CDC1     8     7     1     0     0
    CDC1     8     8     1     0     0
     1 BACKWARD OMEGA   
     8     7    16     0  -80.930  159.503  1000.0
     1 PRESSURE
     1     1     8     7    16     0     0     0     0.0  -80.930  159.503   1000.0    734.0
     1     1     8     7    15    23     0     0    -1.0  -81.082  158.981   1049.5    722.2
     1     1     8     7    15    22     0     0    -2.0  -81.225  158.484   1093.8    711.8
     1     1     8     7    15    21     0     0    -3.0  -81.359  158.010   1134.1    702.4
     1     1     8     7    15    20     0     0    -4.0  -81.486  157.548   1171.2    693.6
     1     1     8     7    15    19     0     0    -5.0  -81.604  157.088   1205.8    685.8
     1     1     8     7    15    18     0     0    -6.0  -81.715  156.610   1237.4    678.3
     1     1     8     7    15    17     0     0    -7.0  -81.830  156.183   1263.7    671.6
     1     1     8     7    15    16     0     0    -8.0  -81.958  155.908   1281.9    667.3
     1     1     8     7    15    15     0     0    -9.0  -82.101  155.802   1293.0    665.2
     1     1     8     7    15    14     0     0   -10.0  -82.255  155.887   1297.1    665.1
     1     1     8     7    15    13     0     0   -11.0  -82.421  156.190   1294.3    667.3
     1     1     8     7    15    12     0     0   -12.0  -82.599  156.710   1281.9    668.5
     1     1     8     7    15    11     0     0   -13.0  -82.783  157.362   1266.3    667.9
     1     1     8     7    15    10     0     0   -14.0  -82.971  158.086   1253.0    666.8
     1     1     8     7    15     9     0     0   -15.0  -83.163  158.918   1242.7    665.5
     1     1     8     7    15     8     0     0   -16.0  -83.355  159.897   1235.5    664.1
     1     1     8     7    15     7     0     0   -17.0  -83.548  161.057   1232.4    662.9
     1     1     8     7    15     6     0     0   -18.0  -83.740  162.426   1235.1    661.6
     1     1     8     7    15     5     0     0   -19.0  -83.925  163.976   1242.5    659.7
     1     1     8     7    15     4     0     0   -20.0  -84.098  165.654   1253.7    658.3
     1     1     8     7    15     3     0     0   -21.0  -84.258  167.460   1268.0    657.5
     1     1     8     7    15     2     0     0   -22.0  -84.406  169.400   1285.2    657.7
     1     1     8     7    15     1     0     0   -23.0  -84.540  171.477   1303.3    657.9
     1     1     8     7    15     0     0     0   -24.0  -84.661  173.708   1321.7    658.7
     1     1     8     7    14    23     0     0   -25.0  -84.771  176.268   1338.6    661.1
     1     1     8     7    14    22     0     0   -26.0  -84.864  179.310   1351.3    666.6
     1     1     8     7    14    21     0     0   -27.0  -84.934 -177.146   1360.9    675.3
     1     1     8     7    14    20     0     0   -28.0  -84.971 -173.132   1367.7    687.6
     1     1     8     7    14    19     0     0   -29.0  -84.969 -168.771   1372.1    700.9
     1     1     8     7    14    18     0     0   -30.0  -84.907 -164.145   1377.9    713.7
     1     1     8     7    14    17     0     0   -31.0  -84.781 -159.568   1382.1    726.2
     1     1     8     7    14    16     0     0   -32.0  -84.596 -155.338   1381.4    737.4
     1     1     8     7    14    15     0     0   -33.0  -84.349 -151.517   1376.9    747.0
     1     1     8     7    14    14     0     0   -34.0  -84.043 -148.159   1370.6    756.3
     1     1     8     7    14    13     0     0   -35.0  -83.678 -145.301   1365.2    766.3
     1     1     8     7    14    12     0     0   -36.0  -83.256 -142.970   1362.2    776.0
     1     1     8     7    14    11     0     0   -37.0  -82.779 -141.139   1367.8    786.0
     1     1     8     7    14    10     0     0   -38.0  -82.250 -139.760   1377.5    782.6
     1     1     8     7    14     9     0     0   -39.0  -81.678 -138.850   1373.4    763.2
     1     1     8     7    14     8     0     0   -40.0  -81.068 -138.385   1361.0    744.6
     1     1     8     7    14     7     0     0   -41.0  -80.419 -138.344   1340.1    726.9
     1     1     8     7    14     6     0     0   -42.0  -79.741 -138.667   1312.5    714.7
     1     1     8     7    14     5     0     0   -43.0  -79.052 -139.225   1279.6    712.4
     1     1     8     7    14     4     0     0   -44.0  -78.357 -139.927   1238.6    713.4
     1     1     8     7    14     3     0     0   -45.0  -77.659 -140.740   1192.6    716.8
     1     1     8     7    14     2     0     0   -46.0  -76.973 -141.573   1156.2    741.6
     1     1     8     7    14     1     0     0   -47.0  -76.316 -142.414   1126.6    768.9
     1     1     8     7    14     0     0     0   -48.0  -75.694 -143.381   1105.3    792.5
     1     1     8     7    13    23     0     0   -49.0  -75.097 -144.472   1086.4    810.9
     1     1     8     7    13    22     0     0   -50.0  -74.518 -145.623   1062.2    821.2
     1     1     8     7    13    21     0     0   -51.0  -73.962 -146.854   1036.9    827.8
     1     1     8     7    13    20     0     0   -52.0  -73.435 -148.226   1013.5    831.8
     1     1     8     7    13    19     0     0   -53.0  -72.946 -149.789    994.5    833.0
     1     1     8     7    13    18     0     0   -54.0  -72.503 -151.564    982.3    832.3
     1     1     8     7    13    17     0     0   -55.0  -72.107 -153.395    974.8    832.1
     1     1     8     7    13    16     0     0   -56.0  -71.768 -155.153    969.5    832.6
     1     1     8     7    13    15     0     0   -57.0  -71.503 -156.873    964.4    833.8
     1     1     8     7    13    14     0     0   -58.0  -71.324 -158.570    958.2    834.5
     1     1     8     7    13    13     0     0   -59.0  -71.237 -160.239    950.1    834.8
     1     1     8     7    13    12     0     0   -60.0  -71.248 -161.849    939.5    835.7
     1     1     8     7    13    11     0     0   -61.0  -71.335 -163.273    924.7    836.4
     1     1     8     7    13    10     0     0   -62.0  -71.469 -164.424    905.5    837.9
     1     1     8     7    13     9     0     0   -63.0  -71.647 -165.310    880.7    840.0
     1     1     8     7    13     8     0     0   -64.0  -71.863 -165.934    849.5    842.7
     1     1     8     7    13     7     0     0   -65.0  -72.110 -166.296    810.9    846.3
     1     1     8     7    13     6     0     0   -66.0  -72.376 -166.390    763.5    850.9
     1     1     8     7    13     5     0     0   -67.0  -72.638 -166.230    710.6    858.1
     1     1     8     7    13     4     0     0   -68.0  -72.874 -165.837    656.0    865.7
     1     1     8     7    13     3     0     0   -69.0  -73.070 -165.220    602.6    872.8
     1     1     8     7    13     2     0     0   -70.0  -73.220 -164.383    552.2    879.2
     1     1     8     7    13     1     0     0   -71.0  -73.318 -163.327    505.9    885.5
     1     1     8     7    13     0     0     0   -72.0  -73.362 -162.049    464.3    891.1
     1     1     8     7    12    23     0     0   -73.0  -73.344 -160.581    427.8    896.2
     1     1     8     7    12    22     0     0   -74.0  -73.261 -158.973    395.6    900.4
     1     1     8     7    12    21     0     0   -75.0  -73.117 -157.255    366.4    903.8
     1     1     8     7    12    20     0     0   -76.0  -72.924 -155.447    338.8    907.5
     1     1     8     7    12    19     0     0   -77.0  -72.697 -153.556    313.0    912.1
     1     1     8     7    12    18     0     0   -78.0  -72.451 -151.591    290.0    918.9
     1     1     8     7    12    17     0     0   -79.0  -72.201 -149.773    272.0    927.1
     1     1     8     7    12    16     0     0   -80.0  -71.949 -148.288    258.6    934.0
     1     1     8     7    12    15     0     0   -81.0  -71.699 -147.114    248.8    939.2
     1     1     8     7    12    14     0     0   -82.0  -71.452 -146.225    241.8    942.9
     1     1     8     7    12    13     0     0   -83.0  -71.214 -145.600    237.5    945.7
     1     1     8     7    12    12     0     0   -84.0  -70.988 -145.219    236.2    947.5
     1     1     8     7    12    11     0     0   -85.0  -70.775 -145.020    236.7    946.7
     1     1     8     7    12    10     0     0   -86.0  -70.574 -144.943    237.3    945.9
     1     1     8     7    12     9     0     0   -87.0  -70.385 -144.975    238.3    945.2
     1     1     8     7    12     8     0     0   -88.0  -70.212 -145.106    239.7    944.5
     1     1     8     7    12     7     0     0   -89.0  -70.056 -145.330    241.8    943.9
     1     1     8     7    12     6     0     0   -90.0  -69.922 -145.640    245.2    943.5
     1     1     8     7    12     5     0     0   -91.0  -69.799 -146.017    248.8    942.8
     1     1     8     7    12     4     0     0   -92.0  -69.676 -146.439    251.4    942.4
     1     1     8     7    12     3     0     0   -93.0  -69.551 -146.896    252.6    942.2
     1     1     8     7    12     2     0     0   -94.0  -69.422 -147.376    251.9    942.3
     1     1     8     7    12     1     0     0   -95.0  -69.288 -147.871    248.9    942.7
     1     1     8     7    12     0     0     0   -96.0  -69.146 -148.369    243.2    943.2
     1     1     8     7    11    23     0     0   -97.0  -69.008 -148.913    236.9    944.2
     1     1     8     7    11    22     0     0   -98.0  -68.885 -149.548    231.9    944.9
     1     1     8     7    11    21     0     0   -99.0  -68.776 -150.268    227.9    945.7
     1     1     8     7    11    20     0     0  -100.0  -68.677 -151.064    224.8    946.8
     1     1     8     7    11    19     0     0  -101.0  -68.584 -151.919    222.3    948.0
     1     1     8     7    11    18     0     0  -102.0  -68.493 -152.814    219.9    949.3
     1     1     8     7    11    17     0     0  -103.0  -68.403 -153.734    217.6    949.2
     1     1     8     7    11    16     0     0  -104.0  -68.320 -154.676    216.1    949.4
     1     1     8     7    11    15     0     0  -105.0  -68.247 -155.647    215.7    949.6
     1     1     8     7    11    14     0     0  -106.0  -68.186 -156.649    216.6    949.6
     1     1     8     7    11    13     0     0  -107.0  -68.141 -157.687    219.4    949.5
     1     1     8     7    11    12     0     0  -108.0  -68.115 -158.755    224.2    949.1
     1     1     8     7    11    11     0     0  -109.0  -68.100 -159.812    230.1    947.3
     1     1     8     7    11    10     0     0  -110.0  -68.091 -160.823    236.3    945.6
     1     1     8     7    11     9     0     0  -111.0  -68.092 -161.806    243.2    943.8
     1     1     8     7    11     8     0     0  -112.0  -68.108 -162.780    251.4    941.9
     1     1     8     7    11     7     0     0  -113.0  -68.145 -163.761    261.5    940.1
     1     1     8     7    11     6     0     0  -114.0  -68.205 -164.765    274.1    938.4
     1     1     8     7    11     5     0     0  -115.0  -68.277 -165.762    286.1    935.6
     1     1     8     7    11     4     0     0  -116.0  -68.346 -166.714    292.9    933.8
     1     1     8     7    11     3     0     0  -117.0  -68.416 -167.623    294.3    932.7
     1     1     8     7    11     2     0     0  -118.0  -68.489 -168.492    289.9    932.4
     1     1     8     7    11     1     0     0  -119.0  -68.568 -169.324    280.1    932.8
     1     1     8     7    11     0     0     0  -120.0  -68.657 -170.123    265.6    933.7
