    12     1
    CDC1     7     9     1     0     0
    CDC1     7    10     1     0     0
    CDC1     7    11     1     0     0
    CDC1     7    12     1     0     0
    CDC1     8     1     1     0     0
    CDC1     8     2     1     0     0
    CDC1     8     3     1     0     0
    CDC1     8     4     1     0     0
    CDC1     8     5     1     0     0
    CDC1     8     6     1     0     0
    CDC1     8     7     1     0     0
    CDC1     8     8     1     0     0
     1 BACKWARD OMEGA   
     8     2    17     0  -80.930  159.503  1000.0
     1 PRESSURE
     1     1     8     2    17     0     0     0     0.0  -80.930  159.503   1000.0    737.0
     1     1     8     2    16    23     0     0    -1.0  -80.928  159.761   1023.6    737.4
     1     1     8     2    16    22     0     0    -2.0  -80.931  159.971   1048.4    737.1
     1     1     8     2    16    21     0     0    -3.0  -80.939  160.137   1074.0    736.1
     1     1     8     2    16    20     0     0    -4.0  -80.954  160.261   1100.0    734.7
     1     1     8     2    16    19     0     0    -5.0  -80.976  160.352   1126.2    732.8
     1     1     8     2    16    18     0     0    -6.0  -81.004  160.413   1152.3    730.6
     1     1     8     2    16    17     0     0    -7.0  -81.036  160.488   1178.2    728.4
     1     1     8     2    16    16     0     0    -8.0  -81.069  160.614   1205.0    726.7
     1     1     8     2    16    15     0     0    -9.0  -81.105  160.790   1232.8    725.3
     1     1     8     2    16    14     0     0   -10.0  -81.143  161.016   1261.6    724.2
     1     1     8     2    16    13     0     0   -11.0  -81.183  161.290   1291.5    723.3
     1     1     8     2    16    12     0     0   -12.0  -81.227  161.615   1322.4    722.7
     1     1     8     2    16    11     0     0   -13.0  -81.271  161.946   1353.3    722.8
     1     1     8     2    16    10     0     0   -14.0  -81.313  162.237   1380.4    723.0
     1     1     8     2    16     9     0     0   -15.0  -81.355  162.481   1404.6    723.0
     1     1     8     2    16     8     0     0   -16.0  -81.396  162.673   1425.9    722.9
     1     1     8     2    16     7     0     0   -17.0  -81.437  162.809   1444.4    722.5
     1     1     8     2    16     6     0     0   -18.0  -81.476  162.885   1460.1    721.8
     1     1     8     2    16     5     0     0   -19.0  -81.517  162.980   1476.3    720.9
     1     1     8     2    16     4     0     0   -20.0  -81.561  163.178   1495.5    720.3
     1     1     8     2    16     3     0     0   -21.0  -81.610  163.483   1517.8    720.3
     1     1     8     2    16     2     0     0   -22.0  -81.664  163.901   1543.2    720.7
     1     1     8     2    16     1     0     0   -23.0  -81.721  164.438   1571.7    721.8
     1     1     8     2    16     0     0     0   -24.0  -81.783  165.106   1602.9    723.3
     1     1     8     2    15    23     0     0   -25.0  -81.842  165.840   1631.9    725.2
     1     1     8     2    15    22     0     0   -26.0  -81.894  166.568   1653.2    728.3
     1     1     8     2    15    21     0     0   -27.0  -81.939  167.284   1667.5    732.1
     1     1     8     2    15    20     0     0   -28.0  -81.976  167.989   1674.7    736.3
     1     1     8     2    15    19     0     0   -29.0  -82.008  168.688   1675.3    741.1
     1     1     8     2    15    18     0     0   -30.0  -82.034  169.384   1669.6    746.6
     1     1     8     2    15    17     0     0   -31.0  -82.061  170.125   1662.1    752.6
     1     1     8     2    15    16     0     0   -32.0  -82.093  170.958   1658.9    757.2
     1     1     8     2    15    15     0     0   -33.0  -82.131  171.884   1660.0    761.9
     1     1     8     2    15    14     0     0   -34.0  -82.173  172.905   1665.6    766.3
     1     1     8     2    15    13     0     0   -35.0  -82.221  174.022   1675.8    770.1
     1     1     8     2    15    12     0     0   -36.0  -82.275  175.234   1691.3    773.7
     1     1     8     2    15    11     0     0   -37.0  -82.331  176.477   1708.5    776.3
     1     1     8     2    15    10     0     0   -38.0  -82.383  177.684   1725.3    778.9
     1     1     8     2    15     9     0     0   -39.0  -82.431  178.854   1740.3    780.5
     1     1     8     2    15     8     0     0   -40.0  -82.475  179.985   1753.8    782.4
     1     1     8     2    15     7     0     0   -41.0  -82.514 -178.921   1763.9    782.5
     1     1     8     2    15     6     0     0   -42.0  -82.547 -177.868   1770.9    781.9
     1     1     8     2    15     5     0     0   -43.0  -82.572 -176.807   1776.6    782.3
     1     1     8     2    15     4     0     0   -44.0  -82.584 -175.679   1780.6    783.2
     1     1     8     2    15     3     0     0   -45.0  -82.583 -174.485   1783.9    784.5
     1     1     8     2    15     2     0     0   -46.0  -82.568 -173.228   1787.2    786.4
     1     1     8     2    15     1     0     0   -47.0  -82.538 -171.916   1790.5    788.8
     1     1     8     2    15     0     0     0   -48.0  -82.496 -170.561   1793.9    791.3
     1     1     8     2    14    23     0     0   -49.0  -82.446 -169.229   1796.1    791.0
     1     1     8     2    14    22     0     0   -50.0  -82.393 -167.979   1799.9    790.1
     1     1     8     2    14    21     0     0   -51.0  -82.336 -166.814   1804.0    788.9
     1     1     8     2    14    20     0     0   -52.0  -82.274 -165.738   1808.3    787.2
     1     1     8     2    14    19     0     0   -53.0  -82.207 -164.752   1812.8    785.4
     1     1     8     2    14    18     0     0   -54.0  -82.136 -163.853   1817.3    783.8
     1     1     8     2    14    17     0     0   -55.0  -82.066 -163.044   1823.5    782.7
     1     1     8     2    14    16     0     0   -56.0  -82.005 -162.330   1830.5    781.3
     1     1     8     2    14    15     0     0   -57.0  -81.953 -161.713   1839.2    779.4
     1     1     8     2    14    14     0     0   -58.0  -81.911 -161.190   1849.8    777.5
     1     1     8     2    14    13     0     0   -59.0  -81.879 -160.762   1862.4    775.6
     1     1     8     2    14    12     0     0   -60.0  -81.857 -160.425   1876.9    773.7
     1     1     8     2    14    11     0     0   -61.0  -81.840 -160.155   1892.6    771.4
     1     1     8     2    14    10     0     0   -62.0  -81.820 -159.926   1907.2    769.3
     1     1     8     2    14     9     0     0   -63.0  -81.799 -159.736   1921.2    767.3
     1     1     8     2    14     8     0     0   -64.0  -81.777 -159.585   1934.6    765.4
     1     1     8     2    14     7     0     0   -65.0  -81.754 -159.473   1947.7    763.6
     1     1     8     2    14     6     0     0   -66.0  -81.729 -159.403   1960.3    761.8
     1     1     8     2    14     5     0     0   -67.0  -81.702 -159.362   1973.9    760.3
     1     1     8     2    14     4     0     0   -68.0  -81.672 -159.337   1988.1    758.5
     1     1     8     2    14     3     0     0   -69.0  -81.637 -159.327   2003.4    756.6
     1     1     8     2    14     2     0     0   -70.0  -81.599 -159.329   2019.6    754.6
     1     1     8     2    14     1     0     0   -71.0  -81.556 -159.342   2036.7    752.4
     1     1     8     2    14     0     0     0   -72.0  -81.509 -159.364   2054.5    750.1
     1     1     8     2    13    23     0     0   -73.0  -81.462 -159.391   2073.9    747.7
     1     1     8     2    13    22     0     0   -74.0  -81.423 -159.426   2096.6    745.0
     1     1     8     2    13    21     0     0   -75.0  -81.389 -159.477   2122.5    742.0
     1     1     8     2    13    20     0     0   -76.0  -81.362 -159.552   2151.8    738.9
     1     1     8     2    13    19     0     0   -77.0  -81.340 -159.657   2184.6    735.5
     1     1     8     2    13    18     0     0   -78.0  -81.324 -159.801   2220.9    731.9
     1     1     8     2    13    17     0     0   -79.0  -81.309 -159.981   2256.3    727.6
     1     1     8     2    13    16     0     0   -80.0  -81.291 -160.183   2285.9    724.4
     1     1     8     2    13    15     0     0   -81.0  -81.270 -160.401   2309.7    721.7
     1     1     8     2    13    14     0     0   -82.0  -81.246 -160.631   2327.7    719.6
     1     1     8     2    13    13     0     0   -83.0  -81.219 -160.867   2339.9    718.2
     1     1     8     2    13    12     0     0   -84.0  -81.190 -161.106   2346.3    717.2
     1     1     8     2    13    11     0     0   -85.0  -81.161 -161.384   2352.2    717.0
     1     1     8     2    13    10     0     0   -86.0  -81.133 -161.740   2364.3    715.8
     1     1     8     2    13     9     0     0   -87.0  -81.105 -162.181   2381.5    714.1
     1     1     8     2    13     8     0     0   -88.0  -81.076 -162.708   2403.4    712.0
     1     1     8     2    13     7     0     0   -89.0  -81.044 -163.326   2429.2    709.7
     1     1     8     2    13     6     0     0   -90.0  -81.008 -164.037   2458.1    707.1
     1     1     8     2    13     5     0     0   -91.0  -80.965 -164.821   2484.3    704.4
     1     1     8     2    13     4     0     0   -92.0  -80.910 -165.648   2505.3    702.5
     1     1     8     2    13     3     0     0   -93.0  -80.842 -166.507   2520.6    701.2
     1     1     8     2    13     2     0     0   -94.0  -80.761 -167.391   2530.9    700.3
     1     1     8     2    13     1     0     0   -95.0  -80.664 -168.289   2537.2    700.0
     1     1     8     2    13     0     0     0   -96.0  -80.551 -169.192   2539.8    700.2
     1     1     8     2    12    23     0     0   -97.0  -80.427 -170.105   2538.7    701.0
     1     1     8     2    12    22     0     0   -98.0  -80.297 -171.036   2531.4    702.7
     1     1     8     2    12    21     0     0   -99.0  -80.160 -171.981   2517.1    705.2
     1     1     8     2    12    20     0     0  -100.0  -80.016 -172.932   2494.6    708.9
     1     1     8     2    12    19     0     0  -101.0  -79.865 -173.867   2462.9    712.7
     1     1     8     2    12    18     0     0  -102.0  -79.708 -174.776   2422.7    716.9
     1     1     8     2    12    17     0     0  -103.0  -79.547 -175.661   2382.4    721.9
     1     1     8     2    12    16     0     0  -104.0  -79.382 -176.529   2351.0    725.3
     1     1     8     2    12    15     0     0  -105.0  -79.213 -177.385   2328.6    727.8
     1     1     8     2    12    14     0     0  -106.0  -79.036 -178.231   2316.0    729.3
     1     1     8     2    12    13     0     0  -107.0  -78.853 -179.069   2313.7    729.9
     1     1     8     2    12    12     0     0  -108.0  -78.660 -179.900   2321.8    729.6
     1     1     8     2    12    11     0     0  -109.0  -78.472  179.231   2334.3    728.5
     1     1     8     2    12    10     0     0  -110.0  -78.301  178.279   2344.0    728.8
     1     1     8     2    12     9     0     0  -111.0  -78.146  177.235   2351.2    729.6
     1     1     8     2    12     8     0     0  -112.0  -78.003  176.089   2355.4    729.9
     1     1     8     2    12     7     0     0  -113.0  -77.869  174.831   2358.0    730.7
     1     1     8     2    12     6     0     0  -114.0  -77.742  173.446   2356.6    729.6
     1     1     8     2    12     5     0     0  -115.0  -77.613  172.017   2356.6    727.2
     1     1     8     2    12     4     0     0  -116.0  -77.476  170.619   2357.4    721.0
     1     1     8     2    12     3     0     0  -117.0  -77.334  169.239   2361.3    710.9
     1     1     8     2    12     2     0     0  -118.0  -77.193  167.863   2369.9    697.7
     1     1     8     2    12     1     0     0  -119.0  -77.058  166.459   2383.1    680.5
     1     1     8     2    12     0     0     0  -120.0  -76.934  164.992   2404.7    660.3
