    12     1
    CDC1     7     9     1     0     0
    CDC1     7    10     1     0     0
    CDC1     7    11     1     0     0
    CDC1     7    12     1     0     0
    CDC1     8     1     1     0     0
    CDC1     8     2     1     0     0
    CDC1     8     3     1     0     0
    CDC1     8     4     1     0     0
    CDC1     8     5     1     0     0
    CDC1     8     6     1     0     0
    CDC1     8     7     1     0     0
    CDC1     8     8     1     0     0
     1 BACKWARD OMEGA   
     8     2    18     0  -80.930  159.503  1000.0
     1 PRESSURE
     1     1     8     2    18     0     0     0     0.0  -80.930  159.503   1000.0    742.6
     1     1     8     2    17    23     0     0    -1.0  -80.838  159.850   1012.2    745.4
     1     1     8     2    17    22     0     0    -2.0  -80.743  160.097   1029.8    746.3
     1     1     8     2    17    21     0     0    -3.0  -80.647  160.237   1052.9    745.6
     1     1     8     2    17    20     0     0    -4.0  -80.548  160.273   1081.4    743.2
     1     1     8     2    17    19     0     0    -5.0  -80.447  160.208   1115.1    739.2
     1     1     8     2    17    18     0     0    -6.0  -80.343  160.047   1153.6    733.7
     1     1     8     2    17    17     0     0    -7.0  -80.245  159.866   1194.2    728.0
     1     1     8     2    17    16     0     0    -8.0  -80.162  159.746   1234.3    723.3
     1     1     8     2    17    15     0     0    -9.0  -80.092  159.688   1274.0    719.0
     1     1     8     2    17    14     0     0   -10.0  -80.035  159.694   1313.6    715.2
     1     1     8     2    17    13     0     0   -11.0  -79.992  159.763   1353.0    712.0
     1     1     8     2    17    12     0     0   -12.0  -79.962  159.899   1391.7    709.3
     1     1     8     2    17    11     0     0   -13.0  -79.934  160.037   1429.5    707.0
     1     1     8     2    17    10     0     0   -14.0  -79.898  160.105   1464.2    704.3
     1     1     8     2    17     9     0     0   -15.0  -79.856  160.102   1496.3    701.0
     1     1     8     2    17     8     0     0   -16.0  -79.808  160.028   1526.3    697.1
     1     1     8     2    17     7     0     0   -17.0  -79.755  159.883   1554.5    692.5
     1     1     8     2    17     6     0     0   -18.0  -79.696  159.665   1581.7    687.1
     1     1     8     2    17     5     0     0   -19.0  -79.635  159.431   1607.2    681.1
     1     1     8     2    17     4     0     0   -20.0  -79.577  159.237   1631.9    675.6
     1     1     8     2    17     3     0     0   -21.0  -79.521  159.080   1654.7    670.7
     1     1     8     2    17     2     0     0   -22.0  -79.466  158.957   1675.5    666.4
     1     1     8     2    17     1     0     0   -23.0  -79.414  158.866   1694.0    662.6
     1     1     8     2    17     0     0     0   -24.0  -79.365  158.808   1709.9    659.5
     1     1     8     2    16    23     0     0   -25.0  -79.319  158.754   1725.1    657.3
     1     1     8     2    16    22     0     0   -26.0  -79.278  158.678   1741.3    654.6
     1     1     8     2    16    21     0     0   -27.0  -79.244  158.581   1758.6    651.6
     1     1     8     2    16    20     0     0   -28.0  -79.216  158.462   1777.1    648.2
     1     1     8     2    16    19     0     0   -29.0  -79.193  158.321   1796.8    644.6
     1     1     8     2    16    18     0     0   -30.0  -79.176  158.159   1817.8    640.6
     1     1     8     2    16    17     0     0   -31.0  -79.162  157.965   1839.4    636.1
     1     1     8     2    16    16     0     0   -32.0  -79.149  157.725   1860.2    631.3
     1     1     8     2    16    15     0     0   -33.0  -79.138  157.439   1880.5    626.0
     1     1     8     2    16    14     0     0   -34.0  -79.129  157.105   1900.5    620.6
     1     1     8     2    16    13     0     0   -35.0  -79.123  156.724   1920.3    614.9
     1     1     8     2    16    12     0     0   -36.0  -79.119  156.294   1939.8    608.7
     1     1     8     2    16    11     0     0   -37.0  -79.117  155.847   1961.6    603.0
     1     1     8     2    16    10     0     0   -38.0  -79.114  155.409   1983.6    597.2
     1     1     8     2    16     9     0     0   -39.0  -79.108  154.981   2007.2    591.4
     1     1     8     2    16     8     0     0   -40.0  -79.099  154.559   2033.2    586.2
     1     1     8     2    16     7     0     0   -41.0  -79.088  154.137   2060.9    580.7
     1     1     8     2    16     6     0     0   -42.0  -79.074  153.709   2090.4    574.8
     1     1     8     2    16     5     0     0   -43.0  -79.061  153.264   2122.0    568.1
     1     1     8     2    16     4     0     0   -44.0  -79.053  152.798   2154.2    561.3
     1     1     8     2    16     3     0     0   -45.0  -79.051  152.312   2187.6    554.9
     1     1     8     2    16     2     0     0   -46.0  -79.053  151.811   2222.5    549.0
     1     1     8     2    16     1     0     0   -47.0  -79.059  151.296   2257.9    543.2
     1     1     8     2    16     0     0     0   -48.0  -79.069  150.767   2293.7    537.3
     1     1     8     2    15    23     0     0   -49.0  -79.078  150.244   2326.0    531.6
     1     1     8     2    15    22     0     0   -50.0  -79.085  149.751   2354.1    527.0
     1     1     8     2    15    21     0     0   -51.0  -79.089  149.291   2376.7    523.5
     1     1     8     2    15    20     0     0   -52.0  -79.091  148.865   2393.2    520.5
     1     1     8     2    15    19     0     0   -53.0  -79.089  148.477   2403.6    518.2
     1     1     8     2    15    18     0     0   -54.0  -79.085  148.129   2407.8    516.6
     1     1     8     2    15    17     0     0   -55.0  -79.077  147.820   2408.0    515.1
     1     1     8     2    15    16     0     0   -56.0  -79.064  147.547   2406.9    513.7
     1     1     8     2    15    15     0     0   -57.0  -79.046  147.308   2404.8    512.8
     1     1     8     2    15    14     0     0   -58.0  -79.024  147.105   2401.6    512.0
     1     1     8     2    15    13     0     0   -59.0  -78.998  146.936   2397.0    511.4
     1     1     8     2    15    12     0     0   -60.0  -78.968  146.801   2391.1    510.9
     1     1     8     2    15    11     0     0   -61.0  -78.935  146.698   2385.0    510.8
     1     1     8     2    15    10     0     0   -62.0  -78.901  146.627   2380.6    510.6
     1     1     8     2    15     9     0     0   -63.0  -78.866  146.591   2377.7    510.4
     1     1     8     2    15     8     0     0   -64.0  -78.830  146.592   2376.1    510.1
     1     1     8     2    15     7     0     0   -65.0  -78.791  146.632   2375.9    509.9
     1     1     8     2    15     6     0     0   -66.0  -78.751  146.714   2376.9    509.6
     1     1     8     2    15     5     0     0   -67.0  -78.711  146.794   2376.1    508.9
     1     1     8     2    15     4     0     0   -68.0  -78.673  146.823   2369.5    508.8
     1     1     8     2    15     3     0     0   -69.0  -78.637  146.803   2357.4    509.0
     1     1     8     2    15     2     0     0   -70.0  -78.605  146.735   2339.7    509.5
     1     1     8     2    15     1     0     0   -71.0  -78.575  146.618   2316.5    510.3
     1     1     8     2    15     0     0     0   -72.0  -78.548  146.454   2287.6    511.5
     1     1     8     2    14    23     0     0   -73.0  -78.528  146.239   2256.5    513.4
     1     1     8     2    14    22     0     0   -74.0  -78.515  145.968   2227.6    514.8
     1     1     8     2    14    21     0     0   -75.0  -78.510  145.639   2200.8    515.9
     1     1     8     2    14    20     0     0   -76.0  -78.512  145.248   2176.3    516.8
     1     1     8     2    14    19     0     0   -77.0  -78.521  144.793   2154.4    517.5
     1     1     8     2    14    18     0     0   -78.0  -78.534  144.271   2135.3    518.3
     1     1     8     2    14    17     0     0   -79.0  -78.549  143.695   2117.5    518.9
     1     1     8     2    14    16     0     0   -80.0  -78.563  143.079   2099.6    519.4
     1     1     8     2    14    15     0     0   -81.0  -78.574  142.425   2082.1    519.8
     1     1     8     2    14    14     0     0   -82.0  -78.584  141.734   2065.9    520.5
     1     1     8     2    14    13     0     0   -83.0  -78.592  141.005   2050.6    521.1
     1     1     8     2    14    12     0     0   -84.0  -78.598  140.240   2036.2    521.5
     1     1     8     2    14    11     0     0   -85.0  -78.604  139.455   2024.7    521.4
     1     1     8     2    14    10     0     0   -86.0  -78.613  138.667   2020.2    520.5
     1     1     8     2    14     9     0     0   -87.0  -78.627  137.881   2021.5    519.3
     1     1     8     2    14     8     0     0   -88.0  -78.644  137.101   2028.3    517.5
     1     1     8     2    14     7     0     0   -89.0  -78.665  136.334   2040.4    515.5
     1     1     8     2    14     6     0     0   -90.0  -78.690  135.582   2056.9    513.2
     1     1     8     2    14     5     0     0   -91.0  -78.720  134.842   2071.1    510.4
     1     1     8     2    14     4     0     0   -92.0  -78.756  134.110   2082.0    508.0
     1     1     8     2    14     3     0     0   -93.0  -78.800  133.390   2087.9    506.1
     1     1     8     2    14     2     0     0   -94.0  -78.853  132.681   2088.0    504.8
     1     1     8     2    14     1     0     0   -95.0  -78.914  131.984   2081.7    504.0
     1     1     8     2    14     0     0     0   -96.0  -78.984  131.298   2069.2    503.6
     1     1     8     2    13    23     0     0   -97.0  -79.053  130.637   2055.2    503.7
     1     1     8     2    13    22     0     0   -98.0  -79.113  130.019   2044.0    503.3
     1     1     8     2    13    21     0     0   -99.0  -79.163  129.449   2035.6    502.8
     1     1     8     2    13    20     0     0  -100.0  -79.205  128.929   2030.5    502.1
     1     1     8     2    13    19     0     0  -101.0  -79.238  128.461   2028.9    501.0
     1     1     8     2    13    18     0     0  -102.0  -79.265  128.043   2031.3    499.7
     1     1     8     2    13    17     0     0  -103.0  -79.294  127.667   2035.4    498.4
     1     1     8     2    13    16     0     0  -104.0  -79.337  127.333   2038.3    497.5
     1     1     8     2    13    15     0     0  -105.0  -79.393  127.044   2040.2    497.0
     1     1     8     2    13    14     0     0  -106.0  -79.462  126.807   2041.3    496.7
     1     1     8     2    13    13     0     0  -107.0  -79.544  126.626   2041.7    496.6
     1     1     8     2    13    12     0     0  -108.0  -79.640  126.506   2041.5    496.7
     1     1     8     2    13    11     0     0  -109.0  -79.741  126.438   2040.6    496.8
     1     1     8     2    13    10     0     0  -110.0  -79.843  126.407   2038.6    497.0
     1     1     8     2    13     9     0     0  -111.0  -79.946  126.413   2035.5    497.3
     1     1     8     2    13     8     0     0  -112.0  -80.047  126.455   2030.6    497.7
     1     1     8     2    13     7     0     0  -113.0  -80.147  126.538   2023.6    498.2
     1     1     8     2    13     6     0     0  -114.0  -80.245  126.662   2014.6    498.9
     1     1     8     2    13     5     0     0  -115.0  -80.343  126.804   2006.3    499.9
     1     1     8     2    13     4     0     0  -116.0  -80.444  126.946   1999.4    500.6
     1     1     8     2    13     3     0     0  -117.0  -80.548  127.097   1995.0    501.1
     1     1     8     2    13     2     0     0  -118.0  -80.655  127.264   1993.2    501.4
     1     1     8     2    13     1     0     0  -119.0  -80.766  127.456   1994.4    501.4
     1     1     8     2    13     0     0     0  -120.0  -80.880  127.682   1998.6    501.2
