    12     1
    CDC1     7     9     1     0     0
    CDC1     7    10     1     0     0
    CDC1     7    11     1     0     0
    CDC1     7    12     1     0     0
    CDC1     8     1     1     0     0
    CDC1     8     2     1     0     0
    CDC1     8     3     1     0     0
    CDC1     8     4     1     0     0
    CDC1     8     5     1     0     0
    CDC1     8     6     1     0     0
    CDC1     8     7     1     0     0
    CDC1     8     8     1     0     0
     1 BACKWARD OMEGA   
     8     8    30     0  -80.930  159.503  1000.0
     1 PRESSURE
     1     1     8     8    30     0     0     0     0.0  -80.930  159.503   1000.0    715.2
     1     1     8     8    29    23     0     0    -1.0  -81.108  159.328   1039.8    708.3
     1     1     8     8    29    22     0     0    -2.0  -81.269  159.183   1084.4    701.1
     1     1     8     8    29    21     0     0    -3.0  -81.408  159.037   1132.9    693.9
     1     1     8     8    29    20     0     0    -4.0  -81.524  158.865   1185.0    686.4
     1     1     8     8    29    19     0     0    -5.0  -81.616  158.638   1240.4    678.4
     1     1     8     8    29    18     0     0    -6.0  -81.680  158.323   1298.2    669.2
     1     1     8     8    29    17     0     0    -7.0  -81.720  157.962   1350.3    659.8
     1     1     8     8    29    16     0     0    -8.0  -81.741  157.624   1388.8    653.0
     1     1     8     8    29    15     0     0    -9.0  -81.749  157.298   1413.7    647.9
     1     1     8     8    29    14     0     0   -10.0  -81.747  156.976   1425.1    644.5
     1     1     8     8    29    13     0     0   -11.0  -81.739  156.654   1423.1    642.4
     1     1     8     8    29    12     0     0   -12.0  -81.725  156.330   1408.2    641.6
     1     1     8     8    29    11     0     0   -13.0  -81.712  155.939   1390.5    641.4
     1     1     8     8    29    10     0     0   -14.0  -81.702  155.400   1378.9    638.3
     1     1     8     8    29     9     0     0   -15.0  -81.694  154.693   1373.2    633.4
     1     1     8     8    29     8     0     0   -16.0  -81.690  153.794   1373.4    626.9
     1     1     8     8    29     7     0     0   -17.0  -81.691  152.673   1378.9    618.3
     1     1     8     8    29     6     0     0   -18.0  -81.701  151.295   1390.1    608.8
     1     1     8     8    29     5     0     0   -19.0  -81.715  149.653   1400.9    597.7
     1     1     8     8    29     4     0     0   -20.0  -81.730  147.750   1407.0    587.8
     1     1     8     8    29     3     0     0   -21.0  -81.744  145.569   1409.6    578.6
     1     1     8     8    29     2     0     0   -22.0  -81.757  143.124   1410.2    570.3
     1     1     8     8    29     1     0     0   -23.0  -81.766  140.428   1409.4    562.1
     1     1     8     8    29     0     0     0   -24.0  -81.769  137.488   1407.7    553.5
     1     1     8     8    28    23     0     0   -25.0  -81.765  134.332   1410.3    546.0
     1     1     8     8    28    22     0     0   -26.0  -81.756  130.982   1419.4    538.5
     1     1     8     8    28    21     0     0   -27.0  -81.730  127.451   1434.3    530.2
     1     1     8     8    28    20     0     0   -28.0  -81.682  123.752   1454.1    521.9
     1     1     8     8    28    19     0     0   -29.0  -81.604  119.890   1476.4    513.3
     1     1     8     8    28    18     0     0   -30.0  -81.491  115.870   1499.2    504.5
     1     1     8     8    28    17     0     0   -31.0  -81.347  111.806   1523.4    496.4
     1     1     8     8    28    16     0     0   -32.0  -81.181  107.862   1548.6    488.0
     1     1     8     8    28    15     0     0   -33.0  -80.997  104.118   1573.7    479.9
     1     1     8     8    28    14     0     0   -34.0  -80.791  100.592   1596.8    471.9
     1     1     8     8    28    13     0     0   -35.0  -80.558   97.311   1616.7    464.4
     1     1     8     8    28    12     0     0   -36.0  -80.292   94.288   1630.5    456.9
     1     1     8     8    28    11     0     0   -37.0  -79.988   91.482   1637.2    451.1
     1     1     8     8    28    10     0     0   -38.0  -79.644   88.936   1634.3    450.1
     1     1     8     8    28     9     0     0   -39.0  -79.257   86.716   1619.9    452.1
     1     1     8     8    28     8     0     0   -40.0  -78.827   84.782   1595.4    457.0
     1     1     8     8    28     7     0     0   -41.0  -78.354   83.112   1561.2    464.2
     1     1     8     8    28     6     0     0   -42.0  -77.836   81.687   1519.9    474.0
     1     1     8     8    28     5     0     0   -43.0  -77.288   80.511   1473.8    485.3
     1     1     8     8    28     4     0     0   -44.0  -76.746   79.604   1425.4    496.2
     1     1     8     8    28     3     0     0   -45.0  -76.221   78.956   1375.1    507.9
     1     1     8     8    28     2     0     0   -46.0  -75.710   78.542   1322.0    519.7
     1     1     8     8    28     1     0     0   -47.0  -75.207   78.341   1264.8    531.3
     1     1     8     8    28     0     0     0   -48.0  -74.710   78.292   1205.4    543.4
     1     1     8     8    27    23     0     0   -49.0  -74.228   78.288   1146.8    555.7
     1     1     8     8    27    22     0     0   -50.0  -73.766   78.271   1091.9    567.3
     1     1     8     8    27    21     0     0   -51.0  -73.326   78.237   1041.3    578.8
     1     1     8     8    27    20     0     0   -52.0  -72.906   78.182    996.2    590.2
     1     1     8     8    27    19     0     0   -53.0  -72.505   78.102    957.9    601.5
     1     1     8     8    27    18     0     0   -54.0  -72.131   78.014    933.3    621.3
     1     1     8     8    27    17     0     0   -55.0  -71.792   77.955    915.7    637.9
     1     1     8     8    27    16     0     0   -56.0  -71.487   77.943    899.4    652.6
     1     1     8     8    27    15     0     0   -57.0  -71.213   77.973    883.3    665.1
     1     1     8     8    27    14     0     0   -58.0  -70.968   78.036    866.3    675.9
     1     1     8     8    27    13     0     0   -59.0  -70.751   78.129    847.5    684.7
     1     1     8     8    27    12     0     0   -60.0  -70.558   78.244    826.1    692.2
     1     1     8     8    27    11     0     0   -61.0  -70.393   78.370    809.7    698.3
     1     1     8     8    27    10     0     0   -62.0  -70.256   78.487    806.4    701.3
     1     1     8     8    27     9     0     0   -63.0  -70.145   78.584    815.9    702.3
     1     1     8     8    27     8     0     0   -64.0  -70.057   78.652    838.1    701.7
     1     1     8     8    27     7     0     0   -65.0  -69.989   78.684    873.0    700.0
     1     1     8     8    27     6     0     0   -66.0  -69.941   78.672    920.0    697.3
     1     1     8     8    27     5     0     0   -67.0  -69.916   78.616    975.2    693.5
     1     1     8     8    27     4     0     0   -68.0  -69.916   78.522   1037.5    688.7
     1     1     8     8    27     3     0     0   -69.0  -69.939   78.389   1106.6    682.9
     1     1     8     8    27     2     0     0   -70.0  -69.984   78.215   1183.1    676.4
     1     1     8     8    27     1     0     0   -71.0  -70.049   77.995   1266.4    669.5
     1     1     8     8    27     0     0     0   -72.0  -70.134   77.730   1352.7    662.2
     1     1     8     8    26    23     0     0   -73.0  -70.217   77.431   1434.2    656.6
     1     1     8     8    26    22     0     0   -74.0  -70.280   77.116   1504.1    653.9
     1     1     8     8    26    21     0     0   -75.0  -70.325   76.793   1564.5    653.0
     1     1     8     8    26    20     0     0   -76.0  -70.354   76.471   1616.6    653.3
     1     1     8     8    26    19     0     0   -77.0  -70.367   76.157   1661.0    654.7
     1     1     8     8    26    18     0     0   -78.0  -70.366   75.859   1698.7    656.9
     1     1     8     8    26    17     0     0   -79.0  -70.351   75.585   1730.8    659.9
     1     1     8     8    26    16     0     0   -80.0  -70.321   75.347   1756.0    663.5
     1     1     8     8    26    15     0     0   -81.0  -70.278   75.155   1775.0    667.5
     1     1     8     8    26    14     0     0   -82.0  -70.220   75.019   1787.6    671.8
     1     1     8     8    26    13     0     0   -83.0  -70.147   74.944   1793.9    675.8
     1     1     8     8    26    12     0     0   -84.0  -70.059   74.938   1794.4    680.1
     1     1     8     8    26    11     0     0   -85.0  -69.956   74.974   1792.8    684.0
     1     1     8     8    26    10     0     0   -86.0  -69.840   75.016   1793.0    687.1
     1     1     8     8    26     9     0     0   -87.0  -69.713   75.061   1794.9    690.2
     1     1     8     8    26     8     0     0   -88.0  -69.576   75.109   1798.9    693.4
     1     1     8     8    26     7     0     0   -89.0  -69.431   75.163   1804.9    696.7
     1     1     8     8    26     6     0     0   -90.0  -69.279   75.226   1812.7    700.0
     1     1     8     8    26     5     0     0   -91.0  -69.126   75.358   1821.0    702.3
     1     1     8     8    26     4     0     0   -92.0  -68.971   75.618   1829.3    703.2
     1     1     8     8    26     3     0     0   -93.0  -68.816   76.010   1837.3    702.8
     1     1     8     8    26     2     0     0   -94.0  -68.660   76.543   1845.5    701.3
     1     1     8     8    26     1     0     0   -95.0  -68.505   77.235   1854.1    698.9
     1     1     8     8    26     0     0     0   -96.0  -68.354   78.106   1862.9    694.4
     1     1     8     8    25    23     0     0   -97.0  -68.215   79.105   1866.2    688.1
     1     1     8     8    25    22     0     0   -98.0  -68.085   80.181   1856.9    683.5
     1     1     8     8    25    21     0     0   -99.0  -67.967   81.330   1836.4    680.1
     1     1     8     8    25    20     0     0  -100.0  -67.857   82.542   1805.3    676.9
     1     1     8     8    25    19     0     0  -101.0  -67.753   83.807   1767.0    676.1
     1     1     8     8    25    18     0     0  -102.0  -67.651   85.112   1723.0    675.9
     1     1     8     8    25    17     0     0  -103.0  -67.550   86.448   1684.7    678.6
     1     1     8     8    25    16     0     0  -104.0  -67.454   87.777   1659.0    677.9
     1     1     8     8    25    15     0     0  -105.0  -67.364   89.051   1647.9    676.4
     1     1     8     8    25    14     0     0  -106.0  -67.285   90.239   1651.7    674.5
     1     1     8     8    25    13     0     0  -107.0  -67.218   91.326   1670.5    672.1
     1     1     8     8    25    12     0     0  -108.0  -67.167   92.300   1703.5    668.2
     1     1     8     8    25    11     0     0  -109.0  -67.138   93.090   1750.8    663.3
     1     1     8     8    25    10     0     0  -110.0  -67.133   93.641   1808.2    657.1
     1     1     8     8    25     9     0     0  -111.0  -67.144   93.964   1873.2    650.2
     1     1     8     8    25     8     0     0  -112.0  -67.166   94.073   1943.4    643.0
     1     1     8     8    25     7     0     0  -113.0  -67.191   93.985   2016.5    636.2
     1     1     8     8    25     6     0     0  -114.0  -67.212   93.715   2090.5    630.1
     1     1     8     8    25     5     0     0  -115.0  -67.236   93.319   2160.2    623.6
     1     1     8     8    25     4     0     0  -116.0  -67.277   92.836   2224.2    617.6
     1     1     8     8    25     3     0     0  -117.0  -67.332   92.263   2281.6    612.1
     1     1     8     8    25     2     0     0  -118.0  -67.393   91.600   2331.3    607.7
     1     1     8     8    25     1     0     0  -119.0  -67.454   90.845   2372.2    604.8
     1     1     8     8    25     0     0     0  -120.0  -67.508   89.996   2403.7    603.5
