     2     1
    CDC1     8     8     1     0     0
    CDC1     8     9     1     0     0
     1 BACKWARD OMEGA   
     8     9     3     0  -80.930  159.503  1000.0
     1 PRESSURE
     1     1     8     9     3     0     0     0     0.0  -80.930  159.503   1000.0    730.6
     1     1     8     9     2    23     0     0    -1.0  -81.056  158.764   1066.4    715.0
     1     1     8     9     2    22     0     0    -2.0  -81.174  157.928   1135.2    698.6
     1     1     8     9     2    21     0     0    -3.0  -81.280  156.996   1209.7    682.2
     1     1     8     9     2    20     0     0    -4.0  -81.374  155.911   1290.4    664.4
     1     1     8     9     2    19     0     0    -5.0  -81.457  154.596   1374.6    645.1
     1     1     8     9     2    18     0     0    -6.0  -81.531  153.020   1460.2    625.1
     1     1     8     9     2    17     0     0    -7.0  -81.598  151.228   1546.1    606.6
     1     1     8     9     2    16     0     0    -8.0  -81.663  149.292   1634.0    588.8
     1     1     8     9     2    15     0     0    -9.0  -81.734  147.231   1726.9    571.4
     1     1     8     9     2    14     0     0   -10.0  -81.814  145.068   1825.6    555.5
     1     1     8     9     2    13     0     0   -11.0  -81.898  142.824   1930.7    539.7
     1     1     8     9     2    12     0     0   -12.0  -81.986  140.521   2043.7    525.6
     1     1     8     9     2    11     0     0   -13.0  -82.068  138.147   2154.8    510.6
     1     1     8     9     2    10     0     0   -14.0  -82.134  135.695   2258.6    497.1
     1     1     8     9     2     9     0     0   -15.0  -82.187  133.203   2355.9    484.3
     1     1     8     9     2     8     0     0   -16.0  -82.228  130.685   2446.9    472.9
     1     1     8     9     2     7     0     0   -17.0  -82.261  128.152   2531.3    461.9
     1     1     8     9     2     6     0     0   -18.0  -82.293  125.620   2611.7    452.3
     1     1     8     9     2     5     0     0   -19.0  -82.323  123.217   2682.1    444.2
     1     1     8     9     2     4     0     0   -20.0  -82.354  121.085   2739.6    437.1
     1     1     8     9     2     3     0     0   -21.0  -82.389  119.233   2784.9    431.7
     1     1     8     9     2     2     0     0   -22.0  -82.433  117.666   2818.5    427.8
     1     1     8     9     2     1     0     0   -23.0  -82.489  116.392   2841.6    424.9
     1     1     8     9     2     0     0     0   -24.0  -82.556  115.420   2855.1    423.1
     1     1     8     9     1    23     0     0   -25.0  -82.629  114.672   2863.1    422.1
     1     1     8     9     1    22     0     0   -26.0  -82.705  114.046   2868.7    421.2
     1     1     8     9     1    21     0     0   -27.0  -82.784  113.527   2872.3    420.5
     1     1     8     9     1    20     0     0   -28.0  -82.862  113.098   2874.0    420.1
     1     1     8     9     1    19     0     0   -29.0  -82.938  112.743   2874.1    419.9
     1     1     8     9     1    18     0     0   -30.0  -83.011  112.450   2872.8    419.8
     1     1     8     9     1    17     0     0   -31.0  -83.082  112.256   2869.6    420.0
     1     1     8     9     1    16     0     0   -32.0  -83.151  112.198   2866.0    420.5
     1     1     8     9     1    15     0     0   -33.0  -83.216  112.266   2862.0    421.1
     1     1     8     9     1    14     0     0   -34.0  -83.277  112.449   2858.0    421.8
     1     1     8     9     1    13     0     0   -35.0  -83.333  112.737   2854.3    422.5
     1     1     8     9     1    12     0     0   -36.0  -83.382  113.123   2850.9    423.3
     1     1     8     9     1    11     0     0   -37.0  -83.424  113.601   2846.7    423.8
     1     1     8     9     1    10     0     0   -38.0  -83.455  114.163   2841.0    424.5
     1     1     8     9     1     9     0     0   -39.0  -83.476  114.790   2833.7    425.2
     1     1     8     9     1     8     0     0   -40.0  -83.485  115.465   2825.3    426.0
     1     1     8     9     1     7     0     0   -41.0  -83.482  116.170   2816.0    426.9
     1     1     8     9     1     6     0     0   -42.0  -83.465  116.894   2806.0    427.8
     1     1     8     9     1     5     0     0   -43.0  -83.437  117.695   2797.8    428.8
     1     1     8     9     1     4     0     0   -44.0  -83.403  118.626   2788.5    429.7
     1     1     8     9     1     3     0     0   -45.0  -83.361  119.670   2780.6    430.6
     1     1     8     9     1     2     0     0   -46.0  -83.312  120.805   2774.6    431.7
     1     1     8     9     1     1     0     0   -47.0  -83.257  122.013   2771.1    432.6
     1     1     8     9     1     0     0     0   -48.0  -83.196  123.272   2771.2    433.6
     1     1     8     8    31    23     0     0   -49.0  -83.131  124.553   2771.1    434.5
     1     1     8     8    31    22     0     0   -50.0  -83.062  125.850   2765.3    436.1
     1     1     8     8    31    21     0     0   -51.0  -82.986  127.178   2753.8    438.3
     1     1     8     8    31    20     0     0   -52.0  -82.906  128.550   2735.0    441.3
     1     1     8     8    31    19     0     0   -53.0  -82.821  129.975   2708.6    445.2
     1     1     8     8    31    18     0     0   -54.0  -82.732  131.457   2673.6    449.9
     1     1     8     8    31    17     0     0   -55.0  -82.654  132.953   2632.2    455.8
     1     1     8     8    31    16     0     0   -56.0  -82.603  134.460   2586.5    462.5
     1     1     8     8    31    15     0     0   -57.0  -82.581  136.025   2533.3    469.4
     1     1     8     8    31    14     0     0   -58.0  -82.589  137.699   2472.3    476.7
     1     1     8     8    31    13     0     0   -59.0  -82.625  139.554   2406.2    485.8
     1     1     8     8    31    12     0     0   -60.0  -82.689  141.661   2330.0    495.3
     1     1     8     8    31    11     0     0   -61.0  -82.770  144.019   2251.8    506.2
     1     1     8     8    31    10     0     0   -62.0  -82.855  146.610   2176.4    518.3
     1     1     8     8    31     9     0     0   -63.0  -82.938  149.414   2106.2    532.0
     1     1     8     8    31     8     0     0   -64.0  -83.011  152.424   2040.4    548.5
     1     1     8     8    31     7     0     0   -65.0  -83.073  155.596   1980.0    567.3
     1     1     8     8    31     6     0     0   -66.0  -83.125  158.858   1927.1    587.4
     1     1     8     8    31     5     0     0   -67.0  -83.173  162.163   1882.7    609.4
     1     1     8     8    31     4     0     0   -68.0  -83.220  165.520   1847.4    631.4
     1     1     8     8    31     3     0     0   -69.0  -83.264  168.975   1817.3    652.0
     1     1     8     8    31     2     0     0   -70.0  -83.295  172.528   1791.7    671.7
     1     1     8     8    31     1     0     0   -71.0  -83.313  176.088   1768.6    688.5
     1     1     8     8    31     0     0     0   -72.0  -83.321  179.569   1749.0    702.5
     1     1     8     8    30    23     0     0   -73.0  -83.320 -177.128   1729.2    712.7
     1     1     8     8    30    22     0     0   -74.0  -83.307 -174.077   1709.2    722.2
     1     1     8     8    30    21     0     0   -75.0  -83.288 -171.245   1687.8    729.3
     1     1     8     8    30    20     0     0   -76.0  -83.263 -168.573   1665.1    735.3
     1     1     8     8    30    19     0     0   -77.0  -83.232 -166.026   1642.1    741.1
     1     1     8     8    30    18     0     0   -78.0  -83.196 -163.566   1619.3    745.8
     1     1     8     8    30    17     0     0   -79.0  -83.147 -161.143   1597.5    751.2
     1     1     8     8    30    16     0     0   -80.0  -83.076 -158.772   1577.9    756.5
     1     1     8     8    30    15     0     0   -81.0  -82.983 -156.457   1560.7    761.4
     1     1     8     8    30    14     0     0   -82.0  -82.864 -154.212   1546.8    766.3
     1     1     8     8    30    13     0     0   -83.0  -82.718 -152.077   1536.7    770.7
     1     1     8     8    30    12     0     0   -84.0  -82.543 -150.074   1533.0    776.0
     1     1     8     8    30    11     0     0   -85.0  -82.341 -148.193   1531.8    771.8
     1     1     8     8    30    10     0     0   -86.0  -82.104 -146.403   1534.7    763.8
     1     1     8     8    30     9     0     0   -87.0  -81.821 -144.734   1539.2    753.8
     1     1     8     8    30     8     0     0   -88.0  -81.484 -143.220   1541.0    741.3
     1     1     8     8    30     7     0     0   -89.0  -81.082 -141.891   1536.7    727.7
     1     1     8     8    30     6     0     0   -90.0  -80.608 -140.772   1522.0    713.4
     1     1     8     8    30     5     0     0   -91.0  -80.062 -139.904   1495.3    699.4
     1     1     8     8    30     4     0     0   -92.0  -79.470 -139.260   1461.8    692.3
     1     1     8     8    30     3     0     0   -93.0  -78.854 -138.769   1417.0    686.1
     1     1     8     8    30     2     0     0   -94.0  -78.209 -138.413   1355.3    680.7
     1     1     8     8    30     1     0     0   -95.0  -77.528 -138.178   1271.4    676.8
     1     1     8     8    30     0     0     0   -96.0  -76.846 -138.023   1189.5    705.6
     1     1     8     8    29    23     0     0   -97.0  -76.214 -137.894   1102.5    735.0
     1     1     8     8    29    22     0     0   -98.0  -75.645 -137.757   1011.3    763.6
     1     1     8     8    29    21     0     0   -99.0  -75.137 -137.586    916.8    791.2
     1     1     8     8    29    20     0     0  -100.0  -74.677 -137.392    820.9    813.2
     1     1     8     8    29    19     0     0  -101.0  -74.246 -137.200    729.3    833.4
     1     1     8     8    29    18     0     0  -102.0  -73.832 -137.008    644.9    853.2
     1     1     8     8    29    17     0     0  -103.0  -73.417 -136.836    568.9    872.1
     1     1     8     8    29    16     0     0  -104.0  -72.983 -136.714    503.5    890.8
     1     1     8     8    29    15     0     0  -105.0  -72.528 -136.642    449.7    909.4
     1     1     8     8    29    14     0     0  -106.0  -72.039 -136.625    401.7    913.5
     1     1     8     8    29    13     0     0  -107.0  -71.500 -136.680    356.7    915.7
     1     1     8     8    29    12     0     0  -108.0  -70.905 -136.831    312.4    917.2
     1     1     8     8    29    11     0     0  -109.0  -70.254 -137.088    265.7    919.0
     1     1     8     8    29    10     0     0  -110.0  -69.563 -137.408    217.5    926.9
     1     1     8     8    29     9     0     0  -111.0  -68.860 -137.725    175.1    937.4
     1     1     8     8    29     8     0     0  -112.0  -68.157 -138.040    142.3    946.2
     1     1     8     8    29     7     0     0  -113.0  -67.448 -138.382    118.0    953.7
     1     1     8     8    29     6     0     0  -114.0  -66.726 -138.735     99.4    956.5
     1     1     8     8    29     5     0     0  -115.0  -65.998 -139.049     85.2    960.1
     1     1     8     8    29     4     0     0  -116.0  -65.267 -139.319     74.7    963.4
     1     1     8     8    29     3     0     0  -117.0  -64.525 -139.562     66.6    967.0
     1     1     8     8    29     2     0     0  -118.0  -63.772 -139.788     59.8    971.1
     1     1     8     8    29     1     0     0  -119.0  -63.009 -140.009     54.4    975.3
     1     1     8     8    29     0     0     0  -120.0  -62.235 -140.236     50.0    979.6
