    12     1
    CDC1     7     9     1     0     0
    CDC1     7    10     1     0     0
    CDC1     7    11     1     0     0
    CDC1     7    12     1     0     0
    CDC1     8     1     1     0     0
    CDC1     8     2     1     0     0
    CDC1     8     3     1     0     0
    CDC1     8     4     1     0     0
    CDC1     8     5     1     0     0
    CDC1     8     6     1     0     0
    CDC1     8     7     1     0     0
    CDC1     8     8     1     0     0
     1 BACKWARD OMEGA   
     8     7    27     0  -80.930  159.503  1000.0
     1 PRESSURE
     1     1     8     7    27     0     0     0     0.0  -80.930  159.503   1000.0    738.4
     1     1     8     7    26    23     0     0    -1.0  -81.200  160.851    987.9    751.0
     1     1     8     7    26    22     0     0    -2.0  -81.459  162.234    978.5    762.8
     1     1     8     7    26    21     0     0    -3.0  -81.709  163.650    971.1    773.5
     1     1     8     7    26    20     0     0    -4.0  -81.950  165.101    965.0    783.3
     1     1     8     7    26    19     0     0    -5.0  -82.183  166.597    959.5    792.2
     1     1     8     7    26    18     0     0    -6.0  -82.405  168.151    954.9    800.6
     1     1     8     7    26    17     0     0    -7.0  -82.624  169.782    950.9    803.7
     1     1     8     7    26    16     0     0    -8.0  -82.844  171.592    949.3    801.1
     1     1     8     7    26    15     0     0    -9.0  -83.063  173.655    948.1    798.8
     1     1     8     7    26    14     0     0   -10.0  -83.280  176.001    945.2    796.6
     1     1     8     7    26    13     0     0   -11.0  -83.494  178.664    939.7    794.2
     1     1     8     7    26    12     0     0   -12.0  -83.699 -178.331    931.9    793.0
     1     1     8     7    26    11     0     0   -13.0  -83.891 -175.010    922.3    793.3
     1     1     8     7    26    10     0     0   -14.0  -84.071 -171.434    912.5    793.5
     1     1     8     7    26     9     0     0   -15.0  -84.227 -167.628    907.0    794.3
     1     1     8     7    26     8     0     0   -16.0  -84.342 -163.596    913.2    795.1
     1     1     8     7    26     7     0     0   -17.0  -84.426 -159.439    924.1    794.8
     1     1     8     7    26     6     0     0   -18.0  -84.477 -155.232    939.6    794.7
     1     1     8     7    26     5     0     0   -19.0  -84.489 -151.033    960.8    792.9
     1     1     8     7    26     4     0     0   -20.0  -84.462 -146.902    988.9    788.1
     1     1     8     7    26     3     0     0   -21.0  -84.400 -142.919   1024.5    780.8
     1     1     8     7    26     2     0     0   -22.0  -84.304 -139.149   1068.4    772.1
     1     1     8     7    26     1     0     0   -23.0  -84.179 -135.638   1118.7    761.1
     1     1     8     7    26     0     0     0   -24.0  -84.021 -132.388   1174.2    749.9
     1     1     8     7    25    23     0     0   -25.0  -83.818 -129.399   1219.2    737.8
     1     1     8     7    25    22     0     0   -26.0  -83.545 -126.745   1250.9    728.3
     1     1     8     7    25    21     0     0   -27.0  -83.205 -124.470   1271.6    721.4
     1     1     8     7    25    20     0     0   -28.0  -82.808 -122.597   1283.2    717.6
     1     1     8     7    25    19     0     0   -29.0  -82.360 -121.117   1281.0    711.2
     1     1     8     7    25    18     0     0   -30.0  -81.873 -119.836   1257.9    699.1
     1     1     8     7    25    17     0     0   -31.0  -81.372 -118.680   1230.2    692.3
     1     1     8     7    25    16     0     0   -32.0  -80.877 -117.643   1206.7    686.4
     1     1     8     7    25    15     0     0   -33.0  -80.394 -116.703   1185.8    681.9
     1     1     8     7    25    14     0     0   -34.0  -79.925 -115.831   1165.7    679.1
     1     1     8     7    25    13     0     0   -35.0  -79.479 -114.974   1144.4    679.7
     1     1     8     7    25    12     0     0   -36.0  -79.064 -114.086   1119.5    683.0
     1     1     8     7    25    11     0     0   -37.0  -78.669 -113.157   1089.8    688.3
     1     1     8     7    25    10     0     0   -38.0  -78.284 -112.176   1056.3    696.2
     1     1     8     7    25     9     0     0   -39.0  -77.916 -111.121   1018.9    706.5
     1     1     8     7    25     8     0     0   -40.0  -77.575 -109.969    978.4    719.8
     1     1     8     7    25     7     0     0   -41.0  -77.266 -108.738    936.7    736.0
     1     1     8     7    25     6     0     0   -42.0  -76.992 -107.464    894.9    752.9
     1     1     8     7    25     5     0     0   -43.0  -76.740 -106.184    851.2    767.1
     1     1     8     7    25     4     0     0   -44.0  -76.501 -104.924    805.7    781.3
     1     1     8     7    25     3     0     0   -45.0  -76.269 -103.685    758.0    792.7
     1     1     8     7    25     2     0     0   -46.0  -76.039 -102.465    709.1    804.5
     1     1     8     7    25     1     0     0   -47.0  -75.807 -101.264    659.0    815.4
     1     1     8     7    25     0     0     0   -48.0  -75.567 -100.074    607.8    826.7
     1     1     8     7    24    23     0     0   -49.0  -75.324  -98.894    555.2    835.5
     1     1     8     7    24    22     0     0   -50.0  -75.080  -97.722    502.1    844.0
     1     1     8     7    24    21     0     0   -51.0  -74.831  -96.569    448.6    851.0
     1     1     8     7    24    20     0     0   -52.0  -74.578  -95.461    396.3    857.8
     1     1     8     7    24    19     0     0   -53.0  -74.326  -94.398    347.5    865.6
     1     1     8     7    24    18     0     0   -54.0  -74.079  -93.374    304.4    873.6
     1     1     8     7    24    17     0     0   -55.0  -73.837  -92.374    265.2    881.6
     1     1     8     7    24    16     0     0   -56.0  -73.600  -91.388    227.8    892.3
     1     1     8     7    24    15     0     0   -57.0  -73.365  -90.413    191.6    903.3
     1     1     8     7    24    14     0     0   -58.0  -73.144  -89.459    159.1    915.0
     1     1     8     7    24    13     0     0   -59.0  -72.943  -88.545    132.7    927.2
     1     1     8     7    24    12     0     0   -60.0  -72.760  -87.674    112.0    938.3
     1     1     8     7    24    11     0     0   -61.0  -72.592  -86.864     96.6    951.0
     1     1     8     7    24    10     0     0   -62.0  -72.432  -86.137     85.5    961.3
     1     1     8     7    24     9     0     0   -63.0  -72.272  -85.493     77.5    968.2
     1     1     8     7    24     8     0     0   -64.0  -72.104  -84.923     71.6    974.0
     1     1     8     7    24     7     0     0   -65.0  -71.923  -84.406     66.6    979.2
     1     1     8     7    24     6     0     0   -66.0  -71.727  -83.925     61.8    984.6
     1     1     8     7    24     5     0     0   -67.0  -71.523  -83.472     56.6    989.5
     1     1     8     7    24     4     0     0   -68.0  -71.318  -83.057     50.7    994.3
     1     1     8     7    24     3     0     0   -69.0  -71.114  -82.688     44.4    999.0
     1     1     8     7    24     2     0     0   -70.0  -70.908  -82.374     38.0   1003.4
     1     1     8     7    24     1     0     0   -71.0  -70.700  -82.119     31.9   1007.5
     1     1     8     7    24     0     0     0   -72.0  -70.488  -81.923     26.2   1011.5
     1     1     8     7    23    23     0     0   -73.0  -70.269  -81.758     21.1   1014.9
     1     1     8     7    23    22     0     0   -74.0  -70.039  -81.599     16.8   1018.6
     1     1     8     7    23    21     0     0   -75.0  -69.799  -81.441     13.4   1018.3
     1     1     8     7    23    20     0     0   -76.0  -69.553  -81.278     11.1   1017.1
     1     1     8     7    23    19     0     0   -77.0  -69.300  -81.111      9.3   1015.4
     1     1     8     7    23    18     0     0   -78.0  -69.039  -80.943      7.8   1013.6
     1     1     8     7    23    17     0     0   -79.0  -68.776  -80.775      6.5   1011.4
     1     1     8     7    23    16     0     0   -80.0  -68.517  -80.609      5.4   1009.2
     1     1     8     7    23    15     0     0   -81.0  -68.263  -80.448      4.5   1006.9
     1     1     8     7    23    14     0     0   -82.0  -68.011  -80.295      3.7   1004.6
     1     1     8     7    23    13     0     0   -83.0  -67.762  -80.153      3.1   1002.3
     1     1     8     7    23    12     0     0   -84.0  -67.516  -80.025      2.7    999.9
     1     1     8     7    23    11     0     0   -85.0  -67.268  -79.889      2.1   1000.9
     1     1     8     7    23    10     0     0   -86.0  -67.014  -79.719      1.3   1002.2
     1     1     8     7    23     9     0     0   -87.0  -66.755  -79.516      0.1   1003.8
     1     1     8     7    23     8     0     0   -88.0  -66.491  -79.278      0.0   1005.6
     1     1     8     7    23     7     0     0   -89.0  -66.221  -79.006      0.0   1007.7
     1     1     8     7    23     6     0     0   -90.0  -65.945  -78.701      0.0   1010.1
     1     1     8     7    23     5     0     0   -91.0  -65.669  -78.353      0.0   1012.6
     1     1     8     7    23     4     0     0   -92.0  -65.399  -77.958      0.0   1015.4
     1     1     8     7    23     3     0     0   -93.0  -65.134  -77.523      0.0   1018.2
     1     1     8     7    23     2     0     0   -94.0  -64.873  -77.059      0.0   1019.5
     1     1     8     7    23     1     0     0   -95.0  -64.616  -76.580      0.0   1019.2
     1     1     8     7    23     0     0     0   -96.0  -64.361  -76.100      0.0   1018.8
     1     1     8     7    22    23     0     0   -97.0  -64.107  -75.635      0.0   1018.1
     1     1     8     7    22    22     0     0   -98.0  -63.855  -75.198      0.0   1017.3
     1     1     8     7    22    21     0     0   -99.0  -63.603  -74.792      0.0   1016.2
     1     1     8     7    22    20     0     0  -100.0  -63.350  -74.418      0.0   1014.9
     1     1     8     7    22    19     0     0  -101.0  -63.095  -74.078      0.0   1013.7
     1     1     8     7    22    18     0     0  -102.0  -62.835  -73.774      0.0   1012.5
     1     1     8     7    22    17     0     0  -103.0  -62.569  -73.502      0.0   1011.4
     1     1     8     7    22    16     0     0  -104.0  -62.294  -73.252      0.0   1012.1
     1     1     8     7    22    15     0     0  -105.0  -62.012  -73.017      0.0   1013.4
     1     1     8     7    22    14     0     0  -106.0  -61.725  -72.797      0.0   1014.6
     1     1     8     7    22    13     0     0  -107.0  -61.434  -72.594      0.2   1015.8
     1     1     8     7    22    12     0     0  -108.0  -61.142  -72.409      0.6   1016.9
     1     1     8     7    22    11     0     0  -109.0  -60.857  -72.235      1.0   1017.6
     1     1     8     7    22    10     0     0  -110.0  -60.590  -72.064      1.5   1018.2
     1     1     8     7    22     9     0     0  -111.0  -60.339  -71.896      2.0   1018.8
     1     1     8     7    22     8     0     0  -112.0  -60.105  -71.730      2.6   1019.3
     1     1     8     7    22     7     0     0  -113.0  -59.885  -71.569      3.3   1019.7
     1     1     8     7    22     6     0     0  -114.0  -59.676  -71.410      3.9   1020.0
     1     1     8     7    22     5     0     0  -115.0  -59.475  -71.264      4.6   1020.5
     1     1     8     7    22     4     0     0  -116.0  -59.276  -71.142      5.3   1021.1
     1     1     8     7    22     3     0     0  -117.0  -59.080  -71.041      6.0   1021.6
     1     1     8     7    22     2     0     0  -118.0  -58.886  -70.961      6.8   1022.1
     1     1     8     7    22     1     0     0  -119.0  -58.694  -70.901      7.5   1022.6
     1     1     8     7    22     0     0     0  -120.0  -58.503  -70.861      8.3   1023.1
