    12     1
    CDC1     7     9     1     0     0
    CDC1     7    10     1     0     0
    CDC1     7    11     1     0     0
    CDC1     7    12     1     0     0
    CDC1     8     1     1     0     0
    CDC1     8     2     1     0     0
    CDC1     8     3     1     0     0
    CDC1     8     4     1     0     0
    CDC1     8     5     1     0     0
    CDC1     8     6     1     0     0
    CDC1     8     7     1     0     0
    CDC1     8     8     1     0     0
     1 BACKWARD OMEGA   
     8     1    11     0  -80.930  159.503  1000.0
     1 PRESSURE
     1     1     8     1    11     0     0     0     0.0  -80.930  159.503   1000.0    761.0
     1     1     8     1    10    23     0     0    -1.0  -80.940  158.209    989.8    750.4
     1     1     8     1    10    22     0     0    -2.0  -80.943  156.848    997.2    736.1
     1     1     8     1    10    21     0     0    -3.0  -80.933  155.402   1016.4    720.4
     1     1     8     1    10    20     0     0    -4.0  -80.906  153.876   1046.1    704.3
     1     1     8     1    10    19     0     0    -5.0  -80.858  152.313   1087.0    687.4
     1     1     8     1    10    18     0     0    -6.0  -80.783  150.758   1138.7    671.6
     1     1     8     1    10    17     0     0    -7.0  -80.686  149.306   1191.5    657.6
     1     1     8     1    10    16     0     0    -8.0  -80.574  148.029   1235.9    646.9
     1     1     8     1    10    15     0     0    -9.0  -80.457  146.930   1273.7    638.4
     1     1     8     1    10    14     0     0   -10.0  -80.339  146.004   1305.5    632.0
     1     1     8     1    10    13     0     0   -11.0  -80.225  145.246   1331.7    626.9
     1     1     8     1    10    12     0     0   -12.0  -80.119  144.647   1353.1    623.4
     1     1     8     1    10    11     0     0   -13.0  -80.013  144.155   1376.1    620.7
     1     1     8     1    10    10     0     0   -14.0  -79.899  143.722   1408.0    615.7
     1     1     8     1    10     9     0     0   -15.0  -79.774  143.360   1448.4    610.0
     1     1     8     1    10     8     0     0   -16.0  -79.637  143.083   1497.3    604.0
     1     1     8     1    10     7     0     0   -17.0  -79.487  142.907   1554.6    597.4
     1     1     8     1    10     6     0     0   -18.0  -79.322  142.850   1618.9    590.0
     1     1     8     1    10     5     0     0   -19.0  -79.154  142.963   1676.3    582.4
     1     1     8     1    10     4     0     0   -20.0  -79.003  143.265   1715.6    578.1
     1     1     8     1    10     3     0     0   -21.0  -78.878  143.736   1736.4    575.9
     1     1     8     1    10     2     0     0   -22.0  -78.780  144.357   1738.2    575.9
     1     1     8     1    10     1     0     0   -23.0  -78.715  145.110   1720.4    578.1
     1     1     8     1    10     0     0     0   -24.0  -78.683  145.984   1682.2    583.2
     1     1     8     1     9    23     0     0   -25.0  -78.684  146.948   1627.0    590.9
     1     1     8     1     9    22     0     0   -26.0  -78.714  147.972   1560.9    600.6
     1     1     8     1     9    21     0     0   -27.0  -78.772  149.048   1484.2    612.5
     1     1     8     1     9    20     0     0   -28.0  -78.858  150.171   1396.4    626.6
     1     1     8     1     9    19     0     0   -29.0  -78.970  151.338   1298.8    644.4
     1     1     8     1     9    18     0     0   -30.0  -79.106  152.546   1190.8    664.6
     1     1     8     1     9    17     0     0   -31.0  -79.260  153.801   1079.8    688.9
     1     1     8     1     9    16     0     0   -32.0  -79.427  155.099    972.1    714.3
     1     1     8     1     9    15     0     0   -33.0  -79.606  156.431    873.4    742.0
     1     1     8     1     9    14     0     0   -34.0  -79.799  157.805    783.0    768.5
     1     1     8     1     9    13     0     0   -35.0  -79.995  159.286    688.1    796.4
     1     1     8     1     9    12     0     0   -36.0  -80.182  160.921    577.8    826.6
     1     1     8     1     9    11     0     0   -37.0  -80.380  162.567    477.3    856.1
     1     1     8     1     9    10     0     0   -38.0  -80.585  164.175    395.4    879.4
     1     1     8     1     9     9     0     0   -39.0  -80.784  165.786    325.7    900.6
     1     1     8     1     9     8     0     0   -40.0  -80.985  167.374    275.0    919.0
     1     1     8     1     9     7     0     0   -41.0  -81.182  168.958    243.2    931.6
     1     1     8     1     9     6     0     0   -42.0  -81.364  170.572    222.2    942.5
     1     1     8     1     9     5     0     0   -43.0  -81.528  172.250    204.0    951.9
     1     1     8     1     9     4     0     0   -44.0  -81.674  174.009    187.0    959.8
     1     1     8     1     9     3     0     0   -45.0  -81.802  175.842    174.4    966.1
     1     1     8     1     9     2     0     0   -46.0  -81.909  177.753    165.2    971.8
     1     1     8     1     9     1     0     0   -47.0  -81.993  179.753    157.8    976.7
     1     1     8     1     9     0     0     0   -48.0  -82.047 -178.166    151.4    980.8
     1     1     8     1     8    23     0     0   -49.0  -82.072 -176.118    145.7    983.5
     1     1     8     1     8    22     0     0   -50.0  -82.071 -174.210    140.0    985.2
     1     1     8     1     8    21     0     0   -51.0  -82.048 -172.504    139.4    985.6
     1     1     8     1     8    20     0     0   -52.0  -82.005 -170.988    143.6    984.6
     1     1     8     1     8    19     0     0   -53.0  -81.943 -169.620    150.3    982.9
     1     1     8     1     8    18     0     0   -54.0  -81.861 -168.390    158.6    980.6
     1     1     8     1     8    17     0     0   -55.0  -81.761 -167.224    166.6    977.6
     1     1     8     1     8    16     0     0   -56.0  -81.642 -166.074    173.3    974.3
     1     1     8     1     8    15     0     0   -57.0  -81.503 -164.958    179.4    970.9
     1     1     8     1     8    14     0     0   -58.0  -81.343 -163.884    185.7    967.1
     1     1     8     1     8    13     0     0   -59.0  -81.163 -162.862    193.1    962.9
     1     1     8     1     8    12     0     0   -60.0  -80.962 -161.907    202.5    958.2
     1     1     8     1     8    11     0     0   -61.0  -80.744 -161.059    214.5    952.4
     1     1     8     1     8    10     0     0   -62.0  -80.510 -160.353    229.2    946.0
     1     1     8     1     8     9     0     0   -63.0  -80.260 -159.804    246.6    939.2
     1     1     8     1     8     8     0     0   -64.0  -79.998 -159.427    267.0    932.3
     1     1     8     1     8     7     0     0   -65.0  -79.729 -159.207    289.0    931.1
     1     1     8     1     8     6     0     0   -66.0  -79.458 -159.114    310.2    930.5
     1     1     8     1     8     5     0     0   -67.0  -79.181 -159.044    330.2    930.7
     1     1     8     1     8     4     0     0   -68.0  -78.892 -158.914    348.7    931.0
     1     1     8     1     8     3     0     0   -69.0  -78.589 -158.760    366.2    931.6
     1     1     8     1     8     2     0     0   -70.0  -78.273 -158.619    383.1    932.4
     1     1     8     1     8     1     0     0   -71.0  -77.945 -158.531    399.9    932.8
     1     1     8     1     8     0     0     0   -72.0  -77.607 -158.539    417.4    933.2
     1     1     8     1     7    23     0     0   -73.0  -77.259 -158.615    434.8    932.4
     1     1     8     1     7    22     0     0   -74.0  -76.904 -158.699    451.1    931.1
     1     1     8     1     7    21     0     0   -75.0  -76.545 -158.800    466.2    929.9
     1     1     8     1     7    20     0     0   -76.0  -76.183 -158.938    480.1    928.9
     1     1     8     1     7    19     0     0   -77.0  -75.823 -159.138    492.6    928.0
     1     1     8     1     7    18     0     0   -78.0  -75.467 -159.421    503.5    927.2
     1     1     8     1     7    17     0     0   -79.0  -75.119 -159.767    512.2    926.8
     1     1     8     1     7    16     0     0   -80.0  -74.780 -160.123    518.3    925.4
     1     1     8     1     7    15     0     0   -81.0  -74.454 -160.463    522.4    923.4
     1     1     8     1     7    14     0     0   -82.0  -74.144 -160.788    524.7    921.7
     1     1     8     1     7    13     0     0   -83.0  -73.852 -161.113    525.2    920.4
     1     1     8     1     7    12     0     0   -84.0  -73.581 -161.449    524.0    919.5
     1     1     8     1     7    11     0     0   -85.0  -73.324 -161.821    521.8    918.6
     1     1     8     1     7    10     0     0   -86.0  -73.074 -162.253    519.0    917.9
     1     1     8     1     7     9     0     0   -87.0  -72.836 -162.754    516.3    917.5
     1     1     8     1     7     8     0     0   -88.0  -72.615 -163.331    514.2    917.2
     1     1     8     1     7     7     0     0   -89.0  -72.419 -163.988    513.7    917.1
     1     1     8     1     7     6     0     0   -90.0  -72.254 -164.723    515.5    916.8
     1     1     8     1     7     5     0     0   -91.0  -72.117 -165.479    518.1    916.0
     1     1     8     1     7     4     0     0   -92.0  -72.005 -166.202    519.1    915.6
     1     1     8     1     7     3     0     0   -93.0  -71.920 -166.902    517.9    915.4
     1     1     8     1     7     2     0     0   -94.0  -71.863 -167.587    514.2    915.5
     1     1     8     1     7     1     0     0   -95.0  -71.838 -168.261    507.8    916.3
     1     1     8     1     7     0     0     0   -96.0  -71.846 -168.930    498.8    917.4
     1     1     8     1     6    23     0     0   -97.0  -71.883 -169.577    487.2    918.5
     1     1     8     1     6    22     0     0   -98.0  -71.942 -170.179    472.8    920.0
     1     1     8     1     6    21     0     0   -99.0  -72.020 -170.731    455.6    921.7
     1     1     8     1     6    20     0     0  -100.0  -72.115 -171.225    435.9    923.9
     1     1     8     1     6    19     0     0  -101.0  -72.222 -171.658    413.4    926.6
     1     1     8     1     6    18     0     0  -102.0  -72.340 -172.023    388.2    929.7
     1     1     8     1     6    17     0     0  -103.0  -72.478 -172.319    362.6    932.6
     1     1     8     1     6    16     0     0  -104.0  -72.647 -172.534    339.5    934.2
     1     1     8     1     6    15     0     0  -105.0  -72.843 -172.657    318.4    935.5
     1     1     8     1     6    14     0     0  -106.0  -73.062 -172.684    299.2    936.4
     1     1     8     1     6    13     0     0  -107.0  -73.301 -172.606    281.7    937.1
     1     1     8     1     6    12     0     0  -108.0  -73.557 -172.419    266.2    937.6
     1     1     8     1     6    11     0     0  -109.0  -73.818 -172.113    252.0    938.3
     1     1     8     1     6    10     0     0  -110.0  -74.072 -171.678    238.5    939.2
     1     1     8     1     6     9     0     0  -111.0  -74.315 -171.102    225.9    940.3
     1     1     8     1     6     8     0     0  -112.0  -74.542 -170.376    214.4    941.7
     1     1     8     1     6     7     0     0  -113.0  -74.750 -169.490    204.1    943.8
     1     1     8     1     6     6     0     0  -114.0  -74.933 -168.441    195.2    946.4
     1     1     8     1     6     5     0     0  -115.0  -75.091 -167.239    188.5    949.8
     1     1     8     1     6     4     0     0  -116.0  -75.223 -165.904    184.3    953.6
     1     1     8     1     6     3     0     0  -117.0  -75.324 -164.439    182.7    956.7
     1     1     8     1     6     2     0     0  -118.0  -75.392 -162.845    183.8    958.8
     1     1     8     1     6     1     0     0  -119.0  -75.421 -161.122    187.3    960.0
     1     1     8     1     6     0     0     0  -120.0  -75.407 -159.266    193.1    959.9
