    12     1
    CDC1     7     9     1     0     0
    CDC1     7    10     1     0     0
    CDC1     7    11     1     0     0
    CDC1     7    12     1     0     0
    CDC1     8     1     1     0     0
    CDC1     8     2     1     0     0
    CDC1     8     3     1     0     0
    CDC1     8     4     1     0     0
    CDC1     8     5     1     0     0
    CDC1     8     6     1     0     0
    CDC1     8     7     1     0     0
    CDC1     8     8     1     0     0
     1 BACKWARD OMEGA   
     8     7    31     0  -80.930  159.503  1000.0
     1 PRESSURE
     1     1     8     7    31     0     0     0     0.0  -80.930  159.503   1000.0    738.1
     1     1     8     7    30    23     0     0    -1.0  -81.078  159.084   1019.4    730.4
     1     1     8     7    30    22     0     0    -2.0  -81.228  158.663   1037.6    723.1
     1     1     8     7    30    21     0     0    -3.0  -81.378  158.252   1055.7    716.1
     1     1     8     7    30    20     0     0    -4.0  -81.529  157.861   1074.8    709.5
     1     1     8     7    30    19     0     0    -5.0  -81.681  157.501   1096.2    703.1
     1     1     8     7    30    18     0     0    -6.0  -81.834  157.187   1121.4    697.3
     1     1     8     7    30    17     0     0    -7.0  -81.987  156.852   1150.9    691.0
     1     1     8     7    30    16     0     0    -8.0  -82.140  156.404   1184.7    683.7
     1     1     8     7    30    15     0     0    -9.0  -82.291  155.819   1222.5    675.3
     1     1     8     7    30    14     0     0   -10.0  -82.441  155.068   1263.6    665.3
     1     1     8     7    30    13     0     0   -11.0  -82.590  154.140   1305.4    651.9
     1     1     8     7    30    12     0     0   -12.0  -82.738  153.048   1348.1    636.2
     1     1     8     7    30    11     0     0   -13.0  -82.885  151.923   1394.6    622.0
     1     1     8     7    30    10     0     0   -14.0  -83.026  150.898   1441.9    609.2
     1     1     8     7    30     9     0     0   -15.0  -83.164  149.977   1489.5    597.4
     1     1     8     7    30     8     0     0   -16.0  -83.299  149.153   1537.3    587.0
     1     1     8     7    30     7     0     0   -17.0  -83.433  148.410   1584.2    577.4
     1     1     8     7    30     6     0     0   -18.0  -83.570  147.725   1630.6    568.2
     1     1     8     7    30     5     0     0   -19.0  -83.710  147.065   1674.0    559.4
     1     1     8     7    30     4     0     0   -20.0  -83.852  146.409   1713.1    551.6
     1     1     8     7    30     3     0     0   -21.0  -83.994  145.745   1747.6    544.5
     1     1     8     7    30     2     0     0   -22.0  -84.133  145.061   1777.8    538.0
     1     1     8     7    30     1     0     0   -23.0  -84.266  144.343   1804.0    532.3
     1     1     8     7    30     0     0     0   -24.0  -84.393  143.575   1825.7    527.3
     1     1     8     7    29    23     0     0   -25.0  -84.519  142.867   1844.7    522.1
     1     1     8     7    29    22     0     0   -26.0  -84.653  142.338   1864.6    517.1
     1     1     8     7    29    21     0     0   -27.0  -84.794  142.000   1885.0    512.5
     1     1     8     7    29    20     0     0   -28.0  -84.940  141.864   1905.9    508.0
     1     1     8     7    29    19     0     0   -29.0  -85.089  141.902   1928.2    504.5
     1     1     8     7    29    18     0     0   -30.0  -85.242  142.066   1951.3    501.5
     1     1     8     7    29    17     0     0   -31.0  -85.395  142.218   1969.3    498.9
     1     1     8     7    29    16     0     0   -32.0  -85.545  142.223   1977.5    497.4
     1     1     8     7    29    15     0     0   -33.0  -85.693  142.048   1976.2    496.6
     1     1     8     7    29    14     0     0   -34.0  -85.841  141.651   1966.0    496.5
     1     1     8     7    29    13     0     0   -35.0  -85.989  140.979   1947.4    496.9
     1     1     8     7    29    12     0     0   -36.0  -86.137  139.964   1921.3    497.8
     1     1     8     7    29    11     0     0   -37.0  -86.305  138.724   1899.1    498.7
     1     1     8     7    29    10     0     0   -38.0  -86.508  137.369   1889.8    498.0
     1     1     8     7    29     9     0     0   -39.0  -86.747  135.838   1894.0    497.0
     1     1     8     7    29     8     0     0   -40.0  -87.019  134.041   1909.3    495.0
     1     1     8     7    29     7     0     0   -41.0  -87.322  131.847   1934.4    491.9
     1     1     8     7    29     6     0     0   -42.0  -87.655  129.006   1971.3    491.0
     1     1     8     7    29     5     0     0   -43.0  -87.991  124.581   2009.1    491.1
     1     1     8     7    29     4     0     0   -44.0  -88.301  117.670   2038.9    493.4
     1     1     8     7    29     3     0     0   -45.0  -88.566  107.569   2060.7    495.0
     1     1     8     7    29     2     0     0   -46.0  -88.757   94.023   2075.5    496.2
     1     1     8     7    29     1     0     0   -47.0  -88.837   77.999   2085.9    495.4
     1     1     8     7    29     0     0     0   -48.0  -88.788   61.853   2095.4    494.6
     1     1     8     7    28    23     0     0   -49.0  -88.633   47.628   2106.8    494.2
     1     1     8     7    28    22     0     0   -50.0  -88.411   35.956   2121.4    494.7
     1     1     8     7    28    21     0     0   -51.0  -88.146   26.745   2138.7    495.9
     1     1     8     7    28    20     0     0   -52.0  -87.854   19.663   2158.4    496.6
     1     1     8     7    28    19     0     0   -53.0  -87.546   14.411   2184.3    497.9
     1     1     8     7    28    18     0     0   -54.0  -87.234   10.468   2210.9    497.5
     1     1     8     7    28    17     0     0   -55.0  -86.915    7.353   2236.5    496.1
     1     1     8     7    28    16     0     0   -56.0  -86.578    5.038   2255.4    495.2
     1     1     8     7    28    15     0     0   -57.0  -86.224    3.357   2270.1    494.6
     1     1     8     7    28    14     0     0   -58.0  -85.855    2.164   2278.9    494.0
     1     1     8     7    28    13     0     0   -59.0  -85.468    1.347   2282.0    493.6
     1     1     8     7    28    12     0     0   -60.0  -85.065    0.808   2280.4    493.3
     1     1     8     7    28    11     0     0   -61.0  -84.657    0.380   2273.9    492.3
     1     1     8     7    28    10     0     0   -62.0  -84.258   -0.071   2264.7    491.2
     1     1     8     7    28     9     0     0   -63.0  -83.867   -0.559   2253.7    490.6
     1     1     8     7    28     8     0     0   -64.0  -83.485   -1.097   2240.9    490.4
     1     1     8     7    28     7     0     0   -65.0  -83.109   -1.696   2226.8    490.6
     1     1     8     7    28     6     0     0   -66.0  -82.739   -2.371   2211.5    491.2
     1     1     8     7    28     5     0     0   -67.0  -82.370   -3.047   2194.2    491.8
     1     1     8     7    28     4     0     0   -68.0  -82.001   -3.633   2177.1    492.4
     1     1     8     7    28     3     0     0   -69.0  -81.635   -4.137   2160.1    492.9
     1     1     8     7    28     2     0     0   -70.0  -81.269   -4.600   2143.0    493.3
     1     1     8     7    28     1     0     0   -71.0  -80.904   -5.061   2125.3    493.7
     1     1     8     7    28     0     0     0   -72.0  -80.541   -5.561   2106.7    494.6
     1     1     8     7    27    23     0     0   -73.0  -80.187   -6.106   2089.6    495.4
     1     1     8     7    27    22     0     0   -74.0  -79.850   -6.660   2075.8    495.5
     1     1     8     7    27    21     0     0   -75.0  -79.528   -7.189   2067.6    494.9
     1     1     8     7    27    20     0     0   -76.0  -79.222   -7.674   2066.4    493.8
     1     1     8     7    27    19     0     0   -77.0  -78.932   -8.127   2072.7    492.3
     1     1     8     7    27    18     0     0   -78.0  -78.657   -8.564   2086.0    490.2
     1     1     8     7    27    17     0     0   -79.0  -78.392   -8.971   2098.5    487.8
     1     1     8     7    27    16     0     0   -80.0  -78.128   -9.344   2097.3    486.8
     1     1     8     7    27    15     0     0   -81.0  -77.862   -9.712   2081.0    486.7
     1     1     8     7    27    14     0     0   -82.0  -77.592  -10.108   2047.0    488.1
     1     1     8     7    27    13     0     0   -83.0  -77.319  -10.530   2000.1    495.8
     1     1     8     7    27    12     0     0   -84.0  -77.044  -10.946   1937.1    507.2
     1     1     8     7    27    11     0     0   -85.0  -76.795  -11.322   1869.5    519.6
     1     1     8     7    27    10     0     0   -86.0  -76.594  -11.637   1812.8    529.3
     1     1     8     7    27     9     0     0   -87.0  -76.434  -11.895   1768.2    537.0
     1     1     8     7    27     8     0     0   -88.0  -76.312  -12.099   1736.3    542.9
     1     1     8     7    27     7     0     0   -89.0  -76.224  -12.251   1718.0    546.6
     1     1     8     7    27     6     0     0   -90.0  -76.168  -12.346   1713.7    548.2
     1     1     8     7    27     5     0     0   -91.0  -76.147  -12.324   1727.3    548.1
     1     1     8     7    27     4     0     0   -92.0  -76.164  -12.108   1763.9    544.0
     1     1     8     7    27     3     0     0   -93.0  -76.215  -11.681   1823.3    536.2
     1     1     8     7    27     2     0     0   -94.0  -76.298  -11.016   1905.6    525.0
     1     1     8     7    27     1     0     0   -95.0  -76.409  -10.088   2010.5    510.7
     1     1     8     7    27     0     0     0   -96.0  -76.543   -8.864   2138.7    495.0
     1     1     8     7    26    23     0     0   -97.0  -76.687   -7.339   2280.6    478.6
     1     1     8     7    26    22     0     0   -98.0  -76.822   -5.522   2426.8    464.5
     1     1     8     7    26    21     0     0   -99.0  -76.930   -3.430   2572.2    452.8
     1     1     8     7    26    20     0     0  -100.0  -77.000   -1.116   2707.1    442.8
     1     1     8     7    26    19     0     0  -101.0  -77.032    1.337   2824.7    433.3
     1     1     8     7    26    18     0     0  -102.0  -77.028    3.829   2921.9    423.5
     1     1     8     7    26    17     0     0  -103.0  -77.000    6.218   2998.0    414.1
     1     1     8     7    26    16     0     0  -104.0  -76.964    8.421   3054.6    405.4
     1     1     8     7    26    15     0     0  -105.0  -76.937   10.454   3098.1    397.8
     1     1     8     7    26    14     0     0  -106.0  -76.929   12.353   3130.0    391.3
     1     1     8     7    26    13     0     0  -107.0  -76.943   14.156   3156.6    387.0
     1     1     8     7    26    12     0     0  -108.0  -76.981   15.894   3177.0    384.0
     1     1     8     7    26    11     0     0  -109.0  -77.028   17.579   3190.1    382.7
     1     1     8     7    26    10     0     0  -110.0  -77.065   19.183   3199.0    382.2
     1     1     8     7    26     9     0     0  -111.0  -77.093   20.690   3203.6    382.5
     1     1     8     7    26     8     0     0  -112.0  -77.117   22.090   3205.6    383.4
     1     1     8     7    26     7     0     0  -113.0  -77.139   23.377   3206.8    384.3
     1     1     8     7    26     6     0     0  -114.0  -77.166   24.553   3208.2    385.2
     1     1     8     7    26     5     0     0  -115.0  -77.203   25.620   3210.3    386.6
     1     1     8     7    26     4     0     0  -116.0  -77.257   26.587   3213.9    388.0
     1     1     8     7    26     3     0     0  -117.0  -77.330   27.467   3219.5    389.1
     1     1     8     7    26     2     0     0  -118.0  -77.428   28.274   3227.1    389.6
     1     1     8     7    26     1     0     0  -119.0  -77.555   29.029   3237.6    389.5
     1     1     8     7    26     0     0     0  -120.0  -77.717   29.784   3251.4    388.2
