    12     1
    CDC1     7     9     1     0     0
    CDC1     7    10     1     0     0
    CDC1     7    11     1     0     0
    CDC1     7    12     1     0     0
    CDC1     8     1     1     0     0
    CDC1     8     2     1     0     0
    CDC1     8     3     1     0     0
    CDC1     8     4     1     0     0
    CDC1     8     5     1     0     0
    CDC1     8     6     1     0     0
    CDC1     8     7     1     0     0
    CDC1     8     8     1     0     0
     1 BACKWARD OMEGA   
     8     1    13     0  -80.930  159.503  1000.0
     1 PRESSURE
     1     1     8     1    13     0     0     0     0.0  -80.930  159.503   1000.0    753.8
     1     1     8     1    12    23     0     0    -1.0  -81.061  158.844   1011.7    744.9
     1     1     8     1    12    22     0     0    -2.0  -81.186  158.100   1024.1    735.1
     1     1     8     1    12    21     0     0    -3.0  -81.306  157.267   1036.4    725.0
     1     1     8     1    12    20     0     0    -4.0  -81.424  156.344   1048.9    714.8
     1     1     8     1    12    19     0     0    -5.0  -81.541  155.337   1061.9    704.2
     1     1     8     1    12    18     0     0    -6.0  -81.658  154.249   1075.7    693.9
     1     1     8     1    12    17     0     0    -7.0  -81.771  153.094   1088.8    684.0
     1     1     8     1    12    16     0     0    -8.0  -81.880  151.878   1100.2    674.9
     1     1     8     1    12    15     0     0    -9.0  -81.984  150.599   1110.4    666.3
     1     1     8     1    12    14     0     0   -10.0  -82.085  149.256   1120.0    658.0
     1     1     8     1    12    13     0     0   -11.0  -82.187  147.846   1130.0    649.5
     1     1     8     1    12    12     0     0   -12.0  -82.289  146.368   1142.0    642.1
     1     1     8     1    12    11     0     0   -13.0  -82.387  144.763   1158.3    634.3
     1     1     8     1    12    10     0     0   -14.0  -82.474  142.960   1182.6    625.4
     1     1     8     1    12     9     0     0   -15.0  -82.549  140.955   1213.0    615.3
     1     1     8     1    12     8     0     0   -16.0  -82.609  138.770   1250.0    605.0
     1     1     8     1    12     7     0     0   -17.0  -82.648  136.432   1293.7    595.3
     1     1     8     1    12     6     0     0   -18.0  -82.663  133.985   1342.5    586.0
     1     1     8     1    12     5     0     0   -19.0  -82.648  131.496   1393.3    576.6
     1     1     8     1    12     4     0     0   -20.0  -82.606  129.031   1444.3    568.8
     1     1     8     1    12     3     0     0   -21.0  -82.537  126.611   1494.8    561.6
     1     1     8     1    12     2     0     0   -22.0  -82.446  124.256   1544.0    553.8
     1     1     8     1    12     1     0     0   -23.0  -82.337  121.984   1592.1    547.0
     1     1     8     1    12     0     0     0   -24.0  -82.215  119.795   1637.7    540.1
     1     1     8     1    11    23     0     0   -25.0  -82.080  117.663   1684.8    532.0
     1     1     8     1    11    22     0     0   -26.0  -81.930  115.598   1740.0    524.4
     1     1     8     1    11    21     0     0   -27.0  -81.770  113.641   1802.1    516.7
     1     1     8     1    11    20     0     0   -28.0  -81.601  111.820   1870.1    509.0
     1     1     8     1    11    19     0     0   -29.0  -81.427  110.158   1942.6    501.1
     1     1     8     1    11    18     0     0   -30.0  -81.251  108.653   2019.7    492.6
     1     1     8     1    11    17     0     0   -31.0  -81.079  107.227   2094.8    484.0
     1     1     8     1    11    16     0     0   -32.0  -80.922  105.801   2157.5    476.7
     1     1     8     1    11    15     0     0   -33.0  -80.782  104.355   2208.8    470.3
     1     1     8     1    11    14     0     0   -34.0  -80.658  102.879   2248.4    464.6
     1     1     8     1    11    13     0     0   -35.0  -80.551  101.357   2276.6    460.0
     1     1     8     1    11    12     0     0   -36.0  -80.462   99.774   2293.3    456.3
     1     1     8     1    11    11     0     0   -37.0  -80.380   98.240   2299.9    452.9
     1     1     8     1    11    10     0     0   -38.0  -80.294   96.875   2305.9    449.8
     1     1     8     1    11     9     0     0   -39.0  -80.204   95.679   2309.6    447.4
     1     1     8     1    11     8     0     0   -40.0  -80.109   94.651   2310.2    445.6
     1     1     8     1    11     7     0     0   -41.0  -80.012   93.788   2308.0    444.2
     1     1     8     1    11     6     0     0   -42.0  -79.911   93.092   2304.4    443.2
     1     1     8     1    11     5     0     0   -43.0  -79.811   92.492   2301.6    442.6
     1     1     8     1    11     4     0     0   -44.0  -79.715   91.915   2297.6    442.5
     1     1     8     1    11     3     0     0   -45.0  -79.622   91.358   2294.5    442.3
     1     1     8     1    11     2     0     0   -46.0  -79.532   90.819   2293.0    442.0
     1     1     8     1    11     1     0     0   -47.0  -79.446   90.297   2293.9    441.6
     1     1     8     1    11     0     0     0   -48.0  -79.363   89.790   2297.8    441.0
     1     1     8     1    10    23     0     0   -49.0  -79.283   89.322   2299.3    440.4
     1     1     8     1    10    22     0     0   -50.0  -79.207   88.912   2292.9    440.7
     1     1     8     1    10    21     0     0   -51.0  -79.134   88.555   2278.3    441.7
     1     1     8     1    10    20     0     0   -52.0  -79.064   88.247   2255.6    443.2
     1     1     8     1    10    19     0     0   -53.0  -78.998   87.985   2224.8    445.3
     1     1     8     1    10    18     0     0   -54.0  -78.936   87.765   2186.1    448.0
     1     1     8     1    10    17     0     0   -55.0  -78.881   87.535   2144.9    451.1
     1     1     8     1    10    16     0     0   -56.0  -78.837   87.250   2107.8    453.8
     1     1     8     1    10    15     0     0   -57.0  -78.803   86.910   2073.9    456.3
     1     1     8     1    10    14     0     0   -58.0  -78.779   86.517   2042.9    458.7
     1     1     8     1    10    13     0     0   -59.0  -78.764   86.070   2014.1    461.0
     1     1     8     1    10    12     0     0   -60.0  -78.757   85.572   1987.3    463.2
     1     1     8     1    10    11     0     0   -61.0  -78.752   85.085   1959.4    465.3
     1     1     8     1    10    10     0     0   -62.0  -78.744   84.667   1932.7    467.5
     1     1     8     1    10     9     0     0   -63.0  -78.736   84.313   1906.0    469.7
     1     1     8     1    10     8     0     0   -64.0  -78.726   84.017   1879.5    472.0
     1     1     8     1    10     7     0     0   -65.0  -78.717   83.777   1853.3    474.1
     1     1     8     1    10     6     0     0   -66.0  -78.709   83.589   1827.7    476.2
     1     1     8     1    10     5     0     0   -67.0  -78.695   83.377   1804.4    478.2
     1     1     8     1    10     4     0     0   -68.0  -78.670   83.068   1783.3    480.1
     1     1     8     1    10     3     0     0   -69.0  -78.632   82.661   1765.0    482.0
     1     1     8     1    10     2     0     0   -70.0  -78.583   82.160   1749.8    484.0
     1     1     8     1    10     1     0     0   -71.0  -78.521   81.567   1737.7    486.3
     1     1     8     1    10     0     0     0   -72.0  -78.448   80.888   1728.1    488.6
     1     1     8     1     9    23     0     0   -73.0  -78.368   80.189   1719.2    491.0
     1     1     8     1     9    22     0     0   -74.0  -78.286   79.536   1710.9    493.8
     1     1     8     1     9    21     0     0   -75.0  -78.202   78.920   1701.7    496.9
     1     1     8     1     9    20     0     0   -76.0  -78.118   78.335   1691.1    500.2
     1     1     8     1     9    19     0     0   -77.0  -78.037   77.774   1678.8    503.8
     1     1     8     1     9    18     0     0   -78.0  -77.958   77.225   1664.6    507.7
     1     1     8     1     9    17     0     0   -79.0  -77.883   76.641   1646.4    511.4
     1     1     8     1     9    16     0     0   -80.0  -77.811   75.975   1625.0    515.8
     1     1     8     1     9    15     0     0   -81.0  -77.742   75.231   1599.3    521.0
     1     1     8     1     9    14     0     0   -82.0  -77.675   74.410   1569.5    526.9
     1     1     8     1     9    13     0     0   -83.0  -77.607   73.515   1535.7    533.5
     1     1     8     1     9    12     0     0   -84.0  -77.538   72.546   1498.1    540.9
     1     1     8     1     9    11     0     0   -85.0  -77.476   71.591   1461.2    548.9
     1     1     8     1     9    10     0     0   -86.0  -77.426   70.738   1429.1    555.8
     1     1     8     1     9     9     0     0   -87.0  -77.387   69.988   1402.3    561.5
     1     1     8     1     9     8     0     0   -88.0  -77.359   69.335   1380.9    565.8
     1     1     8     1     9     7     0     0   -89.0  -77.341   68.772   1365.2    569.2
     1     1     8     1     9     6     0     0   -90.0  -77.333   68.295   1355.0    571.7
     1     1     8     1     9     5     0     0   -91.0  -77.336   67.871   1347.2    573.3
     1     1     8     1     9     4     0     0   -92.0  -77.351   67.469   1339.6    574.8
     1     1     8     1     9     3     0     0   -93.0  -77.379   67.095   1331.9    575.0
     1     1     8     1     9     2     0     0   -94.0  -77.419   66.755   1325.2    574.6
     1     1     8     1     9     1     0     0   -95.0  -77.474   66.451   1319.8    573.6
     1     1     8     1     9     0     0     0   -96.0  -77.542   66.189   1316.2    572.2
     1     1     8     1     8    23     0     0   -97.0  -77.622   65.965   1313.9    571.0
     1     1     8     1     8    22     0     0   -98.0  -77.713   65.769   1311.9    569.6
     1     1     8     1     8    21     0     0   -99.0  -77.815   65.601   1309.9    567.9
     1     1     8     1     8    20     0     0  -100.0  -77.928   65.460   1308.0    566.0
     1     1     8     1     8    19     0     0  -101.0  -78.053   65.345   1306.1    563.8
     1     1     8     1     8    18     0     0  -102.0  -78.189   65.254   1304.1    561.3
     1     1     8     1     8    17     0     0  -103.0  -78.328   65.159   1302.2    558.7
     1     1     8     1     8    16     0     0  -104.0  -78.460   65.029   1301.2    556.2
     1     1     8     1     8    15     0     0  -105.0  -78.587   64.859   1300.8    553.7
     1     1     8     1     8    14     0     0  -106.0  -78.709   64.644   1301.0    551.2
     1     1     8     1     8    13     0     0  -107.0  -78.825   64.381   1301.9    548.8
     1     1     8     1     8    12     0     0  -108.0  -78.937   64.067   1303.6    546.6
     1     1     8     1     8    11     0     0  -109.0  -79.048   63.730   1307.3    544.4
     1     1     8     1     8    10     0     0  -110.0  -79.162   63.402   1314.4    541.9
     1     1     8     1     8     9     0     0  -111.0  -79.280   63.081   1324.4    539.0
     1     1     8     1     8     8     0     0  -112.0  -79.400   62.763   1337.0    535.9
     1     1     8     1     8     7     0     0  -113.0  -79.522   62.448   1352.0    532.6
     1     1     8     1     8     6     0     0  -114.0  -79.647   62.132   1368.8    528.9
     1     1     8     1     8     5     0     0  -115.0  -79.774   61.797   1387.9    525.3
     1     1     8     1     8     4     0     0  -116.0  -79.900   61.422   1408.0    521.8
     1     1     8     1     8     3     0     0  -117.0  -80.025   61.007   1429.9    518.4
     1     1     8     1     8     2     0     0  -118.0  -80.148   60.551   1453.4    515.7
     1     1     8     1     8     1     0     0  -119.0  -80.268   60.056   1477.6    513.1
     1     1     8     1     8     0     0     0  -120.0  -80.387   59.517   1502.4    510.2
