    12     1
    CDC1     7     9     1     0     0
    CDC1     7    10     1     0     0
    CDC1     7    11     1     0     0
    CDC1     7    12     1     0     0
    CDC1     8     1     1     0     0
    CDC1     8     2     1     0     0
    CDC1     8     3     1     0     0
    CDC1     8     4     1     0     0
    CDC1     8     5     1     0     0
    CDC1     8     6     1     0     0
    CDC1     8     7     1     0     0
    CDC1     8     8     1     0     0
     1 BACKWARD OMEGA   
     8     1    24     0  -80.930  159.503  1000.0
     1 PRESSURE
     1     1     8     1    24     0     0     0     0.0  -80.930  159.503   1000.0    750.1
     1     1     8     1    23    23     0     0    -1.0  -80.955  160.411    982.5    759.6
     1     1     8     1    23    22     0     0    -2.0  -80.986  161.323    960.0    770.4
     1     1     8     1    23    21     0     0    -3.0  -81.020  162.239    932.4    781.8
     1     1     8     1    23    20     0     0    -4.0  -81.055  163.160    900.1    793.9
     1     1     8     1    23    19     0     0    -5.0  -81.089  164.089    864.6    805.9
     1     1     8     1    23    18     0     0    -6.0  -81.121  165.025    826.2    818.4
     1     1     8     1    23    17     0     0    -7.0  -81.153  165.956    788.5    830.8
     1     1     8     1    23    16     0     0    -8.0  -81.188  166.876    754.1    842.3
     1     1     8     1    23    15     0     0    -9.0  -81.226  167.783    722.6    853.0
     1     1     8     1    23    14     0     0   -10.0  -81.264  168.680    693.6    862.5
     1     1     8     1    23    13     0     0   -11.0  -81.302  169.563    666.9    871.8
     1     1     8     1    23    12     0     0   -12.0  -81.338  170.429    642.1    880.0
     1     1     8     1    23    11     0     0   -13.0  -81.373  171.273    617.2    886.9
     1     1     8     1    23    10     0     0   -14.0  -81.410  172.087    590.3    893.8
     1     1     8     1    23     9     0     0   -15.0  -81.450  172.872    560.9    900.3
     1     1     8     1    23     8     0     0   -16.0  -81.492  173.623    528.9    906.4
     1     1     8     1    23     7     0     0   -17.0  -81.533  174.338    493.9    912.8
     1     1     8     1    23     6     0     0   -18.0  -81.573  175.009    455.7    919.7
     1     1     8     1    23     5     0     0   -19.0  -81.613  175.681    418.4    926.2
     1     1     8     1    23     4     0     0   -20.0  -81.655  176.407    386.9    931.9
     1     1     8     1    23     3     0     0   -21.0  -81.699  177.211    361.1    936.5
     1     1     8     1    23     2     0     0   -22.0  -81.747  178.129    341.2    940.4
     1     1     8     1    23     1     0     0   -23.0  -81.796  179.183    326.5    944.0
     1     1     8     1    23     0     0     0   -24.0  -81.842 -179.621    316.1    947.3
     1     1     8     1    22    23     0     0   -25.0  -81.882 -178.341    308.0    950.0
     1     1     8     1    22    22     0     0   -26.0  -81.916 -177.031    300.2    952.3
     1     1     8     1    22    21     0     0   -27.0  -81.944 -175.696    292.5    954.1
     1     1     8     1    22    20     0     0   -28.0  -81.966 -174.345    284.7    955.5
     1     1     8     1    22    19     0     0   -29.0  -81.983 -172.987    277.0    956.2
     1     1     8     1    22    18     0     0   -30.0  -81.992 -171.630    269.2    957.2
     1     1     8     1    22    17     0     0   -31.0  -81.993 -170.278    261.9    958.2
     1     1     8     1    22    16     0     0   -32.0  -81.989 -168.943    255.5    958.7
     1     1     8     1    22    15     0     0   -33.0  -81.979 -167.627    249.9    959.2
     1     1     8     1    22    14     0     0   -34.0  -81.963 -166.330    244.8    958.9
     1     1     8     1    22    13     0     0   -35.0  -81.940 -165.061    240.2    958.2
     1     1     8     1    22    12     0     0   -36.0  -81.908 -163.822    236.1    957.8
     1     1     8     1    22    11     0     0   -37.0  -81.873 -162.636    233.0    957.1
     1     1     8     1    22    10     0     0   -38.0  -81.839 -161.520    232.1    955.9
     1     1     8     1    22     9     0     0   -39.0  -81.807 -160.463    233.3    954.2
     1     1     8     1    22     8     0     0   -40.0  -81.777 -159.456    236.7    952.0
     1     1     8     1    22     7     0     0   -41.0  -81.748 -158.490    242.4    949.6
     1     1     8     1    22     6     0     0   -42.0  -81.721 -157.558    250.4    947.1
     1     1     8     1    22     5     0     0   -43.0  -81.692 -156.617    259.5    944.3
     1     1     8     1    22     4     0     0   -44.0  -81.659 -155.629    268.7    941.6
     1     1     8     1    22     3     0     0   -45.0  -81.621 -154.597    278.0    938.6
     1     1     8     1    22     2     0     0   -46.0  -81.579 -153.525    287.3    935.6
     1     1     8     1    22     1     0     0   -47.0  -81.532 -152.416    296.7    932.5
     1     1     8     1    22     0     0     0   -48.0  -81.481 -151.273    306.2    928.0
     1     1     8     1    21    23     0     0   -49.0  -81.417 -150.129    318.0    922.9
     1     1     8     1    21    22     0     0   -50.0  -81.334 -149.036    332.8    917.2
     1     1     8     1    21    21     0     0   -51.0  -81.233 -148.013    349.4    910.8
     1     1     8     1    21    20     0     0   -52.0  -81.116 -147.043    368.5    903.6
     1     1     8     1    21    19     0     0   -53.0  -80.986 -146.103    392.5    894.8
     1     1     8     1    21    18     0     0   -54.0  -80.846 -145.181    423.4    884.4
     1     1     8     1    21    17     0     0   -55.0  -80.701 -144.290    459.4    872.8
     1     1     8     1    21    16     0     0   -56.0  -80.556 -143.444    497.5    861.3
     1     1     8     1    21    15     0     0   -57.0  -80.411 -142.647    536.5    849.8
     1     1     8     1    21    14     0     0   -58.0  -80.267 -141.901    574.6    838.5
     1     1     8     1    21    13     0     0   -59.0  -80.124 -141.207    610.5    827.7
     1     1     8     1    21    12     0     0   -60.0  -79.983 -140.561    643.0    817.2
     1     1     8     1    21    11     0     0   -61.0  -79.845 -139.955    674.1    809.8
     1     1     8     1    21    10     0     0   -62.0  -79.714 -139.374    704.8    802.5
     1     1     8     1    21     9     0     0   -63.0  -79.590 -138.813    735.0    795.2
     1     1     8     1    21     8     0     0   -64.0  -79.475 -138.268    764.6    787.9
     1     1     8     1    21     7     0     0   -65.0  -79.367 -137.735    793.8    780.6
     1     1     8     1    21     6     0     0   -66.0  -79.266 -137.215    822.8    773.4
     1     1     8     1    21     5     0     0   -67.0  -79.173 -136.691    850.1    766.2
     1     1     8     1    21     4     0     0   -68.0  -79.088 -136.144    873.8    759.4
     1     1     8     1    21     3     0     0   -69.0  -79.009 -135.574    893.9    752.8
     1     1     8     1    21     2     0     0   -70.0  -78.937 -134.979    910.8    746.2
     1     1     8     1    21     1     0     0   -71.0  -78.873 -134.358    924.6    740.3
     1     1     8     1    21     0     0     0   -72.0  -78.818 -133.706    935.1    734.7
     1     1     8     1    20    23     0     0   -73.0  -78.769 -133.031    943.7    729.4
     1     1     8     1    20    22     0     0   -74.0  -78.723 -132.340    951.5    724.2
     1     1     8     1    20    21     0     0   -75.0  -78.677 -131.641    957.8    719.8
     1     1     8     1    20    20     0     0   -76.0  -78.632 -130.939    961.8    715.7
     1     1     8     1    20    19     0     0   -77.0  -78.586 -130.236    963.2    711.7
     1     1     8     1    20    18     0     0   -78.0  -78.541 -129.527    962.8    708.4
     1     1     8     1    20    17     0     0   -79.0  -78.495 -128.808    962.9    705.2
     1     1     8     1    20    16     0     0   -80.0  -78.447 -128.083    965.5    701.6
     1     1     8     1    20    15     0     0   -81.0  -78.399 -127.356    970.5    698.2
     1     1     8     1    20    14     0     0   -82.0  -78.350 -126.630    977.7    695.5
     1     1     8     1    20    13     0     0   -83.0  -78.303 -125.909    986.7    692.6
     1     1     8     1    20    12     0     0   -84.0  -78.259 -125.201    997.2    689.6
     1     1     8     1    20    11     0     0   -85.0  -78.219 -124.493   1007.6    687.6
     1     1     8     1    20    10     0     0   -86.0  -78.186 -123.774   1016.7    686.5
     1     1     8     1    20     9     0     0   -87.0  -78.157 -123.046   1024.1    685.9
     1     1     8     1    20     8     0     0   -88.0  -78.132 -122.313   1030.2    685.8
     1     1     8     1    20     7     0     0   -89.0  -78.111 -121.578   1035.4    686.4
     1     1     8     1    20     6     0     0   -90.0  -78.094 -120.843   1039.8    687.3
     1     1     8     1    20     5     0     0   -91.0  -78.074 -120.106   1041.2    688.1
     1     1     8     1    20     4     0     0   -92.0  -78.045 -119.359   1038.8    689.9
     1     1     8     1    20     3     0     0   -93.0  -78.008 -118.605   1032.4    692.2
     1     1     8     1    20     2     0     0   -94.0  -77.961 -117.845   1022.2    695.0
     1     1     8     1    20     1     0     0   -95.0  -77.905 -117.076   1008.6    698.4
     1     1     8     1    20     0     0     0   -96.0  -77.839 -116.295    992.3    702.7
     1     1     8     1    19    23     0     0   -97.0  -77.768 -115.480    976.8    708.1
     1     1     8     1    19    22     0     0   -98.0  -77.699 -114.618    964.8    713.1
     1     1     8     1    19    21     0     0   -99.0  -77.631 -113.711    955.7    718.2
     1     1     8     1    19    20     0     0  -100.0  -77.567 -112.761    949.3    723.6
     1     1     8     1    19    19     0     0  -101.0  -77.507 -111.772    944.6    727.8
     1     1     8     1    19    18     0     0  -102.0  -77.453 -110.754    942.3    732.2
     1     1     8     1    19    17     0     0  -103.0  -77.408 -109.718    938.9    736.1
     1     1     8     1    19    16     0     0  -104.0  -77.370 -108.666    932.1    740.0
     1     1     8     1    19    15     0     0  -105.0  -77.339 -107.592    923.0    743.8
     1     1     8     1    19    14     0     0  -106.0  -77.318 -106.496    911.2    745.4
     1     1     8     1    19    13     0     0  -107.0  -77.305 -105.378    898.2    746.4
     1     1     8     1    19    12     0     0  -108.0  -77.303 -104.243    884.3    746.0
     1     1     8     1    19    11     0     0  -109.0  -77.308 -103.102    870.9    744.6
     1     1     8     1    19    10     0     0  -110.0  -77.319 -101.965    858.6    742.5
     1     1     8     1    19     9     0     0  -111.0  -77.338 -100.839    846.5    739.6
     1     1     8     1    19     8     0     0  -112.0  -77.362  -99.726    834.1    736.7
     1     1     8     1    19     7     0     0  -113.0  -77.394  -98.621    821.5    734.4
     1     1     8     1    19     6     0     0  -114.0  -77.434  -97.524    807.8    731.7
     1     1     8     1    19     5     0     0  -115.0  -77.477  -96.459    794.1    731.5
     1     1     8     1    19     4     0     0  -116.0  -77.520  -95.450    780.1    731.8
     1     1     8     1    19     3     0     0  -117.0  -77.559  -94.494    766.3    733.2
     1     1     8     1    19     2     0     0  -118.0  -77.595  -93.591    753.2    735.4
     1     1     8     1    19     1     0     0  -119.0  -77.625  -92.734    740.7    737.6
     1     1     8     1    19     0     0     0  -120.0  -77.650  -91.920    729.2    741.1
