    12     1
    CDC1     7     9     1     0     0
    CDC1     7    10     1     0     0
    CDC1     7    11     1     0     0
    CDC1     7    12     1     0     0
    CDC1     8     1     1     0     0
    CDC1     8     2     1     0     0
    CDC1     8     3     1     0     0
    CDC1     8     4     1     0     0
    CDC1     8     5     1     0     0
    CDC1     8     6     1     0     0
    CDC1     8     7     1     0     0
    CDC1     8     8     1     0     0
     1 BACKWARD OMEGA   
     8     7    21     0  -80.930  159.503  1000.0
     1 PRESSURE
     1     1     8     7    21     0     0     0     0.0  -80.930  159.503   1000.0    732.1
     1     1     8     7    20    23     0     0    -1.0  -80.808  159.124    995.1    730.4
     1     1     8     7    20    22     0     0    -2.0  -80.716  158.666    997.1    726.1
     1     1     8     7    20    21     0     0    -3.0  -80.653  158.136   1004.4    720.2
     1     1     8     7    20    20     0     0    -4.0  -80.616  157.538   1015.8    713.0
     1     1     8     7    20    19     0     0    -5.0  -80.602  156.895   1033.1    705.3
     1     1     8     7    20    18     0     0    -6.0  -80.608  156.239   1058.9    696.5
     1     1     8     7    20    17     0     0    -7.0  -80.620  155.591   1088.4    686.8
     1     1     8     7    20    16     0     0    -8.0  -80.629  154.951   1116.3    678.2
     1     1     8     7    20    15     0     0    -9.0  -80.634  154.306   1143.0    670.6
     1     1     8     7    20    14     0     0   -10.0  -80.636  153.646   1168.1    663.1
     1     1     8     7    20    13     0     0   -11.0  -80.632  152.963   1192.3    655.6
     1     1     8     7    20    12     0     0   -12.0  -80.621  152.249   1216.3    648.2
     1     1     8     7    20    11     0     0   -13.0  -80.606  151.503   1242.0    640.9
     1     1     8     7    20    10     0     0   -14.0  -80.589  150.729   1270.9    633.0
     1     1     8     7    20     9     0     0   -15.0  -80.568  149.931   1302.8    624.8
     1     1     8     7    20     8     0     0   -16.0  -80.545  149.111   1338.2    617.5
     1     1     8     7    20     7     0     0   -17.0  -80.521  148.270   1376.1    610.0
     1     1     8     7    20     6     0     0   -18.0  -80.496  147.409   1416.6    602.3
     1     1     8     7    20     5     0     0   -19.0  -80.472  146.596   1456.9    595.3
     1     1     8     7    20     4     0     0   -20.0  -80.450  145.901   1493.1    589.4
     1     1     8     7    20     3     0     0   -21.0  -80.432  145.326   1525.5    584.3
     1     1     8     7    20     2     0     0   -22.0  -80.417  144.873   1554.5    580.1
     1     1     8     7    20     1     0     0   -23.0  -80.407  144.539   1580.3    576.9
     1     1     8     7    20     0     0     0   -24.0  -80.400  144.326   1602.5    574.4
     1     1     8     7    19    23     0     0   -25.0  -80.403  144.187   1620.6    572.5
     1     1     8     7    19    22     0     0   -26.0  -80.424  144.083   1631.8    571.4
     1     1     8     7    19    21     0     0   -27.0  -80.461  144.018   1636.5    571.0
     1     1     8     7    19    20     0     0   -28.0  -80.514  144.000   1634.7    571.3
     1     1     8     7    19    19     0     0   -29.0  -80.582  144.036   1626.5    572.3
     1     1     8     7    19    18     0     0   -30.0  -80.667  144.131   1612.2    574.0
     1     1     8     7    19    17     0     0   -31.0  -80.767  144.292   1595.7    576.2
     1     1     8     7    19    16     0     0   -32.0  -80.882  144.523   1581.2    578.2
     1     1     8     7    19    15     0     0   -33.0  -81.012  144.827   1569.0    580.1
     1     1     8     7    19    14     0     0   -34.0  -81.158  145.209   1559.8    582.1
     1     1     8     7    19    13     0     0   -35.0  -81.320  145.670   1554.2    584.4
     1     1     8     7    19    12     0     0   -36.0  -81.498  146.214   1552.5    586.7
     1     1     8     7    19    11     0     0   -37.0  -81.683  146.865   1554.8    589.1
     1     1     8     7    19    10     0     0   -38.0  -81.866  147.647   1558.5    592.1
     1     1     8     7    19     9     0     0   -39.0  -82.048  148.567   1565.2    596.2
     1     1     8     7    19     8     0     0   -40.0  -82.232  149.633   1574.4    600.8
     1     1     8     7    19     7     0     0   -41.0  -82.420  150.848   1587.2    606.5
     1     1     8     7    19     6     0     0   -42.0  -82.621  152.234   1601.7    609.6
     1     1     8     7    19     5     0     0   -43.0  -82.840  153.849   1614.3    610.2
     1     1     8     7    19     4     0     0   -44.0  -83.080  155.765   1618.9    612.9
     1     1     8     7    19     3     0     0   -45.0  -83.336  158.049   1615.3    617.8
     1     1     8     7    19     2     0     0   -46.0  -83.596  160.795   1602.8    624.3
     1     1     8     7    19     1     0     0   -47.0  -83.844  164.068   1579.5    633.2
     1     1     8     7    19     0     0     0   -48.0  -84.061  167.838   1545.6    644.5
     1     1     8     7    18    23     0     0   -49.0  -84.240  172.121   1507.1    657.9
     1     1     8     7    18    22     0     0   -50.0  -84.376  176.983   1464.6    674.4
     1     1     8     7    18    21     0     0   -51.0  -84.460 -177.686   1418.2    694.3
     1     1     8     7    18    20     0     0   -52.0  -84.482 -172.108   1365.4    716.6
     1     1     8     7    18    19     0     0   -53.0  -84.430 -166.523   1309.6    738.3
     1     1     8     7    18    18     0     0   -54.0  -84.285 -161.082   1255.9    758.1
     1     1     8     7    18    17     0     0   -55.0  -84.068 -156.105   1213.5    773.2
     1     1     8     7    18    16     0     0   -56.0  -83.799 -151.750   1185.0    784.5
     1     1     8     7    18    15     0     0   -57.0  -83.486 -148.049   1171.0    793.2
     1     1     8     7    18    14     0     0   -58.0  -83.134 -145.010   1171.4    799.8
     1     1     8     7    18    13     0     0   -59.0  -82.747 -142.662   1186.0    805.9
     1     1     8     7    18    12     0     0   -60.0  -82.327 -141.002   1207.9    801.9
     1     1     8     7    18    11     0     0   -61.0  -81.870 -139.679   1224.4    783.3
     1     1     8     7    18    10     0     0   -62.0  -81.363 -138.557   1239.5    762.9
     1     1     8     7    18     9     0     0   -63.0  -80.802 -137.715   1249.0    742.2
     1     1     8     7    18     8     0     0   -64.0  -80.180 -137.233   1250.2    721.6
     1     1     8     7    18     7     0     0   -65.0  -79.523 -137.068   1248.5    707.5
     1     1     8     7    18     6     0     0   -66.0  -78.870 -137.068   1248.7    695.8
     1     1     8     7    18     5     0     0   -67.0  -78.249 -137.166   1250.7    685.1
     1     1     8     7    18     4     0     0   -68.0  -77.668 -137.350   1254.2    675.7
     1     1     8     7    18     3     0     0   -69.0  -77.137 -137.608   1267.5    686.0
     1     1     8     7    18     2     0     0   -70.0  -76.669 -137.909   1281.2    702.8
     1     1     8     7    18     1     0     0   -71.0  -76.261 -138.251   1289.1    717.8
     1     1     8     7    18     0     0     0   -72.0  -75.910 -138.648   1290.5    731.3
     1     1     8     7    17    23     0     0   -73.0  -75.608 -139.068   1286.6    744.3
     1     1     8     7    17    22     0     0   -74.0  -75.350 -139.467   1280.0    755.5
     1     1     8     7    17    21     0     0   -75.0  -75.133 -139.834   1271.6    765.0
     1     1     8     7    17    20     0     0   -76.0  -74.952 -140.160   1262.4    772.2
     1     1     8     7    17    19     0     0   -77.0  -74.801 -140.433   1253.3    776.6
     1     1     8     7    17    18     0     0   -78.0  -74.675 -140.647   1246.1    779.9
     1     1     8     7    17    17     0     0   -79.0  -74.567 -140.802   1240.6    782.7
     1     1     8     7    17    16     0     0   -80.0  -74.471 -140.896   1237.1    784.8
     1     1     8     7    17    15     0     0   -81.0  -74.384 -140.921   1234.9    786.4
     1     1     8     7    17    14     0     0   -82.0  -74.304 -140.868   1233.6    787.5
     1     1     8     7    17    13     0     0   -83.0  -74.226 -140.731   1232.9    788.3
     1     1     8     7    17    12     0     0   -84.0  -74.148 -140.502   1232.3    788.9
     1     1     8     7    17    11     0     0   -85.0  -74.068 -140.195   1229.7    789.9
     1     1     8     7    17    10     0     0   -86.0  -73.987 -139.824   1221.8    791.5
     1     1     8     7    17     9     0     0   -87.0  -73.902 -139.390   1208.2    793.6
     1     1     8     7    17     8     0     0   -88.0  -73.812 -138.893   1188.5    796.5
     1     1     8     7    17     7     0     0   -89.0  -73.714 -138.334   1162.3    800.2
     1     1     8     7    17     6     0     0   -90.0  -73.606 -137.714   1129.2    805.0
     1     1     8     7    17     5     0     0   -91.0  -73.483 -137.042   1093.7    810.6
     1     1     8     7    17     4     0     0   -92.0  -73.342 -136.332   1059.0    816.4
     1     1     8     7    17     3     0     0   -93.0  -73.180 -135.591   1025.3    823.1
     1     1     8     7    17     2     0     0   -94.0  -72.996 -134.824    992.3    830.9
     1     1     8     7    17     1     0     0   -95.0  -72.791 -134.043    959.6    840.0
     1     1     8     7    17     0     0     0   -96.0  -72.564 -133.255    926.6    850.3
     1     1     8     7    16    23     0     0   -97.0  -72.311 -132.529    889.8    855.2
     1     1     8     7    16    22     0     0   -98.0  -72.029 -131.950    850.8    858.0
     1     1     8     7    16    21     0     0   -99.0  -71.720 -131.538    810.9    861.0
     1     1     8     7    16    20     0     0  -100.0  -71.389 -131.294    770.9    863.8
     1     1     8     7    16    19     0     0  -101.0  -71.040 -131.219    730.9    866.4
     1     1     8     7    16    18     0     0  -102.0  -70.679 -131.309    691.3    868.8
     1     1     8     7    16    17     0     0  -103.0  -70.306 -131.536    652.5    871.7
     1     1     8     7    16    16     0     0  -104.0  -69.920 -131.857    613.4    875.4
     1     1     8     7    16    15     0     0  -105.0  -69.522 -132.220    576.1    882.5
     1     1     8     7    16    14     0     0  -106.0  -69.110 -132.596    540.5    889.2
     1     1     8     7    16    13     0     0  -107.0  -68.686 -132.981    505.9    895.9
     1     1     8     7    16    12     0     0  -108.0  -68.250 -133.373    471.7    902.3
     1     1     8     7    16    11     0     0  -109.0  -67.805 -133.808    439.8    908.7
     1     1     8     7    16    10     0     0  -110.0  -67.353 -134.320    411.2    914.2
     1     1     8     7    16     9     0     0  -111.0  -66.900 -134.899    385.3    917.8
     1     1     8     7    16     8     0     0  -112.0  -66.452 -135.532    361.5    920.5
     1     1     8     7    16     7     0     0  -113.0  -66.009 -136.199    337.8    923.1
     1     1     8     7    16     6     0     0  -114.0  -65.568 -136.887    312.5    925.8
     1     1     8     7    16     5     0     0  -115.0  -65.138 -137.618    285.8    928.7
     1     1     8     7    16     4     0     0  -116.0  -64.731 -138.416    260.2    933.1
     1     1     8     7    16     3     0     0  -117.0  -64.350 -139.277    236.5    938.2
     1     1     8     7    16     2     0     0  -118.0  -63.992 -140.194    214.9    943.3
     1     1     8     7    16     1     0     0  -119.0  -63.655 -141.163    195.3    947.5
     1     1     8     7    16     0     0     0  -120.0  -63.336 -142.184    177.5    950.9
