    12     1
    CDC1     7     9     1     0     0
    CDC1     7    10     1     0     0
    CDC1     7    11     1     0     0
    CDC1     7    12     1     0     0
    CDC1     8     1     1     0     0
    CDC1     8     2     1     0     0
    CDC1     8     3     1     0     0
    CDC1     8     4     1     0     0
    CDC1     8     5     1     0     0
    CDC1     8     6     1     0     0
    CDC1     8     7     1     0     0
    CDC1     8     8     1     0     0
     1 BACKWARD OMEGA   
     8     3     5     0  -80.930  159.503  1000.0
     1 PRESSURE
     1     1     8     3     5     0     0     0     0.0  -80.930  159.503   1000.0    744.0
     1     1     8     3     4    23     0     0    -1.0  -81.080  160.786    965.7    758.9
     1     1     8     3     4    22     0     0    -2.0  -81.219  162.213    935.0    774.8
     1     1     8     3     4    21     0     0    -3.0  -81.345  163.800    906.8    791.4
     1     1     8     3     4    20     0     0    -4.0  -81.457  165.570    880.1    808.6
     1     1     8     3     4    19     0     0    -5.0  -81.553  167.554    854.3    826.7
     1     1     8     3     4    18     0     0    -6.0  -81.629  169.767    829.7    844.7
     1     1     8     3     4    17     0     0    -7.0  -81.686  172.112    807.1    861.4
     1     1     8     3     4    16     0     0    -8.0  -81.726  174.464    786.5    874.2
     1     1     8     3     4    15     0     0    -9.0  -81.743  176.790    766.0    885.2
     1     1     8     3     4    14     0     0   -10.0  -81.733  179.056    744.5    893.8
     1     1     8     3     4    13     0     0   -11.0  -81.695 -178.771    721.1    900.5
     1     1     8     3     4    12     0     0   -12.0  -81.627 -176.727    695.3    905.7
     1     1     8     3     4    11     0     0   -13.0  -81.545 -174.828    671.2    909.4
     1     1     8     3     4    10     0     0   -14.0  -81.464 -173.055    652.7    910.8
     1     1     8     3     4     9     0     0   -15.0  -81.384 -171.409    639.8    911.2
     1     1     8     3     4     8     0     0   -16.0  -81.305 -169.892    632.3    910.2
     1     1     8     3     4     7     0     0   -17.0  -81.226 -168.503    629.6    908.2
     1     1     8     3     4     6     0     0   -18.0  -81.146 -167.244    631.5    905.6
     1     1     8     3     4     5     0     0   -19.0  -81.061 -166.149    634.9    903.1
     1     1     8     3     4     4     0     0   -20.0  -80.966 -165.257    637.3    900.9
     1     1     8     3     4     3     0     0   -21.0  -80.865 -164.571    637.9    899.0
     1     1     8     3     4     2     0     0   -22.0  -80.758 -164.089    636.1    897.5
     1     1     8     3     4     1     0     0   -23.0  -80.649 -163.806    631.6    896.6
     1     1     8     3     4     0     0     0   -24.0  -80.538 -163.715    624.0    896.3
     1     1     8     3     3    23     0     0   -25.0  -80.436 -163.703    616.2    896.6
     1     1     8     3     3    22     0     0   -26.0  -80.352 -163.648    610.1    896.5
     1     1     8     3     3    21     0     0   -27.0  -80.286 -163.540    605.9    896.2
     1     1     8     3     3    20     0     0   -28.0  -80.238 -163.366    603.8    895.8
     1     1     8     3     3    19     0     0   -29.0  -80.207 -163.116    603.6    895.2
     1     1     8     3     3    18     0     0   -30.0  -80.193 -162.780    605.8    894.4
     1     1     8     3     3    17     0     0   -31.0  -80.183 -162.435    609.9    892.9
     1     1     8     3     3    16     0     0   -32.0  -80.165 -162.172    615.2    891.3
     1     1     8     3     3    15     0     0   -33.0  -80.140 -161.993    621.6    889.7
     1     1     8     3     3    14     0     0   -34.0  -80.109 -161.902    628.9    888.1
     1     1     8     3     3    13     0     0   -35.0  -80.072 -161.901    636.8    886.4
     1     1     8     3     3    12     0     0   -36.0  -80.031 -161.994    645.1    884.9
     1     1     8     3     3    11     0     0   -37.0  -79.991 -162.130    654.3    884.2
     1     1     8     3     3    10     0     0   -38.0  -79.958 -162.245    665.9    883.7
     1     1     8     3     3     9     0     0   -39.0  -79.931 -162.331    679.9    882.7
     1     1     8     3     3     8     0     0   -40.0  -79.910 -162.386    696.4    881.3
     1     1     8     3     3     7     0     0   -41.0  -79.893 -162.407    715.5    879.5
     1     1     8     3     3     6     0     0   -42.0  -79.880 -162.391    737.4    877.4
     1     1     8     3     3     5     0     0   -43.0  -79.866 -162.332    757.4    875.0
     1     1     8     3     3     4     0     0   -44.0  -79.850 -162.224    771.2    873.9
     1     1     8     3     3     3     0     0   -45.0  -79.832 -162.070    778.8    873.4
     1     1     8     3     3     2     0     0   -46.0  -79.811 -161.869    780.1    873.7
     1     1     8     3     3     1     0     0   -47.0  -79.788 -161.623    775.4    874.6
     1     1     8     3     3     0     0     0   -48.0  -79.763 -161.330    764.8    876.1
     1     1     8     3     2    23     0     0   -49.0  -79.739 -160.978    751.3    878.2
     1     1     8     3     2    22     0     0   -50.0  -79.716 -160.549    738.7    879.6
     1     1     8     3     2    21     0     0   -51.0  -79.696 -160.040    726.9    880.8
     1     1     8     3     2    20     0     0   -52.0  -79.677 -159.450    716.3    881.6
     1     1     8     3     2    19     0     0   -53.0  -79.659 -158.780    707.2    882.3
     1     1     8     3     2    18     0     0   -54.0  -79.642 -158.028    699.8    882.8
     1     1     8     3     2    17     0     0   -55.0  -79.618 -157.207    695.2    882.0
     1     1     8     3     2    16     0     0   -56.0  -79.578 -156.333    694.0    880.2
     1     1     8     3     2    15     0     0   -57.0  -79.521 -155.412    696.4    878.1
     1     1     8     3     2    14     0     0   -58.0  -79.444 -154.447    702.0    875.3
     1     1     8     3     2    13     0     0   -59.0  -79.348 -153.445    710.6    871.5
     1     1     8     3     2    12     0     0   -60.0  -79.232 -152.409    722.1    867.2
     1     1     8     3     2    11     0     0   -61.0  -79.098 -151.382    737.0    862.8
     1     1     8     3     2    10     0     0   -62.0  -78.948 -150.405    754.8    857.7
     1     1     8     3     2     9     0     0   -63.0  -78.782 -149.470    775.0    851.7
     1     1     8     3     2     8     0     0   -64.0  -78.597 -148.574    796.6    845.0
     1     1     8     3     2     7     0     0   -65.0  -78.392 -147.714    818.9    838.2
     1     1     8     3     2     6     0     0   -66.0  -78.166 -146.880    840.5    830.7
     1     1     8     3     2     5     0     0   -67.0  -77.921 -146.015    860.2    822.6
     1     1     8     3     2     4     0     0   -68.0  -77.660 -145.056    876.9    813.6
     1     1     8     3     2     3     0     0   -69.0  -77.382 -144.006    890.9    805.3
     1     1     8     3     2     2     0     0   -70.0  -77.095 -142.890    904.0    801.4
     1     1     8     3     2     1     0     0   -71.0  -76.804 -141.721    915.1    798.9
     1     1     8     3     2     0     0     0   -72.0  -76.514 -140.499    924.6    797.9
     1     1     8     3     1    23     0     0   -73.0  -76.224 -139.224    931.2    797.4
     1     1     8     3     1    22     0     0   -74.0  -75.935 -137.896    932.9    797.8
     1     1     8     3     1    21     0     0   -75.0  -75.644 -136.506    931.2    799.7
     1     1     8     3     1    20     0     0   -76.0  -75.347 -135.041    927.6    802.6
     1     1     8     3     1    19     0     0   -77.0  -75.046 -133.511    921.7    806.4
     1     1     8     3     1    18     0     0   -78.0  -74.747 -131.968    912.4    810.1
     1     1     8     3     1    17     0     0   -79.0  -74.461 -130.455    900.1    816.0
     1     1     8     3     1    16     0     0   -80.0  -74.197 -128.966    883.9    823.9
     1     1     8     3     1    15     0     0   -81.0  -73.951 -127.496    865.3    832.9
     1     1     8     3     1    14     0     0   -82.0  -73.723 -126.039    845.9    844.4
     1     1     8     3     1    13     0     0   -83.0  -73.514 -124.587    825.6    856.0
     1     1     8     3     1    12     0     0   -84.0  -73.326 -123.135    805.6    867.7
     1     1     8     3     1    11     0     0   -85.0  -73.157 -121.691    785.8    878.5
     1     1     8     3     1    10     0     0   -86.0  -73.008 -120.262    765.8    888.1
     1     1     8     3     1     9     0     0   -87.0  -72.882 -118.853    746.3    896.2
     1     1     8     3     1     8     0     0   -88.0  -72.781 -117.470    727.5    902.8
     1     1     8     3     1     7     0     0   -89.0  -72.707 -116.119    710.0    907.7
     1     1     8     3     1     6     0     0   -90.0  -72.661 -114.804    694.4    911.0
     1     1     8     3     1     5     0     0   -91.0  -72.646 -113.512    679.4    912.8
     1     1     8     3     1     4     0     0   -92.0  -72.658 -112.223    664.2    914.6
     1     1     8     3     1     3     0     0   -93.0  -72.693 -110.931    649.5    916.2
     1     1     8     3     1     2     0     0   -94.0  -72.746 -109.631    636.3    917.7
     1     1     8     3     1     1     0     0   -95.0  -72.808 -108.325    625.1    918.2
     1     1     8     3     1     0     0     0   -96.0  -72.874 -107.022    616.9    918.4
     1     1     8     2    29    23     0     0   -97.0  -72.933 -105.744    612.7    918.5
     1     1     8     2    29    22     0     0   -98.0  -72.978 -104.511    612.6    917.5
     1     1     8     2    29    21     0     0   -99.0  -73.007 -103.330    616.3    915.4
     1     1     8     2    29    20     0     0  -100.0  -73.021 -102.204    623.8    913.0
     1     1     8     2    29    19     0     0  -101.0  -73.019 -101.140    634.8    909.4
     1     1     8     2    29    18     0     0  -102.0  -73.003 -100.145    649.5    905.7
     1     1     8     2    29    17     0     0  -103.0  -72.979  -99.192    664.9    900.2
     1     1     8     2    29    16     0     0  -104.0  -72.954  -98.250    679.3    895.1
     1     1     8     2    29    15     0     0  -105.0  -72.931  -97.323    692.6    890.3
     1     1     8     2    29    14     0     0  -106.0  -72.911  -96.416    704.6    885.7
     1     1     8     2    29    13     0     0  -107.0  -72.897  -95.536    715.3    881.3
     1     1     8     2    29    12     0     0  -108.0  -72.891  -94.686    724.9    877.4
     1     1     8     2    29    11     0     0  -109.0  -72.885  -93.872    734.5    874.1
     1     1     8     2    29    10     0     0  -110.0  -72.868  -93.082    744.3    871.1
     1     1     8     2    29     9     0     0  -111.0  -72.846  -92.303    755.0    868.7
     1     1     8     2    29     8     0     0  -112.0  -72.819  -91.519    767.1    867.7
     1     1     8     2    29     7     0     0  -113.0  -72.792  -90.719    780.9    866.4
     1     1     8     2    29     6     0     0  -114.0  -72.767  -89.889    797.3    864.9
     1     1     8     2    29     5     0     0  -115.0  -72.750  -89.047    818.2    865.5
     1     1     8     2    29     4     0     0  -116.0  -72.745  -88.220    844.3    865.1
     1     1     8     2    29     3     0     0  -117.0  -72.753  -87.416    876.0    864.0
     1     1     8     2    29     2     0     0  -118.0  -72.777  -86.648    913.9    863.7
     1     1     8     2    29     1     0     0  -119.0  -72.817  -85.928    957.5    861.8
     1     1     8     2    29     0     0     0  -120.0  -72.875  -85.270   1007.1    858.1
