    12     1
    CDC1     7     9     1     0     0
    CDC1     7    10     1     0     0
    CDC1     7    11     1     0     0
    CDC1     7    12     1     0     0
    CDC1     8     1     1     0     0
    CDC1     8     2     1     0     0
    CDC1     8     3     1     0     0
    CDC1     8     4     1     0     0
    CDC1     8     5     1     0     0
    CDC1     8     6     1     0     0
    CDC1     8     7     1     0     0
    CDC1     8     8     1     0     0
     1 BACKWARD OMEGA   
     8     3    20     0  -80.930  159.503  1000.0
     1 PRESSURE
     1     1     8     3    20     0     0     0     0.0  -80.930  159.503   1000.0    739.1
     1     1     8     3    19    23     0     0    -1.0  -81.031  160.695    983.3    753.0
     1     1     8     3    19    22     0     0    -2.0  -81.139  161.872    976.4    765.3
     1     1     8     3    19    21     0     0    -3.0  -81.253  163.045    978.6    775.7
     1     1     8     3    19    20     0     0    -4.0  -81.372  164.230    988.7    784.4
     1     1     8     3    19    19     0     0    -5.0  -81.496  165.442   1005.5    791.7
     1     1     8     3    19    18     0     0    -6.0  -81.621  166.694   1028.6    798.0
     1     1     8     3    19    17     0     0    -7.0  -81.751  168.006   1052.3    803.6
     1     1     8     3    19    16     0     0    -8.0  -81.892  169.390   1070.2    809.8
     1     1     8     3    19    15     0     0    -9.0  -82.044  170.850   1083.5    815.5
     1     1     8     3    19    14     0     0   -10.0  -82.206  172.386   1092.8    820.8
     1     1     8     3    19    13     0     0   -11.0  -82.381  174.004   1099.4    826.4
     1     1     8     3    19    12     0     0   -12.0  -82.569  175.714   1102.7    828.9
     1     1     8     3    19    11     0     0   -13.0  -82.750  177.537   1100.4    825.1
     1     1     8     3    19    10     0     0   -14.0  -82.908  179.469   1095.0    823.5
     1     1     8     3    19     9     0     0   -15.0  -83.042 -178.509   1086.5    822.2
     1     1     8     3    19     8     0     0   -16.0  -83.152 -176.411   1075.1    822.4
     1     1     8     3    19     7     0     0   -17.0  -83.238 -174.249   1060.8    823.8
     1     1     8     3    19     6     0     0   -18.0  -83.302 -172.033   1044.2    825.5
     1     1     8     3    19     5     0     0   -19.0  -83.340 -169.696   1031.8    828.7
     1     1     8     3    19     4     0     0   -20.0  -83.352 -167.307   1026.8    831.1
     1     1     8     3    19     3     0     0   -21.0  -83.345 -164.948   1027.7    833.3
     1     1     8     3    19     2     0     0   -22.0  -83.321 -162.643   1034.9    834.5
     1     1     8     3    19     1     0     0   -23.0  -83.279 -160.416   1047.7    835.1
     1     1     8     3    19     0     0     0   -24.0  -83.217 -158.298   1066.0    835.4
     1     1     8     3    18    23     0     0   -25.0  -83.139 -156.269   1090.1    835.1
     1     1     8     3    18    22     0     0   -26.0  -83.048 -154.288   1120.2    834.2
     1     1     8     3    18    21     0     0   -27.0  -82.942 -152.370   1156.3    832.7
     1     1     8     3    18    20     0     0   -28.0  -82.824 -150.537   1198.6    830.9
     1     1     8     3    18    19     0     0   -29.0  -82.696 -148.805   1246.6    828.1
     1     1     8     3    18    18     0     0   -30.0  -82.557 -147.180   1300.2    824.5
     1     1     8     3    18    17     0     0   -31.0  -82.400 -145.695   1350.7    815.6
     1     1     8     3    18    16     0     0   -32.0  -82.221 -144.379   1391.8    804.4
     1     1     8     3    18    15     0     0   -33.0  -82.022 -143.231   1425.4    793.2
     1     1     8     3    18    14     0     0   -34.0  -81.803 -142.239   1452.3    782.4
     1     1     8     3    18    13     0     0   -35.0  -81.568 -141.392   1473.0    771.9
     1     1     8     3    18    12     0     0   -36.0  -81.318 -140.676   1487.9    761.8
     1     1     8     3    18    11     0     0   -37.0  -81.044 -140.103   1497.2    751.8
     1     1     8     3    18    10     0     0   -38.0  -80.738 -139.690   1497.4    742.1
     1     1     8     3    18     9     0     0   -39.0  -80.402 -139.433   1489.2    733.0
     1     1     8     3    18     8     0     0   -40.0  -80.038 -139.330   1472.8    724.3
     1     1     8     3    18     7     0     0   -41.0  -79.661 -139.297   1452.7    721.2
     1     1     8     3    18     6     0     0   -42.0  -79.286 -139.230   1428.2    718.8
     1     1     8     3    18     5     0     0   -43.0  -78.931 -139.103   1407.3    717.2
     1     1     8     3    18     4     0     0   -44.0  -78.611 -138.916   1394.6    713.8
     1     1     8     3    18     3     0     0   -45.0  -78.322 -138.673   1389.4    709.5
     1     1     8     3    18     2     0     0   -46.0  -78.060 -138.381   1390.5    704.3
     1     1     8     3    18     1     0     0   -47.0  -77.824 -138.042   1396.8    698.3
     1     1     8     3    18     0     0     0   -48.0  -77.613 -137.660   1407.6    691.7
     1     1     8     3    17    23     0     0   -49.0  -77.416 -137.260   1419.5    687.6
     1     1     8     3    17    22     0     0   -50.0  -77.223 -136.852   1431.2    689.7
     1     1     8     3    17    21     0     0   -51.0  -77.035 -136.428   1439.1    692.0
     1     1     8     3    17    20     0     0   -52.0  -76.852 -135.979   1443.3    694.7
     1     1     8     3    17    19     0     0   -53.0  -76.673 -135.500   1444.3    697.7
     1     1     8     3    17    18     0     0   -54.0  -76.497 -134.984   1442.4    700.7
     1     1     8     3    17    17     0     0   -55.0  -76.324 -134.421   1438.2    704.5
     1     1     8     3    17    16     0     0   -56.0  -76.149 -133.803   1430.1    708.3
     1     1     8     3    17    15     0     0   -57.0  -75.973 -133.124   1418.7    712.2
     1     1     8     3    17    14     0     0   -58.0  -75.794 -132.375   1404.2    716.5
     1     1     8     3    17    13     0     0   -59.0  -75.610 -131.551   1387.1    721.8
     1     1     8     3    17    12     0     0   -60.0  -75.421 -130.645   1367.1    727.3
     1     1     8     3    17    11     0     0   -61.0  -75.233 -129.673   1347.5    733.1
     1     1     8     3    17    10     0     0   -62.0  -75.049 -128.678   1332.4    738.7
     1     1     8     3    17     9     0     0   -63.0  -74.870 -127.701   1320.6    744.0
     1     1     8     3    17     8     0     0   -64.0  -74.694 -126.776   1312.7    750.8
     1     1     8     3    17     7     0     0   -65.0  -74.520 -125.913   1308.4    757.7
     1     1     8     3    17     6     0     0   -66.0  -74.349 -125.111   1307.6    764.2
     1     1     8     3    17     5     0     0   -67.0  -74.180 -124.323   1306.9    771.7
     1     1     8     3    17     4     0     0   -68.0  -74.012 -123.506   1301.5    780.3
     1     1     8     3    17     3     0     0   -69.0  -73.845 -122.669   1291.2    789.4
     1     1     8     3    17     2     0     0   -70.0  -73.680 -121.821   1276.3    799.2
     1     1     8     3    17     1     0     0   -71.0  -73.518 -120.973   1257.1    809.0
     1     1     8     3    17     0     0     0   -72.0  -73.360 -120.137   1234.0    818.7
     1     1     8     3    16    23     0     0   -73.0  -73.205 -119.329   1210.9    828.8
     1     1     8     3    16    22     0     0   -74.0  -73.057 -118.564   1190.5    837.8
     1     1     8     3    16    21     0     0   -75.0  -72.915 -117.846   1173.0    845.7
     1     1     8     3    16    20     0     0   -76.0  -72.781 -117.175   1158.6    852.6
     1     1     8     3    16    19     0     0   -77.0  -72.657 -116.551   1147.7    858.3
     1     1     8     3    16    18     0     0   -78.0  -72.543 -115.975   1140.4    862.9
     1     1     8     3    16    17     0     0   -79.0  -72.438 -115.446   1134.1    864.3
     1     1     8     3    16    16     0     0   -80.0  -72.338 -114.961   1126.6    864.8
     1     1     8     3    16    15     0     0   -81.0  -72.245 -114.517   1118.7    865.4
     1     1     8     3    16    14     0     0   -82.0  -72.161 -114.110   1110.8    865.9
     1     1     8     3    16    13     0     0   -83.0  -72.089 -113.738   1102.7    866.4
     1     1     8     3    16    12     0     0   -84.0  -72.029 -113.396   1094.5    867.0
     1     1     8     3    16    11     0     0   -85.0  -71.985 -113.060   1088.2    867.6
     1     1     8     3    16    10     0     0   -86.0  -71.959 -112.708   1085.8    867.5
     1     1     8     3    16     9     0     0   -87.0  -71.950 -112.339   1087.4    867.1
     1     1     8     3    16     8     0     0   -88.0  -71.962 -111.951   1092.9    866.3
     1     1     8     3    16     7     0     0   -89.0  -71.993 -111.543   1102.5    865.0
     1     1     8     3    16     6     0     0   -90.0  -72.046 -111.114   1116.3    863.4
     1     1     8     3    16     5     0     0   -91.0  -72.118 -110.679   1132.3    861.4
     1     1     8     3    16     4     0     0   -92.0  -72.205 -110.253   1148.9    859.5
     1     1     8     3    16     3     0     0   -93.0  -72.307 -109.838   1166.2    857.8
     1     1     8     3    16     2     0     0   -94.0  -72.424 -109.432   1184.5    856.2
     1     1     8     3    16     1     0     0   -95.0  -72.556 -109.038   1203.4    853.3
     1     1     8     3    16     0     0     0   -96.0  -72.703 -108.661   1222.6    848.7
     1     1     8     3    15    23     0     0   -97.0  -72.868 -108.297   1244.9    843.8
     1     1     8     3    15    22     0     0   -98.0  -73.055 -107.938   1272.3    837.8
     1     1     8     3    15    21     0     0   -99.0  -73.267 -107.587   1304.9    831.0
     1     1     8     3    15    20     0     0  -100.0  -73.506 -107.245   1342.9    822.7
     1     1     8     3    15    19     0     0  -101.0  -73.776 -106.911   1386.3    813.3
     1     1     8     3    15    18     0     0  -102.0  -74.078 -106.586   1435.2    802.9
     1     1     8     3    15    17     0     0  -103.0  -74.407 -106.287   1489.3    791.7
     1     1     8     3    15    16     0     0  -104.0  -74.753 -106.028   1549.9    779.8
     1     1     8     3    15    15     0     0  -105.0  -75.117 -105.823   1615.1    764.5
     1     1     8     3    15    14     0     0  -106.0  -75.501 -105.717   1681.7    742.7
     1     1     8     3    15    13     0     0  -107.0  -75.904 -105.746   1751.7    720.0
     1     1     8     3    15    12     0     0  -108.0  -76.324 -105.918   1823.1    697.0
     1     1     8     3    15    11     0     0  -109.0  -76.761 -106.245   1891.6    674.0
     1     1     8     3    15    10     0     0  -110.0  -77.219 -106.743   1954.0    651.7
     1     1     8     3    15     9     0     0  -111.0  -77.688 -107.438   2012.6    632.7
     1     1     8     3    15     8     0     0  -112.0  -78.151 -108.367   2068.8    618.3
     1     1     8     3    15     7     0     0  -113.0  -78.591 -109.544   2123.9    606.4
     1     1     8     3    15     6     0     0  -114.0  -78.998 -110.968   2180.7    596.7
     1     1     8     3    15     5     0     0  -115.0  -79.363 -112.650   2237.9    589.9
     1     1     8     3    15     4     0     0  -116.0  -79.670 -114.578   2286.8    587.9
     1     1     8     3    15     3     0     0  -117.0  -79.907 -116.709   2323.2    591.1
     1     1     8     3    15     2     0     0  -118.0  -80.070 -118.995   2343.7    597.4
     1     1     8     3    15     1     0     0  -119.0  -80.150 -121.354   2344.2    605.1
     1     1     8     3    15     0     0     0  -120.0  -80.148 -123.719   2324.3    613.5
