    12     1
    CDC1     7     9     1     0     0
    CDC1     7    10     1     0     0
    CDC1     7    11     1     0     0
    CDC1     7    12     1     0     0
    CDC1     8     1     1     0     0
    CDC1     8     2     1     0     0
    CDC1     8     3     1     0     0
    CDC1     8     4     1     0     0
    CDC1     8     5     1     0     0
    CDC1     8     6     1     0     0
    CDC1     8     7     1     0     0
    CDC1     8     8     1     0     0
     1 BACKWARD OMEGA   
     8     8    29     0  -80.930  159.503  1000.0
     1 PRESSURE
     1     1     8     8    29     0     0     0     0.0  -80.930  159.503   1000.0    724.2
     1     1     8     8    28    23     0     0    -1.0  -80.976  158.561    992.2    715.0
     1     1     8     8    28    22     0     0    -2.0  -81.013  157.522    984.6    704.7
     1     1     8     8    28    21     0     0    -3.0  -81.041  156.406    978.8    694.3
     1     1     8     8    28    20     0     0    -4.0  -81.063  155.247    976.8    683.1
     1     1     8     8    28    19     0     0    -5.0  -81.081  154.009    979.6    672.6
     1     1     8     8    28    18     0     0    -6.0  -81.100  152.641    986.6    661.1
     1     1     8     8    28    17     0     0    -7.0  -81.121  151.066    995.8    649.2
     1     1     8     8    28    16     0     0    -8.0  -81.140  149.211   1005.4    636.9
     1     1     8     8    28    15     0     0    -9.0  -81.154  147.056   1016.2    625.1
     1     1     8     8    28    14     0     0   -10.0  -81.157  144.599   1029.1    613.9
     1     1     8     8    28    13     0     0   -11.0  -81.146  141.835   1045.0    603.4
     1     1     8     8    28    12     0     0   -12.0  -81.118  138.791   1065.0    593.2
     1     1     8     8    28    11     0     0   -13.0  -81.072  135.475   1089.8    582.6
     1     1     8     8    28    10     0     0   -14.0  -81.013  131.896   1121.8    571.4
     1     1     8     8    28     9     0     0   -15.0  -80.932  128.113   1160.9    559.0
     1     1     8     8    28     8     0     0   -16.0  -80.827  124.205   1207.4    546.0
     1     1     8     8    28     7     0     0   -17.0  -80.702  120.223   1261.0    533.3
     1     1     8     8    28     6     0     0   -18.0  -80.556  116.199   1319.3    520.6
     1     1     8     8    28     5     0     0   -19.0  -80.383  112.223   1379.7    508.5
     1     1     8     8    28     4     0     0   -20.0  -80.167  108.355   1438.6    497.1
     1     1     8     8    28     3     0     0   -21.0  -79.902  104.637   1493.3    487.1
     1     1     8     8    28     2     0     0   -22.0  -79.585  101.291   1540.0    477.7
     1     1     8     8    28     1     0     0   -23.0  -79.220   98.377   1578.3    469.9
     1     1     8     8    28     0     0     0   -24.0  -78.812   95.864   1609.0    463.9
     1     1     8     8    27    23     0     0   -25.0  -78.369   93.681   1633.1    460.3
     1     1     8     8    27    22     0     0   -26.0  -77.900   91.762   1649.2    458.7
     1     1     8     8    27    21     0     0   -27.0  -77.410   90.078   1657.8    458.5
     1     1     8     8    27    20     0     0   -28.0  -76.919   88.664   1657.7    460.0
     1     1     8     8    27    19     0     0   -29.0  -76.442   87.501   1647.8    462.6
     1     1     8     8    27    18     0     0   -30.0  -75.983   86.528   1629.7    466.4
     1     1     8     8    27    17     0     0   -31.0  -75.541   85.703   1603.9    470.6
     1     1     8     8    27    16     0     0   -32.0  -75.112   85.007   1570.4    475.5
     1     1     8     8    27    15     0     0   -33.0  -74.703   84.413   1532.5    481.7
     1     1     8     8    27    14     0     0   -34.0  -74.321   83.896   1491.9    488.0
     1     1     8     8    27    13     0     0   -35.0  -73.969   83.455   1448.8    494.1
     1     1     8     8    27    12     0     0   -36.0  -73.645   83.096   1402.5    500.1
     1     1     8     8    27    11     0     0   -37.0  -73.345   82.827   1354.9    506.1
     1     1     8     8    27    10     0     0   -38.0  -73.062   82.648   1307.2    511.6
     1     1     8     8    27     9     0     0   -39.0  -72.795   82.548   1262.0    516.7
     1     1     8     8    27     8     0     0   -40.0  -72.543   82.518   1220.8    521.2
     1     1     8     8    27     7     0     0   -41.0  -72.303   82.534   1188.9    529.8
     1     1     8     8    27     6     0     0   -42.0  -72.077   82.566   1165.2    538.3
     1     1     8     8    27     5     0     0   -43.0  -71.872   82.573   1150.6    545.7
     1     1     8     8    27     4     0     0   -44.0  -71.698   82.524   1147.0    551.4
     1     1     8     8    27     3     0     0   -45.0  -71.556   82.424   1154.9    556.1
     1     1     8     8    27     2     0     0   -46.0  -71.445   82.277   1174.5    559.4
     1     1     8     8    27     1     0     0   -47.0  -71.366   82.084   1205.7    561.2
     1     1     8     8    27     0     0     0   -48.0  -71.319   81.842   1247.8    561.6
     1     1     8     8    26    23     0     0   -49.0  -71.292   81.541   1292.8    561.9
     1     1     8     8    26    22     0     0   -50.0  -71.270   81.186   1333.2    563.7
     1     1     8     8    26    21     0     0   -51.0  -71.251   80.781   1368.5    566.5
     1     1     8     8    26    20     0     0   -52.0  -71.231   80.336   1398.1    570.4
     1     1     8     8    26    19     0     0   -53.0  -71.206   79.861   1422.2    576.1
     1     1     8     8    26    18     0     0   -54.0  -71.174   79.375   1442.3    584.4
     1     1     8     8    26    17     0     0   -55.0  -71.133   78.895   1458.6    593.4
     1     1     8     8    26    16     0     0   -56.0  -71.082   78.430   1472.0    602.6
     1     1     8     8    26    15     0     0   -57.0  -71.019   77.994   1481.8    612.1
     1     1     8     8    26    14     0     0   -58.0  -70.944   77.598   1487.5    621.9
     1     1     8     8    26    13     0     0   -59.0  -70.856   77.254   1489.1    631.8
     1     1     8     8    26    12     0     0   -60.0  -70.759   76.970   1487.0    641.5
     1     1     8     8    26    11     0     0   -61.0  -70.649   76.736   1484.0    651.0
     1     1     8     8    26    10     0     0   -62.0  -70.524   76.542   1482.7    660.1
     1     1     8     8    26     9     0     0   -63.0  -70.386   76.391   1484.0    668.6
     1     1     8     8    26     8     0     0   -64.0  -70.236   76.285   1488.4    676.5
     1     1     8     8    26     7     0     0   -65.0  -70.074   76.225   1496.1    683.7
     1     1     8     8    26     6     0     0   -66.0  -69.903   76.206   1506.4    690.0
     1     1     8     8    26     5     0     0   -67.0  -69.729   76.273   1517.2    694.6
     1     1     8     8    26     4     0     0   -68.0  -69.553   76.468   1528.3    697.1
     1     1     8     8    26     3     0     0   -69.0  -69.376   76.793   1539.3    698.0
     1     1     8     8    26     2     0     0   -70.0  -69.197   77.252   1550.1    697.6
     1     1     8     8    26     1     0     0   -71.0  -69.018   77.854   1561.2    695.6
     1     1     8     8    26     0     0     0   -72.0  -68.847   78.605   1573.7    691.5
     1     1     8     8    25    23     0     0   -73.0  -68.686   79.464   1581.8    686.2
     1     1     8     8    25    22     0     0   -74.0  -68.534   80.395   1579.0    682.8
     1     1     8     8    25    21     0     0   -75.0  -68.396   81.401   1567.0    680.2
     1     1     8     8    25    20     0     0   -76.0  -68.269   82.479   1546.1    677.3
     1     1     8     8    25    19     0     0   -77.0  -68.150   83.620   1520.2    677.0
     1     1     8     8    25    18     0     0   -78.0  -68.037   84.815   1490.6    676.3
     1     1     8     8    25    17     0     0   -79.0  -67.929   86.050   1466.6    678.2
     1     1     8     8    25    16     0     0   -80.0  -67.827   87.295   1453.4    678.2
     1     1     8     8    25    15     0     0   -81.0  -67.736   88.518   1452.3    678.1
     1     1     8     8    25    14     0     0   -82.0  -67.661   89.683   1462.1    676.4
     1     1     8     8    25    13     0     0   -83.0  -67.605   90.764   1485.0    673.4
     1     1     8     8    25    12     0     0   -84.0  -67.570   91.739   1522.6    668.3
     1     1     8     8    25    11     0     0   -85.0  -67.561   92.534   1574.8    661.5
     1     1     8     8    25    10     0     0   -86.0  -67.578   93.087   1636.4    653.5
     1     1     8     8    25     9     0     0   -87.0  -67.611   93.406   1703.9    644.8
     1     1     8     8    25     8     0     0   -88.0  -67.653   93.505   1774.5    636.4
     1     1     8     8    25     7     0     0   -89.0  -67.694   93.405   1846.1    628.7
     1     1     8     8    25     6     0     0   -90.0  -67.728   93.125   1917.2    622.2
     1     1     8     8    25     5     0     0   -91.0  -67.761   92.715   1983.5    615.8
     1     1     8     8    25     4     0     0   -92.0  -67.802   92.212   2042.0    610.4
     1     1     8     8    25     3     0     0   -93.0  -67.844   91.623   2091.4    606.1
     1     1     8     8    25     2     0     0   -94.0  -67.884   90.952   2130.8    602.9
     1     1     8     8    25     1     0     0   -95.0  -67.917   90.203   2160.3    601.4
     1     1     8     8    25     0     0     0   -96.0  -67.936   89.380   2179.6    602.1
     1     1     8     8    24    23     0     0   -97.0  -67.918   88.550   2185.3    605.8
     1     1     8     8    24    22     0     0   -98.0  -67.850   87.786   2177.2    613.8
     1     1     8     8    24    21     0     0   -99.0  -67.741   87.101   2158.6    625.5
     1     1     8     8    24    20     0     0  -100.0  -67.600   86.507   2132.0    640.0
     1     1     8     8    24    19     0     0  -101.0  -67.435   86.003   2097.8    654.5
     1     1     8     8    24    18     0     0  -102.0  -67.254   85.570   2057.2    667.2
     1     1     8     8    24    17     0     0  -103.0  -67.071   85.180   2015.1    679.6
     1     1     8     8    24    16     0     0  -104.0  -66.898   84.819   1976.0    691.2
     1     1     8     8    24    15     0     0  -105.0  -66.738   84.487   1938.5    702.1
     1     1     8     8    24    14     0     0  -106.0  -66.592   84.187   1901.7    712.1
     1     1     8     8    24    13     0     0  -107.0  -66.462   83.919   1865.0    721.4
     1     1     8     8    24    12     0     0  -108.0  -66.346   83.686   1828.1    730.0
     1     1     8     8    24    11     0     0  -109.0  -66.232   83.483   1791.3    738.1
     1     1     8     8    24    10     0     0  -110.0  -66.109   83.307   1755.3    746.2
     1     1     8     8    24     9     0     0  -111.0  -65.977   83.157   1720.3    754.2
     1     1     8     8    24     8     0     0  -112.0  -65.839   83.033   1686.1    761.9
     1     1     8     8    24     7     0     0  -113.0  -65.695   82.932   1652.6    769.5
     1     1     8     8    24     6     0     0  -114.0  -65.546   82.854   1619.4    777.2
     1     1     8     8    24     5     0     0  -115.0  -65.395   82.774   1582.8    785.1
     1     1     8     8    24     4     0     0  -116.0  -65.243   82.669   1541.2    794.0
     1     1     8     8    24     3     0     0  -117.0  -65.089   82.538   1494.1    803.5
     1     1     8     8    24     2     0     0  -118.0  -64.932   82.375   1440.5    811.8
     1     1     8     8    24     1     0     0  -119.0  -64.772   82.169   1380.4    818.2
     1     1     8     8    24     0     0     0  -120.0  -64.607   81.919   1315.5    825.4
