    12     1
    CDC1     7     9     1     0     0
    CDC1     7    10     1     0     0
    CDC1     7    11     1     0     0
    CDC1     7    12     1     0     0
    CDC1     8     1     1     0     0
    CDC1     8     2     1     0     0
    CDC1     8     3     1     0     0
    CDC1     8     4     1     0     0
    CDC1     8     5     1     0     0
    CDC1     8     6     1     0     0
    CDC1     8     7     1     0     0
    CDC1     8     8     1     0     0
     1 BACKWARD OMEGA   
     8     2    15     0  -80.930  159.503  1000.0
     1 PRESSURE
     1     1     8     2    15     0     0     0     0.0  -80.930  159.503   1000.0    742.1
     1     1     8     2    14    23     0     0    -1.0  -80.924  159.995    982.2    749.2
     1     1     8     2    14    22     0     0    -2.0  -80.916  160.414    968.3    754.9
     1     1     8     2    14    21     0     0    -3.0  -80.904  160.745    958.5    759.3
     1     1     8     2    14    20     0     0    -4.0  -80.889  160.983    953.2    762.3
     1     1     8     2    14    19     0     0    -5.0  -80.871  161.125    952.5    763.9
     1     1     8     2    14    18     0     0    -6.0  -80.848  161.172    956.2    763.9
     1     1     8     2    14    17     0     0    -7.0  -80.826  161.179    960.9    763.2
     1     1     8     2    14    16     0     0    -8.0  -80.811  161.204    965.3    763.1
     1     1     8     2    14    15     0     0    -9.0  -80.802  161.248    968.9    763.2
     1     1     8     2    14    14     0     0   -10.0  -80.799  161.311    971.8    763.5
     1     1     8     2    14    13     0     0   -11.0  -80.802  161.395    974.0    764.1
     1     1     8     2    14    12     0     0   -12.0  -80.811  161.503    975.6    764.9
     1     1     8     2    14    11     0     0   -13.0  -80.814  161.606    979.1    765.5
     1     1     8     2    14    10     0     0   -14.0  -80.796  161.672    987.4    765.1
     1     1     8     2    14     9     0     0   -15.0  -80.758  161.693   1000.7    763.9
     1     1     8     2    14     8     0     0   -16.0  -80.701  161.668   1018.8    761.9
     1     1     8     2    14     7     0     0   -17.0  -80.623  161.593   1042.2    759.1
     1     1     8     2    14     6     0     0   -18.0  -80.524  161.466   1071.1    755.4
     1     1     8     2    14     5     0     0   -19.0  -80.418  161.288   1103.2    750.8
     1     1     8     2    14     4     0     0   -20.0  -80.317  161.061   1136.7    745.6
     1     1     8     2    14     3     0     0   -21.0  -80.222  160.777   1171.0    739.6
     1     1     8     2    14     2     0     0   -22.0  -80.130  160.428   1205.6    732.6
     1     1     8     2    14     1     0     0   -23.0  -80.043  160.005   1240.1    724.7
     1     1     8     2    14     0     0     0   -24.0  -79.958  159.513   1273.7    715.1
     1     1     8     2    13    23     0     0   -25.0  -79.876  159.007   1305.3    705.2
     1     1     8     2    13    22     0     0   -26.0  -79.797  158.543   1332.2    696.5
     1     1     8     2    13    21     0     0   -27.0  -79.722  158.126   1355.2    688.6
     1     1     8     2    13    20     0     0   -28.0  -79.653  157.756   1374.7    681.7
     1     1     8     2    13    19     0     0   -29.0  -79.591  157.434   1390.9    675.8
     1     1     8     2    13    18     0     0   -30.0  -79.536  157.157   1404.3    671.0
     1     1     8     2    13    17     0     0   -31.0  -79.487  156.892   1415.4    666.4
     1     1     8     2    13    16     0     0   -32.0  -79.440  156.610   1424.3    661.7
     1     1     8     2    13    15     0     0   -33.0  -79.396  156.311   1431.1    657.1
     1     1     8     2    13    14     0     0   -34.0  -79.355  155.995   1435.6    652.6
     1     1     8     2    13    13     0     0   -35.0  -79.316  155.663   1438.1    648.1
     1     1     8     2    13    12     0     0   -36.0  -79.278  155.316   1438.3    643.6
     1     1     8     2    13    11     0     0   -37.0  -79.235  154.935   1438.3    638.9
     1     1     8     2    13    10     0     0   -38.0  -79.182  154.494   1439.8    633.9
     1     1     8     2    13     9     0     0   -39.0  -79.118  153.988   1442.9    628.0
     1     1     8     2    13     8     0     0   -40.0  -79.044  153.412   1447.6    621.2
     1     1     8     2    13     7     0     0   -41.0  -78.960  152.757   1454.3    613.3
     1     1     8     2    13     6     0     0   -42.0  -78.868  152.017   1463.9    605.4
     1     1     8     2    13     5     0     0   -43.0  -78.777  151.205   1474.4    597.5
     1     1     8     2    13     4     0     0   -44.0  -78.701  150.337   1483.6    589.8
     1     1     8     2    13     3     0     0   -45.0  -78.639  149.412   1492.2    583.1
     1     1     8     2    13     2     0     0   -46.0  -78.593  148.428   1499.9    577.2
     1     1     8     2    13     1     0     0   -47.0  -78.565  147.384   1506.3    571.4
     1     1     8     2    13     0     0     0   -48.0  -78.554  146.281   1511.8    566.7
     1     1     8     2    12    23     0     0   -49.0  -78.552  145.096   1519.7    562.5
     1     1     8     2    12    22     0     0   -50.0  -78.549  143.810   1533.7    559.4
     1     1     8     2    12    21     0     0   -51.0  -78.545  142.435   1551.7    555.9
     1     1     8     2    12    20     0     0   -52.0  -78.540  140.975   1572.4    552.1
     1     1     8     2    12    19     0     0   -53.0  -78.534  139.439   1593.6    548.3
     1     1     8     2    12    18     0     0   -54.0  -78.528  137.839   1613.4    544.8
     1     1     8     2    12    17     0     0   -55.0  -78.530  136.229   1632.3    541.5
     1     1     8     2    12    16     0     0   -56.0  -78.548  134.662   1649.8    537.9
     1     1     8     2    12    15     0     0   -57.0  -78.582  133.145   1666.2    533.7
     1     1     8     2    12    14     0     0   -58.0  -78.631  131.683   1682.5    529.6
     1     1     8     2    12    13     0     0   -59.0  -78.697  130.278   1698.9    525.4
     1     1     8     2    12    12     0     0   -60.0  -78.780  128.943   1716.4    521.6
     1     1     8     2    12    11     0     0   -61.0  -78.870  127.715   1729.9    518.3
     1     1     8     2    12    10     0     0   -62.0  -78.956  126.609   1736.0    515.9
     1     1     8     2    12     9     0     0   -63.0  -79.036  125.615   1735.0    514.1
     1     1     8     2    12     8     0     0   -64.0  -79.113  124.728   1727.7    513.1
     1     1     8     2    12     7     0     0   -65.0  -79.186  123.944   1714.7    512.7
     1     1     8     2    12     6     0     0   -66.0  -79.256  123.257   1696.3    512.7
     1     1     8     2    12     5     0     0   -67.0  -79.330  122.638   1675.7    513.2
     1     1     8     2    12     4     0     0   -68.0  -79.417  122.065   1653.6    513.8
     1     1     8     2    12     3     0     0   -69.0  -79.517  121.535   1631.1    514.6
     1     1     8     2    12     2     0     0   -70.0  -79.632  121.049   1608.4    515.4
     1     1     8     2    12     1     0     0   -71.0  -79.760  120.607   1585.7    516.1
     1     1     8     2    12     0     0     0   -72.0  -79.902  120.209   1563.3    517.0
     1     1     8     2    11    23     0     0   -73.0  -80.059  119.863   1543.2    518.4
     1     1     8     2    11    22     0     0   -74.0  -80.229  119.591   1526.5    519.7
     1     1     8     2    11    21     0     0   -75.0  -80.410  119.403   1513.8    520.8
     1     1     8     2    11    20     0     0   -76.0  -80.601  119.302   1504.8    521.7
     1     1     8     2    11    19     0     0   -77.0  -80.798  119.290   1499.4    522.4
     1     1     8     2    11    18     0     0   -78.0  -80.999  119.369   1497.3    523.0
     1     1     8     2    11    17     0     0   -79.0  -81.204  119.547   1495.2    523.5
     1     1     8     2    11    16     0     0   -80.0  -81.411  119.830   1489.9    524.7
     1     1     8     2    11    15     0     0   -81.0  -81.619  120.228   1481.5    526.3
     1     1     8     2    11    14     0     0   -82.0  -81.826  120.753   1470.3    528.4
     1     1     8     2    11    13     0     0   -83.0  -82.030  121.421   1456.1    530.8
     1     1     8     2    11    12     0     0   -84.0  -82.228  122.249   1438.8    533.5
     1     1     8     2    11    11     0     0   -85.0  -82.413  123.267   1419.8    537.1
     1     1     8     2    11    10     0     0   -86.0  -82.575  124.470   1400.0    541.0
     1     1     8     2    11     9     0     0   -87.0  -82.711  125.813   1378.5    544.4
     1     1     8     2    11     8     0     0   -88.0  -82.818  127.254   1356.2    547.6
     1     1     8     2    11     7     0     0   -89.0  -82.895  128.770   1334.0    551.6
     1     1     8     2    11     6     0     0   -90.0  -82.942  130.339   1312.1    555.9
     1     1     8     2    11     5     0     0   -91.0  -82.962  131.961   1289.0    560.4
     1     1     8     2    11     4     0     0   -92.0  -82.959  133.649   1262.4    566.1
     1     1     8     2    11     3     0     0   -93.0  -82.934  135.408   1232.5    572.7
     1     1     8     2    11     2     0     0   -94.0  -82.887  137.239   1199.2    580.4
     1     1     8     2    11     1     0     0   -95.0  -82.815  139.144   1161.6    590.2
     1     1     8     2    11     0     0     0   -96.0  -82.718  141.114   1118.2    601.6
     1     1     8     2    10    23     0     0   -97.0  -82.599  143.020   1075.6    613.3
     1     1     8     2    10    22     0     0   -98.0  -82.463  144.765   1041.7    624.5
     1     1     8     2    10    21     0     0   -99.0  -82.313  146.258   1016.7    633.2
     1     1     8     2    10    20     0     0  -100.0  -82.154  147.466   1001.7    639.3
     1     1     8     2    10    19     0     0  -101.0  -81.988  148.405    996.8    644.1
     1     1     8     2    10    18     0     0  -102.0  -81.817  149.093   1001.5    646.7
     1     1     8     2    10    17     0     0  -103.0  -81.641  149.616   1009.4    647.7
     1     1     8     2    10    16     0     0  -104.0  -81.463  150.045   1015.2    649.0
     1     1     8     2    10    15     0     0  -105.0  -81.282  150.386   1018.7    650.6
     1     1     8     2    10    14     0     0  -106.0  -81.097  150.643   1019.9    651.9
     1     1     8     2    10    13     0     0  -107.0  -80.908  150.817   1018.9    653.0
     1     1     8     2    10    12     0     0  -108.0  -80.713  150.908   1015.9    653.7
     1     1     8     2    10    11     0     0  -109.0  -80.506  150.837   1015.2    653.8
     1     1     8     2    10    10     0     0  -110.0  -80.280  150.539   1020.2    651.2
     1     1     8     2    10     9     0     0  -111.0  -80.032  150.035   1030.8    646.5
     1     1     8     2    10     8     0     0  -112.0  -79.764  149.371   1045.0    638.5
     1     1     8     2    10     7     0     0  -113.0  -79.479  148.597   1062.5    629.5
     1     1     8     2    10     6     0     0  -114.0  -79.177  147.739   1083.4    619.7
     1     1     8     2    10     5     0     0  -115.0  -78.872  146.865   1104.7    610.4
     1     1     8     2    10     4     0     0  -116.0  -78.580  146.032   1123.5    602.8
     1     1     8     2    10     3     0     0  -117.0  -78.302  145.238   1138.5    596.2
     1     1     8     2    10     2     0     0  -118.0  -78.040  144.480   1149.7    591.0
     1     1     8     2    10     1     0     0  -119.0  -77.799  143.755   1156.9    586.8
     1     1     8     2    10     0     0     0  -120.0  -77.578  143.063   1160.0    583.4
