    12     1
    CDC1     7     9     1     0     0
    CDC1     7    10     1     0     0
    CDC1     7    11     1     0     0
    CDC1     7    12     1     0     0
    CDC1     8     1     1     0     0
    CDC1     8     2     1     0     0
    CDC1     8     3     1     0     0
    CDC1     8     4     1     0     0
    CDC1     8     5     1     0     0
    CDC1     8     6     1     0     0
    CDC1     8     7     1     0     0
    CDC1     8     8     1     0     0
     1 BACKWARD OMEGA   
     8     1     1     0  -80.930  159.503  1000.0
     1 PRESSURE
     1     1     8     1     1     0     0     0     0.0  -80.930  159.503   1000.0    749.3
     1     1     7    12    31    23     0     0    -1.0  -80.806  160.321    955.1    763.0
     1     1     7    12    31    22     0     0    -2.0  -80.710  161.133    906.9    778.1
     1     1     7    12    31    21     0     0    -3.0  -80.643  161.947    857.1    792.9
     1     1     7    12    31    20     0     0    -4.0  -80.602  162.739    806.3    807.5
     1     1     7    12    31    19     0     0    -5.0  -80.582  163.483    755.9    821.3
     1     1     7    12    31    18     0     0    -6.0  -80.580  164.164    706.8    834.2
     1     1     7    12    31    17     0     0    -7.0  -80.577  164.852    659.7    847.3
     1     1     7    12    31    16     0     0    -8.0  -80.557  165.630    614.7    860.8
     1     1     7    12    31    15     0     0    -9.0  -80.523  166.502    572.8    874.4
     1     1     7    12    31    14     0     0   -10.0  -80.474  167.468    534.3    889.0
     1     1     7    12    31    13     0     0   -11.0  -80.414  168.532    499.5    903.5
     1     1     7    12    31    12     0     0   -12.0  -80.346  169.693    469.3    918.9
     1     1     7    12    31    11     0     0   -13.0  -80.290  170.845    441.7    931.3
     1     1     7    12    31    10     0     0   -14.0  -80.256  171.870    414.3    941.8
     1     1     7    12    31     9     0     0   -15.0  -80.239  172.762    386.3    950.8
     1     1     7    12    31     8     0     0   -16.0  -80.238  173.525    358.7    956.9
     1     1     7    12    31     7     0     0   -17.0  -80.252  174.162    332.6    962.0
     1     1     7    12    31     6     0     0   -18.0  -80.278  174.673    307.9    966.4
     1     1     7    12    31     5     0     0   -19.0  -80.307  175.171    281.6    970.3
     1     1     7    12    31     4     0     0   -20.0  -80.334  175.769    251.3    974.6
     1     1     7    12    31     3     0     0   -21.0  -80.359  176.459    217.7    980.1
     1     1     7    12    31     2     0     0   -22.0  -80.387  177.240    182.3    985.9
     1     1     7    12    31     1     0     0   -23.0  -80.423  178.127    147.7    990.3
     1     1     7    12    31     0     0     0   -24.0  -80.468  179.131    115.6    994.3
     1     1     7    12    30    23     0     0   -25.0  -80.525 -179.804     89.1    997.8
     1     1     7    12    30    22     0     0   -26.0  -80.592 -178.748     69.3    998.2
     1     1     7    12    30    21     0     0   -27.0  -80.663 -177.684     54.8    998.1
     1     1     7    12    30    20     0     0   -28.0  -80.734 -176.570     45.3    997.6
     1     1     7    12    30    19     0     0   -29.0  -80.803 -175.394     40.2    996.7
     1     1     7    12    30    18     0     0   -30.0  -80.868 -174.111     36.9    995.0
     1     1     7    12    30    17     0     0   -31.0  -80.926 -172.664     30.6    993.6
     1     1     7    12    30    16     0     0   -32.0  -80.974 -171.123     22.7    993.7
     1     1     7    12    30    15     0     0   -33.0  -81.008 -169.578     16.4    993.5
     1     1     7    12    30    14     0     0   -34.0  -81.029 -168.051     11.8    993.3
     1     1     7    12    30    13     0     0   -35.0  -81.039 -166.563      8.2    992.2
     1     1     7    12    30    12     0     0   -36.0  -81.039 -165.135      4.9    991.1
     1     1     7    12    30    11     0     0   -37.0  -81.029 -163.753      1.9    989.7
     1     1     7    12    30    10     0     0   -38.0  -81.009 -162.401      0.0    988.2
     1     1     7    12    30     9     0     0   -39.0  -80.981 -161.086      0.0    986.2
     1     1     7    12    30     8     0     0   -40.0  -80.949 -159.819      0.0    984.1
     1     1     7    12    30     7     0     0   -41.0  -80.916 -158.604      0.0    981.8
     1     1     7    12    30     6     0     0   -42.0  -80.884 -157.442      0.0    979.7
     1     1     7    12    30     5     0     0   -43.0  -80.859 -156.327      0.0    977.7
     1     1     7    12    30     4     0     0   -44.0  -80.847 -155.258      0.0    975.9
     1     1     7    12    30     3     0     0   -45.0  -80.849 -154.243      0.0    974.1
     1     1     7    12    30     2     0     0   -46.0  -80.865 -153.292      0.0    972.5
     1     1     7    12    30     1     0     0   -47.0  -80.894 -152.411      0.0    971.3
     1     1     7    12    30     0     0     0   -48.0  -80.938 -151.601      0.0    970.1
     1     1     7    12    29    23     0     0   -49.0  -80.996 -150.862      0.0    969.3
     1     1     7    12    29    22     0     0   -50.0  -81.067 -150.195      0.3    969.1
     1     1     7    12    29    21     0     0   -51.0  -81.148 -149.600      1.3    969.5
     1     1     7    12    29    20     0     0   -52.0  -81.236 -149.077      2.6    970.3
     1     1     7    12    29    19     0     0   -53.0  -81.329 -148.623      4.1    971.4
     1     1     7    12    29    18     0     0   -54.0  -81.425 -148.235      5.7    972.8
     1     1     7    12    29    17     0     0   -55.0  -81.522 -147.922      7.3    974.3
     1     1     7    12    29    16     0     0   -56.0  -81.617 -147.688      8.6    975.9
     1     1     7    12    29    15     0     0   -57.0  -81.711 -147.528      9.8    977.7
     1     1     7    12    29    14     0     0   -58.0  -81.801 -147.438     11.2    979.3
     1     1     7    12    29    13     0     0   -59.0  -81.888 -147.416     12.5    980.9
     1     1     7    12    29    12     0     0   -60.0  -81.968 -147.460     13.8    982.6
     1     1     7    12    29    11     0     0   -61.0  -82.045 -147.552     15.0    984.2
     1     1     7    12    29    10     0     0   -62.0  -82.119 -147.678     15.6    985.8
     1     1     7    12    29     9     0     0   -63.0  -82.190 -147.837     15.5    987.5
     1     1     7    12    29     8     0     0   -64.0  -82.258 -148.027     15.0    989.3
     1     1     7    12    29     7     0     0   -65.0  -82.325 -148.246     14.4    991.1
     1     1     7    12    29     6     0     0   -66.0  -82.391 -148.492     14.1    992.8
     1     1     7    12    29     5     0     0   -67.0  -82.460 -148.740     14.1    994.7
     1     1     7    12    29     4     0     0   -68.0  -82.536 -148.967     13.9    994.5
     1     1     7    12    29     3     0     0   -69.0  -82.617 -149.186     13.7    991.6
     1     1     7    12    29     2     0     0   -70.0  -82.702 -149.412     13.5    988.6
     1     1     7    12    29     1     0     0   -71.0  -82.792 -149.655     13.3    985.4
     1     1     7    12    29     0     0     0   -72.0  -82.884 -149.923     13.0    982.1
     1     1     7    12    28    23     0     0   -73.0  -82.978 -150.270     12.5    978.7
     1     1     7    12    28    22     0     0   -74.0  -83.071 -150.741     11.3    975.6
     1     1     7    12    28    21     0     0   -75.0  -83.162 -151.335      9.6    972.6
     1     1     7    12    28    20     0     0   -76.0  -83.253 -152.051      7.8    969.2
     1     1     7    12    28    19     0     0   -77.0  -83.342 -152.887      6.3    965.8
     1     1     7    12    28    18     0     0   -78.0  -83.426 -153.829      4.9    962.7
     1     1     7    12    28    17     0     0   -79.0  -83.491 -154.815      2.6    960.3
     1     1     7    12    28    16     0     0   -80.0  -83.530 -155.773      0.0    958.4
     1     1     7    12    28    15     0     0   -81.0  -83.551 -156.692      0.0    957.2
     1     1     7    12    28    14     0     0   -82.0  -83.558 -157.560      0.0    956.6
     1     1     7    12    28    13     0     0   -83.0  -83.552 -158.369      0.0    956.4
     1     1     7    12    28    12     0     0   -84.0  -83.533 -159.109      0.0    956.7
     1     1     7    12    28    11     0     0   -85.0  -83.509 -159.783      0.0    957.0
     1     1     7    12    28    10     0     0   -86.0  -83.485 -160.401      0.0    957.2
     1     1     7    12    28     9     0     0   -87.0  -83.463 -160.954      0.0    957.3
     1     1     7    12    28     8     0     0   -88.0  -83.441 -161.429      0.0    957.4
     1     1     7    12    28     7     0     0   -89.0  -83.421 -161.817      0.0    957.6
     1     1     7    12    28     6     0     0   -90.0  -83.402 -162.115      0.0    957.7
     1     1     7    12    28     5     0     0   -91.0  -83.389 -162.328      0.3    958.6
     1     1     7    12    28     4     0     0   -92.0  -83.385 -162.469      1.0    959.2
     1     1     7    12    28     3     0     0   -93.0  -83.390 -162.554      2.2    959.3
     1     1     7    12    28     2     0     0   -94.0  -83.405 -162.593      3.7    959.0
     1     1     7    12    28     1     0     0   -95.0  -83.429 -162.594      5.7    958.2
     1     1     7    12    28     0     0     0   -96.0  -83.462 -162.568      7.9    957.1
     1     1     7    12    27    23     0     0   -97.0  -83.499 -162.562     10.2    955.0
     1     1     7    12    27    22     0     0   -98.0  -83.536 -162.615     12.4    952.6
     1     1     7    12    27    21     0     0   -99.0  -83.572 -162.726     14.7    950.1
     1     1     7    12    27    20     0     0  -100.0  -83.607 -162.891     16.9    947.8
     1     1     7    12    27    19     0     0  -101.0  -83.639 -163.105     19.0    945.6
     1     1     7    12    27    18     0     0  -102.0  -83.669 -163.362     20.9    943.6
     1     1     7    12    27    17     0     0  -103.0  -83.693 -163.653     22.5    941.8
     1     1     7    12    27    16     0     0  -104.0  -83.707 -163.962     24.0    940.4
     1     1     7    12    27    15     0     0  -105.0  -83.713 -164.285     25.4    939.4
     1     1     7    12    27    14     0     0  -106.0  -83.710 -164.617     26.5    938.8
     1     1     7    12    27    13     0     0  -107.0  -83.699 -164.953     27.5    938.7
     1     1     7    12    27    12     0     0  -108.0  -83.681 -165.289     28.3    938.8
     1     1     7    12    27    11     0     0  -109.0  -83.664 -165.610     29.6    938.6
     1     1     7    12    27    10     0     0  -110.0  -83.660 -165.921     31.9    937.6
     1     1     7    12    27     9     0     0  -111.0  -83.668 -166.238     35.6    935.7
     1     1     7    12    27     8     0     0  -112.0  -83.689 -166.574     41.4    933.0
     1     1     7    12    27     7     0     0  -113.0  -83.724 -166.946     50.1    929.2
     1     1     7    12    27     6     0     0  -114.0  -83.773 -167.377     63.2    924.2
     1     1     7    12    27     5     0     0  -115.0  -83.830 -167.880     81.5    918.7
     1     1     7    12    27     4     0     0  -116.0  -83.884 -168.435    103.5    911.9
     1     1     7    12    27     3     0     0  -117.0  -83.933 -169.019    127.4    905.3
     1     1     7    12    27     2     0     0  -118.0  -83.976 -169.609    150.8    899.3
     1     1     7    12    27     1     0     0  -119.0  -84.007 -170.192    171.1    894.4
     1     1     7    12    27     0     0     0  -120.0  -84.023 -170.782    186.2    890.8
