    12     1
    CDC1     7     9     1     0     0
    CDC1     7    10     1     0     0
    CDC1     7    11     1     0     0
    CDC1     7    12     1     0     0
    CDC1     8     1     1     0     0
    CDC1     8     2     1     0     0
    CDC1     8     3     1     0     0
    CDC1     8     4     1     0     0
    CDC1     8     5     1     0     0
    CDC1     8     6     1     0     0
    CDC1     8     7     1     0     0
    CDC1     8     8     1     0     0
     1 BACKWARD OMEGA   
     8     2    20     0  -80.930  159.503  1000.0
     1 PRESSURE
     1     1     8     2    20     0     0     0     0.0  -80.930  159.503   1000.0    740.7
     1     1     8     2    19    23     0     0    -1.0  -80.933  160.359    978.2    752.6
     1     1     8     2    19    22     0     0    -2.0  -80.953  161.087    964.0    762.0
     1     1     8     2    19    21     0     0    -3.0  -80.986  161.686    957.6    769.0
     1     1     8     2    19    20     0     0    -4.0  -81.028  162.147    958.7    773.4
     1     1     8     2    19    19     0     0    -5.0  -81.076  162.462    967.2    775.4
     1     1     8     2    19    18     0     0    -6.0  -81.125  162.630    982.2    775.0
     1     1     8     2    19    17     0     0    -7.0  -81.169  162.773    999.7    773.8
     1     1     8     2    19    16     0     0    -8.0  -81.207  163.018   1017.2    774.1
     1     1     8     2    19    15     0     0    -9.0  -81.241  163.366   1034.7    775.4
     1     1     8     2    19    14     0     0   -10.0  -81.272  163.820   1053.0    777.7
     1     1     8     2    19    13     0     0   -11.0  -81.301  164.383   1072.6    780.9
     1     1     8     2    19    12     0     0   -12.0  -81.327  165.060   1094.3    784.7
     1     1     8     2    19    11     0     0   -13.0  -81.356  165.742   1119.6    788.4
     1     1     8     2    19    10     0     0   -14.0  -81.391  166.308   1147.3    790.4
     1     1     8     2    19     9     0     0   -15.0  -81.429  166.748   1177.3    791.0
     1     1     8     2    19     8     0     0   -16.0  -81.470  167.052   1209.1    790.2
     1     1     8     2    19     7     0     0   -17.0  -81.511  167.212   1242.4    787.9
     1     1     8     2    19     6     0     0   -18.0  -81.551  167.216   1277.0    784.3
     1     1     8     2    19     5     0     0   -19.0  -81.578  167.185   1311.9    779.6
     1     1     8     2    19     4     0     0   -20.0  -81.585  167.255   1345.3    776.6
     1     1     8     2    19     3     0     0   -21.0  -81.577  167.436   1377.4    775.0
     1     1     8     2    19     2     0     0   -22.0  -81.554  167.735   1408.2    774.6
     1     1     8     2    19     1     0     0   -23.0  -81.519  168.160   1437.4    775.5
     1     1     8     2    19     0     0     0   -24.0  -81.474  168.717   1465.2    777.8
     1     1     8     2    18    23     0     0   -25.0  -81.423  169.310   1490.1    780.9
     1     1     8     2    18    22     0     0   -26.0  -81.372  169.834   1509.3    784.3
     1     1     8     2    18    21     0     0   -27.0  -81.319  170.290   1523.1    787.2
     1     1     8     2    18    20     0     0   -28.0  -81.265  170.679   1531.5    790.1
     1     1     8     2    18    19     0     0   -29.0  -81.212  170.998   1534.8    793.0
     1     1     8     2    18    18     0     0   -30.0  -81.158  171.246   1533.0    796.1
     1     1     8     2    18    17     0     0   -31.0  -81.102  171.510   1528.7    799.5
     1     1     8     2    18    16     0     0   -32.0  -81.039  171.890   1525.8    803.2
     1     1     8     2    18    15     0     0   -33.0  -80.972  172.390   1524.2    807.6
     1     1     8     2    18    14     0     0   -34.0  -80.901  173.011   1524.1    811.9
     1     1     8     2    18    13     0     0   -35.0  -80.824  173.756   1526.3    816.2
     1     1     8     2    18    12     0     0   -36.0  -80.744  174.624   1531.7    820.7
     1     1     8     2    18    11     0     0   -37.0  -80.664  175.496   1537.9    823.6
     1     1     8     2    18    10     0     0   -38.0  -80.586  176.246   1543.7    825.6
     1     1     8     2    18     9     0     0   -39.0  -80.509  176.867   1549.0    827.2
     1     1     8     2    18     8     0     0   -40.0  -80.432  177.357   1553.8    828.4
     1     1     8     2    18     7     0     0   -41.0  -80.356  177.710   1557.6    829.0
     1     1     8     2    18     6     0     0   -42.0  -80.279  177.921   1560.7    829.4
     1     1     8     2    18     5     0     0   -43.0  -80.196  178.083   1565.1    829.7
     1     1     8     2    18     4     0     0   -44.0  -80.105  178.290   1575.4    829.3
     1     1     8     2    18     3     0     0   -45.0  -80.004  178.538   1591.4    828.3
     1     1     8     2    18     2     0     0   -46.0  -79.892  178.818   1611.6    824.9
     1     1     8     2    18     1     0     0   -47.0  -79.767  179.118   1636.0    820.9
     1     1     8     2    18     0     0     0   -48.0  -79.630  179.434   1664.7    816.3
     1     1     8     2    17    23     0     0   -49.0  -79.479  179.723   1694.7    811.2
     1     1     8     2    17    22     0     0   -50.0  -79.316  179.947   1721.4    806.6
     1     1     8     2    17    21     0     0   -51.0  -79.142 -179.890   1744.5    802.2
     1     1     8     2    17    20     0     0   -52.0  -78.957 -179.783   1764.0    798.2
     1     1     8     2    17    19     0     0   -53.0  -78.763 -179.728   1779.5    794.7
     1     1     8     2    17    18     0     0   -54.0  -78.561 -179.717   1790.9    791.7
     1     1     8     2    17    17     0     0   -55.0  -78.360 -179.750   1801.7    789.2
     1     1     8     2    17    16     0     0   -56.0  -78.168 -179.835   1817.0    786.1
     1     1     8     2    17    15     0     0   -57.0  -77.985 -179.977   1836.8    782.8
     1     1     8     2    17    14     0     0   -58.0  -77.809  179.816   1861.7    779.2
     1     1     8     2    17    13     0     0   -59.0  -77.638  179.542   1892.2    775.3
     1     1     8     2    17    12     0     0   -60.0  -77.473  179.202   1928.8    771.3
     1     1     8     2    17    11     0     0   -61.0  -77.317  178.814   1965.9    768.0
     1     1     8     2    17    10     0     0   -62.0  -77.177  178.396   1998.7    765.8
     1     1     8     2    17     9     0     0   -63.0  -77.053  177.950   2027.7    764.1
     1     1     8     2    17     8     0     0   -64.0  -76.942  177.474   2053.8    762.8
     1     1     8     2    17     7     0     0   -65.0  -76.846  176.967   2077.4    761.3
     1     1     8     2    17     6     0     0   -66.0  -76.763  176.426   2099.8    760.1
     1     1     8     2    17     5     0     0   -67.0  -76.690  175.895   2121.4    758.8
     1     1     8     2    17     4     0     0   -68.0  -76.623  175.416   2140.9    757.4
     1     1     8     2    17     3     0     0   -69.0  -76.560  174.986   2158.6    756.1
     1     1     8     2    17     2     0     0   -70.0  -76.500  174.599   2173.8    753.8
     1     1     8     2    17     1     0     0   -71.0  -76.444  174.251   2187.4    751.8
     1     1     8     2    17     0     0     0   -72.0  -76.390  173.941   2199.0    750.0
     1     1     8     2    16    23     0     0   -73.0  -76.341  173.668   2207.6    748.4
     1     1     8     2    16    22     0     0   -74.0  -76.298  173.433   2215.0    747.0
     1     1     8     2    16    21     0     0   -75.0  -76.262  173.235   2220.8    745.7
     1     1     8     2    16    20     0     0   -76.0  -76.234  173.072   2225.2    744.6
     1     1     8     2    16    19     0     0   -77.0  -76.215  172.942   2228.4    743.7
     1     1     8     2    16    18     0     0   -78.0  -76.204  172.845   2230.6    742.9
     1     1     8     2    16    17     0     0   -79.0  -76.199  172.748   2231.3    742.5
     1     1     8     2    16    16     0     0   -80.0  -76.197  172.623   2234.2    741.9
     1     1     8     2    16    15     0     0   -81.0  -76.198  172.468   2237.8    741.0
     1     1     8     2    16    14     0     0   -82.0  -76.201  172.282   2241.6    739.5
     1     1     8     2    16    13     0     0   -83.0  -76.205  172.061   2245.8    737.8
     1     1     8     2    16    12     0     0   -84.0  -76.211  171.802   2250.5    735.9
     1     1     8     2    16    11     0     0   -85.0  -76.228  171.525   2257.2    734.2
     1     1     8     2    16    10     0     0   -86.0  -76.268  171.247   2267.1    732.0
     1     1     8     2    16     9     0     0   -87.0  -76.331  170.968   2280.4    729.7
     1     1     8     2    16     8     0     0   -88.0  -76.415  170.690   2296.8    727.1
     1     1     8     2    16     7     0     0   -89.0  -76.520  170.415   2316.3    724.4
     1     1     8     2    16     6     0     0   -90.0  -76.647  170.147   2338.5    721.5
     1     1     8     2    16     5     0     0   -91.0  -76.782  169.866   2362.0    717.8
     1     1     8     2    16     4     0     0   -92.0  -76.913  169.554   2384.3    713.4
     1     1     8     2    16     3     0     0   -93.0  -77.042  169.218   2406.1    708.8
     1     1     8     2    16     2     0     0   -94.0  -77.168  168.861   2427.2    704.2
     1     1     8     2    16     1     0     0   -95.0  -77.293  168.489   2447.4    699.7
     1     1     8     2    16     0     0     0   -96.0  -77.418  168.106   2466.4    695.2
     1     1     8     2    15    23     0     0   -97.0  -77.543  167.734   2484.3    690.8
     1     1     8     2    15    22     0     0   -98.0  -77.664  167.405   2501.2    686.3
     1     1     8     2    15    21     0     0   -99.0  -77.780  167.128   2516.6    681.9
     1     1     8     2    15    20     0     0  -100.0  -77.891  166.908   2531.0    678.3
     1     1     8     2    15    19     0     0  -101.0  -77.997  166.745   2543.9    675.4
     1     1     8     2    15    18     0     0  -102.0  -78.099  166.640   2554.9    673.5
     1     1     8     2    15    17     0     0  -103.0  -78.194  166.581   2563.1    671.9
     1     1     8     2    15    16     0     0  -104.0  -78.279  166.554   2569.0    671.0
     1     1     8     2    15    15     0     0  -105.0  -78.356  166.555   2572.9    670.6
     1     1     8     2    15    14     0     0  -106.0  -78.424  166.584   2575.1    670.6
     1     1     8     2    15    13     0     0  -107.0  -78.486  166.641   2576.0    671.0
     1     1     8     2    15    12     0     0  -108.0  -78.542  166.726   2575.9    671.8
     1     1     8     2    15    11     0     0  -109.0  -78.594  166.856   2573.3    673.4
     1     1     8     2    15    10     0     0  -110.0  -78.647  167.048   2565.2    676.4
     1     1     8     2    15     9     0     0  -111.0  -78.700  167.301   2552.5    680.3
     1     1     8     2    15     8     0     0  -112.0  -78.755  167.613   2535.4    685.1
     1     1     8     2    15     7     0     0  -113.0  -78.811  167.986   2514.0    690.4
     1     1     8     2    15     6     0     0  -114.0  -78.871  168.417   2489.4    696.4
     1     1     8     2    15     5     0     0  -115.0  -78.933  168.872   2465.8    702.3
     1     1     8     2    15     4     0     0  -116.0  -78.997  169.317   2447.9    707.1
     1     1     8     2    15     3     0     0  -117.0  -79.063  169.753   2435.3    711.2
     1     1     8     2    15     2     0     0  -118.0  -79.129  170.178   2427.2    714.3
     1     1     8     2    15     1     0     0  -119.0  -79.193  170.594   2423.5    716.2
     1     1     8     2    15     0     0     0  -120.0  -79.253  170.998   2424.6    717.5
