    12     1
    CDC1     7     9     1     0     0
    CDC1     7    10     1     0     0
    CDC1     7    11     1     0     0
    CDC1     7    12     1     0     0
    CDC1     8     1     1     0     0
    CDC1     8     2     1     0     0
    CDC1     8     3     1     0     0
    CDC1     8     4     1     0     0
    CDC1     8     5     1     0     0
    CDC1     8     6     1     0     0
    CDC1     8     7     1     0     0
    CDC1     8     8     1     0     0
     1 BACKWARD OMEGA   
     8     1     8     0  -80.930  159.503  1000.0
     1 PRESSURE
     1     1     8     1     8     0     0     0     0.0  -80.930  159.503   1000.0    746.0
     1     1     8     1     7    23     0     0    -1.0  -81.097  160.107    980.3    752.7
     1     1     8     1     7    22     0     0    -2.0  -81.276  160.719    961.2    759.1
     1     1     8     1     7    21     0     0    -3.0  -81.463  161.339    942.1    765.3
     1     1     8     1     7    20     0     0    -4.0  -81.656  161.979    922.9    771.3
     1     1     8     1     7    19     0     0    -5.0  -81.853  162.656    903.9    777.2
     1     1     8     1     7    18     0     0    -6.0  -82.052  163.390    885.5    782.4
     1     1     8     1     7    17     0     0    -7.0  -82.243  164.230    867.0    787.9
     1     1     8     1     7    16     0     0    -8.0  -82.415  165.215    847.3    794.7
     1     1     8     1     7    15     0     0    -9.0  -82.567  166.339    825.2    800.3
     1     1     8     1     7    14     0     0   -10.0  -82.696  167.589    800.8    804.8
     1     1     8     1     7    13     0     0   -11.0  -82.803  168.965    775.3    811.6
     1     1     8     1     7    12     0     0   -12.0  -82.886  170.470    749.2    819.7
     1     1     8     1     7    11     0     0   -13.0  -82.958  172.007    725.2    827.2
     1     1     8     1     7    10     0     0   -14.0  -83.031  173.474    707.6    832.8
     1     1     8     1     7     9     0     0   -15.0  -83.107  174.862    695.8    837.1
     1     1     8     1     7     8     0     0   -16.0  -83.190  176.167    689.0    838.7
     1     1     8     1     7     7     0     0   -17.0  -83.280  177.390    687.1    838.5
     1     1     8     1     7     6     0     0   -18.0  -83.379  178.531    689.4    836.9
     1     1     8     1     7     5     0     0   -19.0  -83.482  179.654    693.6    835.2
     1     1     8     1     7     4     0     0   -20.0  -83.585 -179.179    697.4    833.3
     1     1     8     1     7     3     0     0   -21.0  -83.689 -177.983    701.9    831.1
     1     1     8     1     7     2     0     0   -22.0  -83.795 -176.772    707.4    828.3
     1     1     8     1     7     1     0     0   -23.0  -83.903 -175.565    714.3    825.2
     1     1     8     1     7     0     0     0   -24.0  -84.014 -174.375    722.8    821.7
     1     1     8     1     6    23     0     0   -25.0  -84.124 -173.178    733.2    818.0
     1     1     8     1     6    22     0     0   -26.0  -84.222 -171.895    745.1    815.2
     1     1     8     1     6    21     0     0   -27.0  -84.301 -170.476    759.6    813.2
     1     1     8     1     6    20     0     0   -28.0  -84.365 -168.930    776.9    811.6
     1     1     8     1     6    19     0     0   -29.0  -84.422 -167.275    797.4    810.5
     1     1     8     1     6    18     0     0   -30.0  -84.472 -165.508    821.2    809.8
     1     1     8     1     6    17     0     0   -31.0  -84.509 -163.656    846.7    809.3
     1     1     8     1     6    16     0     0   -32.0  -84.527 -161.753    871.8    809.3
     1     1     8     1     6    15     0     0   -33.0  -84.526 -159.837    897.1    809.5
     1     1     8     1     6    14     0     0   -34.0  -84.508 -157.930    923.3    810.1
     1     1     8     1     6    13     0     0   -35.0  -84.474 -156.043    950.8    810.9
     1     1     8     1     6    12     0     0   -36.0  -84.426 -154.184    979.6    810.9
     1     1     8     1     6    11     0     0   -37.0  -84.366 -152.418   1008.0    810.1
     1     1     8     1     6    10     0     0   -38.0  -84.297 -150.788   1035.2    809.8
     1     1     8     1     6     9     0     0   -39.0  -84.222 -149.287   1061.7    809.7
     1     1     8     1     6     8     0     0   -40.0  -84.142 -147.897   1087.1    809.8
     1     1     8     1     6     7     0     0   -41.0  -84.058 -146.613   1110.8    809.7
     1     1     8     1     6     6     0     0   -42.0  -83.973 -145.434   1132.6    809.6
     1     1     8     1     6     5     0     0   -43.0  -83.882 -144.375   1152.8    809.0
     1     1     8     1     6     4     0     0   -44.0  -83.781 -143.445   1172.7    808.7
     1     1     8     1     6     3     0     0   -45.0  -83.670 -142.636   1192.1    809.1
     1     1     8     1     6     2     0     0   -46.0  -83.549 -141.934   1210.7    809.9
     1     1     8     1     6     1     0     0   -47.0  -83.420 -141.332   1228.8    811.2
     1     1     8     1     6     0     0     0   -48.0  -83.283 -140.821   1246.4    813.1
     1     1     8     1     5    23     0     0   -49.0  -83.138 -140.370   1263.7    815.0
     1     1     8     1     5    22     0     0   -50.0  -82.989 -139.955   1282.4    816.9
     1     1     8     1     5    21     0     0   -51.0  -82.834 -139.583   1301.8    818.5
     1     1     8     1     5    20     0     0   -52.0  -82.675 -139.261   1322.0    820.3
     1     1     8     1     5    19     0     0   -53.0  -82.513 -138.994   1343.0    822.3
     1     1     8     1     5    18     0     0   -54.0  -82.344 -138.799   1359.4    815.8
     1     1     8     1     5    17     0     0   -55.0  -82.164 -138.628   1373.0    808.2
     1     1     8     1     5    16     0     0   -56.0  -81.972 -138.430   1382.7    800.9
     1     1     8     1     5    15     0     0   -57.0  -81.771 -138.210   1389.1    793.7
     1     1     8     1     5    14     0     0   -58.0  -81.562 -137.971   1392.9    786.4
     1     1     8     1     5    13     0     0   -59.0  -81.348 -137.720   1394.7    779.1
     1     1     8     1     5    12     0     0   -60.0  -81.130 -137.463   1395.6    771.7
     1     1     8     1     5    11     0     0   -61.0  -80.916 -137.244   1396.8    764.7
     1     1     8     1     5    10     0     0   -62.0  -80.710 -137.110   1398.3    758.1
     1     1     8     1     5     9     0     0   -63.0  -80.513 -137.063   1399.4    752.1
     1     1     8     1     5     8     0     0   -64.0  -80.325 -137.105   1399.4    746.9
     1     1     8     1     5     7     0     0   -65.0  -80.147 -137.241   1397.7    742.5
     1     1     8     1     5     6     0     0   -66.0  -79.980 -137.471   1393.9    739.3
     1     1     8     1     5     5     0     0   -67.0  -79.820 -137.712   1390.4    737.8
     1     1     8     1     5     4     0     0   -68.0  -79.666 -137.879   1389.1    735.8
     1     1     8     1     5     3     0     0   -69.0  -79.516 -137.975   1389.1    733.7
     1     1     8     1     5     2     0     0   -70.0  -79.372 -138.001   1389.8    731.3
     1     1     8     1     5     1     0     0   -71.0  -79.232 -137.960   1391.2    728.5
     1     1     8     1     5     0     0     0   -72.0  -79.098 -137.853   1392.7    725.4
     1     1     8     1     4    23     0     0   -73.0  -78.967 -137.728   1393.0    722.4
     1     1     8     1     4    22     0     0   -74.0  -78.836 -137.629   1389.9    720.0
     1     1     8     1     4    21     0     0   -75.0  -78.705 -137.557   1382.8    718.0
     1     1     8     1     4    20     0     0   -76.0  -78.574 -137.509   1371.3    716.5
     1     1     8     1     4    19     0     0   -77.0  -78.442 -137.485   1354.7    715.6
     1     1     8     1     4    18     0     0   -78.0  -78.308 -137.486   1332.5    715.4
     1     1     8     1     4    17     0     0   -79.0  -78.172 -137.479   1309.5    715.7
     1     1     8     1     4    16     0     0   -80.0  -78.031 -137.430   1290.9    714.8
     1     1     8     1     4    15     0     0   -81.0  -77.886 -137.340   1276.4    713.1
     1     1     8     1     4    14     0     0   -82.0  -77.736 -137.206   1265.8    710.5
     1     1     8     1     4    13     0     0   -83.0  -77.579 -137.028   1258.7    707.1
     1     1     8     1     4    12     0     0   -84.0  -77.418 -136.808   1257.2    706.8
     1     1     8     1     4    11     0     0   -85.0  -77.261 -136.606   1256.5    710.2
     1     1     8     1     4    10     0     0   -86.0  -77.114 -136.474   1250.4    714.9
     1     1     8     1     4     9     0     0   -87.0  -76.976 -136.408   1239.6    720.3
     1     1     8     1     4     8     0     0   -88.0  -76.844 -136.403   1225.1    726.2
     1     1     8     1     4     7     0     0   -89.0  -76.718 -136.454   1207.6    732.5
     1     1     8     1     4     6     0     0   -90.0  -76.596 -136.555   1187.7    739.3
     1     1     8     1     4     5     0     0   -91.0  -76.472 -136.665   1165.2    746.7
     1     1     8     1     4     4     0     0   -92.0  -76.342 -136.747   1138.9    754.6
     1     1     8     1     4     3     0     0   -93.0  -76.206 -136.804   1109.0    762.9
     1     1     8     1     4     2     0     0   -94.0  -76.063 -136.838   1075.2    771.7
     1     1     8     1     4     1     0     0   -95.0  -75.915 -136.851   1037.3    781.0
     1     1     8     1     4     0     0     0   -96.0  -75.760 -136.845    995.0    791.0
     1     1     8     1     3    23     0     0   -97.0  -75.603 -136.838    950.5    801.9
     1     1     8     1     3    22     0     0   -98.0  -75.447 -136.839    905.5    812.7
     1     1     8     1     3    21     0     0   -99.0  -75.291 -136.841    860.4    823.1
     1     1     8     1     3    20     0     0  -100.0  -75.136 -136.837    815.3    833.6
     1     1     8     1     3    19     0     0  -101.0  -74.981 -136.818    770.5    844.0
     1     1     8     1     3    18     0     0  -102.0  -74.827 -136.783    726.8    853.0
     1     1     8     1     3    17     0     0  -103.0  -74.675 -136.733    685.9    861.0
     1     1     8     1     3    16     0     0  -104.0  -74.524 -136.672    648.3    868.9
     1     1     8     1     3    15     0     0  -105.0  -74.372 -136.602    613.7    876.3
     1     1     8     1     3    14     0     0  -106.0  -74.218 -136.524    582.5    883.1
     1     1     8     1     3    13     0     0  -107.0  -74.060 -136.440    554.8    889.7
     1     1     8     1     3    12     0     0  -108.0  -73.898 -136.354    530.2    896.2
     1     1     8     1     3    11     0     0  -109.0  -73.735 -136.284    508.5    902.8
     1     1     8     1     3    10     0     0  -110.0  -73.575 -136.243    489.2    909.4
     1     1     8     1     3     9     0     0  -111.0  -73.418 -136.228    472.3    915.7
     1     1     8     1     3     8     0     0  -112.0  -73.261 -136.234    457.9    921.9
     1     1     8     1     3     7     0     0  -113.0  -73.103 -136.257    445.8    927.8
     1     1     8     1     3     6     0     0  -114.0  -72.944 -136.293    436.1    933.6
     1     1     8     1     3     5     0     0  -115.0  -72.792 -136.339    428.7    939.0
     1     1     8     1     3     4     0     0  -116.0  -72.658 -136.396    423.5    943.6
     1     1     8     1     3     3     0     0  -117.0  -72.542 -136.466    420.1    947.5
     1     1     8     1     3     2     0     0  -118.0  -72.444 -136.553    418.0    948.8
     1     1     8     1     3     1     0     0  -119.0  -72.364 -136.661    417.2    948.7
     1     1     8     1     3     0     0     0  -120.0  -72.301 -136.789    417.8    948.6
