    12     1
    CDC1     7     9     1     0     0
    CDC1     7    10     1     0     0
    CDC1     7    11     1     0     0
    CDC1     7    12     1     0     0
    CDC1     8     1     1     0     0
    CDC1     8     2     1     0     0
    CDC1     8     3     1     0     0
    CDC1     8     4     1     0     0
    CDC1     8     5     1     0     0
    CDC1     8     6     1     0     0
    CDC1     8     7     1     0     0
    CDC1     8     8     1     0     0
     1 BACKWARD OMEGA   
     8     1    10     0  -80.930  159.503  1000.0
     1 PRESSURE
     1     1     8     1    10     0     0     0     0.0  -80.930  159.503   1000.0    764.6
     1     1     8     1     9    23     0     0    -1.0  -81.050  160.388    926.4    779.7
     1     1     8     1     9    22     0     0    -2.0  -81.173  161.332    853.7    795.7
     1     1     8     1     9    21     0     0    -3.0  -81.300  162.325    783.0    811.4
     1     1     8     1     9    20     0     0    -4.0  -81.433  163.357    715.4    826.6
     1     1     8     1     9    19     0     0    -5.0  -81.571  164.415    652.7    841.5
     1     1     8     1     9    18     0     0    -6.0  -81.715  165.493    595.9    855.3
     1     1     8     1     9    17     0     0    -7.0  -81.860  166.654    546.1    868.1
     1     1     8     1     9    16     0     0    -8.0  -82.002  167.971    503.7    880.8
     1     1     8     1     9    15     0     0    -9.0  -82.137  169.456    468.6    893.0
     1     1     8     1     9    14     0     0   -10.0  -82.261  171.135    440.2    905.0
     1     1     8     1     9    13     0     0   -11.0  -82.369  173.016    418.3    917.2
     1     1     8     1     9    12     0     0   -12.0  -82.461  175.101    403.8    927.9
     1     1     8     1     9    11     0     0   -13.0  -82.541  177.286    396.8    935.6
     1     1     8     1     9    10     0     0   -14.0  -82.615  179.377    395.4    939.2
     1     1     8     1     9     9     0     0   -15.0  -82.679 -178.699    399.1    941.1
     1     1     8     1     9     8     0     0   -16.0  -82.731 -176.979    409.7    941.0
     1     1     8     1     9     7     0     0   -17.0  -82.770 -175.400    424.9    939.4
     1     1     8     1     9     6     0     0   -18.0  -82.798 -173.956    443.3    937.8
     1     1     8     1     9     5     0     0   -19.0  -82.807 -172.559    460.5    936.5
     1     1     8     1     9     4     0     0   -20.0  -82.789 -171.096    472.7    936.9
     1     1     8     1     9     3     0     0   -21.0  -82.743 -169.558    479.7    939.1
     1     1     8     1     9     2     0     0   -22.0  -82.667 -167.944    481.8    942.6
     1     1     8     1     9     1     0     0   -23.0  -82.560 -166.263    479.6    947.9
     1     1     8     1     9     0     0     0   -24.0  -82.421 -164.546    473.1    950.2
     1     1     8     1     8    23     0     0   -25.0  -82.252 -162.973    465.5    948.8
     1     1     8     1     8    22     0     0   -26.0  -82.063 -161.653    460.2    945.9
     1     1     8     1     8    21     0     0   -27.0  -81.853 -160.547    457.1    942.6
     1     1     8     1     8    20     0     0   -28.0  -81.620 -159.625    455.6    938.9
     1     1     8     1     8    19     0     0   -29.0  -81.364 -158.863    455.7    934.5
     1     1     8     1     8    18     0     0   -30.0  -81.084 -158.237    457.1    929.6
     1     1     8     1     8    17     0     0   -31.0  -80.780 -157.670    461.3    924.0
     1     1     8     1     8    16     0     0   -32.0  -80.455 -157.117    470.1    917.2
     1     1     8     1     8    15     0     0   -33.0  -80.111 -156.602    484.5    909.3
     1     1     8     1     8    14     0     0   -34.0  -79.753 -156.137    504.9    906.1
     1     1     8     1     8    13     0     0   -35.0  -79.384 -155.714    529.8    905.4
     1     1     8     1     8    12     0     0   -36.0  -79.007 -155.320    558.2    904.7
     1     1     8     1     8    11     0     0   -37.0  -78.620 -154.988    587.7    904.0
     1     1     8     1     8    10     0     0   -38.0  -78.226 -154.754    615.0    903.9
     1     1     8     1     8     9     0     0   -39.0  -77.826 -154.630    639.7    904.2
     1     1     8     1     8     8     0     0   -40.0  -77.423 -154.625    661.2    904.7
     1     1     8     1     8     7     0     0   -41.0  -77.021 -154.730    678.7    903.9
     1     1     8     1     8     6     0     0   -42.0  -76.622 -154.922    692.8    903.8
     1     1     8     1     8     5     0     0   -43.0  -76.220 -155.145    705.2    903.6
     1     1     8     1     8     4     0     0   -44.0  -75.813 -155.370    717.5    903.1
     1     1     8     1     8     3     0     0   -45.0  -75.403 -155.628    729.8    902.6
     1     1     8     1     8     2     0     0   -46.0  -74.992 -155.949    742.3    902.0
     1     1     8     1     8     1     0     0   -47.0  -74.584 -156.337    755.5    899.1
     1     1     8     1     8     0     0     0   -48.0  -74.178 -156.782    770.2    896.1
     1     1     8     1     7    23     0     0   -49.0  -73.775 -157.252    786.0    893.0
     1     1     8     1     7    22     0     0   -50.0  -73.377 -157.725    802.7    889.5
     1     1     8     1     7    21     0     0   -51.0  -72.991 -158.215    819.9    885.7
     1     1     8     1     7    20     0     0   -52.0  -72.621 -158.735    837.6    881.9
     1     1     8     1     7    19     0     0   -53.0  -72.267 -159.288    856.1    880.0
     1     1     8     1     7    18     0     0   -54.0  -71.924 -159.864    874.8    879.0
     1     1     8     1     7    17     0     0   -55.0  -71.588 -160.421    891.6    877.9
     1     1     8     1     7    16     0     0   -56.0  -71.258 -160.932    905.5    877.1
     1     1     8     1     7    15     0     0   -57.0  -70.938 -161.421    917.8    876.3
     1     1     8     1     7    14     0     0   -58.0  -70.635 -161.911    929.5    875.5
     1     1     8     1     7    13     0     0   -59.0  -70.351 -162.420    941.7    874.4
     1     1     8     1     7    12     0     0   -60.0  -70.090 -162.959    955.2    872.7
     1     1     8     1     7    11     0     0   -61.0  -69.850 -163.538    970.1    870.3
     1     1     8     1     7    10     0     0   -62.0  -69.628 -164.166    987.4    868.0
     1     1     8     1     7     9     0     0   -63.0  -69.430 -164.850   1007.3    865.7
     1     1     8     1     7     8     0     0   -64.0  -69.260 -165.591   1030.9    863.4
     1     1     8     1     7     7     0     0   -65.0  -69.125 -166.387   1059.1    860.8
     1     1     8     1     7     6     0     0   -66.0  -69.029 -167.243   1093.2    857.5
     1     1     8     1     7     5     0     0   -67.0  -68.963 -168.119   1129.1    853.0
     1     1     8     1     7     4     0     0   -68.0  -68.921 -168.978   1160.8    849.5
     1     1     8     1     7     3     0     0   -69.0  -68.910 -169.841   1189.6    846.3
     1     1     8     1     7     2     0     0   -70.0  -68.939 -170.719   1216.7    843.4
     1     1     8     1     7     1     0     0   -71.0  -69.013 -171.618   1243.0    840.8
     1     1     8     1     7     0     0     0   -72.0  -69.139 -172.556   1269.7    838.2
     1     1     8     1     6    23     0     0   -73.0  -69.307 -173.508   1296.5    834.1
     1     1     8     1     6    22     0     0   -74.0  -69.505 -174.458   1322.0    830.1
     1     1     8     1     6    21     0     0   -75.0  -69.737 -175.421   1347.2    826.5
     1     1     8     1     6    20     0     0   -76.0  -70.001 -176.397   1372.5    823.3
     1     1     8     1     6    19     0     0   -77.0  -70.295 -177.360   1397.5    820.9
     1     1     8     1     6    18     0     0   -78.0  -70.613 -178.272   1420.6    818.8
     1     1     8     1     6    17     0     0   -79.0  -70.959 -179.064   1441.4    817.2
     1     1     8     1     6    16     0     0   -80.0  -71.336 -179.683   1457.9    816.2
     1     1     8     1     6    15     0     0   -81.0  -71.745  179.863   1468.3    815.9
     1     1     8     1     6    14     0     0   -82.0  -72.185  179.566   1471.4    816.1
     1     1     8     1     6    13     0     0   -83.0  -72.649  179.427   1466.9    817.1
     1     1     8     1     6    12     0     0   -84.0  -73.130  179.447   1455.5    819.0
     1     1     8     1     6    11     0     0   -85.0  -73.613  179.619   1439.7    820.9
     1     1     8     1     6    10     0     0   -86.0  -74.094  179.933   1420.7    822.6
     1     1     8     1     6     9     0     0   -87.0  -74.567 -179.605   1397.9    823.7
     1     1     8     1     6     8     0     0   -88.0  -75.029 -178.985   1371.4    824.1
     1     1     8     1     6     7     0     0   -89.0  -75.470 -178.197   1342.7    824.5
     1     1     8     1     6     6     0     0   -90.0  -75.884 -177.228   1313.1    824.7
     1     1     8     1     6     5     0     0   -91.0  -76.261 -176.082   1285.9    825.4
     1     1     8     1     6     4     0     0   -92.0  -76.592 -174.775   1263.6    825.1
     1     1     8     1     6     3     0     0   -93.0  -76.869 -173.310   1248.7    825.4
     1     1     8     1     6     2     0     0   -94.0  -77.087 -171.693   1242.2    825.9
     1     1     8     1     6     1     0     0   -95.0  -77.242 -169.927   1244.8    827.2
     1     1     8     1     6     0     0     0   -96.0  -77.331 -168.023   1256.9    829.3
     1     1     8     1     5    23     0     0   -97.0  -77.346 -166.037   1273.5    831.6
     1     1     8     1     5    22     0     0   -98.0  -77.284 -164.048   1289.0    834.8
     1     1     8     1     5    21     0     0   -99.0  -77.151 -162.104   1302.8    837.3
     1     1     8     1     5    20     0     0  -100.0  -76.956 -160.235   1313.5    838.6
     1     1     8     1     5    19     0     0  -101.0  -76.708 -158.461   1319.9    838.0
     1     1     8     1     5    18     0     0  -102.0  -76.418 -156.779   1321.8    836.5
     1     1     8     1     5    17     0     0  -103.0  -76.095 -155.190   1321.4    834.6
     1     1     8     1     5    16     0     0  -104.0  -75.747 -153.696   1321.7    831.9
     1     1     8     1     5    15     0     0  -105.0  -75.382 -152.291   1323.7    830.5
     1     1     8     1     5    14     0     0  -106.0  -75.011 -150.963   1328.6    830.2
     1     1     8     1     5    13     0     0  -107.0  -74.636 -149.725   1335.3    828.5
     1     1     8     1     5    12     0     0  -108.0  -74.257 -148.579   1343.3    828.1
     1     1     8     1     5    11     0     0  -109.0  -73.879 -147.560   1350.8    828.4
     1     1     8     1     5    10     0     0  -110.0  -73.513 -146.706   1356.8    830.0
     1     1     8     1     5     9     0     0  -111.0  -73.166 -146.004   1362.4    832.5
     1     1     8     1     5     8     0     0  -112.0  -72.844 -145.438   1368.7    835.5
     1     1     8     1     5     7     0     0  -113.0  -72.549 -144.997   1376.4    838.6
     1     1     8     1     5     6     0     0  -114.0  -72.280 -144.678   1383.9    838.5
     1     1     8     1     5     5     0     0  -115.0  -72.025 -144.465   1390.3    837.1
     1     1     8     1     5     4     0     0  -116.0  -71.776 -144.332   1394.9    836.1
     1     1     8     1     5     3     0     0  -117.0  -71.536 -144.266   1397.9    835.3
     1     1     8     1     5     2     0     0  -118.0  -71.303 -144.254   1399.6    834.8
     1     1     8     1     5     1     0     0  -119.0  -71.080 -144.287   1400.4    834.5
     1     1     8     1     5     0     0     0  -120.0  -70.867 -144.356   1400.4    834.4
