    12     1
    CDC1     7     9     1     0     0
    CDC1     7    10     1     0     0
    CDC1     7    11     1     0     0
    CDC1     7    12     1     0     0
    CDC1     8     1     1     0     0
    CDC1     8     2     1     0     0
    CDC1     8     3     1     0     0
    CDC1     8     4     1     0     0
    CDC1     8     5     1     0     0
    CDC1     8     6     1     0     0
    CDC1     8     7     1     0     0
    CDC1     8     8     1     0     0
     1 BACKWARD OMEGA   
     8     7    28     0  -80.930  159.503  1000.0
     1 PRESSURE
     1     1     8     7    28     0     0     0     0.0  -80.930  159.503   1000.0    743.0
     1     1     8     7    27    23     0     0    -1.0  -81.356  160.526    996.8    749.9
     1     1     8     7    27    22     0     0    -2.0  -81.764  161.750    998.3    757.4
     1     1     8     7    27    21     0     0    -3.0  -82.157  163.185   1007.6    764.0
     1     1     8     7    27    20     0     0    -4.0  -82.532  164.837   1022.2    769.0
     1     1     8     7    27    19     0     0    -5.0  -82.877  166.759   1032.5    763.9
     1     1     8     7    27    18     0     0    -6.0  -83.184  169.033   1041.2    761.4
     1     1     8     7    27    17     0     0    -7.0  -83.467  171.772   1045.6    759.9
     1     1     8     7    27    16     0     0    -8.0  -83.739  175.084   1043.6    760.8
     1     1     8     7    27    15     0     0    -9.0  -84.001  179.002   1037.4    762.6
     1     1     8     7    27    14     0     0   -10.0  -84.251 -176.508   1028.8    765.7
     1     1     8     7    27    13     0     0   -11.0  -84.479 -171.350   1025.7    769.6
     1     1     8     7    27    12     0     0   -12.0  -84.653 -165.331   1043.1    772.9
     1     1     8     7    27    11     0     0   -13.0  -84.771 -158.841   1079.1    775.3
     1     1     8     7    27    10     0     0   -14.0  -84.820 -152.271   1132.0    772.5
     1     1     8     7    27     9     0     0   -15.0  -84.807 -145.857   1194.9    764.0
     1     1     8     7    27     8     0     0   -16.0  -84.736 -139.803   1261.3    749.9
     1     1     8     7    27     7     0     0   -17.0  -84.612 -134.239   1324.1    732.3
     1     1     8     7    27     6     0     0   -18.0  -84.444 -129.164   1379.5    713.2
     1     1     8     7    27     5     0     0   -19.0  -84.243 -124.351   1422.2    692.5
     1     1     8     7    27     4     0     0   -20.0  -84.024 -119.618   1454.9    670.9
     1     1     8     7    27     3     0     0   -21.0  -83.806 -114.937   1477.0    648.2
     1     1     8     7    27     2     0     0   -22.0  -83.607 -110.283   1492.6    628.0
     1     1     8     7    27     1     0     0   -23.0  -83.435 -105.635   1504.8    612.6
     1     1     8     7    27     0     0     0   -24.0  -83.289 -100.968   1520.1    604.8
     1     1     8     7    26    23     0     0   -25.0  -83.160  -96.475   1539.9    607.4
     1     1     8     7    26    22     0     0   -26.0  -83.043  -92.354   1560.2    619.3
     1     1     8     7    26    21     0     0   -27.0  -82.935  -88.600   1576.4    638.2
     1     1     8     7    26    20     0     0   -28.0  -82.838  -85.192   1584.4    662.4
     1     1     8     7    26    19     0     0   -29.0  -82.755  -82.090   1583.0    688.0
     1     1     8     7    26    18     0     0   -30.0  -82.694  -79.250   1572.7    711.1
     1     1     8     7    26    17     0     0   -31.0  -82.667  -76.623   1562.2    732.0
     1     1     8     7    26    16     0     0   -32.0  -82.668  -74.098   1550.9    748.9
     1     1     8     7    26    15     0     0   -33.0  -82.689  -71.615   1538.6    762.0
     1     1     8     7    26    14     0     0   -34.0  -82.718  -69.128   1524.4    771.0
     1     1     8     7    26    13     0     0   -35.0  -82.746  -66.594   1508.5    777.3
     1     1     8     7    26    12     0     0   -36.0  -82.764  -64.004   1490.6    780.3
     1     1     8     7    26    11     0     0   -37.0  -82.771  -61.396   1472.9    779.9
     1     1     8     7    26    10     0     0   -38.0  -82.770  -58.810   1456.5    777.8
     1     1     8     7    26     9     0     0   -39.0  -82.757  -56.241   1443.1    774.3
     1     1     8     7    26     8     0     0   -40.0  -82.732  -53.679   1433.9    769.5
     1     1     8     7    26     7     0     0   -41.0  -82.690  -51.125   1429.3    763.6
     1     1     8     7    26     6     0     0   -42.0  -82.631  -48.589   1430.0    756.8
     1     1     8     7    26     5     0     0   -43.0  -82.553  -46.094   1437.4    750.3
     1     1     8     7    26     4     0     0   -44.0  -82.453  -43.629   1450.3    743.5
     1     1     8     7    26     3     0     0   -45.0  -82.328  -41.283   1466.5    736.4
     1     1     8     7    26     2     0     0   -46.0  -82.185  -39.082   1484.8    729.7
     1     1     8     7    26     1     0     0   -47.0  -82.028  -37.029   1505.6    724.0
     1     1     8     7    26     0     0     0   -48.0  -81.865  -35.108   1529.8    718.9
     1     1     8     7    25    23     0     0   -49.0  -81.709  -33.340   1559.7    710.8
     1     1     8     7    25    22     0     0   -50.0  -81.575  -31.761   1599.1    701.4
     1     1     8     7    25    21     0     0   -51.0  -81.467  -30.372   1647.4    690.1
     1     1     8     7    25    20     0     0   -52.0  -81.390  -29.175   1702.3    677.1
     1     1     8     7    25    19     0     0   -53.0  -81.348  -28.170   1762.4    663.8
     1     1     8     7    25    18     0     0   -54.0  -81.342  -27.361   1826.8    650.8
     1     1     8     7    25    17     0     0   -55.0  -81.359  -26.707   1895.5    638.9
     1     1     8     7    25    16     0     0   -56.0  -81.389  -26.169   1965.9    627.7
     1     1     8     7    25    15     0     0   -57.0  -81.427  -25.749   2037.6    617.3
     1     1     8     7    25    14     0     0   -58.0  -81.471  -25.451   2109.5    607.7
     1     1     8     7    25    13     0     0   -59.0  -81.520  -25.279   2181.1    599.2
     1     1     8     7    25    12     0     0   -60.0  -81.570  -25.236   2252.1    591.9
     1     1     8     7    25    11     0     0   -61.0  -81.626  -25.262   2323.2    584.6
     1     1     8     7    25    10     0     0   -62.0  -81.693  -25.299   2391.4    577.4
     1     1     8     7    25     9     0     0   -63.0  -81.769  -25.340   2458.4    570.2
     1     1     8     7    25     8     0     0   -64.0  -81.854  -25.380   2524.6    563.1
     1     1     8     7    25     7     0     0   -65.0  -81.946  -25.410   2590.7    555.7
     1     1     8     7    25     6     0     0   -66.0  -82.045  -25.424   2657.0    548.1
     1     1     8     7    25     5     0     0   -67.0  -82.148  -25.447   2718.9    540.5
     1     1     8     7    25     4     0     0   -68.0  -82.254  -25.512   2772.1    534.2
     1     1     8     7    25     3     0     0   -69.0  -82.363  -25.621   2815.6    528.9
     1     1     8     7    25     2     0     0   -70.0  -82.473  -25.777   2848.4    524.7
     1     1     8     7    25     1     0     0   -71.0  -82.587  -26.015   2870.3    522.0
     1     1     8     7    25     0     0     0   -72.0  -82.704  -26.379   2879.4    520.9
     1     1     8     7    24    23     0     0   -73.0  -82.824  -26.886   2881.1    521.3
     1     1     8     7    24    22     0     0   -74.0  -82.944  -27.551   2886.7    521.6
     1     1     8     7    24    21     0     0   -75.0  -83.063  -28.389   2896.5    522.3
     1     1     8     7    24    20     0     0   -76.0  -83.177  -29.417   2911.4    523.4
     1     1     8     7    24    19     0     0   -77.0  -83.284  -30.652   2932.3    524.9
     1     1     8     7    24    18     0     0   -78.0  -83.381  -32.105   2960.1    526.8
     1     1     8     7    24    17     0     0   -79.0  -83.477  -33.731   2992.9    528.8
     1     1     8     7    24    16     0     0   -80.0  -83.580  -35.494   3027.5    530.5
     1     1     8     7    24    15     0     0   -81.0  -83.690  -37.423   3063.6    531.7
     1     1     8     7    24    14     0     0   -82.0  -83.805  -39.556   3097.9    532.8
     1     1     8     7    24    13     0     0   -83.0  -83.922  -41.915   3131.3    534.8
     1     1     8     7    24    12     0     0   -84.0  -84.035  -44.508   3160.1    537.3
     1     1     8     7    24    11     0     0   -85.0  -84.143  -47.242   3188.9    539.7
     1     1     8     7    24    10     0     0   -86.0  -84.248  -50.000   3224.9    541.6
     1     1     8     7    24     9     0     0   -87.0  -84.352  -52.805   3266.1    542.7
     1     1     8     7    24     8     0     0   -88.0  -84.452  -55.695   3311.1    542.5
     1     1     8     7    24     7     0     0   -89.0  -84.545  -58.723   3357.9    541.2
     1     1     8     7    24     6     0     0   -90.0  -84.628  -61.917   3404.9    538.2
     1     1     8     7    24     5     0     0   -91.0  -84.691  -65.299   3450.1    534.2
     1     1     8     7    24     4     0     0   -92.0  -84.733  -68.865   3486.0    528.1
     1     1     8     7    24     3     0     0   -93.0  -84.754  -72.618   3515.0    520.4
     1     1     8     7    24     2     0     0   -94.0  -84.757  -76.619   3529.7    509.9
     1     1     8     7    24     1     0     0   -95.0  -84.738  -80.878   3536.1    498.3
     1     1     8     7    24     0     0     0   -96.0  -84.690  -85.398   3528.8    485.3
     1     1     8     7    23    23     0     0   -97.0  -84.585  -90.139   3506.8    473.0
     1     1     8     7    23    22     0     0   -98.0  -84.399  -94.926   3478.3    463.2
     1     1     8     7    23    21     0     0   -99.0  -84.132  -99.550   3449.8    457.0
     1     1     8     7    23    20     0     0  -100.0  -83.790 -103.831   3430.6    456.2
     1     1     8     7    23    19     0     0  -101.0  -83.385 -107.657   3421.1    460.2
     1     1     8     7    23    18     0     0  -102.0  -82.930 -110.972   3425.1    469.5
     1     1     8     7    23    17     0     0  -103.0  -82.446 -113.694   3433.4    481.2
     1     1     8     7    23    16     0     0  -104.0  -81.959 -115.951   3435.4    491.3
     1     1     8     7    23    15     0     0  -105.0  -81.475 -117.910   3427.6    499.6
     1     1     8     7    23    14     0     0  -106.0  -80.999 -119.639   3410.0    505.6
     1     1     8     7    23    13     0     0  -107.0  -80.531 -121.196   3383.1    508.9
     1     1     8     7    23    12     0     0  -108.0  -80.069 -122.625   3349.6    510.4
     1     1     8     7    23    11     0     0  -109.0  -79.602 -123.937   3304.7    509.0
     1     1     8     7    23    10     0     0  -110.0  -79.115 -125.146   3247.9    506.3
     1     1     8     7    23     9     0     0  -111.0  -78.609 -126.284   3177.8    503.6
     1     1     8     7    23     8     0     0  -112.0  -78.082 -127.373   3089.7    500.9
     1     1     8     7    23     7     0     0  -113.0  -77.532 -128.429   2981.7    499.9
     1     1     8     7    23     6     0     0  -114.0  -76.963 -129.427   2896.9    524.5
     1     1     8     7    23     5     0     0  -115.0  -76.404 -130.329   2799.3    552.8
     1     1     8     7    23     4     0     0  -116.0  -75.878 -131.136   2695.9    581.3
     1     1     8     7    23     3     0     0  -117.0  -75.387 -131.851   2589.6    609.2
     1     1     8     7    23     2     0     0  -118.0  -74.931 -132.484   2484.4    635.9
     1     1     8     7    23     1     0     0  -119.0  -74.513 -133.089   2386.4    659.9
     1     1     8     7    23     0     0     0  -120.0  -74.129 -133.711   2303.8    680.6
