    12     1
    CDC1     7     9     1     0     0
    CDC1     7    10     1     0     0
    CDC1     7    11     1     0     0
    CDC1     7    12     1     0     0
    CDC1     8     1     1     0     0
    CDC1     8     2     1     0     0
    CDC1     8     3     1     0     0
    CDC1     8     4     1     0     0
    CDC1     8     5     1     0     0
    CDC1     8     6     1     0     0
    CDC1     8     7     1     0     0
    CDC1     8     8     1     0     0
     1 BACKWARD OMEGA   
     8     7    18     0  -80.930  159.503  1000.0
     1 PRESSURE
     1     1     8     7    18     0     0     0     0.0  -80.930  159.503   1000.0    721.6
     1     1     8     7    17    23     0     0    -1.0  -81.366  159.196   1040.5    711.2
     1     1     8     7    17    22     0     0    -2.0  -81.805  159.205   1077.9    704.1
     1     1     8     7    17    21     0     0    -3.0  -82.247  159.515   1111.3    699.9
     1     1     8     7    17    20     0     0    -4.0  -82.684  160.234   1135.6    693.1
     1     1     8     7    17    19     0     0    -5.0  -83.104  161.628   1145.7    684.0
     1     1     8     7    17    18     0     0    -6.0  -83.500  163.824   1146.2    680.3
     1     1     8     7    17    17     0     0    -7.0  -83.873  166.724   1145.9    677.9
     1     1     8     7    17    16     0     0    -8.0  -84.219  170.179   1140.6    677.1
     1     1     8     7    17    15     0     0    -9.0  -84.539  174.113   1129.4    677.7
     1     1     8     7    17    14     0     0   -10.0  -84.831  178.469   1112.7    680.5
     1     1     8     7    17    13     0     0   -11.0  -85.094 -176.816   1092.7    688.2
     1     1     8     7    17    12     0     0   -12.0  -85.316 -171.734   1071.7    697.0
     1     1     8     7    17    11     0     0   -13.0  -85.492 -166.242   1050.5    705.1
     1     1     8     7    17    10     0     0   -14.0  -85.593 -160.210   1047.6    710.6
     1     1     8     7    17     9     0     0   -15.0  -85.631 -153.979   1054.1    714.8
     1     1     8     7    17     8     0     0   -16.0  -85.610 -147.803   1069.8    715.3
     1     1     8     7    17     7     0     0   -17.0  -85.535 -141.888   1094.0    713.4
     1     1     8     7    17     6     0     0   -18.0  -85.419 -136.347   1124.5    708.2
     1     1     8     7    17     5     0     0   -19.0  -85.293 -131.082   1139.0    700.0
     1     1     8     7    17     4     0     0   -20.0  -85.129 -126.482   1159.9    690.0
     1     1     8     7    17     3     0     0   -21.0  -84.942 -122.505   1185.8    679.1
     1     1     8     7    17     2     0     0   -22.0  -84.733 -119.151   1213.2    668.1
     1     1     8     7    17     1     0     0   -23.0  -84.510 -116.348   1239.5    657.7
     1     1     8     7    17     0     0     0   -24.0  -84.275 -114.022   1261.5    648.3
     1     1     8     7    16    23     0     0   -25.0  -84.015 -112.108   1278.5    640.4
     1     1     8     7    16    22     0     0   -26.0  -83.715 -110.547   1290.5    633.9
     1     1     8     7    16    21     0     0   -27.0  -83.376 -109.292   1298.6    627.9
     1     1     8     7    16    20     0     0   -28.0  -83.000 -108.292   1303.0    622.7
     1     1     8     7    16    19     0     0   -29.0  -82.588 -107.507   1303.9    617.8
     1     1     8     7    16    18     0     0   -30.0  -82.145 -106.854   1302.9    616.3
     1     1     8     7    16    17     0     0   -31.0  -81.693 -106.305   1298.7    616.6
     1     1     8     7    16    16     0     0   -32.0  -81.244 -105.877   1291.0    617.3
     1     1     8     7    16    15     0     0   -33.0  -80.793 -105.541   1278.3    618.9
     1     1     8     7    16    14     0     0   -34.0  -80.337 -105.270   1258.8    621.2
     1     1     8     7    16    13     0     0   -35.0  -79.872 -105.041   1232.2    627.4
     1     1     8     7    16    12     0     0   -36.0  -79.403 -104.831   1197.2    642.4
     1     1     8     7    16    11     0     0   -37.0  -78.930 -104.576   1146.0    658.8
     1     1     8     7    16    10     0     0   -38.0  -78.457 -104.211   1079.3    677.1
     1     1     8     7    16     9     0     0   -39.0  -77.990 -103.712    999.2    697.1
     1     1     8     7    16     8     0     0   -40.0  -77.536 -103.054    908.9    718.5
     1     1     8     7    16     7     0     0   -41.0  -77.113 -102.272    815.0    744.1
     1     1     8     7    16     6     0     0   -42.0  -76.727 -101.425    719.6    767.9
     1     1     8     7    16     5     0     0   -43.0  -76.379 -100.551    623.3    790.8
     1     1     8     7    16     4     0     0   -44.0  -76.064  -99.680    530.5    811.0
     1     1     8     7    16     3     0     0   -45.0  -75.773  -98.823    444.2    828.9
     1     1     8     7    16     2     0     0   -46.0  -75.501  -97.981    364.4    845.5
     1     1     8     7    16     1     0     0   -47.0  -75.242  -97.148    292.5    859.8
     1     1     8     7    16     0     0     0   -48.0  -74.997  -96.319    231.0    872.7
     1     1     8     7    15    23     0     0   -49.0  -74.764  -95.520    182.0    881.0
     1     1     8     7    15    22     0     0   -50.0  -74.544  -94.782    145.5    887.5
     1     1     8     7    15    21     0     0   -51.0  -74.340  -94.102    118.2    894.3
     1     1     8     7    15    20     0     0   -52.0  -74.152  -93.475     98.0    900.3
     1     1     8     7    15    19     0     0   -53.0  -73.982  -92.894     83.3    905.6
     1     1     8     7    15    18     0     0   -54.0  -73.830  -92.357     72.7    910.4
     1     1     8     7    15    17     0     0   -55.0  -73.693  -91.869     64.6    914.8
     1     1     8     7    15    16     0     0   -56.0  -73.571  -91.436     58.0    918.8
     1     1     8     7    15    15     0     0   -57.0  -73.462  -91.049     52.6    922.3
     1     1     8     7    15    14     0     0   -58.0  -73.366  -90.699     48.0    925.4
     1     1     8     7    15    13     0     0   -59.0  -73.282  -90.380     44.2    928.1
     1     1     8     7    15    12     0     0   -60.0  -73.211  -90.086     40.9    930.3
     1     1     8     7    15    11     0     0   -61.0  -73.147  -89.796     37.7    932.6
     1     1     8     7    15    10     0     0   -62.0  -73.086  -89.493     34.4    935.3
     1     1     8     7    15     9     0     0   -63.0  -73.028  -89.179     31.0    938.0
     1     1     8     7    15     8     0     0   -64.0  -72.974  -88.855     27.6    940.7
     1     1     8     7    15     7     0     0   -65.0  -72.923  -88.519     24.2    943.3
     1     1     8     7    15     6     0     0   -66.0  -72.875  -88.174     21.0    945.9
     1     1     8     7    15     5     0     0   -67.0  -72.833  -87.849     18.3    949.2
     1     1     8     7    15     4     0     0   -68.0  -72.798  -87.572     16.2    951.9
     1     1     8     7    15     3     0     0   -69.0  -72.770  -87.338     14.6    954.5
     1     1     8     7    15     2     0     0   -70.0  -72.749  -87.144     13.4    956.9
     1     1     8     7    15     1     0     0   -71.0  -72.735  -86.988     12.5    958.7
     1     1     8     7    15     0     0     0   -72.0  -72.728  -86.869     11.8    960.1
     1     1     8     7    14    23     0     0   -73.0  -72.723  -86.759     11.2    961.1
     1     1     8     7    14    22     0     0   -74.0  -72.713  -86.634     10.6    962.4
     1     1     8     7    14    21     0     0   -75.0  -72.699  -86.494     10.0    963.9
     1     1     8     7    14    20     0     0   -76.0  -72.680  -86.336      9.4    965.5
     1     1     8     7    14    19     0     0   -77.0  -72.656  -86.162      8.7    967.4
     1     1     8     7    14    18     0     0   -78.0  -72.627  -85.970      7.9    969.5
     1     1     8     7    14    17     0     0   -79.0  -72.589  -85.764      7.2    972.4
     1     1     8     7    14    16     0     0   -80.0  -72.538  -85.550      6.5    975.9
     1     1     8     7    14    15     0     0   -81.0  -72.473  -85.328      5.8    979.1
     1     1     8     7    14    14     0     0   -82.0  -72.393  -85.106      4.9    981.4
     1     1     8     7    14    13     0     0   -83.0  -72.299  -84.892      3.7    983.8
     1     1     8     7    14    12     0     0   -84.0  -72.190  -84.685      2.0    986.2
     1     1     8     7    14    11     0     0   -85.0  -72.082  -84.495      0.0    988.3
     1     1     8     7    14    10     0     0   -86.0  -71.991  -84.330      0.0    990.1
     1     1     8     7    14     9     0     0   -87.0  -71.916  -84.188      0.0    991.7
     1     1     8     7    14     8     0     0   -88.0  -71.857  -84.067      0.0    993.0
     1     1     8     7    14     7     0     0   -89.0  -71.814  -83.963      0.0    994.1
     1     1     8     7    14     6     0     0   -90.0  -71.788  -83.874      0.0    995.0
     1     1     8     7    14     5     0     0   -91.0  -71.771  -83.816      0.0    995.7
     1     1     8     7    14     4     0     0   -92.0  -71.753  -83.808      0.0    996.2
     1     1     8     7    14     3     0     0   -93.0  -71.735  -83.847      0.0    996.4
     1     1     8     7    14     2     0     0   -94.0  -71.716  -83.934      0.0    996.3
     1     1     8     7    14     1     0     0   -95.0  -71.699  -84.065      0.0    996.0
     1     1     8     7    14     0     0     0   -96.0  -71.683  -84.241      0.0    995.4
     1     1     8     7    13    23     0     0   -97.0  -71.660  -84.456      0.0    994.0
     1     1     8     7    13    22     0     0   -98.0  -71.622  -84.707      0.0    992.5
     1     1     8     7    13    21     0     0   -99.0  -71.570  -84.995      0.0    990.9
     1     1     8     7    13    20     0     0  -100.0  -71.503  -85.315      0.0    989.7
     1     1     8     7    13    19     0     0  -101.0  -71.420  -85.661      0.0    988.6
     1     1     8     7    13    18     0     0  -102.0  -71.323  -86.030      0.0    987.7
     1     1     8     7    13    17     0     0  -103.0  -71.209  -86.411      0.0    987.5
     1     1     8     7    13    16     0     0  -104.0  -71.075  -86.795      0.0    987.5
     1     1     8     7    13    15     0     0  -105.0  -70.922  -87.179      0.0    987.6
     1     1     8     7    13    14     0     0  -106.0  -70.751  -87.561      0.0    988.2
     1     1     8     7    13    13     0     0  -107.0  -70.562  -87.932      0.0    990.2
     1     1     8     7    13    12     0     0  -108.0  -70.359  -88.286      0.0    992.6
     1     1     8     7    13    11     0     0  -109.0  -70.135  -88.606      0.0    995.1
     1     1     8     7    13    10     0     0  -110.0  -69.885  -88.878      0.0    997.0
     1     1     8     7    13     9     0     0  -111.0  -69.608  -89.102      0.0    997.8
     1     1     8     7    13     8     0     0  -112.0  -69.304  -89.271      0.0    998.9
     1     1     8     7    13     7     0     0  -113.0  -68.973  -89.381      0.0   1000.2
     1     1     8     7    13     6     0     0  -114.0  -68.616  -89.422      0.0   1001.7
     1     1     8     7    13     5     0     0  -115.0  -68.243  -89.378      0.0   1003.8
     1     1     8     7    13     4     0     0  -116.0  -67.867  -89.232      0.0   1005.7
     1     1     8     7    13     3     0     0  -117.0  -67.493  -88.984      0.0   1007.2
     1     1     8     7    13     2     0     0  -118.0  -67.138  -88.629      0.0   1007.4
     1     1     8     7    13     1     0     0  -119.0  -66.811  -88.169      0.0   1007.6
     1     1     8     7    13     0     0     0  -120.0  -66.515  -87.615      0.2   1007.8
