     2     1
    CDC1     8     8     1     0     0
    CDC1     8     9     1     0     0
     1 BACKWARD OMEGA   
     8     9     1     0  -80.930  159.503  1000.0
     1 PRESSURE
     1     1     8     9     1     0     0     0     0.0  -80.930  159.503   1000.0    740.2
     1     1     8     8    31    23     0     0    -1.0  -81.025  159.306    980.2    738.1
     1     1     8     8    31    22     0     0    -2.0  -81.113  159.273    959.6    738.1
     1     1     8     8    31    21     0     0    -3.0  -81.194  159.427    938.3    740.3
     1     1     8     8    31    20     0     0    -4.0  -81.271  159.789    916.2    744.8
     1     1     8     8    31    19     0     0    -5.0  -81.345  160.377    893.3    751.7
     1     1     8     8    31    18     0     0    -6.0  -81.413  161.207    869.6    760.7
     1     1     8     8    31    17     0     0    -7.0  -81.481  162.273    843.5    771.4
     1     1     8     8    31    16     0     0    -8.0  -81.555  163.561    814.5    784.6
     1     1     8     8    31    15     0     0    -9.0  -81.625  165.033    780.1    799.8
     1     1     8     8    31    14     0     0   -10.0  -81.683  166.668    739.6    816.6
     1     1     8     8    31    13     0     0   -11.0  -81.722  168.466    694.7    834.7
     1     1     8     8    31    12     0     0   -12.0  -81.734  170.389    645.1    854.0
     1     1     8     8    31    11     0     0   -13.0  -81.719  172.233    601.4    870.4
     1     1     8     8    31    10     0     0   -14.0  -81.687  173.819    573.6    880.9
     1     1     8     8    31     9     0     0   -15.0  -81.636  175.121    559.4    888.5
     1     1     8     8    31     8     0     0   -16.0  -81.568  176.135    556.3    890.8
     1     1     8     8    31     7     0     0   -17.0  -81.488  176.863    563.2    891.0
     1     1     8     8    31     6     0     0   -18.0  -81.398  177.302    579.5    889.2
     1     1     8     8    31     5     0     0   -19.0  -81.310  177.549    603.5    888.0
     1     1     8     8    31     4     0     0   -20.0  -81.230  177.712    632.9    885.7
     1     1     8     8    31     3     0     0   -21.0  -81.160  177.803    667.4    881.9
     1     1     8     8    31     2     0     0   -22.0  -81.100  177.838    706.5    877.5
     1     1     8     8    31     1     0     0   -23.0  -81.049  177.828    749.9    872.4
     1     1     8     8    31     0     0     0   -24.0  -81.009  177.787    797.5    866.8
     1     1     8     8    30    23     0     0   -25.0  -80.991  177.739    845.9    861.0
     1     1     8     8    30    22     0     0   -26.0  -81.003  177.713    892.7    855.4
     1     1     8     8    30    21     0     0   -27.0  -81.047  177.724    938.1    849.7
     1     1     8     8    30    20     0     0   -28.0  -81.121  177.793    982.1    843.1
     1     1     8     8    30    19     0     0   -29.0  -81.220  177.929   1024.5    836.6
     1     1     8     8    30    18     0     0   -30.0  -81.344  178.135   1065.5    830.1
     1     1     8     8    30    17     0     0   -31.0  -81.483  178.457   1106.3    824.7
     1     1     8     8    30    16     0     0   -32.0  -81.626  178.941   1146.4    819.7
     1     1     8     8    30    15     0     0   -33.0  -81.772  179.591   1185.8    815.5
     1     1     8     8    30    14     0     0   -34.0  -81.921 -179.586   1224.0    811.9
     1     1     8     8    30    13     0     0   -35.0  -82.071 -178.580   1260.6    808.6
     1     1     8     8    30    12     0     0   -36.0  -82.220 -177.377   1295.4    806.3
     1     1     8     8    30    11     0     0   -37.0  -82.378 -176.037   1332.6    803.8
     1     1     8     8    30    10     0     0   -38.0  -82.552 -174.584   1375.4    797.8
     1     1     8     8    30     9     0     0   -39.0  -82.731 -172.941   1416.3    785.0
     1     1     8     8    30     8     0     0   -40.0  -82.906 -171.089   1456.9    773.6
     1     1     8     8    30     7     0     0   -41.0  -83.072 -169.055   1498.3    762.3
     1     1     8     8    30     6     0     0   -42.0  -83.222 -166.871   1542.1    751.5
     1     1     8     8    30     5     0     0   -43.0  -83.350 -164.547   1583.7    743.9
     1     1     8     8    30     4     0     0   -44.0  -83.455 -162.108   1616.1    737.7
     1     1     8     8    30     3     0     0   -45.0  -83.540 -159.607   1644.7    733.6
     1     1     8     8    30     2     0     0   -46.0  -83.606 -157.081   1670.1    729.4
     1     1     8     8    30     1     0     0   -47.0  -83.655 -154.561   1695.1    725.5
     1     1     8     8    30     0     0     0   -48.0  -83.686 -152.071   1721.5    721.9
     1     1     8     8    29    23     0     0   -49.0  -83.692 -149.677   1750.8    717.7
     1     1     8     8    29    22     0     0   -50.0  -83.663 -147.455   1782.7    713.6
     1     1     8     8    29    21     0     0   -51.0  -83.600 -145.425   1817.8    709.8
     1     1     8     8    29    20     0     0   -52.0  -83.507 -143.606   1854.2    706.8
     1     1     8     8    29    19     0     0   -53.0  -83.386 -142.019   1891.0    704.5
     1     1     8     8    29    18     0     0   -54.0  -83.236 -140.664   1927.5    702.7
     1     1     8     8    29    17     0     0   -55.0  -83.063 -139.559   1965.6    702.1
     1     1     8     8    29    16     0     0   -56.0  -82.873 -138.710   2008.0    701.9
     1     1     8     8    29    15     0     0   -57.0  -82.669 -138.087   2054.0    702.3
     1     1     8     8    29    14     0     0   -58.0  -82.454 -137.661   2099.7    700.9
     1     1     8     8    29    13     0     0   -59.0  -82.226 -137.420   2132.4    691.3
     1     1     8     8    29    12     0     0   -60.0  -81.980 -137.343   2155.0    683.1
     1     1     8     8    29    11     0     0   -61.0  -81.706 -137.401   2162.4    675.8
     1     1     8     8    29    10     0     0   -62.0  -81.386 -137.558   2152.8    669.9
     1     1     8     8    29     9     0     0   -63.0  -81.020 -137.768   2126.0    664.5
     1     1     8     8    29     8     0     0   -64.0  -80.605 -137.986   2083.1    659.5
     1     1     8     8    29     7     0     0   -65.0  -80.136 -138.172   2024.8    654.4
     1     1     8     8    29     6     0     0   -66.0  -79.616 -138.302   1954.3    653.5
     1     1     8     8    29     5     0     0   -67.0  -79.065 -138.431   1869.1    655.8
     1     1     8     8    29     4     0     0   -68.0  -78.505 -138.598   1771.0    659.9
     1     1     8     8    29     3     0     0   -69.0  -77.937 -138.780   1662.4    665.6
     1     1     8     8    29     2     0     0   -70.0  -77.365 -138.947   1551.4    677.4
     1     1     8     8    29     1     0     0   -71.0  -76.806 -139.044   1455.0    706.8
     1     1     8     8    29     0     0     0   -72.0  -76.264 -139.044   1366.3    734.5
     1     1     8     8    28    23     0     0   -73.0  -75.737 -138.921   1288.6    760.4
     1     1     8     8    28    22     0     0   -74.0  -75.224 -138.670   1222.9    784.0
     1     1     8     8    28    21     0     0   -75.0  -74.724 -138.357   1165.5    803.1
     1     1     8     8    28    20     0     0   -76.0  -74.234 -138.052   1115.1    819.5
     1     1     8     8    28    19     0     0   -77.0  -73.752 -137.767   1072.7    836.1
     1     1     8     8    28    18     0     0   -78.0  -73.279 -137.483   1038.9    852.5
     1     1     8     8    28    17     0     0   -79.0  -72.829 -137.231   1012.0    866.9
     1     1     8     8    28    16     0     0   -80.0  -72.416 -137.058    990.1    877.9
     1     1     8     8    28    15     0     0   -81.0  -72.042 -137.012    968.4    878.6
     1     1     8     8    28    14     0     0   -82.0  -71.702 -137.116    948.4    879.6
     1     1     8     8    28    13     0     0   -83.0  -71.395 -137.339    929.4    880.7
     1     1     8     8    28    12     0     0   -84.0  -71.123 -137.657    911.2    882.0
     1     1     8     8    28    11     0     0   -85.0  -70.869 -138.010    894.3    881.9
     1     1     8     8    28    10     0     0   -86.0  -70.621 -138.358    880.0    881.6
     1     1     8     8    28     9     0     0   -87.0  -70.381 -138.699    868.0    881.3
     1     1     8     8    28     8     0     0   -88.0  -70.151 -139.035    858.4    880.8
     1     1     8     8    28     7     0     0   -89.0  -69.936 -139.364    851.7    880.9
     1     1     8     8    28     6     0     0   -90.0  -69.741 -139.686    849.4    882.1
     1     1     8     8    28     5     0     0   -91.0  -69.572 -140.004    848.7    882.5
     1     1     8     8    28     4     0     0   -92.0  -69.432 -140.318    845.7    883.4
     1     1     8     8    28     3     0     0   -93.0  -69.324 -140.629    841.4    884.3
     1     1     8     8    28     2     0     0   -94.0  -69.248 -140.935    836.0    885.1
     1     1     8     8    28     1     0     0   -95.0  -69.208 -141.232    830.0    885.8
     1     1     8     8    28     0     0     0   -96.0  -69.205 -141.516    823.9    886.4
     1     1     8     8    27    23     0     0   -97.0  -69.208 -141.774    815.9    887.1
     1     1     8     8    27    22     0     0   -98.0  -69.185 -142.006    803.6    888.5
     1     1     8     8    27    21     0     0   -99.0  -69.137 -142.218    787.1    890.5
     1     1     8     8    27    20     0     0  -100.0  -69.063 -142.418    766.4    893.0
     1     1     8     8    27    19     0     0  -101.0  -68.965 -142.610    741.6    896.0
     1     1     8     8    27    18     0     0  -102.0  -68.844 -142.804    712.7    899.6
     1     1     8     8    27    17     0     0  -103.0  -68.710 -143.002    680.8    903.7
     1     1     8     8    27    16     0     0  -104.0  -68.570 -143.208    647.1    907.9
     1     1     8     8    27    15     0     0  -105.0  -68.426 -143.425    612.1    912.1
     1     1     8     8    27    14     0     0  -106.0  -68.277 -143.652    576.8    915.9
     1     1     8     8    27    13     0     0  -107.0  -68.123 -143.888    541.6    919.6
     1     1     8     8    27    12     0     0  -108.0  -67.965 -144.135    506.6    923.4
     1     1     8     8    27    11     0     0  -109.0  -67.792 -144.379    472.1    927.4
     1     1     8     8    27    10     0     0  -110.0  -67.592 -144.607    437.4    931.4
     1     1     8     8    27     9     0     0  -111.0  -67.366 -144.821    402.9    936.1
     1     1     8     8    27     8     0     0  -112.0  -67.121 -145.021    370.1    940.7
     1     1     8     8    27     7     0     0  -113.0  -66.864 -145.206    339.9    944.5
     1     1     8     8    27     6     0     0  -114.0  -66.597 -145.377    312.3    948.1
     1     1     8     8    27     5     0     0  -115.0  -66.332 -145.548    287.7    951.9
     1     1     8     8    27     4     0     0  -116.0  -66.078 -145.727    266.2    955.2
     1     1     8     8    27     3     0     0  -117.0  -65.829 -145.904    247.1    958.4
     1     1     8     8    27     2     0     0  -118.0  -65.581 -146.075    229.9    961.4
     1     1     8     8    27     1     0     0  -119.0  -65.330 -146.231    214.0    964.3
     1     1     8     8    27     0     0     0  -120.0  -65.072 -146.366    199.3    967.1
