    12     1
    CDC1     7     9     1     0     0
    CDC1     7    10     1     0     0
    CDC1     7    11     1     0     0
    CDC1     7    12     1     0     0
    CDC1     8     1     1     0     0
    CDC1     8     2     1     0     0
    CDC1     8     3     1     0     0
    CDC1     8     4     1     0     0
    CDC1     8     5     1     0     0
    CDC1     8     6     1     0     0
    CDC1     8     7     1     0     0
    CDC1     8     8     1     0     0
     1 BACKWARD OMEGA   
     8     3     2     0  -80.930  159.503  1000.0
     1 PRESSURE
     1     1     8     3     2     0     0     0     0.0  -80.930  159.503   1000.0    746.2
     1     1     8     3     1    23     0     0    -1.0  -80.979  159.999    997.2    751.5
     1     1     8     3     1    22     0     0    -2.0  -81.033  160.516    997.4    756.6
     1     1     8     3     1    21     0     0    -3.0  -81.089  161.039   1000.7    761.4
     1     1     8     3     1    20     0     0    -4.0  -81.147  161.569   1007.2    765.7
     1     1     8     3     1    19     0     0    -5.0  -81.206  162.102   1017.6    769.6
     1     1     8     3     1    18     0     0    -6.0  -81.266  162.639   1031.8    772.9
     1     1     8     3     1    17     0     0    -7.0  -81.324  163.222   1047.3    776.1
     1     1     8     3     1    16     0     0    -8.0  -81.379  163.888   1060.6    780.5
     1     1     8     3     1    15     0     0    -9.0  -81.429  164.628   1071.9    785.8
     1     1     8     3     1    14     0     0   -10.0  -81.473  165.434   1080.8    791.6
     1     1     8     3     1    13     0     0   -11.0  -81.511  166.300   1086.8    798.1
     1     1     8     3     1    12     0     0   -12.0  -81.542  167.219   1089.3    805.6
     1     1     8     3     1    11     0     0   -13.0  -81.576  168.091   1090.9    812.5
     1     1     8     3     1    10     0     0   -14.0  -81.622  168.837   1093.3    817.4
     1     1     8     3     1     9     0     0   -15.0  -81.681  169.468   1097.7    820.8
     1     1     8     3     1     8     0     0   -16.0  -81.751  169.994   1104.6    822.9
     1     1     8     3     1     7     0     0   -17.0  -81.834  170.427   1114.3    823.1
     1     1     8     3     1     6     0     0   -18.0  -81.929  170.781   1127.6    822.1
     1     1     8     3     1     5     0     0   -19.0  -82.025  171.162   1139.2    820.3
     1     1     8     3     1     4     0     0   -20.0  -82.112  171.661   1145.8    820.7
     1     1     8     3     1     3     0     0   -21.0  -82.189  172.269   1146.4    822.6
     1     1     8     3     1     2     0     0   -22.0  -82.257  172.977   1140.6    825.6
     1     1     8     3     1     1     0     0   -23.0  -82.315  173.778   1128.1    830.0
     1     1     8     3     1     0     0     0   -24.0  -82.364  174.667   1108.6    836.1
     1     1     8     2    29    23     0     0   -25.0  -82.410  175.629   1087.3    842.9
     1     1     8     2    29    22     0     0   -26.0  -82.463  176.661   1070.8    848.5
     1     1     8     2    29    21     0     0   -27.0  -82.522  177.781   1059.1    852.5
     1     1     8     2    29    20     0     0   -28.0  -82.585  179.004   1051.6    853.3
     1     1     8     2    29    19     0     0   -29.0  -82.653 -179.663   1049.2    853.5
     1     1     8     2    29    18     0     0   -30.0  -82.724 -178.199   1051.5    852.9
     1     1     8     2    29    17     0     0   -31.0  -82.786 -176.676   1054.3    851.6
     1     1     8     2    29    16     0     0   -32.0  -82.831 -175.192   1055.6    851.6
     1     1     8     2    29    15     0     0   -33.0  -82.857 -173.758   1054.7    852.2
     1     1     8     2    29    14     0     0   -34.0  -82.865 -172.382   1052.1    853.6
     1     1     8     2    29    13     0     0   -35.0  -82.856 -171.061   1048.0    855.6
     1     1     8     2    29    12     0     0   -36.0  -82.828 -169.785   1042.3    858.5
     1     1     8     2    29    11     0     0   -37.0  -82.798 -168.527   1037.6    861.3
     1     1     8     2    29    10     0     0   -38.0  -82.782 -167.263   1035.1    862.6
     1     1     8     2    29     9     0     0   -39.0  -82.780 -165.996   1034.8    862.4
     1     1     8     2    29     8     0     0   -40.0  -82.792 -164.731   1037.1    861.2
     1     1     8     2    29     7     0     0   -41.0  -82.818 -163.470   1042.5    859.4
     1     1     8     2    29     6     0     0   -42.0  -82.857 -162.216   1051.1    856.5
     1     1     8     2    29     5     0     0   -43.0  -82.894 -160.990   1060.1    852.9
     1     1     8     2    29     4     0     0   -44.0  -82.914 -159.809   1068.2    850.5
     1     1     8     2    29     3     0     0   -45.0  -82.920 -158.678   1075.3    848.9
     1     1     8     2    29     2     0     0   -46.0  -82.910 -157.597   1081.9    847.9
     1     1     8     2    29     1     0     0   -47.0  -82.888 -156.570   1088.5    847.6
     1     1     8     2    29     0     0     0   -48.0  -82.853 -155.598   1095.3    847.6
     1     1     8     2    28    23     0     0   -49.0  -82.819 -154.621   1106.7    847.6
     1     1     8     2    28    22     0     0   -50.0  -82.795 -153.590   1127.2    845.4
     1     1     8     2    28    21     0     0   -51.0  -82.779 -152.506   1155.9    842.0
     1     1     8     2    28    20     0     0   -52.0  -82.770 -151.363   1192.0    836.8
     1     1     8     2    28    19     0     0   -53.0  -82.762 -150.153   1234.8    830.8
     1     1     8     2    28    18     0     0   -54.0  -82.754 -148.876   1283.7    824.1
     1     1     8     2    28    17     0     0   -55.0  -82.738 -147.558   1336.1    817.0
     1     1     8     2    28    16     0     0   -56.0  -82.711 -146.228   1390.5    810.2
     1     1     8     2    28    15     0     0   -57.0  -82.670 -144.907   1447.5    803.7
     1     1     8     2    28    14     0     0   -58.0  -82.615 -143.613   1507.2    796.7
     1     1     8     2    28    13     0     0   -59.0  -82.545 -142.358   1570.2    789.9
     1     1     8     2    28    12     0     0   -60.0  -82.460 -141.156   1635.5    781.4
     1     1     8     2    28    11     0     0   -61.0  -82.351 -140.031   1697.1    769.7
     1     1     8     2    28    10     0     0   -62.0  -82.208 -138.991   1751.7    757.5
     1     1     8     2    28     9     0     0   -63.0  -82.033 -138.028   1798.9    745.5
     1     1     8     2    28     8     0     0   -64.0  -81.829 -137.119   1838.3    733.5
     1     1     8     2    28     7     0     0   -65.0  -81.600 -136.244   1870.0    721.6
     1     1     8     2    28     6     0     0   -66.0  -81.349 -135.378   1894.2    710.0
     1     1     8     2    28     5     0     0   -67.0  -81.082 -134.592   1912.0    699.3
     1     1     8     2    28     4     0     0   -68.0  -80.806 -133.948   1923.6    689.5
     1     1     8     2    28     3     0     0   -69.0  -80.521 -133.421   1929.5    680.4
     1     1     8     2    28     2     0     0   -70.0  -80.227 -132.985   1929.5    672.0
     1     1     8     2    28     1     0     0   -71.0  -79.925 -132.623   1923.8    664.4
     1     1     8     2    28     0     0     0   -72.0  -79.620 -132.332   1912.5    658.0
     1     1     8     2    27    23     0     0   -73.0  -79.323 -132.033   1898.1    651.7
     1     1     8     2    27    22     0     0   -74.0  -79.037 -131.660   1885.5    645.1
     1     1     8     2    27    21     0     0   -75.0  -78.763 -131.234   1873.2    638.3
     1     1     8     2    27    20     0     0   -76.0  -78.501 -130.772   1861.0    631.6
     1     1     8     2    27    19     0     0   -77.0  -78.251 -130.294   1848.9    624.7
     1     1     8     2    27    18     0     0   -78.0  -78.014 -129.816   1837.3    618.2
     1     1     8     2    27    17     0     0   -79.0  -77.783 -129.383   1824.8    612.8
     1     1     8     2    27    16     0     0   -80.0  -77.554 -129.022   1807.6    608.0
     1     1     8     2    27    15     0     0   -81.0  -77.325 -128.706   1796.3    613.3
     1     1     8     2    27    14     0     0   -82.0  -77.098 -128.405   1785.1    621.7
     1     1     8     2    27    13     0     0   -83.0  -76.873 -128.114   1771.2    630.3
     1     1     8     2    27    12     0     0   -84.0  -76.648 -127.834   1755.0    639.2
     1     1     8     2    27    11     0     0   -85.0  -76.421 -127.542   1736.9    648.4
     1     1     8     2    27    10     0     0   -86.0  -76.188 -127.209   1718.2    658.5
     1     1     8     2    27     9     0     0   -87.0  -75.950 -126.827   1698.5    669.0
     1     1     8     2    27     8     0     0   -88.0  -75.706 -126.391   1678.0    679.7
     1     1     8     2    27     7     0     0   -89.0  -75.458 -125.892   1657.1    690.5
     1     1     8     2    27     6     0     0   -90.0  -75.205 -125.326   1635.8    701.3
     1     1     8     2    27     5     0     0   -91.0  -74.955 -124.717   1616.2    712.6
     1     1     8     2    27     4     0     0   -92.0  -74.716 -124.103   1598.4    724.9
     1     1     8     2    27     3     0     0   -93.0  -74.489 -123.500   1582.8    736.2
     1     1     8     2    27     2     0     0   -94.0  -74.275 -122.909   1569.4    746.6
     1     1     8     2    27     1     0     0   -95.0  -74.075 -122.333   1558.4    756.5
     1     1     8     2    27     0     0     0   -96.0  -73.887 -121.769   1549.8    766.1
     1     1     8     2    26    23     0     0   -97.0  -73.712 -121.197   1542.0    774.6
     1     1     8     2    26    22     0     0   -98.0  -73.552 -120.600   1533.7    782.5
     1     1     8     2    26    21     0     0   -99.0  -73.407 -119.984   1524.7    789.7
     1     1     8     2    26    20     0     0  -100.0  -73.278 -119.353   1514.6    796.4
     1     1     8     2    26    19     0     0  -101.0  -73.162 -118.708   1503.1    802.3
     1     1     8     2    26    18     0     0  -102.0  -73.060 -118.052   1490.0    807.6
     1     1     8     2    26    17     0     0  -103.0  -72.971 -117.381   1473.9    812.4
     1     1     8     2    26    16     0     0  -104.0  -72.890 -116.684   1453.2    817.5
     1     1     8     2    26    15     0     0  -105.0  -72.814 -115.954   1427.9    822.7
     1     1     8     2    26    14     0     0  -106.0  -72.737 -115.186   1398.0    828.1
     1     1     8     2    26    13     0     0  -107.0  -72.656 -114.378   1363.5    834.3
     1     1     8     2    26    12     0     0  -108.0  -72.567 -113.526   1324.9    841.1
     1     1     8     2    26    11     0     0  -109.0  -72.467 -112.621   1284.9    846.8
     1     1     8     2    26    10     0     0  -110.0  -72.359 -111.666   1249.8    848.9
     1     1     8     2    26     9     0     0  -111.0  -72.244 -110.670   1220.7    850.3
     1     1     8     2    26     8     0     0  -112.0  -72.121 -109.639   1197.1    851.5
     1     1     8     2    26     7     0     0  -113.0  -71.989 -108.583   1178.8    852.2
     1     1     8     2    26     6     0     0  -114.0  -71.849 -107.513   1165.8    852.3
     1     1     8     2    26     5     0     0  -115.0  -71.702 -106.456   1155.6    852.2
     1     1     8     2    26     4     0     0  -116.0  -71.548 -105.433   1146.0    852.4
     1     1     8     2    26     3     0     0  -117.0  -71.387 -104.451   1136.5    852.5
     1     1     8     2    26     2     0     0  -118.0  -71.220 -103.511   1126.9    853.0
     1     1     8     2    26     1     0     0  -119.0  -71.046 -102.616   1116.8    854.0
     1     1     8     2    26     0     0     0  -120.0  -70.865 -101.763   1106.0    855.0
