     1     1
    CDC1    14     1     1     0     0
     1 FORWARD  OMEGA   
    14     1    26    12    1.000  -75.000   500.0
     1 PRESSURE
     1     1    14     1    26    12     0     0     0.0    1.000  -75.000    500.0    887.9
     1     1    14     1    26    13     0     0     1.0    0.829  -75.054    507.8    890.6
     1     1    14     1    26    14     0     0     2.0    0.666  -75.109    518.0    892.5
     1     1    14     1    26    15     0     0     3.0    0.510  -75.164    530.4    893.6
     1     1    14     1    26    16     0     0     4.0    0.361  -75.215    544.9    894.3
     1     1    14     1    26    17     0     0     5.0    0.218  -75.261    561.3    894.5
     1     1    14     1    26    18     0     0     6.0    0.081  -75.301    579.4    894.4
     1     1    14     1    26    19     0     0     7.0   -0.049  -75.341    596.7    893.8
     1     1    14     1    26    20     0     0     8.0   -0.172  -75.387    611.4    892.8
     1     1    14     1    26    21     0     0     9.0   -0.288  -75.438    623.9    891.5
     1     1    14     1    26    22     0     0    10.0   -0.397  -75.493    634.3    890.1
     1     1    14     1    26    23     0     0    11.0   -0.501  -75.552    642.9    888.5
     1     1    14     1    27     0     0     0    12.0   -0.599  -75.614    649.8    886.9
     1     1    14     1    27     1     0     0    13.0   -0.688  -75.674    656.0    885.8
     1     1    14     1    27     2     0     0    14.0   -0.765  -75.730    662.6    884.4
     1     1    14     1    27     3     0     0    15.0   -0.832  -75.783    669.2    883.0
     1     1    14     1    27     4     0     0    16.0   -0.888  -75.833    675.8    881.4
     1     1    14     1    27     5     0     0    17.0   -0.935  -75.882    682.0    879.8
     1     1    14     1    27     6     0     0    18.0   -0.972  -75.929    687.8    878.2
     1     1    14     1    27     7     0     0    19.0   -1.004  -75.979    694.8    875.9
     1     1    14     1    27     8     0     0    20.0   -1.036  -76.035    704.8    872.8
     1     1    14     1    27     9     0     0    21.0   -1.067  -76.097    718.2    869.1
     1     1    14     1    27    10     0     0    22.0   -1.097  -76.165    735.3    864.8
     1     1    14     1    27    11     0     0    23.0   -1.127  -76.238    756.4    859.9
     1     1    14     1    27    12     0     0    24.0   -1.156  -76.316    782.0    854.4
     1     1    14     1    27    13     0     0    25.0   -1.192  -76.396    812.7    848.8
     1     1    14     1    27    14     0     0    26.0   -1.238  -76.477    847.4    842.8
     1     1    14     1    27    15     0     0    27.0   -1.296  -76.558    886.4    836.7
     1     1    14     1    27    16     0     0    28.0   -1.366  -76.641    929.7    829.9
     1     1    14     1    27    17     0     0    29.0   -1.446  -76.725    977.7    822.4
     1     1    14     1    27    18     0     0    30.0   -1.538  -76.812   1030.3    814.6
     1     1    14     1    27    19     0     0    31.0   -1.629  -76.900   1087.3    806.0
     1     1    14     1    27    20     0     0    32.0   -1.709  -76.989   1149.1    796.9
     1     1    14     1    27    21     0     0    33.0   -1.778  -77.076   1215.7    787.6
     1     1    14     1    27    22     0     0    34.0   -1.837  -77.163   1287.4    777.6
     1     1    14     1    27    23     0     0    35.0   -1.885  -77.248   1364.6    766.9
     1     1    14     1    28     0     0     0    36.0   -1.925  -77.331   1447.5    755.9
     1     1    14     1    28     1     0     0    37.0   -1.967  -77.418   1530.7    744.9
     1     1    14     1    28     2     0     0    38.0   -2.023  -77.513   1608.6    735.3
     1     1    14     1    28     3     0     0    39.0   -2.091  -77.617   1682.1    730.1
     1     1    14     1    28     4     0     0    40.0   -2.169  -77.731   1746.9    725.6
     1     1    14     1    28     5     0     0    41.0   -2.257  -77.854   1803.0    721.9
     1     1    14     1    28     6     0     0    42.0   -2.353  -77.986   1850.4    719.0
     1     1    14     1    28     7     0     0    43.0   -2.453  -78.118   1891.3    716.6
     1     1    14     1    28     8     0     0    44.0   -2.550  -78.243   1926.8    714.1
     1     1    14     1    28     9     0     0    45.0   -2.644  -78.358   1956.6    711.9
     1     1    14     1    28    10     0     0    46.0   -2.734  -78.463   1980.9    710.2
     1     1    14     1    28    11     0     0    47.0   -2.820  -78.560   1999.4    709.0
     1     1    14     1    28    12     0     0    48.0   -2.902  -78.649   2012.2    708.1
