     1     1
    CDC1    14     1     1     0     0
     1 FORWARD  OMEGA   
    14     1    11     6    1.000  -75.000   500.0
     1 PRESSURE
     1     1    14     1    11     6     0     0     0.0    1.000  -75.000    500.0    889.5
     1     1    14     1    11     7     0     0     1.0    1.000  -75.085    550.0    882.9
     1     1    14     1    11     8     0     0     2.0    0.981  -75.171    598.4    877.1
     1     1    14     1    11     9     0     0     3.0    0.945  -75.257    644.4    871.4
     1     1    14     1    11    10     0     0     4.0    0.894  -75.343    687.2    866.3
     1     1    14     1    11    11     0     0     5.0    0.829  -75.429    726.8    861.8
     1     1    14     1    11    12     0     0     6.0    0.753  -75.515    763.4    857.8
     1     1    14     1    11    13     0     0     7.0    0.671  -75.609    801.1    853.6
     1     1    14     1    11    14     0     0     8.0    0.591  -75.716    845.2    848.0
     1     1    14     1    11    15     0     0     9.0    0.512  -75.836    896.0    841.2
     1     1    14     1    11    16     0     0    10.0    0.434  -75.969    954.0    832.6
     1     1    14     1    11    17     0     0    11.0    0.359  -76.113   1019.7    822.6
     1     1    14     1    11    18     0     0    12.0    0.287  -76.266   1093.6    811.5
     1     1    14     1    11    19     0     0    13.0    0.219  -76.422   1171.3    799.5
     1     1    14     1    11    20     0     0    14.0    0.154  -76.575   1248.5    787.9
     1     1    14     1    11    21     0     0    15.0    0.093  -76.724   1325.0    775.9
     1     1    14     1    11    22     0     0    16.0    0.036  -76.865   1400.7    764.0
     1     1    14     1    11    23     0     0    17.0   -0.019  -77.001   1475.7    752.8
     1     1    14     1    12     0     0     0    18.0   -0.072  -77.129   1549.9    742.3
     1     1    14     1    12     1     0     0    19.0   -0.125  -77.249   1624.9    733.0
     1     1    14     1    12     2     0     0    20.0   -0.177  -77.356   1699.8    723.5
     1     1    14     1    12     3     0     0    21.0   -0.232  -77.453   1773.9    714.4
     1     1    14     1    12     4     0     0    22.0   -0.290  -77.539   1847.7    707.7
     1     1    14     1    12     5     0     0    23.0   -0.355  -77.617   1920.5    703.3
     1     1    14     1    12     6     0     0    24.0   -0.427  -77.686   1990.0    699.1
     1     1    14     1    12     7     0     0    25.0   -0.500  -77.753   2055.6    694.9
     1     1    14     1    12     8     0     0    26.0   -0.567  -77.824   2120.0    690.8
     1     1    14     1    12     9     0     0    27.0   -0.625  -77.901   2182.3    686.7
     1     1    14     1    12    10     0     0    28.0   -0.672  -77.984   2242.6    682.8
     1     1    14     1    12    11     0     0    29.0   -0.708  -78.075   2301.9    679.1
     1     1    14     1    12    12     0     0    30.0   -0.730  -78.172   2360.9    675.6
     1     1    14     1    12    13     0     0    31.0   -0.744  -78.273   2424.2    672.3
     1     1    14     1    12    14     0     0    32.0   -0.756  -78.377   2494.7    668.1
     1     1    14     1    12    15     0     0    33.0   -0.765  -78.482   2572.8    663.5
     1     1    14     1    12    16     0     0    34.0   -0.772  -78.591   2658.5    658.3
     1     1    14     1    12    17     0     0    35.0   -0.776  -78.705   2751.5    652.3
     1     1    14     1    12    18     0     0    36.0   -0.775  -78.824   2851.3    646.1
     1     1    14     1    12    19     0     0    37.0   -0.770  -78.952   2948.6    639.2
     1     1    14     1    12    20     0     0    38.0   -0.760  -79.086   3036.0    634.0
     1     1    14     1    12    21     0     0    39.0   -0.745  -79.227   3113.0    629.8
     1     1    14     1    12    22     0     0    40.0   -0.725  -79.373   3179.5    626.4
     1     1    14     1    12    23     0     0    41.0   -0.700  -79.523   3235.6    624.0
     1     1    14     1    13     0     0     0    42.0   -0.670  -79.676   3281.1    622.4
     1     1    14     1    13     1     0     0    43.0   -0.640  -79.836   3323.2    621.9
     1     1    14     1    13     2     0     0    44.0   -0.614  -80.007   3370.9    620.7
     1     1    14     1    13     3     0     0    45.0   -0.594  -80.188   3428.7    621.7
     1     1    14     1    13     4     0     0    46.0   -0.582  -80.377   3492.2    622.4
     1     1    14     1    13     5     0     0    47.0   -0.578  -80.575   3562.0    622.9
     1     1    14     1    13     6     0     0    48.0   -0.583  -80.784   3638.8    623.1
