     1     1
    CDC1    14     1     1     0     0
     1 FORWARD  OMEGA   
    14     1    24    18    1.000  -75.000   500.0
     1 PRESSURE
     1     1    14     1    24    18     0     0     0.0    1.000  -75.000    500.0    888.2
     1     1    14     1    24    19     0     0     1.0    0.864  -75.034    512.2    889.7
     1     1    14     1    24    20     0     0     2.0    0.736  -75.068    520.8    891.4
     1     1    14     1    24    21     0     0     3.0    0.614  -75.104    525.1    893.1
     1     1    14     1    24    22     0     0     4.0    0.499  -75.142    525.0    894.9
     1     1    14     1    24    23     0     0     5.0    0.391  -75.183    520.2    896.7
     1     1    14     1    25     0     0     0     6.0    0.289  -75.229    510.6    898.6
     1     1    14     1    25     1     0     0     7.0    0.197  -75.274    499.3    901.4
     1     1    14     1    25     2     0     0     8.0    0.119  -75.315    489.3    903.4
     1     1    14     1    25     3     0     0     9.0    0.054  -75.350    480.0    905.2
     1     1    14     1    25     4     0     0    10.0    0.001  -75.379    471.5    906.8
     1     1    14     1    25     5     0     0    11.0   -0.042  -75.401    463.5    908.1
     1     1    14     1    25     6     0     0    12.0   -0.073  -75.416    456.2    909.3
     1     1    14     1    25     7     0     0    13.0   -0.102  -75.420    450.0    910.1
     1     1    14     1    25     8     0     0    14.0   -0.132  -75.409    445.2    911.1
     1     1    14     1    25     9     0     0    15.0   -0.166  -75.385    441.7    912.6
     1     1    14     1    25    10     0     0    16.0   -0.202  -75.349    439.0    914.5
     1     1    14     1    25    11     0     0    17.0   -0.240  -75.300    436.9    916.8
     1     1    14     1    25    12     0     0    18.0   -0.281  -75.239    435.3    919.7
     1     1    14     1    25    13     0     0    19.0   -0.325  -75.180    435.5    922.8
     1     1    14     1    25    14     0     0    20.0   -0.374  -75.136    438.8    925.1
     1     1    14     1    25    15     0     0    21.0   -0.428  -75.106    445.5    926.5
     1     1    14     1    25    16     0     0    22.0   -0.487  -75.089    456.0    927.1
     1     1    14     1    25    17     0     0    23.0   -0.551  -75.086    470.5    926.8
     1     1    14     1    25    18     0     0    24.0   -0.621  -75.095    489.3    925.8
     1     1    14     1    25    19     0     0    25.0   -0.697  -75.108    509.2    924.0
     1     1    14     1    25    20     0     0    26.0   -0.779  -75.118    526.3    923.2
     1     1    14     1    25    21     0     0    27.0   -0.866  -75.125    540.4    922.9
     1     1    14     1    25    22     0     0    28.0   -0.960  -75.129    551.2    923.2
     1     1    14     1    25    23     0     0    29.0   -1.058  -75.129    558.4    924.1
     1     1    14     1    26     0     0     0    30.0   -1.162  -75.127    561.9    925.6
     1     1    14     1    26     1     0     0    31.0   -1.270  -75.124    562.4    928.1
     1     1    14     1    26     2     0     0    32.0   -1.379  -75.123    561.1    930.6
     1     1    14     1    26     3     0     0    33.0   -1.491  -75.124    558.4    933.2
     1     1    14     1    26     4     0     0    34.0   -1.605  -75.127    554.5    935.9
     1     1    14     1    26     5     0     0    35.0   -1.724  -75.133    549.7    938.6
     1     1    14     1    26     6     0     0    36.0   -1.846  -75.141    544.4    941.4
     1     1    14     1    26     7     0     0    37.0   -1.971  -75.159    540.3    943.2
     1     1    14     1    26     8     0     0    38.0   -2.095  -75.196    540.0    943.6
     1     1    14     1    26     9     0     0    39.0   -2.215  -75.249    543.9    942.7
     1     1    14     1    26    10     0     0    40.0   -2.330  -75.320    552.4    940.3
     1     1    14     1    26    11     0     0    41.0   -2.437  -75.408    566.1    936.4
     1     1    14     1    26    12     0     0    42.0   -2.535  -75.512    585.5    930.3
     1     1    14     1    26    13     0     0    43.0   -2.624  -75.612    607.6    922.6
     1     1    14     1    26    14     0     0    44.0   -2.709  -75.694    628.3    916.4
     1     1    14     1    26    15     0     0    45.0   -2.791  -75.758    647.6    910.8
     1     1    14     1    26    16     0     0    46.0   -2.871  -75.808    665.3    906.1
     1     1    14     1    26    17     0     0    47.0   -2.951  -75.844    681.4    902.3
     1     1    14     1    26    18     0     0    48.0   -3.031  -75.869    695.6    899.3
