     1     1
    CDC1    14     1     1     0     0
     1 FORWARD  OMEGA   
    14     1    13     6    1.000  -75.000   500.0
     1 PRESSURE
     1     1    14     1    13     6     0     0     0.0    1.000  -75.000    500.0    890.3
     1     1    14     1    13     7     0     0     1.0    1.078  -75.164    534.3    881.6
     1     1    14     1    13     8     0     0     2.0    1.132  -75.319    564.7    874.5
     1     1    14     1    13     9     0     0     3.0    1.165  -75.466    590.8    868.8
     1     1    14     1    13    10     0     0     4.0    1.179  -75.604    612.1    864.2
     1     1    14     1    13    11     0     0     5.0    1.177  -75.733    628.2    860.3
     1     1    14     1    13    12     0     0     6.0    1.160  -75.853    639.0    857.3
     1     1    14     1    13    13     0     0     7.0    1.138  -75.968    650.9    855.0
     1     1    14     1    13    14     0     0     8.0    1.118  -76.081    670.4    851.2
     1     1    14     1    13    15     0     0     9.0    1.099  -76.192    697.5    846.6
     1     1    14     1    13    16     0     0    10.0    1.078  -76.302    732.4    841.2
     1     1    14     1    13    17     0     0    11.0    1.056  -76.410    775.1    835.2
     1     1    14     1    13    18     0     0    12.0    1.031  -76.517    825.9    828.6
     1     1    14     1    13    19     0     0    13.0    1.011  -76.628    879.2    821.1
     1     1    14     1    13    20     0     0    14.0    1.004  -76.746    928.6    814.0
     1     1    14     1    13    21     0     0    15.0    1.011  -76.870    973.9    807.2
     1     1    14     1    13    22     0     0    16.0    1.030  -76.999   1015.0    800.8
     1     1    14     1    13    23     0     0    17.0    1.062  -77.130   1051.4    795.1
     1     1    14     1    14     0     0     0    18.0    1.106  -77.263   1083.3    790.1
     1     1    14     1    14     1     0     0    19.0    1.154  -77.400   1114.4    785.9
     1     1    14     1    14     2     0     0    20.0    1.199  -77.543   1149.3    782.9
     1     1    14     1    14     3     0     0    21.0    1.240  -77.693   1189.0    783.7
     1     1    14     1    14     4     0     0    22.0    1.278  -77.848   1231.2    784.5
     1     1    14     1    14     5     0     0    23.0    1.311  -78.009   1275.6    785.1
     1     1    14     1    14     6     0     0    24.0    1.339  -78.176   1321.8    785.6
     1     1    14     1    14     7     0     0    25.0    1.367  -78.337   1369.4    785.6
     1     1    14     1    14     8     0     0    26.0    1.400  -78.478   1418.2    785.2
     1     1    14     1    14     9     0     0    27.0    1.439  -78.599   1468.5    784.4
     1     1    14     1    14    10     0     0    28.0    1.483  -78.703   1520.9    783.0
     1     1    14     1    14    11     0     0    29.0    1.532  -78.790   1575.6    781.2
     1     1    14     1    14    12     0     0    30.0    1.586  -78.860   1632.9    778.9
     1     1    14     1    14    13     0     0    31.0    1.637  -78.925   1689.4    776.3
     1     1    14     1    14    14     0     0    32.0    1.676  -78.995   1741.2    774.0
     1     1    14     1    14    15     0     0    33.0    1.701  -79.071   1787.9    772.2
     1     1    14     1    14    16     0     0    34.0    1.712  -79.152   1829.3    770.8
     1     1    14     1    14    17     0     0    35.0    1.709  -79.237   1865.4    769.7
     1     1    14     1    14    18     0     0    36.0    1.690  -79.326   1895.6    768.9
     1     1    14     1    14    19     0     0    37.0    1.661  -79.421   1925.1    768.2
     1     1    14     1    14    20     0     0    38.0    1.625  -79.526   1959.3    766.7
     1     1    14     1    14    21     0     0    39.0    1.584  -79.639   1998.7    764.8
     1     1    14     1    14    22     0     0    40.0    1.537  -79.759   2043.6    762.4
     1     1    14     1    14    23     0     0    41.0    1.486  -79.887   2094.9    759.6
     1     1    14     1    15     0     0     0    42.0    1.431  -80.021   2153.2    756.0
     1     1    14     1    15     1     0     0    43.0    1.377  -80.162   2213.4    751.5
     1     1    14     1    15     2     0     0    44.0    1.326  -80.307   2273.1    747.6
     1     1    14     1    15     3     0     0    45.0    1.280  -80.458   2331.5    744.3
     1     1    14     1    15     4     0     0    46.0    1.237  -80.614   2388.1    741.5
     1     1    14     1    15     5     0     0    47.0    1.198  -80.775   2442.5    739.2
     1     1    14     1    15     6     0     0    48.0    1.162  -80.941   2494.6    737.3
