     1     1
    CDC1    14     1     1     0     0
     1 FORWARD  OMEGA   
    14     1    25    18    1.000  -75.000   500.0
     1 PRESSURE
     1     1    14     1    25    18     0     0     0.0    1.000  -75.000    500.0    887.3
     1     1    14     1    25    19     0     0     1.0    0.915  -75.002    533.7    886.1
     1     1    14     1    25    20     0     0     2.0    0.820  -75.003    564.6    885.7
     1     1    14     1    25    21     0     0     3.0    0.717  -75.003    592.2    885.9
     1     1    14     1    25    22     0     0     4.0    0.606  -75.003    616.2    886.7
     1     1    14     1    25    23     0     0     5.0    0.488  -75.002    636.5    887.6
     1     1    14     1    26     0     0     0     6.0    0.365  -75.002    652.8    889.1
     1     1    14     1    26     1     0     0     7.0    0.242  -75.002    665.8    891.5
     1     1    14     1    26     2     0     0     8.0    0.124  -75.003    675.5    894.0
     1     1    14     1    26     3     0     0     9.0    0.010  -75.007    681.6    896.6
     1     1    14     1    26     4     0     0    10.0   -0.101  -75.011    684.0    898.7
     1     1    14     1    26     5     0     0    11.0   -0.211  -75.016    683.4    901.0
     1     1    14     1    26     6     0     0    12.0   -0.320  -75.022    680.1    903.5
     1     1    14     1    26     7     0     0    13.0   -0.434  -75.037    676.1    905.6
     1     1    14     1    26     8     0     0    14.0   -0.558  -75.066    674.4    906.8
     1     1    14     1    26     9     0     0    15.0   -0.691  -75.111    675.3    907.3
     1     1    14     1    26    10     0     0    16.0   -0.828  -75.172    679.5    906.8
     1     1    14     1    26    11     0     0    17.0   -0.969  -75.247    687.6    905.2
     1     1    14     1    26    12     0     0    18.0   -1.109  -75.339    700.4    902.4
     1     1    14     1    26    13     0     0    19.0   -1.243  -75.432    717.1    898.7
     1     1    14     1    26    14     0     0    20.0   -1.369  -75.512    735.6    895.3
     1     1    14     1    26    15     0     0    21.0   -1.490  -75.579    755.2    892.1
     1     1    14     1    26    16     0     0    22.0   -1.606  -75.635    775.5    889.3
     1     1    14     1    26    17     0     0    23.0   -1.718  -75.678    796.0    886.9
     1     1    14     1    26    18     0     0    24.0   -1.829  -75.710    816.1    885.0
     1     1    14     1    26    19     0     0    25.0   -1.937  -75.736    835.3    883.4
     1     1    14     1    26    20     0     0    26.0   -2.042  -75.760    854.0    881.9
     1     1    14     1    26    21     0     0    27.0   -2.146  -75.783    872.0    880.5
     1     1    14     1    26    22     0     0    28.0   -2.248  -75.804    889.7    879.3
     1     1    14     1    26    23     0     0    29.0   -2.348  -75.820    906.9    878.2
     1     1    14     1    27     0     0     0    30.0   -2.447  -75.833    924.0    877.3
     1     1    14     1    27     1     0     0    31.0   -2.545  -75.845    939.3    875.9
     1     1    14     1    27     2     0     0    32.0   -2.639  -75.861    951.9    874.1
     1     1    14     1    27     3     0     0    33.0   -2.732  -75.882    961.9    872.3
     1     1    14     1    27     4     0     0    34.0   -2.822  -75.906    969.5    870.5
     1     1    14     1    27     5     0     0    35.0   -2.910  -75.933    974.4    868.9
     1     1    14     1    27     6     0     0    36.0   -2.996  -75.964    976.7    867.5
     1     1    14     1    27     7     0     0    37.0   -3.081  -76.002    978.0    865.5
     1     1    14     1    27     8     0     0    38.0   -3.165  -76.055    980.4    862.4
     1     1    14     1    27     9     0     0    39.0   -3.247  -76.121    983.8    858.7
     1     1    14     1    27    10     0     0    40.0   -3.327  -76.201    988.1    854.1
     1     1    14     1    27    11     0     0    41.0   -3.406  -76.294    993.6    848.8
     1     1    14     1    27    12     0     0    42.0   -3.485  -76.400   1000.2    842.8
     1     1    14     1    27    13     0     0    43.0   -3.568  -76.509   1011.3    836.8
     1     1    14     1    27    14     0     0    44.0   -3.661  -76.617   1028.2    830.0
     1     1    14     1    27    15     0     0    45.0   -3.767  -76.722   1051.6    822.6
     1     1    14     1    27    16     0     0    46.0   -3.884  -76.826   1081.3    814.8
     1     1    14     1    27    17     0     0    47.0   -4.016  -76.929   1117.6    806.4
     1     1    14     1    27    18     0     0    48.0   -4.164  -77.030   1160.6    797.5
