     1     1
    CDC1    14     1     1     0     0
     1 FORWARD  OMEGA   
    14     1    19    18    1.000  -75.000   500.0
     1 PRESSURE
     1     1    14     1    19    18     0     0     0.0    1.000  -75.000    500.0    889.7
     1     1    14     1    19    19     0     0     1.0    1.012  -75.152    543.1    882.1
     1     1    14     1    19    20     0     0     2.0    1.005  -75.300    586.0    875.0
     1     1    14     1    19    21     0     0     3.0    0.979  -75.444    627.8    868.3
     1     1    14     1    19    22     0     0     4.0    0.937  -75.583    668.2    861.7
     1     1    14     1    19    23     0     0     5.0    0.878  -75.715    707.0    855.8
     1     1    14     1    20     0     0     0     6.0    0.803  -75.839    744.6    850.2
     1     1    14     1    20     1     0     0     7.0    0.732  -75.958    783.2    845.2
     1     1    14     1    20     2     0     0     8.0    0.686  -76.081    824.5    839.1
     1     1    14     1    20     3     0     0     9.0    0.664  -76.208    867.8    832.5
     1     1    14     1    20     4     0     0    10.0    0.667  -76.343    912.3    825.3
     1     1    14     1    20     5     0     0    11.0    0.693  -76.485    957.5    817.5
     1     1    14     1    20     6     0     0    12.0    0.742  -76.636   1002.9    809.7
     1     1    14     1    20     7     0     0    13.0    0.797  -76.793   1048.2    801.7
     1     1    14     1    20     8     0     0    14.0    0.844  -76.954   1094.6    793.8
     1     1    14     1    20     9     0     0    15.0    0.885  -77.118   1142.2    786.1
     1     1    14     1    20    10     0     0    16.0    0.921  -77.282   1191.3    778.5
     1     1    14     1    20    11     0     0    17.0    0.957  -77.446   1242.3    771.1
     1     1    14     1    20    12     0     0    18.0    0.992  -77.608   1297.3    767.6
     1     1    14     1    20    13     0     0    19.0    1.025  -77.761   1354.3    766.5
     1     1    14     1    20    14     0     0    20.0    1.055  -77.901   1410.2    765.3
     1     1    14     1    20    15     0     0    21.0    1.083  -78.028   1465.3    763.9
     1     1    14     1    20    16     0     0    22.0    1.109  -78.142   1519.6    762.4
     1     1    14     1    20    17     0     0    23.0    1.135  -78.244   1572.8    760.7
     1     1    14     1    20    18     0     0    24.0    1.161  -78.335   1624.9    758.9
     1     1    14     1    20    19     0     0    25.0    1.184  -78.417   1677.0    756.4
     1     1    14     1    20    20     0     0    26.0    1.200  -78.494   1730.1    753.3
     1     1    14     1    20    21     0     0    27.0    1.210  -78.567   1784.5    749.9
     1     1    14     1    20    22     0     0    28.0    1.213  -78.636   1840.5    746.2
     1     1    14     1    20    23     0     0    29.0    1.210  -78.701   1898.5    742.2
     1     1    14     1    21     0     0     0    30.0    1.201  -78.763   1958.9    737.8
     1     1    14     1    21     1     0     0    31.0    1.193  -78.827   2022.8    734.0
     1     1    14     1    21     2     0     0    32.0    1.195  -78.898   2090.2    730.3
     1     1    14     1    21     3     0     0    33.0    1.205  -78.977   2161.7    726.7
     1     1    14     1    21     4     0     0    34.0    1.225  -79.064   2237.1    722.7
     1     1    14     1    21     5     0     0    35.0    1.253  -79.162   2316.6    718.9
     1     1    14     1    21     6     0     0    36.0    1.290  -79.270   2400.9    715.1
     1     1    14     1    21     7     0     0    37.0    1.334  -79.384   2487.0    710.7
     1     1    14     1    21     8     0     0    38.0    1.383  -79.498   2572.2    707.0
     1     1    14     1    21     9     0     0    39.0    1.439  -79.610   2656.6    703.5
     1     1    14     1    21    10     0     0    40.0    1.503  -79.720   2740.5    700.1
     1     1    14     1    21    11     0     0    41.0    1.577  -79.825   2823.8    696.7
     1     1    14     1    21    12     0     0    42.0    1.661  -79.923   2906.7    693.6
     1     1    14     1    21    13     0     0    43.0    1.754  -80.019   2986.0    690.8
     1     1    14     1    21    14     0     0    44.0    1.851  -80.122   3056.7    688.1
     1     1    14     1    21    15     0     0    45.0    1.951  -80.232   3120.2    686.0
     1     1    14     1    21    16     0     0    46.0    2.052  -80.350   3176.9    684.3
     1     1    14     1    21    17     0     0    47.0    2.155  -80.478   3227.4    683.1
     1     1    14     1    21    18     0     0    48.0    2.258  -80.616   3272.2    682.2
