     1     1
    CDC1    14     1     1     0     0
     1 FORWARD  OMEGA   
    14     1    15     0    1.000  -75.000   500.0
     1 PRESSURE
     1     1    14     1    15     0     0     0     0.0    1.000  -75.000    500.0    887.4
     1     1    14     1    15     1     0     0     1.0    0.900  -75.140    527.9    885.3
     1     1    14     1    15     2     0     0     2.0    0.810  -75.267    560.0    882.1
     1     1    14     1    15     3     0     0     3.0    0.732  -75.384    596.1    878.2
     1     1    14     1    15     4     0     0     4.0    0.665  -75.492    636.2    873.3
     1     1    14     1    15     5     0     0     5.0    0.610  -75.594    680.0    867.4
     1     1    14     1    15     6     0     0     6.0    0.567  -75.691    727.1    861.1
     1     1    14     1    15     7     0     0     7.0    0.527  -75.786    776.4    854.0
     1     1    14     1    15     8     0     0     8.0    0.479  -75.882    826.4    847.0
     1     1    14     1    15     9     0     0     9.0    0.427  -75.979    877.3    840.1
     1     1    14     1    15    10     0     0    10.0    0.369  -76.078    929.2    832.8
     1     1    14     1    15    11     0     0    11.0    0.309  -76.177    982.0    824.9
     1     1    14     1    15    12     0     0    12.0    0.246  -76.277   1035.7    816.9
     1     1    14     1    15    13     0     0    13.0    0.178  -76.377   1092.9    809.0
     1     1    14     1    15    14     0     0    14.0    0.102  -76.475   1156.3    800.4
     1     1    14     1    15    15     0     0    15.0    0.017  -76.574   1226.7    791.2
     1     1    14     1    15    16     0     0    16.0   -0.077  -76.673   1304.5    781.3
     1     1    14     1    15    17     0     0    17.0   -0.179  -76.775   1389.7    770.8
     1     1    14     1    15    18     0     0    18.0   -0.287  -76.882   1482.9    759.7
     1     1    14     1    15    19     0     0    19.0   -0.403  -76.993   1580.2    747.7
     1     1    14     1    15    20     0     0    20.0   -0.526  -77.105   1675.9    736.4
     1     1    14     1    15    21     0     0    21.0   -0.656  -77.219   1770.8    724.7
     1     1    14     1    15    22     0     0    22.0   -0.795  -77.332   1865.4    713.3
     1     1    14     1    15    23     0     0    23.0   -0.944  -77.445   1960.9    702.1
     1     1    14     1    16     0     0     0    24.0   -1.105  -77.555   2060.5    693.3
     1     1    14     1    16     1     0     0    25.0   -1.267  -77.669   2162.4    686.6
     1     1    14     1    16     2     0     0    26.0   -1.418  -77.794   2262.3    679.9
     1     1    14     1    16     3     0     0    27.0   -1.556  -77.929   2358.0    673.7
     1     1    14     1    16     4     0     0    28.0   -1.683  -78.075   2449.1    667.9
     1     1    14     1    16     5     0     0    29.0   -1.799  -78.231   2535.2    662.5
     1     1    14     1    16     6     0     0    30.0   -1.907  -78.397   2615.7    657.6
     1     1    14     1    16     7     0     0    31.0   -2.013  -78.571   2691.0    652.7
     1     1    14     1    16     8     0     0    32.0   -2.125  -78.750   2764.0    647.8
     1     1    14     1    16     9     0     0    33.0   -2.243  -78.934   2834.1    643.0
     1     1    14     1    16    10     0     0    34.0   -2.370  -79.125   2901.5    638.3
     1     1    14     1    16    11     0     0    35.0   -2.508  -79.322   2966.2    633.6
     1     1    14     1    16    12     0     0    36.0   -2.656  -79.526   3029.8    629.5
     1     1    14     1    16    13     0     0    37.0   -2.810  -79.737   3092.9    626.1
     1     1    14     1    16    14     0     0    38.0   -2.967  -79.954   3152.2    623.1
     1     1    14     1    16    15     0     0    39.0   -3.127  -80.174   3216.5    624.8
     1     1    14     1    16    16     0     0    40.0   -3.287  -80.394   3279.5    627.9
     1     1    14     1    16    17     0     0    41.0   -3.447  -80.612   3339.9    630.8
     1     1    14     1    16    18     0     0    42.0   -3.606  -80.829   3398.8    633.6
     1     1    14     1    16    19     0     0    43.0   -3.759  -81.043   3456.3    635.8
     1     1    14     1    16    20     0     0    44.0   -3.905  -81.256   3516.8    637.7
     1     1    14     1    16    21     0     0    45.0   -4.045  -81.466   3579.9    639.2
     1     1    14     1    16    22     0     0    46.0   -4.181  -81.674   3646.7    640.2
     1     1    14     1    16    23     0     0    47.0   -4.317  -81.879   3718.2    640.7
     1     1    14     1    17     0     0     0    48.0   -4.454  -82.083   3795.5    640.6
