     1     1
    CDC1    14     1     1     0     0
     1 FORWARD  OMEGA   
    14     1    20     6    1.000  -75.000   500.0
     1 PRESSURE
     1     1    14     1    20     6     0     0     0.0    1.000  -75.000    500.0    889.5
     1     1    14     1    20     7     0     0     1.0    1.104  -75.143    524.7    881.7
     1     1    14     1    20     8     0     0     2.0    1.189  -75.288    549.6    874.7
     1     1    14     1    20     9     0     0     3.0    1.259  -75.433    574.9    868.4
     1     1    14     1    20    10     0     0     4.0    1.313  -75.579    600.7    862.7
     1     1    14     1    20    11     0     0     5.0    1.354  -75.726    627.4    857.1
     1     1    14     1    20    12     0     0     6.0    1.382  -75.873    654.8    851.7
     1     1    14     1    20    13     0     0     7.0    1.403  -76.012    683.2    846.7
     1     1    14     1    20    14     0     0     8.0    1.421  -76.140    712.3    841.9
     1     1    14     1    20    15     0     0     9.0    1.436  -76.254    741.8    837.5
     1     1    14     1    20    16     0     0    10.0    1.449  -76.356    771.6    833.3
     1     1    14     1    20    17     0     0    11.0    1.461  -76.445    801.4    829.4
     1     1    14     1    20    18     0     0    12.0    1.471  -76.520    831.0    825.8
     1     1    14     1    20    19     0     0    13.0    1.477  -76.589    860.6    822.1
     1     1    14     1    20    20     0     0    14.0    1.477  -76.655    890.1    818.4
     1     1    14     1    20    21     0     0    15.0    1.470  -76.719    919.7    814.5
     1     1    14     1    20    22     0     0    16.0    1.458  -76.780    949.4    810.5
     1     1    14     1    20    23     0     0    17.0    1.438  -76.840    979.3    806.5
     1     1    14     1    21     0     0     0    18.0    1.412  -76.897   1009.4    802.5
     1     1    14     1    21     1     0     0    19.0    1.390  -76.952   1040.1    799.3
     1     1    14     1    21     2     0     0    20.0    1.379  -77.005   1071.8    795.9
     1     1    14     1    21     3     0     0    21.0    1.380  -77.057   1104.6    792.6
     1     1    14     1    21     4     0     0    22.0    1.394  -77.108   1138.4    789.4
     1     1    14     1    21     5     0     0    23.0    1.420  -77.159   1173.1    786.2
     1     1    14     1    21     6     0     0    24.0    1.457  -77.211   1208.8    783.1
     1     1    14     1    21     7     0     0    25.0    1.497  -77.265   1243.1    779.4
     1     1    14     1    21     8     0     0    26.0    1.532  -77.321   1274.6    776.0
     1     1    14     1    21     9     0     0    27.0    1.561  -77.379   1303.1    772.8
     1     1    14     1    21    10     0     0    28.0    1.585  -77.438   1328.5    770.0
     1     1    14     1    21    11     0     0    29.0    1.605  -77.499   1350.7    767.4
     1     1    14     1    21    12     0     0    30.0    1.621  -77.558   1371.3    767.0
     1     1    14     1    21    13     0     0    31.0    1.639  -77.614   1392.1    767.2
     1     1    14     1    21    14     0     0    32.0    1.665  -77.666   1413.6    767.0
     1     1    14     1    21    15     0     0    33.0    1.700  -77.714   1436.2    766.8
     1     1    14     1    21    16     0     0    34.0    1.744  -77.758   1459.8    766.5
     1     1    14     1    21    17     0     0    35.0    1.798  -77.798   1484.1    766.2
     1     1    14     1    21    18     0     0    36.0    1.860  -77.836   1509.0    765.9
     1     1    14     1    21    19     0     0    37.0    1.924  -77.870   1535.1    765.1
     1     1    14     1    21    20     0     0    38.0    1.982  -77.901   1563.6    764.0
     1     1    14     1    21    21     0     0    39.0    2.034  -77.930   1594.3    762.6
     1     1    14     1    21    22     0     0    40.0    2.080  -77.956   1626.9    760.8
     1     1    14     1    21    23     0     0    41.0    2.118  -77.980   1661.4    758.8
     1     1    14     1    22     0     0     0    42.0    2.148  -78.002   1697.6    756.3
     1     1    14     1    22     1     0     0    43.0    2.173  -78.025   1736.8    753.9
     1     1    14     1    22     2     0     0    44.0    2.192  -78.050   1782.1    750.9
     1     1    14     1    22     3     0     0    45.0    2.206  -78.079   1833.1    747.4
     1     1    14     1    22     4     0     0    46.0    2.215  -78.112   1889.7    743.6
     1     1    14     1    22     5     0     0    47.0    2.217  -78.151   1952.3    739.3
     1     1    14     1    22     6     0     0    48.0    2.214  -78.196   2021.0    734.7
