     1     1
    CDC1    14     1     1     0     0
     1 FORWARD  OMEGA   
    14     1    19     6    1.000  -75.000   500.0
     1 PRESSURE
     1     1    14     1    19     6     0     0     0.0    1.000  -75.000    500.0    889.5
     1     1    14     1    19     7     0     0     1.0    1.010  -75.048    524.2    885.9
     1     1    14     1    19     8     0     0     2.0    1.014  -75.105    549.9    882.1
     1     1    14     1    19     9     0     0     3.0    1.015  -75.173    577.5    878.1
     1     1    14     1    19    10     0     0     4.0    1.010  -75.250    607.3    873.9
     1     1    14     1    19    11     0     0     5.0    1.002  -75.336    639.9    868.9
     1     1    14     1    19    12     0     0     6.0    0.990  -75.429    675.6    863.5
     1     1    14     1    19    13     0     0     7.0    0.977  -75.531    716.5    857.9
     1     1    14     1    19    14     0     0     8.0    0.966  -75.643    763.8    851.3
     1     1    14     1    19    15     0     0     9.0    0.956  -75.767    817.9    844.0
     1     1    14     1    19    16     0     0    10.0    0.944  -75.900    879.0    836.0
     1     1    14     1    19    17     0     0    11.0    0.931  -76.042    947.2    826.9
     1     1    14     1    19    18     0     0    12.0    0.915  -76.193   1022.8    816.8
     1     1    14     1    19    19     0     0    13.0    0.889  -76.346   1101.5    805.8
     1     1    14     1    19    20     0     0    14.0    0.846  -76.495   1180.3    795.4
     1     1    14     1    19    21     0     0    15.0    0.788  -76.639   1258.9    785.3
     1     1    14     1    19    22     0     0    16.0    0.713  -76.778   1337.9    774.4
     1     1    14     1    19    23     0     0    17.0    0.624  -76.911   1418.0    763.6
     1     1    14     1    20     0     0     0    18.0    0.519  -77.038   1500.4    752.5
     1     1    14     1    20     1     0     0    19.0    0.416  -77.167   1585.0    741.6
     1     1    14     1    20     2     0     0    20.0    0.333  -77.305   1670.2    730.2
     1     1    14     1    20     3     0     0    21.0    0.269  -77.455   1754.7    718.2
     1     1    14     1    20     4     0     0    22.0    0.222  -77.616   1840.7    711.2
     1     1    14     1    20     5     0     0    23.0    0.189  -77.789   1924.5    707.1
     1     1    14     1    20     6     0     0    24.0    0.169  -77.972   2004.0    703.7
     1     1    14     1    20     7     0     0    25.0    0.155  -78.160   2081.1    700.6
     1     1    14     1    20     8     0     0    26.0    0.142  -78.346   2159.8    696.9
     1     1    14     1    20     9     0     0    27.0    0.132  -78.528   2238.3    693.1
     1     1    14     1    20    10     0     0    28.0    0.126  -78.709   2315.9    689.5
     1     1    14     1    20    11     0     0    29.0    0.125  -78.889   2392.1    686.2
     1     1    14     1    20    12     0     0    30.0    0.130  -79.070   2466.3    683.2
     1     1    14     1    20    13     0     0    31.0    0.139  -79.249   2538.5    680.9
     1     1    14     1    20    14     0     0    32.0    0.151  -79.421   2608.1    678.7
     1     1    14     1    20    15     0     0    33.0    0.167  -79.586   2674.5    676.7
     1     1    14     1    20    16     0     0    34.0    0.188  -79.745   2736.8    674.8
     1     1    14     1    20    17     0     0    35.0    0.212  -79.898   2794.0    673.3
     1     1    14     1    20    18     0     0    36.0    0.242  -80.046   2845.3    672.9
     1     1    14     1    20    19     0     0    37.0    0.271  -80.188   2895.4    673.1
     1     1    14     1    20    20     0     0    38.0    0.294  -80.322   2948.3    672.3
     1     1    14     1    20    21     0     0    39.0    0.310  -80.448   3004.3    670.9
     1     1    14     1    20    22     0     0    40.0    0.321  -80.567   3063.9    669.0
     1     1    14     1    20    23     0     0    41.0    0.326  -80.678   3127.5    666.4
     1     1    14     1    21     0     0     0    42.0    0.326  -80.781   3195.7    663.2
     1     1    14     1    21     1     0     0    43.0    0.326  -80.884   3269.6    660.3
     1     1    14     1    21     2     0     0    44.0    0.329  -80.995   3349.1    657.1
     1     1    14     1    21     3     0     0    45.0    0.334  -81.116   3434.8    653.5
     1     1    14     1    21     4     0     0    46.0    0.341  -81.245   3526.9    649.7
     1     1    14     1    21     5     0     0    47.0    0.351  -81.385   3626.3    645.6
     1     1    14     1    21     6     0     0    48.0    0.363  -81.535   3734.0    641.1
