     1     1
    CDC1    14     1     1     0     0
     1 FORWARD  OMEGA   
    14     1     1    12    1.000  -75.000   500.0
     1 PRESSURE
     1     1    14     1     1    12     0     0     0.0    1.000  -75.000    500.0    889.2
     1     1    14     1     1    13     0     0     1.0    0.856  -75.039    512.1    891.0
     1     1    14     1     1    14     0     0     2.0    0.699  -75.087    525.8    892.6
     1     1    14     1     1    15     0     0     3.0    0.529  -75.145    541.2    893.8
     1     1    14     1     1    16     0     0     4.0    0.348  -75.211    558.5    894.6
     1     1    14     1     1    17     0     0     5.0    0.154  -75.286    577.6    894.9
     1     1    14     1     1    18     0     0     6.0   -0.050  -75.370    598.6    894.2
     1     1    14     1     1    19     0     0     7.0   -0.253  -75.460    618.6    892.1
     1     1    14     1     1    20     0     0     8.0   -0.447  -75.556    635.5    889.6
     1     1    14     1     1    21     0     0     9.0   -0.635  -75.656    649.6    887.1
     1     1    14     1     1    22     0     0    10.0   -0.817  -75.759    661.2    884.4
     1     1    14     1     1    23     0     0    11.0   -0.997  -75.863    671.1    881.6
     1     1    14     1     2     0     0     0    12.0   -1.174  -75.968    679.5    878.8
     1     1    14     1     2     1     0     0    13.0   -1.345  -76.063    687.0    876.3
     1     1    14     1     2     2     0     0    14.0   -1.504  -76.141    693.3    874.3
     1     1    14     1     2     3     0     0    15.0   -1.653  -76.202    697.8    873.1
     1     1    14     1     2     4     0     0    16.0   -1.792  -76.243    699.7    872.8
     1     1    14     1     2     5     0     0    17.0   -1.923  -76.266    698.4    873.5
     1     1    14     1     2     6     0     0    18.0   -2.046  -76.269    693.5    875.4
     1     1    14     1     2     7     0     0    19.0   -2.166  -76.265    686.1    878.2
     1     1    14     1     2     8     0     0    20.0   -2.288  -76.267    677.4    880.7
     1     1    14     1     2     9     0     0    21.0   -2.412  -76.275    667.8    883.0
     1     1    14     1     2    10     0     0    22.0   -2.535  -76.291    657.2    884.7
     1     1    14     1     2    11     0     0    23.0   -2.658  -76.315    646.3    884.7
     1     1    14     1     2    12     0     0    24.0   -2.781  -76.348    635.9    884.2
     1     1    14     1     2    13     0     0    25.0   -2.903  -76.386    628.7    883.2
     1     1    14     1     2    14     0     0    26.0   -3.026  -76.424    627.2    881.3
     1     1    14     1     2    15     0     0    27.0   -3.149  -76.463    631.3    878.7
     1     1    14     1     2    16     0     0    28.0   -3.275  -76.501    640.8    875.6
     1     1    14     1     2    17     0     0    29.0   -3.404  -76.539    655.6    871.9
     1     1    14     1     2    18     0     0    30.0   -3.536  -76.575    675.8    867.7
     1     1    14     1     2    19     0     0    31.0   -3.671  -76.609    698.5    862.7
     1     1    14     1     2    20     0     0    32.0   -3.806  -76.635    721.2    858.4
     1     1    14     1     2    21     0     0    33.0   -3.940  -76.654    744.0    854.4
     1     1    14     1     2    22     0     0    34.0   -4.073  -76.666    766.8    850.9
     1     1    14     1     2    23     0     0    35.0   -4.203  -76.670    789.8    847.7
     1     1    14     1     3     0     0     0    36.0   -4.331  -76.665    812.8    844.9
     1     1    14     1     3     1     0     0    37.0   -4.462  -76.649    833.6    843.6
     1     1    14     1     3     2     0     0    38.0   -4.604  -76.617    850.8    843.6
     1     1    14     1     3     3     0     0    39.0   -4.756  -76.570    863.7    844.7
     1     1    14     1     3     4     0     0    40.0   -4.918  -76.505    871.9    847.2
     1     1    14     1     3     5     0     0    41.0   -5.091  -76.422    874.0    848.4
     1     1    14     1     3     6     0     0    42.0   -5.274  -76.322    869.6    848.5
     1     1    14     1     3     7     0     0    43.0   -5.455  -76.226    863.5    848.7
     1     1    14     1     3     8     0     0    44.0   -5.625  -76.157    858.2    847.4
     1     1    14     1     3     9     0     0    45.0   -5.785  -76.115    854.1    844.9
     1     1    14     1     3    10     0     0    46.0   -5.936  -76.100    851.1    841.3
     1     1    14     1     3    11     0     0    47.0   -6.078  -76.113    849.1    836.5
     1     1    14     1     3    12     0     0    48.0   -6.211  -76.153    848.0    830.6
