     1     1
    CDC1    14     1     1     0     0
     1 FORWARD  OMEGA   
    14     1    17     0    1.000  -75.000   500.0
     1 PRESSURE
     1     1    14     1    17     0     0     0     0.0    1.000  -75.000    500.0    885.7
     1     1    14     1    17     1     0     0     1.0    0.942  -75.015    515.0    886.1
     1     1    14     1    17     2     0     0     2.0    0.891  -75.038    530.3    886.2
     1     1    14     1    17     3     0     0     3.0    0.845  -75.068    545.9    886.0
     1     1    14     1    17     4     0     0     4.0    0.805  -75.107    562.2    885.3
     1     1    14     1    17     5     0     0     5.0    0.770  -75.152    579.3    884.3
     1     1    14     1    17     6     0     0     6.0    0.740  -75.205    597.4    882.8
     1     1    14     1    17     7     0     0     7.0    0.717  -75.259    616.9    880.3
     1     1    14     1    17     8     0     0     8.0    0.704  -75.309    637.7    877.3
     1     1    14     1    17     9     0     0     9.0    0.701  -75.354    659.6    873.9
     1     1    14     1    17    10     0     0    10.0    0.707  -75.396    682.3    870.4
     1     1    14     1    17    11     0     0    11.0    0.723  -75.436    705.8    866.7
     1     1    14     1    17    12     0     0    12.0    0.751  -75.474    729.7    862.8
     1     1    14     1    17    13     0     0    13.0    0.780  -75.512    757.0    858.3
     1     1    14     1    17    14     0     0    14.0    0.805  -75.551    792.2    853.0
     1     1    14     1    17    15     0     0    15.0    0.824  -75.591    834.7    847.2
     1     1    14     1    17    16     0     0    16.0    0.837  -75.632    884.4    840.9
     1     1    14     1    17    17     0     0    17.0    0.844  -75.677    941.3    833.8
     1     1    14     1    17    18     0     0    18.0    0.847  -75.726   1004.9    825.8
     1     1    14     1    17    19     0     0    19.0    0.847  -75.791   1071.0    817.9
     1     1    14     1    17    20     0     0    20.0    0.848  -75.884   1134.1    810.4
     1     1    14     1    17    21     0     0    21.0    0.848  -76.002   1195.5    802.6
     1     1    14     1    17    22     0     0    22.0    0.847  -76.143   1256.4    794.6
     1     1    14     1    17    23     0     0    23.0    0.844  -76.307   1318.0    785.6
     1     1    14     1    18     0     0     0    24.0    0.840  -76.490   1381.9    776.1
     1     1    14     1    18     1     0     0    25.0    0.836  -76.688   1447.4    766.0
     1     1    14     1    18     2     0     0    26.0    0.833  -76.900   1512.1    756.1
     1     1    14     1    18     3     0     0    27.0    0.831  -77.124   1575.1    746.2
     1     1    14     1    18     4     0     0    28.0    0.825  -77.362   1635.6    736.5
     1     1    14     1    18     5     0     0    29.0    0.815  -77.611   1697.1    730.8
     1     1    14     1    18     6     0     0    30.0    0.801  -77.869   1762.3    730.7
     1     1    14     1    18     7     0     0    31.0    0.786  -78.122   1827.8    730.3
     1     1    14     1    18     8     0     0    32.0    0.775  -78.365   1894.2    729.5
     1     1    14     1    18     9     0     0    33.0    0.770  -78.597   1960.0    728.6
     1     1    14     1    18    10     0     0    34.0    0.768  -78.819   2024.2    727.8
     1     1    14     1    18    11     0     0    35.0    0.771  -79.031   2085.7    727.1
     1     1    14     1    18    12     0     0    36.0    0.778  -79.233   2143.5    726.6
     1     1    14     1    18    13     0     0    37.0    0.784  -79.430   2198.8    726.2
     1     1    14     1    18    14     0     0    38.0    0.786  -79.626   2253.1    725.5
     1     1    14     1    18    15     0     0    39.0    0.783  -79.821   2304.9    724.9
     1     1    14     1    18    16     0     0    40.0    0.776  -80.013   2353.0    724.6
     1     1    14     1    18    17     0     0    41.0    0.765  -80.204   2397.6    724.9
     1     1    14     1    18    18     0     0    42.0    0.751  -80.394   2439.3    725.3
     1     1    14     1    18    19     0     0    43.0    0.735  -80.581   2479.6    725.7
     1     1    14     1    18    20     0     0    44.0    0.717  -80.762   2518.8    725.9
     1     1    14     1    18    21     0     0    45.0    0.698  -80.937   2556.5    726.2
     1     1    14     1    18    22     0     0    46.0    0.677  -81.107   2592.1    726.5
     1     1    14     1    18    23     0     0    47.0    0.654  -81.268   2625.1    726.9
     1     1    14     1    19     0     0     0    48.0    0.630  -81.423   2654.9    727.4
