     1     1
    CDC1    14     1     1     0     0
     1 FORWARD  OMEGA   
    14     1    18    12    1.000  -75.000   500.0
     1 PRESSURE
     1     1    14     1    18    12     0     0     0.0    1.000  -75.000    500.0    890.3
     1     1    14     1    18    13     0     0     1.0    1.007  -75.066    517.3    887.1
     1     1    14     1    18    14     0     0     2.0    1.003  -75.143    540.7    883.0
     1     1    14     1    18    15     0     0     3.0    0.989  -75.233    570.5    878.5
     1     1    14     1    18    16     0     0     4.0    0.965  -75.334    606.8    873.4
     1     1    14     1    18    17     0     0     5.0    0.930  -75.445    649.9    867.1
     1     1    14     1    18    18     0     0     6.0    0.887  -75.567    699.5    860.0
     1     1    14     1    18    19     0     0     7.0    0.841  -75.697    752.1    852.4
     1     1    14     1    18    20     0     0     8.0    0.799  -75.831    803.8    845.0
     1     1    14     1    18    21     0     0     9.0    0.760  -75.968    854.5    837.6
     1     1    14     1    18    22     0     0    10.0    0.723  -76.108    903.9    830.3
     1     1    14     1    18    23     0     0    11.0    0.687  -76.249    952.0    822.2
     1     1    14     1    19     0     0     0    12.0    0.652  -76.391    998.4    814.3
     1     1    14     1    19     1     0     0    13.0    0.618  -76.532   1044.1    806.8
     1     1    14     1    19     2     0     0    14.0    0.590  -76.669   1089.7    799.4
     1     1    14     1    19     3     0     0    15.0    0.568  -76.802   1136.0    791.9
     1     1    14     1    19     4     0     0    16.0    0.551  -76.931   1183.6    784.6
     1     1    14     1    19     5     0     0    17.0    0.540  -77.056   1233.2    777.2
     1     1    14     1    19     6     0     0    18.0    0.535  -77.178   1285.7    769.4
     1     1    14     1    19     7     0     0    19.0    0.533  -77.298   1343.8    761.0
     1     1    14     1    19     8     0     0    20.0    0.529  -77.421   1411.5    751.7
     1     1    14     1    19     9     0     0    21.0    0.525  -77.544   1491.0    743.5
     1     1    14     1    19    10     0     0    22.0    0.519  -77.667   1583.3    737.9
     1     1    14     1    19    11     0     0    23.0    0.512  -77.788   1685.7    731.5
     1     1    14     1    19    12     0     0    24.0    0.505  -77.909   1797.9    723.8
     1     1    14     1    19    13     0     0    25.0    0.497  -78.035   1916.6    716.0
     1     1    14     1    19    14     0     0    26.0    0.483  -78.170   2035.5    708.9
     1     1    14     1    19    15     0     0    27.0    0.465  -78.315   2154.9    701.7
     1     1    14     1    19    16     0     0    28.0    0.444  -78.468   2272.9    694.3
     1     1    14     1    19    17     0     0    29.0    0.420  -78.630   2388.5    687.6
     1     1    14     1    19    18     0     0    30.0    0.394  -78.798   2501.9    681.2
     1     1    14     1    19    19     0     0    31.0    0.361  -78.967   2614.0    674.4
     1     1    14     1    19    20     0     0    32.0    0.320  -79.132   2728.5    667.0
     1     1    14     1    19    21     0     0    33.0    0.272  -79.292   2845.9    659.1
     1     1    14     1    19    22     0     0    34.0    0.220  -79.445   2968.4    650.7
     1     1    14     1    19    23     0     0    35.0    0.164  -79.591   3098.6    641.5
     1     1    14     1    20     0     0     0    36.0    0.106  -79.728   3239.1    631.6
     1     1    14     1    20     1     0     0    37.0    0.051  -79.869   3385.1    621.1
     1     1    14     1    20     2     0     0    38.0    0.003  -80.026   3530.3    612.0
     1     1    14     1    20     3     0     0    39.0   -0.042  -80.195   3677.4    605.3
     1     1    14     1    20     4     0     0    40.0   -0.083  -80.375   3822.0    599.4
     1     1    14     1    20     5     0     0    41.0   -0.122  -80.566   3965.7    593.9
     1     1    14     1    20     6     0     0    42.0   -0.158  -80.765   4109.2    588.6
     1     1    14     1    20     7     0     0    43.0   -0.192  -80.966   4247.7    583.3
     1     1    14     1    20     8     0     0    44.0   -0.223  -81.168   4372.9    579.4
     1     1    14     1    20     9     0     0    45.0   -0.255  -81.371   4486.6    576.4
     1     1    14     1    20    10     0     0    46.0   -0.287  -81.576   4589.1    574.3
     1     1    14     1    20    11     0     0    47.0   -0.321  -81.785   4680.8    573.1
     1     1    14     1    20    12     0     0    48.0   -0.357  -81.996   4761.5    572.7
