     1     1
    CDC1    14     1     1     0     0
     1 FORWARD  OMEGA   
    14     1    29     6    1.000  -75.000   500.0
     1 PRESSURE
     1     1    14     1    29     6     0     0     0.0    1.000  -75.000    500.0    889.8
     1     1    14     1    29     7     0     0     1.0    0.953  -75.006    528.4    888.0
     1     1    14     1    29     8     0     0     2.0    0.900  -75.019    558.8    885.9
     1     1    14     1    29     9     0     0     3.0    0.843  -75.038    591.0    883.7
     1     1    14     1    29    10     0     0     4.0    0.781  -75.064    625.0    881.2
     1     1    14     1    29    11     0     0     5.0    0.713  -75.096    660.4    878.0
     1     1    14     1    29    12     0     0     6.0    0.640  -75.133    697.1    874.8
     1     1    14     1    29    13     0     0     7.0    0.565  -75.171    736.0    871.5
     1     1    14     1    29    14     0     0     8.0    0.489  -75.207    778.6    867.9
     1     1    14     1    29    15     0     0     9.0    0.412  -75.242    825.3    863.9
     1     1    14     1    29    16     0     0    10.0    0.334  -75.276    876.9    859.7
     1     1    14     1    29    17     0     0    11.0    0.256  -75.310    934.1    854.7
     1     1    14     1    29    18     0     0    12.0    0.176  -75.345    997.3    848.7
     1     1    14     1    29    19     0     0    13.0    0.097  -75.380   1061.5    842.0
     1     1    14     1    29    20     0     0    14.0    0.017  -75.413   1122.2    836.5
     1     1    14     1    29    21     0     0    15.0   -0.062  -75.443   1178.6    831.2
     1     1    14     1    29    22     0     0    16.0   -0.140  -75.471   1230.5    826.5
     1     1    14     1    29    23     0     0    17.0   -0.216  -75.495   1278.0    822.4
     1     1    14     1    30     0     0     0    18.0   -0.291  -75.516   1321.0    818.4
     1     1    14     1    30     1     0     0    19.0   -0.362  -75.536   1360.5    815.4
     1     1    14     1    30     2     0     0    20.0   -0.424  -75.559   1396.7    812.4
     1     1    14     1    30     3     0     0    21.0   -0.479  -75.585   1429.8    809.5
     1     1    14     1    30     4     0     0    22.0   -0.527  -75.611   1459.7    806.8
     1     1    14     1    30     5     0     0    23.0   -0.570  -75.639   1486.3    804.3
     1     1    14     1    30     6     0     0    24.0   -0.607  -75.667   1509.3    802.0
     1     1    14     1    30     7     0     0    25.0   -0.641  -75.705   1535.5    799.3
     1     1    14     1    30     8     0     0    26.0   -0.677  -75.763   1570.9    794.5
     1     1    14     1    30     9     0     0    27.0   -0.714  -75.840   1616.6    788.1
     1     1    14     1    30    10     0     0    28.0   -0.752  -75.935   1673.5    780.1
     1     1    14     1    30    11     0     0    29.0   -0.788  -76.045   1742.5    770.2
     1     1    14     1    30    12     0     0    30.0   -0.822  -76.169   1824.4    758.7
     1     1    14     1    30    13     0     0    31.0   -0.860  -76.295   1915.1    746.0
     1     1    14     1    30    14     0     0    32.0   -0.908  -76.416   2008.5    734.1
     1     1    14     1    30    15     0     0    33.0   -0.966  -76.533   2103.5    722.5
     1     1    14     1    30    16     0     0    34.0   -1.031  -76.646   2198.0    710.9
     1     1    14     1    30    17     0     0    35.0   -1.102  -76.757   2289.0    699.7
     1     1    14     1    30    18     0     0    36.0   -1.178  -76.867   2374.4    689.3
     1     1    14     1    30    19     0     0    37.0   -1.256  -76.978   2458.2    679.4
     1     1    14     1    30    20     0     0    38.0   -1.339  -77.095   2546.6    668.7
     1     1    14     1    30    21     0     0    39.0   -1.425  -77.216   2640.3    657.6
     1     1    14     1    30    22     0     0    40.0   -1.515  -77.340   2740.3    645.7
     1     1    14     1    30    23     0     0    41.0   -1.610  -77.465   2848.0    633.4
     1     1    14     1    31     0     0     0    42.0   -1.711  -77.590   2971.1    623.9
     1     1    14     1    31     1     0     0    43.0   -1.811  -77.718   3092.1    615.0
     1     1    14     1    31     2     0     0    44.0   -1.901  -77.850   3195.4    608.5
     1     1    14     1    31     3     0     0    45.0   -1.982  -77.986   3280.9    603.1
     1     1    14     1    31     4     0     0    46.0   -2.054  -78.125   3348.7    598.9
     1     1    14     1    31     5     0     0    47.0   -2.115  -78.270   3399.9    596.0
     1     1    14     1    31     6     0     0    48.0   -2.165  -78.420   3435.4    594.1
