     1     1
    CDC1    14     1     1     0     0
     1 FORWARD  OMEGA   
    14     1     4    12    1.000  -75.000   500.0
     1 PRESSURE
     1     1    14     1     4    12     0     0     0.0    1.000  -75.000    500.0    889.1
     1     1    14     1     4    13     0     0     1.0    0.903  -74.995    512.1    890.5
     1     1    14     1     4    14     0     0     2.0    0.809  -74.998    528.9    890.9
     1     1    14     1     4    15     0     0     3.0    0.719  -75.010    550.8    890.5
     1     1    14     1     4    16     0     0     4.0    0.633  -75.031    577.8    889.3
     1     1    14     1     4    17     0     0     5.0    0.550  -75.060    610.3    887.3
     1     1    14     1     4    18     0     0     6.0    0.470  -75.096    648.4    884.0
     1     1    14     1     4    19     0     0     7.0    0.395  -75.147    687.7    879.9
     1     1    14     1     4    20     0     0     8.0    0.328  -75.218    723.3    875.8
     1     1    14     1     4    21     0     0     9.0    0.272  -75.310    754.8    871.2
     1     1    14     1     4    22     0     0    10.0    0.225  -75.423    781.5    866.1
     1     1    14     1     4    23     0     0    11.0    0.190  -75.556    803.0    860.5
     1     1    14     1     5     0     0     0    12.0    0.165  -75.710    818.9    854.6
     1     1    14     1     5     1     0     0    13.0    0.150  -75.867    833.1    849.1
     1     1    14     1     5     2     0     0    14.0    0.145  -76.011    849.2    843.3
     1     1    14     1     5     3     0     0    15.0    0.150  -76.142    867.7    837.6
     1     1    14     1     5     4     0     0    16.0    0.165  -76.260    889.1    832.0
     1     1    14     1     5     5     0     0    17.0    0.191  -76.367    913.5    826.4
     1     1    14     1     5     6     0     0    18.0    0.228  -76.463    941.4    820.6
     1     1    14     1     5     7     0     0    19.0    0.270  -76.552    970.6    814.6
     1     1    14     1     5     8     0     0    20.0    0.314  -76.635    999.2    809.2
     1     1    14     1     5     9     0     0    21.0    0.359  -76.713   1025.9    804.3
     1     1    14     1     5    10     0     0    22.0    0.407  -76.784   1050.2    799.9
     1     1    14     1     5    11     0     0    23.0    0.458  -76.850   1071.5    796.2
     1     1    14     1     5    12     0     0    24.0    0.513  -76.908   1089.0    793.1
     1     1    14     1     5    13     0     0    25.0    0.571  -76.961   1107.8    790.8
     1     1    14     1     5    14     0     0    26.0    0.631  -77.010   1132.7    787.7
     1     1    14     1     5    15     0     0    27.0    0.692  -77.055   1163.8    784.2
     1     1    14     1     5    16     0     0    28.0    0.753  -77.098   1201.3    780.4
     1     1    14     1     5    17     0     0    29.0    0.814  -77.137   1245.5    776.2
     1     1    14     1     5    18     0     0    30.0    0.872  -77.175   1296.3    771.2
     1     1    14     1     5    19     0     0    31.0    0.926  -77.219   1349.9    765.3
     1     1    14     1     5    20     0     0    32.0    0.973  -77.278   1402.5    759.7
     1     1    14     1     5    21     0     0    33.0    1.015  -77.348   1454.3    754.1
     1     1    14     1     5    22     0     0    34.0    1.051  -77.430   1505.7    748.5
     1     1    14     1     5    23     0     0    35.0    1.082  -77.521   1557.6    743.6
     1     1    14     1     6     0     0     0    36.0    1.108  -77.621   1611.4    741.5
     1     1    14     1     6     1     0     0    37.0    1.130  -77.720   1666.5    739.5
     1     1    14     1     6     2     0     0    38.0    1.150  -77.815   1727.1    736.4
     1     1    14     1     6     3     0     0    39.0    1.165  -77.907   1792.7    732.8
     1     1    14     1     6     4     0     0    40.0    1.176  -77.996   1863.7    728.7
     1     1    14     1     6     5     0     0    41.0    1.180  -78.084   1940.5    724.1
     1     1    14     1     6     6     0     0    42.0    1.178  -78.170   2023.3    719.0
     1     1    14     1     6     7     0     0    43.0    1.174  -78.257   2106.9    713.6
     1     1    14     1     6     8     0     0    44.0    1.177  -78.341   2183.4    709.0
     1     1    14     1     6     9     0     0    45.0    1.188  -78.424   2252.7    705.2
     1     1    14     1     6    10     0     0    46.0    1.207  -78.505   2314.5    702.1
     1     1    14     1     6    11     0     0    47.0    1.235  -78.582   2368.9    699.8
     1     1    14     1     6    12     0     0    48.0    1.271  -78.656   2415.9    698.2
