     1     1
    CDC1    14     1     1     0     0
     1 FORWARD  OMEGA   
    14     1     9    12    1.000  -75.000   500.0
     1 PRESSURE
     1     1    14     1     9    12     0     0     0.0    1.000  -75.000    500.0    889.9
     1     1    14     1     9    13     0     0     1.0    0.982  -75.009    508.2    889.4
     1     1    14     1     9    14     0     0     2.0    0.957  -75.026    521.0    888.4
     1     1    14     1     9    15     0     0     3.0    0.924  -75.051    538.5    886.9
     1     1    14     1     9    16     0     0     4.0    0.882  -75.082    561.2    885.0
     1     1    14     1     9    17     0     0     5.0    0.833  -75.120    589.3    882.7
     1     1    14     1     9    18     0     0     6.0    0.774  -75.163    623.4    879.8
     1     1    14     1     9    19     0     0     7.0    0.713  -75.210    659.6    875.8
     1     1    14     1     9    20     0     0     8.0    0.656  -75.260    694.4    872.2
     1     1    14     1     9    21     0     0     9.0    0.601  -75.314    727.3    868.6
     1     1    14     1     9    22     0     0    10.0    0.550  -75.373    758.5    865.0
     1     1    14     1     9    23     0     0    11.0    0.501  -75.438    787.9    861.4
     1     1    14     1    10     0     0     0    12.0    0.455  -75.509    815.3    857.6
     1     1    14     1    10     1     0     0    13.0    0.414  -75.590    842.1    853.7
     1     1    14     1    10     2     0     0    14.0    0.382  -75.683    870.3    849.0
     1     1    14     1    10     3     0     0    15.0    0.358  -75.789    899.3    843.7
     1     1    14     1    10     4     0     0    16.0    0.342  -75.908    929.1    837.4
     1     1    14     1    10     5     0     0    17.0    0.333  -76.040    959.2    830.6
     1     1    14     1    10     6     0     0    18.0    0.332  -76.185    989.6    823.3
     1     1    14     1    10     7     0     0    19.0    0.332  -76.334   1021.0    815.9
     1     1    14     1    10     8     0     0    20.0    0.331  -76.476   1054.0    808.7
     1     1    14     1    10     9     0     0    21.0    0.331  -76.610   1089.3    801.5
     1     1    14     1    10    10     0     0    22.0    0.335  -76.735   1127.5    794.4
     1     1    14     1    10    11     0     0    23.0    0.345  -76.850   1169.2    787.4
     1     1    14     1    10    12     0     0    24.0    0.366  -76.953   1214.8    780.5
     1     1    14     1    10    13     0     0    25.0    0.390  -77.043   1264.0    773.4
     1     1    14     1    10    14     0     0    26.0    0.411  -77.119   1318.3    766.1
     1     1    14     1    10    15     0     0    27.0    0.428  -77.183   1377.0    758.9
     1     1    14     1    10    16     0     0    28.0    0.443  -77.234   1440.2    751.7
     1     1    14     1    10    17     0     0    29.0    0.454  -77.276   1507.9    744.6
     1     1    14     1    10    18     0     0    30.0    0.462  -77.307   1580.1    737.5
     1     1    14     1    10    19     0     0    31.0    0.470  -77.334   1651.8    730.4
     1     1    14     1    10    20     0     0    32.0    0.477  -77.362   1716.7    724.0
     1     1    14     1    10    21     0     0    33.0    0.485  -77.390   1774.6    718.3
     1     1    14     1    10    22     0     0    34.0    0.493  -77.418   1825.0    713.3
     1     1    14     1    10    23     0     0    35.0    0.499  -77.446   1867.7    709.1
     1     1    14     1    11     0     0     0    36.0    0.504  -77.474   1902.4    705.5
     1     1    14     1    11     1     0     0    37.0    0.507  -77.508   1935.9    703.2
     1     1    14     1    11     2     0     0    38.0    0.507  -77.555   1973.5    701.3
     1     1    14     1    11     3     0     0    39.0    0.503  -77.613   2014.8    699.3
     1     1    14     1    11     4     0     0    40.0    0.496  -77.683   2059.8    697.2
     1     1    14     1    11     5     0     0    41.0    0.485  -77.766   2108.3    695.1
     1     1    14     1    11     6     0     0    42.0    0.471  -77.861   2159.4    692.6
     1     1    14     1    11     7     0     0    43.0    0.460  -77.956   2211.2    689.8
     1     1    14     1    11     8     0     0    44.0    0.456  -78.042   2262.8    687.1
     1     1    14     1    11     9     0     0    45.0    0.459  -78.120   2314.1    684.4
     1     1    14     1    11    10     0     0    46.0    0.468  -78.190   2364.9    681.7
     1     1    14     1    11    11     0     0    47.0    0.483  -78.253   2415.4    679.0
     1     1    14     1    11    12     0     0    48.0    0.504  -78.307   2465.5    676.3
