     1     1
    CDC1    14     1     1     0     0
     1 FORWARD  OMEGA   
    14     1    13    12    1.000  -75.000   500.0
     1 PRESSURE
     1     1    14     1    13    12     0     0     0.0    1.000  -75.000    500.0    890.4
     1     1    14     1    13    13     0     0     1.0    0.938  -75.089    500.9    890.4
     1     1    14     1    13    14     0     0     2.0    0.883  -75.178    508.3    889.1
     1     1    14     1    13    15     0     0     3.0    0.833  -75.269    522.6    886.7
     1     1    14     1    13    16     0     0     4.0    0.788  -75.361    544.1    883.5
     1     1    14     1    13    17     0     0     5.0    0.745  -75.455    573.2    879.3
     1     1    14     1    13    18     0     0     6.0    0.703  -75.550    610.5    874.3
     1     1    14     1    13    19     0     0     7.0    0.666  -75.653    651.0    867.6
     1     1    14     1    13    20     0     0     8.0    0.643  -75.769    689.0    861.0
     1     1    14     1    13    21     0     0     9.0    0.633  -75.896    724.4    854.4
     1     1    14     1    13    22     0     0    10.0    0.637  -76.032    756.7    847.7
     1     1    14     1    13    23     0     0    11.0    0.655  -76.175    785.8    841.1
     1     1    14     1    14     0     0     0    12.0    0.687  -76.324    811.3    834.8
     1     1    14     1    14     1     0     0    13.0    0.725  -76.477    837.3    829.0
     1     1    14     1    14     2     0     0    14.0    0.763  -76.632    867.3    822.7
     1     1    14     1    14     3     0     0    15.0    0.798  -76.791    901.2    816.2
     1     1    14     1    14     4     0     0    16.0    0.831  -76.955    938.5    809.0
     1     1    14     1    14     5     0     0    17.0    0.859  -77.126    978.8    801.6
     1     1    14     1    14     6     0     0    18.0    0.881  -77.304   1021.4    794.1
     1     1    14     1    14     7     0     0    19.0    0.900  -77.479   1065.2    786.6
     1     1    14     1    14     8     0     0    20.0    0.922  -77.635   1111.9    785.5
     1     1    14     1    14     9     0     0    21.0    0.948  -77.770   1159.5    784.8
     1     1    14     1    14    10     0     0    22.0    0.979  -77.885   1207.9    783.7
     1     1    14     1    14    11     0     0    23.0    1.015  -77.982   1257.4    782.2
     1     1    14     1    14    12     0     0    24.0    1.056  -78.061   1308.4    779.9
     1     1    14     1    14    13     0     0    25.0    1.095  -78.133   1357.0    777.2
     1     1    14     1    14    14     0     0    26.0    1.123  -78.208   1400.2    775.5
     1     1    14     1    14    15     0     0    27.0    1.140  -78.285   1437.7    774.2
     1     1    14     1    14    16     0     0    28.0    1.145  -78.365   1469.5    773.3
     1     1    14     1    14    17     0     0    29.0    1.140  -78.446   1495.3    772.9
     1     1    14     1    14    18     0     0    30.0    1.122  -78.530   1514.9    772.8
     1     1    14     1    14    19     0     0    31.0    1.093  -78.619   1534.7    773.0
     1     1    14     1    14    20     0     0    32.0    1.057  -78.717   1561.0    772.0
     1     1    14     1    14    21     0     0    33.0    1.012  -78.824   1594.1    770.5
     1     1    14     1    14    22     0     0    34.0    0.959  -78.939   1634.7    768.4
     1     1    14     1    14    23     0     0    35.0    0.899  -79.061   1683.2    765.5
     1     1    14     1    15     0     0     0    36.0    0.833  -79.191   1740.5    761.5
     1     1    14     1    15     1     0     0    37.0    0.767  -79.323   1802.2    757.1
     1     1    14     1    15     2     0     0    38.0    0.706  -79.457   1864.4    753.2
     1     1    14     1    15     3     0     0    39.0    0.650  -79.591   1926.4    749.4
     1     1    14     1    15     4     0     0    40.0    0.597  -79.728   1987.7    745.8
     1     1    14     1    15     5     0     0    41.0    0.548  -79.868   2048.0    742.5
     1     1    14     1    15     6     0     0    42.0    0.502  -80.012   2107.1    739.4
     1     1    14     1    15     7     0     0    43.0    0.460  -80.159   2162.9    737.1
     1     1    14     1    15     8     0     0    44.0    0.425  -80.306   2213.1    735.4
     1     1    14     1    15     9     0     0    45.0    0.399  -80.453   2256.8    734.7
     1     1    14     1    15    10     0     0    46.0    0.381  -80.599   2293.9    734.7
     1     1    14     1    15    11     0     0    47.0    0.372  -80.744   2324.3    735.4
     1     1    14     1    15    12     0     0    48.0    0.370  -80.889   2348.1    736.9
