     1     1
    CDC1    14     1     1     0     0
     1 FORWARD  OMEGA   
    14     1    14     6    1.000  -75.000   500.0
     1 PRESSURE
     1     1    14     1    14     6     0     0     0.0    1.000  -75.000    500.0    890.2
     1     1    14     1    14     7     0     0     1.0    1.031  -75.141    541.4    882.6
     1     1    14     1    14     8     0     0     2.0    1.056  -75.270    581.6    875.7
     1     1    14     1    14     9     0     0     3.0    1.078  -75.387    620.8    869.3
     1     1    14     1    14    10     0     0     4.0    1.097  -75.489    658.5    863.0
     1     1    14     1    14    11     0     0     5.0    1.113  -75.577    694.5    857.4
     1     1    14     1    14    12     0     0     6.0    1.127  -75.649    729.1    852.4
     1     1    14     1    14    13     0     0     7.0    1.135  -75.714    762.5    847.8
     1     1    14     1    14    14     0     0     8.0    1.134  -75.778    794.2    843.6
     1     1    14     1    14    15     0     0     9.0    1.122  -75.841    823.7    839.8
     1     1    14     1    14    16     0     0    10.0    1.101  -75.904    850.7    836.4
     1     1    14     1    14    17     0     0    11.0    1.069  -75.966    874.5    833.5
     1     1    14     1    14    18     0     0    12.0    1.027  -76.027    894.6    831.0
     1     1    14     1    14    19     0     0    13.0    0.975  -76.095    913.8    828.3
     1     1    14     1    14    20     0     0    14.0    0.915  -76.180    936.0    824.6
     1     1    14     1    14    21     0     0    15.0    0.845  -76.282    961.4    820.2
     1     1    14     1    14    22     0     0    16.0    0.767  -76.399    990.8    814.9
     1     1    14     1    14    23     0     0    17.0    0.678  -76.532   1025.1    808.6
     1     1    14     1    15     0     0     0    18.0    0.581  -76.679   1065.6    801.2
     1     1    14     1    15     1     0     0    19.0    0.483  -76.830   1111.5    793.0
     1     1    14     1    15     2     0     0    20.0    0.395  -76.977   1160.8    784.5
     1     1    14     1    15     3     0     0    21.0    0.317  -77.121   1213.3    775.6
     1     1    14     1    15     4     0     0    22.0    0.248  -77.263   1268.5    766.1
     1     1    14     1    15     5     0     0    23.0    0.187  -77.406   1325.8    755.9
     1     1    14     1    15     6     0     0    24.0    0.132  -77.549   1386.3    747.9
     1     1    14     1    15     7     0     0    25.0    0.083  -77.693   1450.0    744.2
     1     1    14     1    15     8     0     0    26.0    0.037  -77.837   1511.4    740.8
     1     1    14     1    15     9     0     0    27.0   -0.006  -77.981   1570.5    737.7
     1     1    14     1    15    10     0     0    28.0   -0.044  -78.124   1626.8    735.4
     1     1    14     1    15    11     0     0    29.0   -0.076  -78.266   1679.1    733.2
     1     1    14     1    15    12     0     0    30.0   -0.101  -78.408   1726.6    731.1
     1     1    14     1    15    13     0     0    31.0   -0.126  -78.546   1775.2    729.9
     1     1    14     1    15    14     0     0    32.0   -0.159  -78.678   1830.0    727.5
     1     1    14     1    15    15     0     0    33.0   -0.199  -78.805   1890.9    724.4
     1     1    14     1    15    16     0     0    34.0   -0.249  -78.927   1957.7    720.8
     1     1    14     1    15    17     0     0    35.0   -0.308  -79.046   2030.4    716.7
     1     1    14     1    15    18     0     0    36.0   -0.378  -79.163   2108.8    712.1
     1     1    14     1    15    19     0     0    37.0   -0.457  -79.279   2190.2    706.1
     1     1    14     1    15    20     0     0    38.0   -0.543  -79.392   2273.1    700.0
     1     1    14     1    15    21     0     0    39.0   -0.634  -79.504   2358.5    693.7
     1     1    14     1    15    22     0     0    40.0   -0.730  -79.616   2447.7    687.0
     1     1    14     1    15    23     0     0    41.0   -0.831  -79.729   2541.7    679.8
     1     1    14     1    16     0     0     0    42.0   -0.935  -79.844   2641.8    672.2
     1     1    14     1    16     1     0     0    43.0   -1.036  -79.970   2744.8    664.4
     1     1    14     1    16     2     0     0    44.0   -1.124  -80.112   2847.8    659.4
     1     1    14     1    16     3     0     0    45.0   -1.203  -80.265   2947.7    655.8
     1     1    14     1    16     4     0     0    46.0   -1.273  -80.425   3043.4    653.1
     1     1    14     1    16     5     0     0    47.0   -1.338  -80.588   3135.3    650.8
     1     1    14     1    16     6     0     0    48.0   -1.399  -80.754   3223.9    649.0
