     1     1
    CDC1    14     1     1     0     0
     1 FORWARD  OMEGA   
    14     1    23    18    1.000  -75.000   500.0
     1 PRESSURE
     1     1    14     1    23    18     0     0     0.0    1.000  -75.000    500.0    887.6
     1     1    14     1    23    19     0     0     1.0    0.924  -75.068    523.9    885.8
     1     1    14     1    23    20     0     0     2.0    0.849  -75.133    545.0    884.3
     1     1    14     1    23    21     0     0     3.0    0.773  -75.194    562.7    883.1
     1     1    14     1    23    22     0     0     4.0    0.698  -75.253    576.9    882.1
     1     1    14     1    23    23     0     0     5.0    0.623  -75.309    587.3    881.5
     1     1    14     1    24     0     0     0     6.0    0.549  -75.361    593.6    881.2
     1     1    14     1    24     1     0     0     7.0    0.481  -75.415    597.8    881.3
     1     1    14     1    24     2     0     0     8.0    0.428  -75.476    602.1    880.7
     1     1    14     1    24     3     0     0     9.0    0.389  -75.546    606.6    879.5
     1     1    14     1    24     4     0     0    10.0    0.363  -75.623    611.5    877.6
     1     1    14     1    24     5     0     0    11.0    0.351  -75.708    617.0    875.1
     1     1    14     1    24     6     0     0    12.0    0.353  -75.802    623.4    872.0
     1     1    14     1    24     7     0     0    13.0    0.353  -75.900    631.5    868.4
     1     1    14     1    24     8     0     0    14.0    0.337  -75.995    641.5    864.7
     1     1    14     1    24     9     0     0    15.0    0.306  -76.089    653.0    861.0
     1     1    14     1    24    10     0     0    16.0    0.261  -76.181    665.5    857.4
     1     1    14     1    24    11     0     0    17.0    0.201  -76.272    678.7    853.6
     1     1    14     1    24    12     0     0    18.0    0.128  -76.362    692.5    849.8
     1     1    14     1    24    13     0     0    19.0    0.048  -76.451    708.5    845.5
     1     1    14     1    24    14     0     0    20.0   -0.032  -76.537    728.1    840.8
     1     1    14     1    24    15     0     0    21.0   -0.114  -76.618    751.4    836.3
     1     1    14     1    24    16     0     0    22.0   -0.198  -76.694    778.0    831.5
     1     1    14     1    24    17     0     0    23.0   -0.282  -76.765    807.6    826.7
     1     1    14     1    24    18     0     0    24.0   -0.367  -76.831    840.1    821.8
     1     1    14     1    24    19     0     0    25.0   -0.453  -76.894    873.0    816.7
     1     1    14     1    24    20     0     0    26.0   -0.537  -76.956    903.6    812.1
     1     1    14     1    24    21     0     0    27.0   -0.620  -77.017    932.5    807.4
     1     1    14     1    24    22     0     0    28.0   -0.701  -77.075    960.0    802.8
     1     1    14     1    24    23     0     0    29.0   -0.779  -77.132    986.4    798.4
     1     1    14     1    25     0     0     0    30.0   -0.855  -77.187   1012.1    794.1
     1     1    14     1    25     1     0     0    31.0   -0.927  -77.235   1037.0    790.8
     1     1    14     1    25     2     0     0    32.0   -0.993  -77.274   1061.2    787.8
     1     1    14     1    25     3     0     0    33.0   -1.055  -77.302   1084.2    785.3
     1     1    14     1    25     4     0     0    34.0   -1.112  -77.321   1105.8    783.3
     1     1    14     1    25     5     0     0    35.0   -1.167  -77.329   1125.6    781.9
     1     1    14     1    25     6     0     0    36.0   -1.219  -77.328   1143.3    781.0
     1     1    14     1    25     7     0     0    37.0   -1.269  -77.318   1160.7    780.1
     1     1    14     1    25     8     0     0    38.0   -1.318  -77.301   1179.1    779.3
     1     1    14     1    25     9     0     0    39.0   -1.367  -77.278   1198.5    778.6
     1     1    14     1    25    10     0     0    40.0   -1.416  -77.248   1219.0    778.1
     1     1    14     1    25    11     0     0    41.0   -1.464  -77.212   1240.7    777.8
     1     1    14     1    25    12     0     0    42.0   -1.512  -77.172   1263.5    777.5
     1     1    14     1    25    13     0     0    43.0   -1.566  -77.128   1289.7    777.3
     1     1    14     1    25    14     0     0    44.0   -1.628  -77.084   1322.5    776.3
     1     1    14     1    25    15     0     0    45.0   -1.701  -77.041   1361.0    774.9
     1     1    14     1    25    16     0     0    46.0   -1.785  -76.997   1405.0    773.2
     1     1    14     1    25    17     0     0    47.0   -1.880  -76.954   1454.0    771.2
     1     1    14     1    25    18     0     0    48.0   -1.987  -76.909   1507.4    769.0
