     1     1
    CDC1    14     1     1     0     0
     1 FORWARD  OMEGA   
    14     1    19     0    1.000  -75.000   500.0
     1 PRESSURE
     1     1    14     1    19     0     0     0     0.0    1.000  -75.000    500.0    888.7
     1     1    14     1    19     1     0     0     1.0    0.976  -75.107    537.0    883.7
     1     1    14     1    19     2     0     0     2.0    0.957  -75.204    573.6    878.8
     1     1    14     1    19     3     0     0     3.0    0.942  -75.294    609.8    874.1
     1     1    14     1    19     4     0     0     4.0    0.934  -75.376    645.5    868.9
     1     1    14     1    19     5     0     0     5.0    0.931  -75.451    680.7    863.8
     1     1    14     1    19     6     0     0     6.0    0.933  -75.519    715.4    858.9
     1     1    14     1    19     7     0     0     7.0    0.937  -75.589    751.1    853.9
     1     1    14     1    19     8     0     0     8.0    0.937  -75.666    789.7    848.4
     1     1    14     1    19     9     0     0     9.0    0.934  -75.751    831.7    842.7
     1     1    14     1    19    10     0     0    10.0    0.927  -75.843    877.6    836.7
     1     1    14     1    19    11     0     0    11.0    0.917  -75.940    928.2    829.9
     1     1    14     1    19    12     0     0    12.0    0.905  -76.042    984.5    822.2
     1     1    14     1    19    13     0     0    13.0    0.891  -76.152   1048.0    814.2
     1     1    14     1    19    14     0     0    14.0    0.876  -76.271   1118.0    805.5
     1     1    14     1    19    15     0     0    15.0    0.859  -76.399   1195.2    796.2
     1     1    14     1    19    16     0     0    16.0    0.840  -76.536   1279.6    786.0
     1     1    14     1    19    17     0     0    17.0    0.818  -76.680   1371.4    774.7
     1     1    14     1    19    18     0     0    18.0    0.794  -76.829   1470.6    762.9
     1     1    14     1    19    19     0     0    19.0    0.760  -76.980   1573.4    750.0
     1     1    14     1    19    20     0     0    20.0    0.710  -77.128   1678.1    737.4
     1     1    14     1    19    21     0     0    21.0    0.646  -77.274   1784.6    724.0
     1     1    14     1    19    22     0     0    22.0    0.569  -77.418   1893.7    710.4
     1     1    14     1    19    23     0     0    23.0    0.477  -77.559   2008.2    698.8
     1     1    14     1    20     0     0     0    24.0    0.373  -77.692   2128.9    689.9
     1     1    14     1    20     1     0     0    25.0    0.274  -77.824   2249.0    680.8
     1     1    14     1    20     2     0     0    26.0    0.195  -77.963   2363.9    673.0
     1     1    14     1    20     3     0     0    27.0    0.132  -78.110   2473.7    666.0
     1     1    14     1    20     4     0     0    28.0    0.081  -78.268   2578.3    659.8
     1     1    14     1    20     5     0     0    29.0    0.040  -78.438   2678.3    654.3
     1     1    14     1    20     6     0     0    30.0    0.006  -78.621   2774.5    649.3
     1     1    14     1    20     7     0     0    31.0   -0.023  -78.811   2868.7    644.7
     1     1    14     1    20     8     0     0    32.0   -0.049  -79.004   2962.3    640.2
     1     1    14     1    20     9     0     0    33.0   -0.071  -79.200   3053.8    636.0
     1     1    14     1    20    10     0     0    34.0   -0.089  -79.402   3142.5    632.2
     1     1    14     1    20    11     0     0    35.0   -0.103  -79.608   3227.3    628.7
     1     1    14     1    20    12     0     0    36.0   -0.113  -79.818   3307.2    625.7
     1     1    14     1    20    13     0     0    37.0   -0.119  -80.030   3382.3    623.6
     1     1    14     1    20    14     0     0    38.0   -0.120  -80.241   3453.6    624.0
     1     1    14     1    20    15     0     0    39.0   -0.115  -80.451   3514.8    625.3
     1     1    14     1    20    16     0     0    40.0   -0.104  -80.660   3565.6    627.4
     1     1    14     1    20    17     0     0    41.0   -0.088  -80.869   3605.1    630.3
     1     1    14     1    20    18     0     0    42.0   -0.066  -81.077   3632.9    634.0
     1     1    14     1    20    19     0     0    43.0   -0.045  -81.276   3656.8    637.9
     1     1    14     1    20    20     0     0    44.0   -0.030  -81.459   3685.7    640.4
     1     1    14     1    20    21     0     0    45.0   -0.022  -81.629   3720.4    642.0
     1     1    14     1    20    22     0     0    46.0   -0.020  -81.785   3761.4    642.6
     1     1    14     1    20    23     0     0    47.0   -0.026  -81.928   3809.5    642.4
     1     1    14     1    21     0     0     0    48.0   -0.038  -82.062   3865.0    641.3
