     1     1
    CDC1    14     1     1     0     0
     1 FORWARD  OMEGA   
    14     1    11     0    1.000  -75.000   500.0
     1 PRESSURE
     1     1    14     1    11     0     0     0     0.0    1.000  -75.000    500.0    887.1
     1     1    14     1    11     1     0     0     1.0    0.965  -75.061    518.3    885.8
     1     1    14     1    11     2     0     0     2.0    0.938  -75.127    543.4    883.1
     1     1    14     1    11     3     0     0     3.0    0.916  -75.196    575.7    879.6
     1     1    14     1    11     4     0     0     4.0    0.899  -75.270    615.5    875.2
     1     1    14     1    11     5     0     0     5.0    0.887  -75.349    662.9    869.0
     1     1    14     1    11     6     0     0     6.0    0.881  -75.432    717.6    862.1
     1     1    14     1    11     7     0     0     7.0    0.868  -75.517    774.5    854.3
     1     1    14     1    11     8     0     0     8.0    0.841  -75.603    828.8    847.8
     1     1    14     1    11     9     0     0     9.0    0.800  -75.687    880.4    841.8
     1     1    14     1    11    10     0     0    10.0    0.748  -75.772    929.5    836.0
     1     1    14     1    11    11     0     0    11.0    0.686  -75.857    976.1    830.2
     1     1    14     1    11    12     0     0    12.0    0.615  -75.942   1020.7    824.7
     1     1    14     1    11    13     0     0    13.0    0.541  -76.033   1067.1    819.0
     1     1    14     1    11    14     0     0    14.0    0.468  -76.137   1119.9    811.8
     1     1    14     1    11    15     0     0    15.0    0.397  -76.252   1179.7    803.7
     1     1    14     1    11    16     0     0    16.0    0.329  -76.377   1246.7    794.4
     1     1    14     1    11    17     0     0    17.0    0.265  -76.510   1321.5    783.6
     1     1    14     1    11    18     0     0    18.0    0.208  -76.646   1404.6    771.8
     1     1    14     1    11    19     0     0    19.0    0.156  -76.781   1491.7    759.3
     1     1    14     1    11    20     0     0    20.0    0.107  -76.910   1578.2    747.6
     1     1    14     1    11    21     0     0    21.0    0.060  -77.033   1664.2    736.1
     1     1    14     1    11    22     0     0    22.0    0.014  -77.152   1748.8    724.3
     1     1    14     1    11    23     0     0    23.0   -0.033  -77.266   1831.7    713.4
     1     1    14     1    12     0     0     0    24.0   -0.082  -77.376   1911.8    703.3
     1     1    14     1    12     1     0     0    25.0   -0.135  -77.479   1990.7    694.3
     1     1    14     1    12     2     0     0    26.0   -0.192  -77.572   2070.4    688.9
     1     1    14     1    12     3     0     0    27.0   -0.255  -77.657   2147.3    684.3
     1     1    14     1    12     4     0     0    28.0   -0.326  -77.735   2219.1    679.9
     1     1    14     1    12     5     0     0    29.0   -0.405  -77.806   2285.6    676.0
     1     1    14     1    12     6     0     0    30.0   -0.494  -77.872   2346.7    672.4
     1     1    14     1    12     7     0     0    31.0   -0.583  -77.938   2402.9    668.9
     1     1    14     1    12     8     0     0    32.0   -0.661  -78.013   2458.3    665.6
     1     1    14     1    12     9     0     0    33.0   -0.728  -78.095   2512.8    662.5
     1     1    14     1    12    10     0     0    34.0   -0.782  -78.186   2567.1    659.4
     1     1    14     1    12    11     0     0    35.0   -0.821  -78.284   2622.0    656.4
     1     1    14     1    12    12     0     0    36.0   -0.845  -78.392   2677.7    653.2
     1     1    14     1    12    13     0     0    37.0   -0.860  -78.504   2738.1    650.2
     1     1    14     1    12    14     0     0    38.0   -0.872  -78.620   2805.1    646.4
     1     1    14     1    12    15     0     0    39.0   -0.880  -78.740   2879.0    642.2
     1     1    14     1    12    16     0     0    40.0   -0.884  -78.865   2959.6    637.6
     1     1    14     1    12    17     0     0    41.0   -0.884  -78.996   3047.0    632.6
     1     1    14     1    12    18     0     0    42.0   -0.880  -79.135   3141.1    627.2
     1     1    14     1    12    19     0     0    43.0   -0.870  -79.281   3232.9    621.3
     1     1    14     1    12    20     0     0    44.0   -0.856  -79.433   3314.9    616.6
     1     1    14     1    12    21     0     0    45.0   -0.837  -79.586   3386.3    612.9
     1     1    14     1    12    22     0     0    46.0   -0.813  -79.742   3447.5    610.1
     1     1    14     1    12    23     0     0    47.0   -0.782  -79.900   3498.6    608.1
     1     1    14     1    13     0     0     0    48.0   -0.746  -80.059   3541.5    607.9
