     1     1
    CDC1    14     1     1     0     0
     1 FORWARD  OMEGA   
    14     1    28    12    1.000  -75.000   500.0
     1 PRESSURE
     1     1    14     1    28    12     0     0     0.0    1.000  -75.000    500.0    888.3
     1     1    14     1    28    13     0     0     1.0    1.003  -75.081    539.4    883.1
     1     1    14     1    28    14     0     0     2.0    0.995  -75.158    582.3    877.7
     1     1    14     1    28    15     0     0     3.0    0.975  -75.231    628.5    872.3
     1     1    14     1    28    16     0     0     4.0    0.944  -75.299    677.8    866.5
     1     1    14     1    28    17     0     0     5.0    0.901  -75.364    729.7    860.8
     1     1    14     1    28    18     0     0     6.0    0.847  -75.426    784.5    855.4
     1     1    14     1    28    19     0     0     7.0    0.783  -75.490    838.4    849.5
     1     1    14     1    28    20     0     0     8.0    0.715  -75.562    888.6    844.3
     1     1    14     1    28    21     0     0     9.0    0.642  -75.639    935.0    839.0
     1     1    14     1    28    22     0     0    10.0    0.564  -75.721    977.8    833.7
     1     1    14     1    28    23     0     0    11.0    0.482  -75.806   1017.3    828.6
     1     1    14     1    29     0     0     0    12.0    0.396  -75.892   1053.8    823.7
     1     1    14     1    29     1     0     0    13.0    0.305  -75.973   1089.8    819.7
     1     1    14     1    29     2     0     0    14.0    0.211  -76.042   1126.4    815.5
     1     1    14     1    29     3     0     0    15.0    0.112  -76.098   1163.6    811.6
     1     1    14     1    29     4     0     0    16.0    0.006  -76.143   1200.7    808.0
     1     1    14     1    29     5     0     0    17.0   -0.106  -76.177   1237.6    805.2
     1     1    14     1    29     6     0     0    18.0   -0.226  -76.199   1273.7    802.8
     1     1    14     1    29     7     0     0    19.0   -0.350  -76.222   1308.1    799.6
     1     1    14     1    29     8     0     0    20.0   -0.475  -76.255   1342.0    796.2
     1     1    14     1    29     9     0     0    21.0   -0.599  -76.297   1374.5    792.6
     1     1    14     1    29    10     0     0    22.0   -0.722  -76.350   1405.3    788.8
     1     1    14     1    29    11     0     0    23.0   -0.843  -76.415   1434.1    784.7
     1     1    14     1    29    12     0     0    24.0   -0.962  -76.490   1460.4    780.3
     1     1    14     1    29    13     0     0    25.0   -1.078  -76.571   1489.0    776.1
     1     1    14     1    29    14     0     0    26.0   -1.192  -76.656   1524.0    770.7
     1     1    14     1    29    15     0     0    27.0   -1.304  -76.743   1566.1    764.6
     1     1    14     1    29    16     0     0    28.0   -1.417  -76.834   1615.9    757.8
     1     1    14     1    29    17     0     0    29.0   -1.529  -76.929   1674.1    750.0
     1     1    14     1    29    18     0     0    30.0   -1.644  -77.027   1741.2    740.9
     1     1    14     1    29    19     0     0    31.0   -1.763  -77.126   1812.9    730.9
     1     1    14     1    29    20     0     0    32.0   -1.889  -77.224   1885.7    721.5
     1     1    14     1    29    21     0     0    33.0   -2.024  -77.321   1960.0    712.0
     1     1    14     1    29    22     0     0    34.0   -2.168  -77.420   2036.6    702.4
     1     1    14     1    29    23     0     0    35.0   -2.324  -77.522   2116.8    693.4
     1     1    14     1    30     0     0     0    36.0   -2.483  -77.628   2201.6    687.1
     1     1    14     1    30     1     0     0    37.0   -2.641  -77.734   2277.9    680.7
     1     1    14     1    30     2     0     0    38.0   -2.799  -77.836   2339.4    676.1
     1     1    14     1    30     3     0     0    39.0   -2.958  -77.935   2386.6    672.8
     1     1    14     1    30     4     0     0    40.0   -3.120  -78.032   2419.8    670.6
     1     1    14     1    30     5     0     0    41.0   -3.287  -78.127   2439.7    669.5
     1     1    14     1    30     6     0     0    42.0   -3.460  -78.220   2447.1    669.4
     1     1    14     1    30     7     0     0    43.0   -3.632  -78.313   2451.0    670.0
     1     1    14     1    30     8     0     0    44.0   -3.800  -78.405   2459.1    669.5
     1     1    14     1    30     9     0     0    45.0   -3.962  -78.496   2470.4    668.9
     1     1    14     1    30    10     0     0    46.0   -4.122  -78.586   2484.1    668.1
     1     1    14     1    30    11     0     0    47.0   -4.280  -78.674   2499.1    667.3
     1     1    14     1    30    12     0     0    48.0   -4.437  -78.759   2514.8    666.4
