     1     1
    CDC1    14     1     1     0     0
     1 FORWARD  OMEGA   
    14     1    17    12    1.000  -75.000   500.0
     1 PRESSURE
     1     1    14     1    17    12     0     0     0.0    1.000  -75.000    500.0    890.0
     1     1    14     1    17    13     0     0     1.0    1.029  -75.003    516.7    887.3
     1     1    14     1    17    14     0     0     2.0    1.053  -75.008    541.2    883.5
     1     1    14     1    17    15     0     0     3.0    1.071  -75.015    573.9    879.1
     1     1    14     1    17    16     0     0     4.0    1.084  -75.024    615.4    874.1
     1     1    14     1    17    17     0     0     5.0    1.093  -75.037    665.8    867.7
     1     1    14     1    17    18     0     0     6.0    1.096  -75.054    724.9    860.6
     1     1    14     1    17    19     0     0     7.0    1.097  -75.089    786.8    853.6
     1     1    14     1    17    20     0     0     8.0    1.097  -75.151    843.5    847.5
     1     1    14     1    17    21     0     0     9.0    1.097  -75.240    895.9    841.5
     1     1    14     1    17    22     0     0    10.0    1.097  -75.354    944.6    835.0
     1     1    14     1    17    23     0     0    11.0    1.096  -75.493    990.6    828.4
     1     1    14     1    18     0     0     0    12.0    1.094  -75.653   1035.0    821.6
     1     1    14     1    18     1     0     0    13.0    1.095  -75.827   1079.7    814.6
     1     1    14     1    18     2     0     0    14.0    1.102  -76.008   1126.3    807.2
     1     1    14     1    18     3     0     0    15.0    1.114  -76.198   1173.9    799.6
     1     1    14     1    18     4     0     0    16.0    1.131  -76.398   1222.0    792.0
     1     1    14     1    18     5     0     0    17.0    1.151  -76.609   1270.3    784.3
     1     1    14     1    18     6     0     0    18.0    1.173  -76.833   1318.2    776.4
     1     1    14     1    18     7     0     0    19.0    1.194  -77.061   1364.8    768.6
     1     1    14     1    18     8     0     0    20.0    1.213  -77.285   1409.9    761.2
     1     1    14     1    18     9     0     0    21.0    1.233  -77.505   1453.1    754.5
     1     1    14     1    18    10     0     0    22.0    1.255  -77.716   1499.9    755.8
     1     1    14     1    18    11     0     0    23.0    1.282  -77.917   1544.9    757.2
     1     1    14     1    18    12     0     0    24.0    1.313  -78.107   1587.0    758.6
     1     1    14     1    18    13     0     0    25.0    1.345  -78.290   1629.0    760.3
     1     1    14     1    18    14     0     0    26.0    1.373  -78.470   1673.5    761.5
     1     1    14     1    18    15     0     0    27.0    1.397  -78.646   1719.9    762.0
     1     1    14     1    18    16     0     0    28.0    1.417  -78.817   1767.5    762.2
     1     1    14     1    18    17     0     0    29.0    1.434  -78.984   1815.7    762.3
     1     1    14     1    18    18     0     0    30.0    1.449  -79.147   1863.8    762.3
     1     1    14     1    18    19     0     0    31.0    1.461  -79.304   1910.6    761.9
     1     1    14     1    18    20     0     0    32.0    1.471  -79.458   1956.0    761.6
     1     1    14     1    18    21     0     0    33.0    1.479  -79.608   1999.4    761.2
     1     1    14     1    18    22     0     0    34.0    1.484  -79.754   2040.2    761.0
     1     1    14     1    18    23     0     0    35.0    1.486  -79.897   2078.2    760.9
     1     1    14     1    19     0     0     0    36.0    1.487  -80.037   2112.6    760.7
     1     1    14     1    19     1     0     0    37.0    1.486  -80.177   2148.6    760.3
     1     1    14     1    19     2     0     0    38.0    1.484  -80.320   2192.2    758.9
     1     1    14     1    19     3     0     0    39.0    1.482  -80.466   2243.6    756.6
     1     1    14     1    19     4     0     0    40.0    1.478  -80.619   2302.9    753.7
     1     1    14     1    19     5     0     0    41.0    1.474  -80.778   2370.6    750.2
     1     1    14     1    19     6     0     0    42.0    1.467  -80.947   2446.9    746.0
     1     1    14     1    19     7     0     0    43.0    1.460  -81.119   2528.8    741.1
     1     1    14     1    19     8     0     0    44.0    1.454  -81.291   2612.4    736.3
     1     1    14     1    19     9     0     0    45.0    1.450  -81.462   2696.8    731.6
     1     1    14     1    19    10     0     0    46.0    1.449  -81.633   2781.1    726.9
     1     1    14     1    19    11     0     0    47.0    1.453  -81.805   2863.8    722.3
     1     1    14     1    19    12     0     0    48.0    1.461  -81.979   2943.7    718.0
