     1     1
    CDC1    14     1     1     0     0
     1 FORWARD  OMEGA   
    14     1    10     0    1.000  -75.000   500.0
     1 PRESSURE
     1     1    14     1    10     0     0     0     0.0    1.000  -75.000    500.0    888.3
     1     1    14     1    10     1     0     0     1.0    0.971  -75.064    523.4    885.7
     1     1    14     1    10     2     0     0     2.0    0.949  -75.139    549.8    882.2
     1     1    14     1    10     3     0     0     3.0    0.935  -75.226    579.2    878.0
     1     1    14     1    10     4     0     0     4.0    0.929  -75.324    611.8    873.2
     1     1    14     1    10     5     0     0     5.0    0.931  -75.435    647.3    867.1
     1     1    14     1    10     6     0     0     6.0    0.941  -75.557    685.6    860.3
     1     1    14     1    10     7     0     0     7.0    0.951  -75.683    725.4    853.4
     1     1    14     1    10     8     0     0     8.0    0.952  -75.805    764.9    847.0
     1     1    14     1    10     9     0     0     9.0    0.947  -75.922    804.7    840.9
     1     1    14     1    10    10     0     0    10.0    0.938  -76.035    845.1    835.0
     1     1    14     1    10    11     0     0    11.0    0.928  -76.141    886.6    829.1
     1     1    14     1    10    12     0     0    12.0    0.918  -76.242    929.5    823.0
     1     1    14     1    10    13     0     0    13.0    0.906  -76.333    974.8    816.5
     1     1    14     1    10    14     0     0    14.0    0.890  -76.413   1024.2    809.9
     1     1    14     1    10    15     0     0    15.0    0.867  -76.482   1077.4    803.3
     1     1    14     1    10    16     0     0    16.0    0.839  -76.540   1134.3    796.7
     1     1    14     1    10    17     0     0    17.0    0.805  -76.588   1195.1    790.1
     1     1    14     1    10    18     0     0    18.0    0.764  -76.627   1259.8    783.3
     1     1    14     1    10    19     0     0    19.0    0.722  -76.662   1324.0    776.1
     1     1    14     1    10    20     0     0    20.0    0.684  -76.698   1382.5    769.9
     1     1    14     1    10    21     0     0    21.0    0.649  -76.734   1435.4    764.3
     1     1    14     1    10    22     0     0    22.0    0.616  -76.770   1482.4    759.2
     1     1    14     1    10    23     0     0    23.0    0.584  -76.806   1523.4    754.7
     1     1    14     1    11     0     0     0    24.0    0.552  -76.843   1558.2    750.8
     1     1    14     1    11     1     0     0    25.0    0.519  -76.884   1592.9    747.6
     1     1    14     1    11     2     0     0    26.0    0.488  -76.936   1631.6    743.3
     1     1    14     1    11     3     0     0    27.0    0.456  -76.999   1674.5    738.2
     1     1    14     1    11     4     0     0    28.0    0.424  -77.073   1721.1    732.3
     1     1    14     1    11     5     0     0    29.0    0.392  -77.157   1771.1    725.9
     1     1    14     1    11     6     0     0    30.0    0.358  -77.254   1823.7    718.9
     1     1    14     1    11     7     0     0    31.0    0.325  -77.354   1877.1    711.4
     1     1    14     1    11     8     0     0    32.0    0.297  -77.449   1930.9    704.2
     1     1    14     1    11     9     0     0    33.0    0.273  -77.537   1986.9    698.7
     1     1    14     1    11    10     0     0    34.0    0.254  -77.619   2045.5    695.3
     1     1    14     1    11    11     0     0    35.0    0.239  -77.694   2104.7    691.8
     1     1    14     1    11    12     0     0    36.0    0.230  -77.761   2163.8    687.9
     1     1    14     1    11    13     0     0    37.0    0.227  -77.825   2225.4    683.9
     1     1    14     1    11    14     0     0    38.0    0.229  -77.891   2293.8    679.3
     1     1    14     1    11    15     0     0    39.0    0.235  -77.960   2368.6    674.3
     1     1    14     1    11    16     0     0    40.0    0.246  -78.030   2449.9    669.0
     1     1    14     1    11    17     0     0    41.0    0.260  -78.103   2538.0    663.4
     1     1    14     1    11    18     0     0    42.0    0.277  -78.179   2632.8    657.5
     1     1    14     1    11    19     0     0    43.0    0.293  -78.257   2727.7    650.7
     1     1    14     1    11    20     0     0    44.0    0.306  -78.340   2815.3    645.2
     1     1    14     1    11    21     0     0    45.0    0.313  -78.429   2895.9    640.4
     1     1    14     1    11    22     0     0    46.0    0.316  -78.522   2969.8    636.1
     1     1    14     1    11    23     0     0    47.0    0.313  -78.623   3037.4    632.4
     1     1    14     1    12     0     0     0    48.0    0.305  -78.730   3099.4    629.2
