     1     1
    CDC1    14     1     1     0     0
     1 FORWARD  OMEGA   
    14     1     2     6    1.000  -75.000   500.0
     1 PRESSURE
     1     1    14     1     2     6     0     0     0.0    1.000  -75.000    500.0    887.2
     1     1    14     1     2     7     0     0     1.0    0.890  -75.054    507.5    888.2
     1     1    14     1     2     8     0     0     2.0    0.769  -75.101    510.8    890.1
     1     1    14     1     2     9     0     0     3.0    0.637  -75.142    509.8    892.7
     1     1    14     1     2    10     0     0     4.0    0.493  -75.178    504.3    895.9
     1     1    14     1     2    11     0     0     5.0    0.339  -75.209    494.2    899.9
     1     1    14     1     2    12     0     0     6.0    0.173  -75.238    479.4    904.5
     1     1    14     1     2    13     0     0     7.0    0.008  -75.269    464.6    909.7
     1     1    14     1     2    14     0     0     8.0   -0.146  -75.306    454.9    912.7
     1     1    14     1     2    15     0     0     9.0   -0.286  -75.349    452.1    914.1
     1     1    14     1     2    16     0     0    10.0   -0.414  -75.396    456.1    914.4
     1     1    14     1     2    17     0     0    11.0   -0.533  -75.448    466.8    913.4
     1     1    14     1     2    18     0     0    12.0   -0.644  -75.505    484.3    911.3
     1     1    14     1     2    19     0     0    13.0   -0.752  -75.564    502.7    907.6
     1     1    14     1     2    20     0     0    14.0   -0.860  -75.622    516.8    905.1
     1     1    14     1     2    21     0     0    15.0   -0.968  -75.678    526.6    902.9
     1     1    14     1     2    22     0     0    16.0   -1.075  -75.732    532.6    901.3
     1     1    14     1     2    23     0     0    17.0   -1.182  -75.782    534.9    900.0
     1     1    14     1     3     0     0     0    18.0   -1.288  -75.830    533.8    899.2
     1     1    14     1     3     1     0     0    19.0   -1.394  -75.868    531.5    900.1
     1     1    14     1     3     2     0     0    20.0   -1.502  -75.892    529.3    901.4
     1     1    14     1     3     3     0     0    21.0   -1.613  -75.902    527.0    903.3
     1     1    14     1     3     4     0     0    22.0   -1.728  -75.898    524.4    906.0
     1     1    14     1     3     5     0     0    23.0   -1.847  -75.879    521.0    909.4
     1     1    14     1     3     6     0     0    24.0   -1.970  -75.846    516.6    913.7
     1     1    14     1     3     7     0     0    25.0   -2.089  -75.812    512.0    917.5
     1     1    14     1     3     8     0     0    26.0   -2.197  -75.788    508.2    920.5
     1     1    14     1     3     9     0     0    27.0   -2.293  -75.777    505.1    922.6
     1     1    14     1     3    10     0     0    28.0   -2.377  -75.780    502.6    923.7
     1     1    14     1     3    11     0     0    29.0   -2.448  -75.797    500.7    924.0
     1     1    14     1     3    12     0     0    30.0   -2.505  -75.828    499.6    923.1
     1     1    14     1     3    13     0     0    31.0   -2.557  -75.866    499.8    921.4
     1     1    14     1     3    14     0     0    32.0   -2.612  -75.901    501.4    919.7
     1     1    14     1     3    15     0     0    33.0   -2.670  -75.934    504.2    917.9
     1     1    14     1     3    16     0     0    34.0   -2.732  -75.966    508.0    916.0
     1     1    14     1     3    17     0     0    35.0   -2.799  -75.996    512.5    914.1
     1     1    14     1     3    18     0     0    36.0   -2.872  -76.027    517.4    912.2
     1     1    14     1     3    19     0     0    37.0   -2.946  -76.058    523.2    909.7
     1     1    14     1     3    20     0     0    38.0   -3.016  -76.092    531.0    906.8
     1     1    14     1     3    21     0     0    39.0   -3.082  -76.128    540.7    903.5
     1     1    14     1     3    22     0     0    40.0   -3.143  -76.165    552.8    900.1
     1     1    14     1     3    23     0     0    41.0   -3.201  -76.201    567.3    896.4
     1     1    14     1     4     0     0     0    42.0   -3.254  -76.237    584.6    892.4
     1     1    14     1     4     1     0     0    43.0   -3.307  -76.277    603.1    888.8
     1     1    14     1     4     2     0     0    44.0   -3.363  -76.325    621.0    884.9
     1     1    14     1     4     3     0     0    45.0   -3.423  -76.383    638.6    880.3
     1     1    14     1     4     4     0     0    46.0   -3.488  -76.450    656.2    875.3
     1     1    14     1     4     5     0     0    47.0   -3.557  -76.527    673.9    869.8
     1     1    14     1     4     6     0     0    48.0   -3.630  -76.615    692.3    863.7
