     1     1
    CDC1    14     1     1     0     0
     1 FORWARD  OMEGA   
    14     1    11    12    1.000  -75.000   500.0
     1 PRESSURE
     1     1    14     1    11    12     0     0     0.0    1.000  -75.000    500.0    889.6
     1     1    14     1    11    13     0     0     1.0    0.917  -75.091    526.9    887.4
     1     1    14     1    11    14     0     0     2.0    0.836  -75.197    559.7    883.9
     1     1    14     1    11    15     0     0     3.0    0.755  -75.316    599.4    879.2
     1     1    14     1    11    16     0     0     4.0    0.675  -75.449    646.5    872.7
     1     1    14     1    11    17     0     0     5.0    0.596  -75.595    701.3    864.6
     1     1    14     1    11    18     0     0     6.0    0.519  -75.753    764.0    855.2
     1     1    14     1    11    19     0     0     7.0    0.443  -75.917    830.4    844.9
     1     1    14     1    11    20     0     0     8.0    0.369  -76.083    896.0    834.8
     1     1    14     1    11    21     0     0     9.0    0.298  -76.249    960.7    823.9
     1     1    14     1    11    22     0     0    10.0    0.230  -76.412   1024.5    812.9
     1     1    14     1    11    23     0     0    11.0    0.165  -76.572   1087.3    802.0
     1     1    14     1    12     0     0     0    12.0    0.103  -76.728   1149.2    791.2
     1     1    14     1    12     1     0     0    13.0    0.047  -76.877   1212.8    781.3
     1     1    14     1    12     2     0     0    14.0   -0.004  -77.014   1279.2    771.0
     1     1    14     1    12     3     0     0    15.0   -0.049  -77.139   1348.2    761.0
     1     1    14     1    12     4     0     0    16.0   -0.093  -77.250   1418.6    751.6
     1     1    14     1    12     5     0     0    17.0   -0.136  -77.349   1489.8    742.6
     1     1    14     1    12     6     0     0    18.0   -0.182  -77.437   1561.0    734.1
     1     1    14     1    12     7     0     0    19.0   -0.228  -77.518   1630.7    726.4
     1     1    14     1    12     8     0     0    20.0   -0.272  -77.600   1701.3    721.5
     1     1    14     1    12     9     0     0    21.0   -0.311  -77.685   1769.5    717.0
     1     1    14     1    12    10     0     0    22.0   -0.343  -77.772   1835.9    712.7
     1     1    14     1    12    11     0     0    23.0   -0.367  -77.862   1900.8    708.6
     1     1    14     1    12    12     0     0    24.0   -0.380  -77.956   1964.8    704.7
     1     1    14     1    12    13     0     0    25.0   -0.388  -78.051   2033.6    701.1
     1     1    14     1    12    14     0     0    26.0   -0.396  -78.144   2111.2    696.4
     1     1    14     1    12    15     0     0    27.0   -0.403  -78.236   2197.7    690.6
     1     1    14     1    12    16     0     0    28.0   -0.408  -78.331   2292.7    684.2
     1     1    14     1    12    17     0     0    29.0   -0.411  -78.428   2396.0    677.3
     1     1    14     1    12    18     0     0    30.0   -0.411  -78.529   2507.8    669.9
     1     1    14     1    12    19     0     0    31.0   -0.408  -78.637   2617.5    661.8
     1     1    14     1    12    20     0     0    32.0   -0.399  -78.753   2716.1    655.4
     1     1    14     1    12    21     0     0    33.0   -0.386  -78.876   2802.4    650.1
     1     1    14     1    12    22     0     0    34.0   -0.368  -79.006   2876.2    646.0
     1     1    14     1    12    23     0     0    35.0   -0.346  -79.141   2937.5    643.0
     1     1    14     1    13     0     0     0    36.0   -0.319  -79.282   2986.4    641.1
     1     1    14     1    13     1     0     0    37.0   -0.290  -79.430   3031.4    640.7
     1     1    14     1    13     2     0     0    38.0   -0.264  -79.589   3081.5    639.3
     1     1    14     1    13     3     0     0    39.0   -0.241  -79.760   3137.7    637.7
     1     1    14     1    13     4     0     0    40.0   -0.223  -79.945   3201.0    635.7
     1     1    14     1    13     5     0     0    41.0   -0.212  -80.142   3274.7    635.0
     1     1    14     1    13     6     0     0    42.0   -0.209  -80.349   3356.6    634.5
     1     1    14     1    13     7     0     0    43.0   -0.206  -80.561   3435.8    633.5
     1     1    14     1    13     8     0     0    44.0   -0.193  -80.777   3506.9    634.1
     1     1    14     1    13     9     0     0    45.0   -0.171  -80.994   3571.4    635.2
     1     1    14     1    13    10     0     0    46.0   -0.138  -81.214   3631.6    636.7
     1     1    14     1    13    11     0     0    47.0   -0.094  -81.435   3690.3    638.4
     1     1    14     1    13    12     0     0    48.0   -0.037  -81.658   3750.0    640.0
