     1     1
    CDC1    14     1     1     0     0
     1 FORWARD  OMEGA   
    14     1    18     6    1.000  -75.000   500.0
     1 PRESSURE
     1     1    14     1    18     6     0     0     0.0    1.000  -75.000    500.0    890.1
     1     1    14     1    18     7     0     0     1.0    1.062  -75.111    524.2    883.9
     1     1    14     1    18     8     0     0     2.0    1.115  -75.222    548.7    878.2
     1     1    14     1    18     9     0     0     3.0    1.159  -75.330    573.2    872.9
     1     1    14     1    18    10     0     0     4.0    1.195  -75.437    597.4    868.1
     1     1    14     1    18    11     0     0     5.0    1.224  -75.541    620.9    863.4
     1     1    14     1    18    12     0     0     6.0    1.246  -75.643    643.1    859.0
     1     1    14     1    18    13     0     0     7.0    1.260  -75.745    667.1    854.8
     1     1    14     1    18    14     0     0     8.0    1.264  -75.854    696.8    849.8
     1     1    14     1    18    15     0     0     9.0    1.260  -75.968    731.8    844.4
     1     1    14     1    18    16     0     0    10.0    1.248  -76.088    772.1    838.6
     1     1    14     1    18    17     0     0    11.0    1.228  -76.212    817.4    832.4
     1     1    14     1    18    18     0     0    12.0    1.199  -76.342    867.5    825.9
     1     1    14     1    18    19     0     0    13.0    1.168  -76.476    919.5    818.7
     1     1    14     1    18    20     0     0    14.0    1.138  -76.613    970.5    811.3
     1     1    14     1    18    21     0     0    15.0    1.109  -76.753   1020.4    804.1
     1     1    14     1    18    22     0     0    16.0    1.081  -76.895   1069.2    796.8
     1     1    14     1    18    23     0     0    17.0    1.051  -77.039   1116.6    789.7
     1     1    14     1    19     0     0     0    18.0    1.020  -77.185   1162.8    782.5
     1     1    14     1    19     1     0     0    19.0    0.991  -77.330   1209.1    775.9
     1     1    14     1    19     2     0     0    20.0    0.966  -77.474   1256.9    768.9
     1     1    14     1    19     3     0     0    21.0    0.947  -77.614   1309.7    766.1
     1     1    14     1    19     4     0     0    22.0    0.934  -77.749   1366.1    764.1
     1     1    14     1    19     5     0     0    23.0    0.926  -77.881   1426.0    761.9
     1     1    14     1    19     6     0     0    24.0    0.923  -78.010   1489.9    759.3
     1     1    14     1    19     7     0     0    25.0    0.921  -78.137   1559.5    756.0
     1     1    14     1    19     8     0     0    26.0    0.919  -78.261   1636.8    752.0
     1     1    14     1    19     9     0     0    27.0    0.915  -78.382   1721.5    747.0
     1     1    14     1    19    10     0     0    28.0    0.912  -78.503   1813.4    741.2
     1     1    14     1    19    11     0     0    29.0    0.909  -78.621   1912.4    734.9
     1     1    14     1    19    12     0     0    30.0    0.907  -78.740   2018.7    728.2
     1     1    14     1    19    13     0     0    31.0    0.902  -78.862   2130.1    721.5
     1     1    14     1    19    14     0     0    32.0    0.892  -78.995   2240.7    714.6
     1     1    14     1    19    15     0     0    33.0    0.875  -79.137   2349.9    708.2
     1     1    14     1    19    16     0     0    34.0    0.853  -79.286   2457.9    701.9
     1     1    14     1    19    17     0     0    35.0    0.825  -79.443   2564.6    695.9
     1     1    14     1    19    18     0     0    36.0    0.790  -79.606   2670.2    690.1
     1     1    14     1    19    19     0     0    37.0    0.746  -79.771   2775.0    683.4
     1     1    14     1    19    20     0     0    38.0    0.695  -79.934   2882.5    676.3
     1     1    14     1    19    21     0     0    39.0    0.638  -80.095   2994.0    669.1
     1     1    14     1    19    22     0     0    40.0    0.576  -80.251   3110.5    661.8
     1     1    14     1    19    23     0     0    41.0    0.510  -80.400   3232.7    654.1
     1     1    14     1    20     0     0     0    42.0    0.441  -80.541   3361.8    645.9
     1     1    14     1    20     1     0     0    43.0    0.376  -80.685   3494.0    637.7
     1     1    14     1    20     2     0     0    44.0    0.318  -80.843   3624.8    630.8
     1     1    14     1    20     3     0     0    45.0    0.265  -81.015   3755.9    624.6
     1     1    14     1    20     4     0     0    46.0    0.218  -81.200   3889.3    618.8
     1     1    14     1    20     5     0     0    47.0    0.174  -81.399   4026.9    613.1
     1     1    14     1    20     6     0     0    48.0    0.133  -81.608   4170.6    607.4
