     1     1
    CDC1    14     1     1     0     0
     1 FORWARD  OMEGA   
    14     1    23     0    1.000  -75.000   500.0
     1 PRESSURE
     1     1    14     1    23     0     0     0     0.0    1.000  -75.000    500.0    887.2
     1     1    14     1    23     1     0     0     1.0    0.926  -74.991    508.0    888.8
     1     1    14     1    23     2     0     0     2.0    0.867  -74.987    514.5    890.3
     1     1    14     1    23     3     0     0     3.0    0.822  -74.987    519.5    891.4
     1     1    14     1    23     4     0     0     4.0    0.793  -74.992    522.8    892.1
     1     1    14     1    23     5     0     0     5.0    0.779  -74.999    524.7    892.5
     1     1    14     1    23     6     0     0     6.0    0.780  -75.010    525.2    892.6
     1     1    14     1    23     7     0     0     7.0    0.787  -75.027    526.1    892.1
     1     1    14     1    23     8     0     0     8.0    0.792  -75.054    529.6    891.1
     1     1    14     1    23     9     0     0     9.0    0.797  -75.091    535.7    889.7
     1     1    14     1    23    10     0     0    10.0    0.800  -75.137    544.7    887.8
     1     1    14     1    23    11     0     0    11.0    0.802  -75.194    556.8    885.4
     1     1    14     1    23    12     0     0    12.0    0.803  -75.262    572.2    882.4
     1     1    14     1    23    13     0     0    13.0    0.798  -75.336    591.4    878.8
     1     1    14     1    23    14     0     0    14.0    0.780  -75.411    615.0    875.0
     1     1    14     1    23    15     0     0    15.0    0.749  -75.485    643.2    870.5
     1     1    14     1    23    16     0     0    16.0    0.707  -75.561    676.1    865.7
     1     1    14     1    23    17     0     0    17.0    0.654  -75.637    714.3    860.5
     1     1    14     1    23    18     0     0    18.0    0.588  -75.716    758.3    854.9
     1     1    14     1    23    19     0     0    19.0    0.517  -75.796    803.9    848.9
     1     1    14     1    23    20     0     0    20.0    0.444  -75.875    846.5    843.7
     1     1    14     1    23    21     0     0    21.0    0.368  -75.953    885.7    838.8
     1     1    14     1    23    22     0     0    22.0    0.291  -76.030    921.0    834.0
     1     1    14     1    23    23     0     0    23.0    0.210  -76.106    952.0    829.3
     1     1    14     1    24     0     0     0    24.0    0.127  -76.181    978.5    824.9
     1     1    14     1    24     1     0     0    25.0    0.050  -76.259   1002.8    821.2
     1     1    14     1    24     2     0     0    26.0   -0.014  -76.347   1026.7    816.7
     1     1    14     1    24     3     0     0    27.0   -0.063  -76.444   1050.4    812.0
     1     1    14     1    24     4     0     0    28.0   -0.098  -76.550   1073.7    806.9
     1     1    14     1    24     5     0     0    29.0   -0.119  -76.665   1096.7    801.3
     1     1    14     1    24     6     0     0    30.0   -0.125  -76.790   1119.8    795.3
     1     1    14     1    24     7     0     0    31.0   -0.127  -76.920   1143.5    788.8
     1     1    14     1    24     8     0     0    32.0   -0.140  -77.050   1167.4    782.3
     1     1    14     1    24     9     0     0    33.0   -0.160  -77.182   1190.9    775.9
     1     1    14     1    24    10     0     0    34.0   -0.188  -77.312   1213.2    769.7
     1     1    14     1    24    11     0     0    35.0   -0.222  -77.442   1233.7    763.7
     1     1    14     1    24    12     0     0    36.0   -0.264  -77.571   1254.2    761.3
     1     1    14     1    24    13     0     0    37.0   -0.310  -77.693   1277.6    761.5
     1     1    14     1    24    14     0     0    38.0   -0.360  -77.806   1304.9    760.8
     1     1    14     1    24    15     0     0    39.0   -0.414  -77.911   1335.4    759.6
     1     1    14     1    24    16     0     0    40.0   -0.471  -78.007   1368.2    758.1
     1     1    14     1    24    17     0     0    41.0   -0.531  -78.095   1402.7    756.3
     1     1    14     1    24    18     0     0    42.0   -0.595  -78.176   1438.1    754.3
     1     1    14     1    24    19     0     0    43.0   -0.659  -78.251   1475.2    752.2
     1     1    14     1    24    20     0     0    44.0   -0.721  -78.324   1514.6    749.7
     1     1    14     1    24    21     0     0    45.0   -0.780  -78.396   1557.4    746.8
     1     1    14     1    24    22     0     0    46.0   -0.835  -78.467   1604.0    743.7
     1     1    14     1    24    23     0     0    47.0   -0.887  -78.537   1655.1    740.1
     1     1    14     1    25     0     0     0    48.0   -0.933  -78.608   1711.5    735.8
