     1     1
    CDC1    14     1     1     0     0
     1 FORWARD  OMEGA   
    14     1     2     0    1.000  -75.000   500.0
     1 PRESSURE
     1     1    14     1     2     0     0     0     0.0    1.000  -75.000    500.0    886.7
     1     1    14     1     2     1     0     0     1.0    0.814  -75.094    503.7    889.6
     1     1    14     1     2     2     0     0     2.0    0.645  -75.182    506.5    891.8
     1     1    14     1     2     3     0     0     3.0    0.492  -75.263    508.0    893.4
     1     1    14     1     2     4     0     0     4.0    0.356  -75.334    508.1    894.7
     1     1    14     1     2     5     0     0     5.0    0.236  -75.395    506.6    895.8
     1     1    14     1     2     6     0     0     6.0    0.131  -75.444    503.1    896.9
     1     1    14     1     2     7     0     0     7.0    0.029  -75.485    496.9    898.1
     1     1    14     1     2     8     0     0     8.0   -0.082  -75.521    487.9    899.6
     1     1    14     1     2     9     0     0     9.0   -0.201  -75.550    476.8    901.6
     1     1    14     1     2    10     0     0    10.0   -0.326  -75.574    463.8    904.1
     1     1    14     1     2    11     0     0    11.0   -0.456  -75.594    448.9    907.0
     1     1    14     1     2    12     0     0    12.0   -0.590  -75.612    432.4    910.4
     1     1    14     1     2    13     0     0    13.0   -0.721  -75.631    418.1    914.0
     1     1    14     1     2    14     0     0    14.0   -0.842  -75.655    409.8    916.2
     1     1    14     1     2    15     0     0    15.0   -0.955  -75.684    407.5    917.2
     1     1    14     1     2    16     0     0    16.0   -1.061  -75.719    411.1    917.1
     1     1    14     1     2    17     0     0    17.0   -1.161  -75.759    420.8    916.0
     1     1    14     1     2    18     0     0    18.0   -1.258  -75.804    436.3    913.9
     1     1    14     1     2    19     0     0    19.0   -1.355  -75.851    453.1    910.4
     1     1    14     1     2    20     0     0    20.0   -1.452  -75.896    466.5    907.9
     1     1    14     1     2    21     0     0    21.0   -1.550  -75.939    476.8    905.8
     1     1    14     1     2    22     0     0    22.0   -1.649  -75.980    484.1    904.1
     1     1    14     1     2    23     0     0    23.0   -1.748  -76.018    488.7    902.8
     1     1    14     1     3     0     0     0    24.0   -1.846  -76.052    490.8    901.9
     1     1    14     1     3     1     0     0    25.0   -1.946  -76.077    491.6    902.7
     1     1    14     1     3     2     0     0    26.0   -2.050  -76.087    492.0    904.1
     1     1    14     1     3     3     0     0    27.0   -2.158  -76.083    491.5    906.3
     1     1    14     1     3     4     0     0    28.0   -2.271  -76.064    489.9    909.4
     1     1    14     1     3     5     0     0    29.0   -2.388  -76.031    487.0    913.4
     1     1    14     1     3     6     0     0    30.0   -2.511  -75.984    482.4    918.3
     1     1    14     1     3     7     0     0    31.0   -2.630  -75.935    477.0    921.1
     1     1    14     1     3     8     0     0    32.0   -2.736  -75.900    472.6    923.0
     1     1    14     1     3     9     0     0    33.0   -2.830  -75.880    469.1    924.1
     1     1    14     1     3    10     0     0    34.0   -2.912  -75.875    466.5    924.3
     1     1    14     1     3    11     0     0    35.0   -2.981  -75.887    464.8    923.7
     1     1    14     1     3    12     0     0    36.0   -3.037  -75.916    464.1    922.1
     1     1    14     1     3    13     0     0    37.0   -3.089  -75.953    464.8    920.4
     1     1    14     1     3    14     0     0    38.0   -3.145  -75.988    466.5    918.5
     1     1    14     1     3    15     0     0    39.0   -3.206  -76.023    469.0    916.6
     1     1    14     1     3    16     0     0    40.0   -3.274  -76.058    472.0    914.7
     1     1    14     1     3    17     0     0    41.0   -3.348  -76.092    475.3    912.7
     1     1    14     1     3    18     0     0    42.0   -3.429  -76.127    478.4    910.7
     1     1    14     1     3    19     0     0    43.0   -3.511  -76.163    482.4    908.1
     1     1    14     1     3    20     0     0    44.0   -3.588  -76.198    488.8    905.1
     1     1    14     1     3    21     0     0    45.0   -3.658  -76.232    497.8    902.0
     1     1    14     1     3    22     0     0    46.0   -3.723  -76.262    509.7    898.7
     1     1    14     1     3    23     0     0    47.0   -3.781  -76.290    524.7    895.3
     1     1    14     1     4     0     0     0    48.0   -3.833  -76.313    543.0    891.8
