     1     1
    CDC1    14     1     1     0     0
     1 FORWARD  OMEGA   
    14     1    21    18    1.000  -75.000   500.0
     1 PRESSURE
     1     1    14     1    21    18     0     0     0.0    1.000  -75.000    500.0    888.2
     1     1    14     1    21    19     0     0     1.0    0.968  -74.978    513.2    887.6
     1     1    14     1    21    20     0     0     2.0    0.929  -74.959    523.8    887.5
     1     1    14     1    21    21     0     0     3.0    0.883  -74.942    531.8    887.8
     1     1    14     1    21    22     0     0     4.0    0.831  -74.927    537.1    888.5
     1     1    14     1    21    23     0     0     5.0    0.773  -74.914    539.8    889.6
     1     1    14     1    22     0     0     0     6.0    0.709  -74.902    539.8    891.1
     1     1    14     1    22     1     0     0     7.0    0.642  -74.893    538.9    893.9
     1     1    14     1    22     2     0     0     8.0    0.576  -74.890    538.2    896.4
     1     1    14     1    22     3     0     0     9.0    0.511  -74.892    537.8    898.8
     1     1    14     1    22     4     0     0    10.0    0.447  -74.898    537.7    901.1
     1     1    14     1    22     5     0     0    11.0    0.382  -74.910    537.7    903.3
     1     1    14     1    22     6     0     0    12.0    0.318  -74.926    537.7    905.6
     1     1    14     1    22     7     0     0    13.0    0.253  -74.949    537.9    907.0
     1     1    14     1    22     8     0     0    14.0    0.186  -74.979    539.0    908.4
     1     1    14     1    22     9     0     0    15.0    0.118  -75.017    540.7    909.3
     1     1    14     1    22    10     0     0    16.0    0.049  -75.060    543.3    909.3
     1     1    14     1    22    11     0     0    17.0   -0.019  -75.109    546.9    908.8
     1     1    14     1    22    12     0     0    18.0   -0.086  -75.163    551.7    907.5
     1     1    14     1    22    13     0     0    19.0   -0.152  -75.219    559.2    906.1
     1     1    14     1    22    14     0     0    20.0   -0.215  -75.274    570.2    904.2
     1     1    14     1    22    15     0     0    21.0   -0.278  -75.329    585.3    901.8
     1     1    14     1    22    16     0     0    22.0   -0.340  -75.386    604.6    899.0
     1     1    14     1    22    17     0     0    23.0   -0.402  -75.446    628.5    895.4
     1     1    14     1    22    18     0     0    24.0   -0.464  -75.510    657.3    890.9
     1     1    14     1    22    19     0     0    25.0   -0.526  -75.573    688.2    885.6
     1     1    14     1    22    20     0     0    26.0   -0.592  -75.629    718.0    881.2
     1     1    14     1    22    21     0     0    27.0   -0.662  -75.678    746.9    877.2
     1     1    14     1    22    22     0     0    28.0   -0.736  -75.721    775.0    873.6
     1     1    14     1    22    23     0     0    29.0   -0.815  -75.759    802.5    870.3
     1     1    14     1    23     0     0     0    30.0   -0.901  -75.792    829.5    867.4
     1     1    14     1    23     1     0     0    31.0   -0.982  -75.823    855.6    865.1
     1     1    14     1    23     2     0     0    32.0   -1.051  -75.851    880.6    862.8
     1     1    14     1    23     3     0     0    33.0   -1.106  -75.876    904.3    860.6
     1     1    14     1    23     4     0     0    34.0   -1.149  -75.898    926.5    858.3
     1     1    14     1    23     5     0     0    35.0   -1.177  -75.917    947.4    856.0
     1     1    14     1    23     6     0     0    36.0   -1.192  -75.932    966.7    853.8
     1     1    14     1    23     7     0     0    37.0   -1.201  -75.949    986.3    851.5
     1     1    14     1    23     8     0     0    38.0   -1.210  -75.975   1008.3    848.4
     1     1    14     1    23     9     0     0    39.0   -1.220  -76.011   1032.8    844.7
     1     1    14     1    23    10     0     0    40.0   -1.230  -76.055   1059.7    840.5
     1     1    14     1    23    11     0     0    41.0   -1.241  -76.110   1089.4    835.6
     1     1    14     1    23    12     0     0    42.0   -1.253  -76.175   1121.8    830.1
     1     1    14     1    23    13     0     0    43.0   -1.269  -76.249   1158.2    823.6
     1     1    14     1    23    14     0     0    44.0   -1.296  -76.332   1200.3    816.4
     1     1    14     1    23    15     0     0    45.0   -1.333  -76.424   1248.4    808.4
     1     1    14     1    23    16     0     0    46.0   -1.379  -76.527   1303.1    799.2
     1     1    14     1    23    17     0     0    47.0   -1.435  -76.644   1364.8    788.9
     1     1    14     1    23    18     0     0    48.0   -1.499  -76.776   1434.3    777.5
