     1     1
    CDC1    14     1     1     0     0
     1 FORWARD  OMEGA   
    14     1    28     6    1.000  -75.000   500.0
     1 PRESSURE
     1     1    14     1    28     6     0     0     0.0    1.000  -75.000    500.0    888.7
     1     1    14     1    28     7     0     0     1.0    0.970  -75.113    520.2    885.5
     1     1    14     1    28     8     0     0     2.0    0.949  -75.222    544.5    881.4
     1     1    14     1    28     9     0     0     3.0    0.936  -75.326    572.9    876.8
     1     1    14     1    28    10     0     0     4.0    0.930  -75.426    605.4    871.7
     1     1    14     1    28    11     0     0     5.0    0.931  -75.521    641.8    865.8
     1     1    14     1    28    12     0     0     6.0    0.938  -75.611    681.7    859.4
     1     1    14     1    28    13     0     0     7.0    0.942  -75.696    724.8    853.3
     1     1    14     1    28    14     0     0     8.0    0.934  -75.774    770.4    847.4
     1     1    14     1    28    15     0     0     9.0    0.915  -75.848    818.4    841.7
     1     1    14     1    28    16     0     0    10.0    0.885  -75.917    868.8    836.1
     1     1    14     1    28    17     0     0    11.0    0.842  -75.982    921.7    830.4
     1     1    14     1    28    18     0     0    12.0    0.788  -76.044    976.9    824.2
     1     1    14     1    28    19     0     0    13.0    0.725  -76.107   1031.9    817.5
     1     1    14     1    28    20     0     0    14.0    0.655  -76.176   1084.5    811.4
     1     1    14     1    28    21     0     0    15.0    0.579  -76.248   1135.1    805.4
     1     1    14     1    28    22     0     0    16.0    0.497  -76.322   1184.0    799.4
     1     1    14     1    28    23     0     0    17.0    0.408  -76.399   1231.6    793.5
     1     1    14     1    29     0     0     0    18.0    0.314  -76.477   1278.5    787.3
     1     1    14     1    29     1     0     0    19.0    0.215  -76.550   1325.6    781.4
     1     1    14     1    29     2     0     0    20.0    0.110  -76.616   1372.2    775.5
     1     1    14     1    29     3     0     0    21.0   -0.001  -76.673   1417.8    769.9
     1     1    14     1    29     4     0     0    22.0   -0.120  -76.721   1462.6    765.6
     1     1    14     1    29     5     0     0    23.0   -0.246  -76.762   1505.4    761.7
     1     1    14     1    29     6     0     0    24.0   -0.381  -76.797   1545.6    758.4
     1     1    14     1    29     7     0     0    25.0   -0.520  -76.833   1582.6    754.7
     1     1    14     1    29     8     0     0    26.0   -0.656  -76.880   1617.9    750.8
     1     1    14     1    29     9     0     0    27.0   -0.789  -76.938   1650.5    746.7
     1     1    14     1    29    10     0     0    28.0   -0.919  -77.006   1679.9    742.2
     1     1    14     1    29    11     0     0    29.0   -1.043  -77.085   1705.6    737.6
     1     1    14     1    29    12     0     0    30.0   -1.162  -77.173   1727.4    732.8
     1     1    14     1    29    13     0     0    31.0   -1.278  -77.267   1751.2    728.4
     1     1    14     1    29    14     0     0    32.0   -1.395  -77.362   1783.0    722.7
     1     1    14     1    29    15     0     0    33.0   -1.515  -77.460   1823.2    716.2
     1     1    14     1    29    16     0     0    34.0   -1.638  -77.560   1874.9    711.4
     1     1    14     1    29    17     0     0    35.0   -1.766  -77.664   1937.7    707.7
     1     1    14     1    29    18     0     0    36.0   -1.901  -77.774   2010.1    703.3
     1     1    14     1    29    19     0     0    37.0   -2.047  -77.887   2087.3    697.8
     1     1    14     1    29    20     0     0    38.0   -2.200  -78.001   2165.3    692.1
     1     1    14     1    29    21     0     0    39.0   -2.357  -78.115   2242.6    686.3
     1     1    14     1    29    22     0     0    40.0   -2.514  -78.229   2319.2    680.4
     1     1    14     1    29    23     0     0    41.0   -2.669  -78.343   2395.1    674.3
     1     1    14     1    30     0     0     0    42.0   -2.820  -78.457   2471.0    668.3
     1     1    14     1    30     1     0     0    43.0   -2.971  -78.570   2539.5    662.9
     1     1    14     1    30     2     0     0    44.0   -3.125  -78.682   2593.0    659.4
     1     1    14     1    30     3     0     0    45.0   -3.285  -78.795   2631.8    657.1
     1     1    14     1    30     4     0     0    46.0   -3.450  -78.908   2656.6    655.8
     1     1    14     1    30     5     0     0    47.0   -3.624  -79.022   2668.1    655.7
     1     1    14     1    30     6     0     0    48.0   -3.805  -79.137   2667.7    656.7
