     1     1
    CDC1    14     1     1     0     0
     1 FORWARD  OMEGA   
    14     1    25     0    1.000  -75.000   500.0
     1 PRESSURE
     1     1    14     1    25     0     0     0     0.0    1.000  -75.000    500.0    886.6
     1     1    14     1    25     1     0     0     1.0    0.892  -75.029    489.4    890.8
     1     1    14     1    25     2     0     0     2.0    0.799  -75.056    481.4    894.1
     1     1    14     1    25     3     0     0     3.0    0.719  -75.079    475.4    896.9
     1     1    14     1    25     4     0     0     4.0    0.651  -75.100    471.2    899.1
     1     1    14     1    25     5     0     0     5.0    0.596  -75.117    468.6    901.0
     1     1    14     1    25     6     0     0     6.0    0.552  -75.130    467.4    902.4
     1     1    14     1    25     7     0     0     7.0    0.513  -75.134    467.0    903.0
     1     1    14     1    25     8     0     0     8.0    0.473  -75.128    466.8    904.0
     1     1    14     1    25     9     0     0     9.0    0.430  -75.109    466.7    905.4
     1     1    14     1    25    10     0     0    10.0    0.385  -75.079    466.6    907.1
     1     1    14     1    25    11     0     0    11.0    0.338  -75.038    466.6    909.3
     1     1    14     1    25    12     0     0    12.0    0.288  -74.986    466.5    911.7
     1     1    14     1    25    13     0     0    13.0    0.234  -74.935    468.2    913.8
     1     1    14     1    25    14     0     0    14.0    0.175  -74.898    473.6    915.3
     1     1    14     1    25    15     0     0    15.0    0.110  -74.874    482.8    916.3
     1     1    14     1    25    16     0     0    16.0    0.040  -74.863    495.8    917.0
     1     1    14     1    25    17     0     0    17.0   -0.037  -74.866    512.8    916.9
     1     1    14     1    25    18     0     0    18.0   -0.119  -74.880    534.1    916.1
     1     1    14     1    25    19     0     0    19.0   -0.206  -74.899    556.2    914.8
     1     1    14     1    25    20     0     0    20.0   -0.297  -74.915    575.3    914.3
     1     1    14     1    25    21     0     0    21.0   -0.393  -74.930    591.1    914.2
     1     1    14     1    25    22     0     0    22.0   -0.494  -74.941    603.2    914.7
     1     1    14     1    25    23     0     0    23.0   -0.599  -74.950    611.4    915.6
     1     1    14     1    26     0     0     0    24.0   -0.708  -74.957    615.6    917.1
     1     1    14     1    26     1     0     0    25.0   -0.820  -74.963    616.5    919.5
     1     1    14     1    26     2     0     0    26.0   -0.932  -74.970    615.3    922.0
     1     1    14     1    26     3     0     0    27.0   -1.046  -74.978    612.1    924.7
     1     1    14     1    26     4     0     0    28.0   -1.161  -74.988    607.2    927.7
     1     1    14     1    26     5     0     0    29.0   -1.278  -75.001    600.9    930.9
     1     1    14     1    26     6     0     0    30.0   -1.399  -75.015    593.6    933.6
     1     1    14     1    26     7     0     0    31.0   -1.522  -75.039    587.2    935.5
     1     1    14     1    26     8     0     0    32.0   -1.649  -75.080    584.4    936.2
     1     1    14     1    26     9     0     0    33.0   -1.775  -75.138    585.6    935.6
     1     1    14     1    26    10     0     0    34.0   -1.900  -75.212    591.3    933.8
     1     1    14     1    26    11     0     0    35.0   -2.019  -75.302    602.0    930.6
     1     1    14     1    26    12     0     0    36.0   -2.132  -75.408    618.5    925.8
     1     1    14     1    26    13     0     0    37.0   -2.235  -75.513    638.2    920.1
     1     1    14     1    26    14     0     0    38.0   -2.331  -75.601    657.3    915.1
     1     1    14     1    26    15     0     0    39.0   -2.422  -75.673    675.5    910.8
     1     1    14     1    26    16     0     0    40.0   -2.507  -75.729    692.2    907.3
     1     1    14     1    26    17     0     0    41.0   -2.591  -75.770    707.1    903.5
     1     1    14     1    26    18     0     0    42.0   -2.674  -75.798    720.4    900.5
     1     1    14     1    26    19     0     0    43.0   -2.757  -75.817    733.0    898.1
     1     1    14     1    26    20     0     0    44.0   -2.842  -75.833    746.9    895.7
     1     1    14     1    26    21     0     0    45.0   -2.927  -75.845    761.8    893.4
     1     1    14     1    26    22     0     0    46.0   -3.014  -75.854    777.9    891.2
     1     1    14     1    26    23     0     0    47.0   -3.101  -75.858    795.2    889.0
     1     1    14     1    27     0     0     0    48.0   -3.189  -75.858    813.9    887.0
