     1     1
    CDC1    14     1     1     0     0
     1 FORWARD  OMEGA   
    14     1     5    18    1.000  -75.000   500.0
     1 PRESSURE
     1     1    14     1     5    18     0     0     0.0    1.000  -75.000    500.0    888.3
     1     1    14     1     5    19     0     0     1.0    1.036  -74.977    535.0    884.1
     1     1    14     1     5    20     0     0     2.0    1.072  -74.972    569.3    879.8
     1     1    14     1     5    21     0     0     3.0    1.106  -74.985    603.0    875.3
     1     1    14     1     5    22     0     0     4.0    1.141  -75.016    635.7    870.3
     1     1    14     1     5    23     0     0     5.0    1.176  -75.064    667.2    865.0
     1     1    14     1     6     0     0     0     6.0    1.212  -75.128    697.7    859.8
     1     1    14     1     6     1     0     0     7.0    1.253  -75.198    729.9    854.9
     1     1    14     1     6     2     0     0     8.0    1.303  -75.264    766.4    849.3
     1     1    14     1     6     3     0     0     9.0    1.362  -75.329    807.8    843.2
     1     1    14     1     6     4     0     0    10.0    1.428  -75.391    854.5    836.7
     1     1    14     1     6     5     0     0    11.0    1.501  -75.454    907.2    829.8
     1     1    14     1     6     6     0     0    12.0    1.578  -75.517    966.4    821.7
     1     1    14     1     6     7     0     0    13.0    1.654  -75.578   1029.0    813.1
     1     1    14     1     6     8     0     0    14.0    1.726  -75.635   1091.6    805.3
     1     1    14     1     6     9     0     0    15.0    1.796  -75.686   1154.0    798.0
     1     1    14     1     6    10     0     0    16.0    1.865  -75.733   1216.0    791.0
     1     1    14     1     6    11     0     0    17.0    1.935  -75.774   1277.7    784.0
     1     1    14     1     6    12     0     0    18.0    2.008  -75.810   1339.1    776.9
     1     1    14     1     6    13     0     0    19.0    2.077  -75.844   1405.7    770.1
     1     1    14     1     6    14     0     0    20.0    2.140  -75.878   1482.7    762.2
     1     1    14     1     6    15     0     0    21.0    2.196  -75.914   1570.7    753.8
     1     1    14     1     6    16     0     0    22.0    2.248  -75.954   1670.5    744.7
     1     1    14     1     6    17     0     0    23.0    2.297  -76.001   1783.6    734.2
     1     1    14     1     6    18     0     0    24.0    2.347  -76.057   1911.5    722.9
     1     1    14     1     6    19     0     0    25.0    2.396  -76.117   2052.7    710.6
     1     1    14     1     6    20     0     0    26.0    2.440  -76.171   2202.9    697.8
     1     1    14     1     6    21     0     0    27.0    2.479  -76.218   2361.6    684.2
     1     1    14     1     6    22     0     0    28.0    2.517  -76.259   2528.5    670.6
     1     1    14     1     6    23     0     0    29.0    2.555  -76.297   2703.8    656.6
     1     1    14     1     7     0     0     0    30.0    2.598  -76.337   2887.7    642.1
     1     1    14     1     7     1     0     0    31.0    2.647  -76.390   3080.9    627.7
     1     1    14     1     7     2     0     0    32.0    2.700  -76.461   3284.5    613.0
     1     1    14     1     7     3     0     0    33.0    2.752  -76.543   3498.1    597.7
     1     1    14     1     7     4     0     0    34.0    2.803  -76.631   3722.3    582.3
     1     1    14     1     7     5     0     0    35.0    2.858  -76.725   3958.4    566.6
     1     1    14     1     7     6     0     0    36.0    2.922  -76.823   4207.5    550.4
     1     1    14     1     7     7     0     0    37.0    2.990  -76.925   4462.5    533.6
     1     1    14     1     7     8     0     0    38.0    3.056  -77.032   4717.6    517.7
     1     1    14     1     7     9     0     0    39.0    3.117  -77.144   4968.9    502.7
     1     1    14     1     7    10     0     0    40.0    3.171  -77.263   5214.2    488.6
     1     1    14     1     7    11     0     0    41.0    3.220  -77.392   5451.6    475.4
     1     1    14     1     7    12     0     0    42.0    3.265  -77.529   5679.1    463.5
     1     1    14     1     7    13     0     0    43.0    3.314  -77.672   5898.7    453.7
     1     1    14     1     7    14     0     0    44.0    3.373  -77.816   6109.1    444.6
     1     1    14     1     7    15     0     0    45.0    3.442  -77.963   6308.9    436.5
     1     1    14     1     7    16     0     0    46.0    3.523  -78.114   6497.2    429.3
     1     1    14     1     7    17     0     0    47.0    3.615  -78.269   6673.5    423.1
     1     1    14     1     7    18     0     0    48.0    3.720  -78.430   6838.0    417.7
