     1     1
    CDC1    14     1     1     0     0
     1 FORWARD  OMEGA   
    14     1    26     0    1.000  -75.000   500.0
     1 PRESSURE
     1     1    14     1    26     0     0     0     0.0    1.000  -75.000    500.0    887.1
     1     1    14     1    26     1     0     0     1.0    0.877  -74.997    514.4    889.4
     1     1    14     1    26     2     0     0     2.0    0.761  -74.995    527.4    891.6
     1     1    14     1    26     3     0     0     3.0    0.650  -74.996    538.5    893.9
     1     1    14     1    26     4     0     0     4.0    0.543  -74.999    547.4    896.3
     1     1    14     1    26     5     0     0     5.0    0.442  -75.004    553.8    898.6
     1     1    14     1    26     6     0     0     6.0    0.345  -75.010    557.4    901.1
     1     1    14     1    26     7     0     0     7.0    0.245  -75.024    559.0    903.2
     1     1    14     1    26     8     0     0     8.0    0.133  -75.050    560.3    905.1
     1     1    14     1    26     9     0     0     9.0    0.011  -75.091    561.8    906.7
     1     1    14     1    26    10     0     0    10.0   -0.121  -75.145    564.6    906.9
     1     1    14     1    26    11     0     0    11.0   -0.262  -75.213    570.3    906.2
     1     1    14     1    26    12     0     0    12.0   -0.407  -75.294    579.4    904.7
     1     1    14     1    26    13     0     0    13.0   -0.548  -75.377    592.1    902.6
     1     1    14     1    26    14     0     0    14.0   -0.681  -75.449    607.1    900.4
     1     1    14     1    26    15     0     0    15.0   -0.807  -75.511    623.6    898.3
     1     1    14     1    26    16     0     0    16.0   -0.926  -75.563    641.4    896.0
     1     1    14     1    26    17     0     0    17.0   -1.042  -75.603    659.7    894.0
     1     1    14     1    26    18     0     0    18.0   -1.154  -75.633    678.3    892.3
     1     1    14     1    26    19     0     0    19.0   -1.263  -75.660    696.0    890.9
     1     1    14     1    26    20     0     0    20.0   -1.369  -75.688    712.5    889.4
     1     1    14     1    26    21     0     0    21.0   -1.472  -75.717    727.9    888.0
     1     1    14     1    26    22     0     0    22.0   -1.571  -75.747    742.3    886.7
     1     1    14     1    26    23     0     0    23.0   -1.669  -75.776    755.8    885.4
     1     1    14     1    27     0     0     0    24.0   -1.764  -75.803    768.6    884.1
     1     1    14     1    27     1     0     0    25.0   -1.854  -75.830    780.1    883.4
     1     1    14     1    27     2     0     0    26.0   -1.939  -75.858    789.9    882.7
     1     1    14     1    27     3     0     0    27.0   -2.017  -75.886    797.6    882.1
     1     1    14     1    27     4     0     0    28.0   -2.091  -75.915    802.8    881.5
     1     1    14     1    27     5     0     0    29.0   -2.160  -75.946    805.3    881.1
     1     1    14     1    27     6     0     0    30.0   -2.224  -75.978    804.9    880.8
     1     1    14     1    27     7     0     0    31.0   -2.285  -76.018    803.5    880.0
     1     1    14     1    27     8     0     0    32.0   -2.342  -76.069    803.2    878.2
     1     1    14     1    27     9     0     0    33.0   -2.396  -76.132    804.0    875.6
     1     1    14     1    27    10     0     0    34.0   -2.446  -76.207    806.4    872.3
     1     1    14     1    27    11     0     0    35.0   -2.494  -76.294    810.5    868.1
     1     1    14     1    27    12     0     0    36.0   -2.538  -76.391    816.8    862.7
     1     1    14     1    27    13     0     0    37.0   -2.586  -76.491    828.3    857.1
     1     1    14     1    27    14     0     0    38.0   -2.645  -76.590    845.4    850.9
     1     1    14     1    27    15     0     0    39.0   -2.714  -76.687    868.8    844.1
     1     1    14     1    27    16     0     0    40.0   -2.796  -76.784    898.4    836.8
     1     1    14     1    27    17     0     0    41.0   -2.889  -76.881    934.3    828.6
     1     1    14     1    27    18     0     0    42.0   -2.996  -76.978    976.7    819.7
     1     1    14     1    27    19     0     0    43.0   -3.105  -77.073   1024.6    810.0
     1     1    14     1    27    20     0     0    44.0   -3.204  -77.164   1076.8    800.3
     1     1    14     1    27    21     0     0    45.0   -3.294  -77.250   1133.0    790.7
     1     1    14     1    27    22     0     0    46.0   -3.374  -77.330   1192.8    781.3
     1     1    14     1    27    23     0     0    47.0   -3.447  -77.404   1256.0    772.0
     1     1    14     1    28     0     0     0    48.0   -3.512  -77.471   1322.4    762.3
