     1     1
    CDC1    14     1     1     0     0
     1 FORWARD  OMEGA   
    14     1    20    18    1.000  -75.000   500.0
     1 PRESSURE
     1     1    14     1    20    18     0     0     0.0    1.000  -75.000    500.0    889.4
     1     1    14     1    20    19     0     0     1.0    0.977  -75.062    507.8    887.6
     1     1    14     1    20    20     0     0     2.0    0.947  -75.123    515.7    885.8
     1     1    14     1    20    21     0     0     3.0    0.911  -75.184    523.5    884.2
     1     1    14     1    20    22     0     0     4.0    0.869  -75.244    531.0    882.7
     1     1    14     1    20    23     0     0     5.0    0.822  -75.302    538.2    881.3
     1     1    14     1    21     0     0     0     6.0    0.769  -75.358    544.7    880.0
     1     1    14     1    21     1     0     0     7.0    0.718  -75.410    551.1    879.9
     1     1    14     1    21     2     0     0     8.0    0.680  -75.453    557.6    879.5
     1     1    14     1    21     3     0     0     9.0    0.652  -75.490    564.2    879.0
     1     1    14     1    21     4     0     0    10.0    0.636  -75.520    571.1    878.5
     1     1    14     1    21     5     0     0    11.0    0.631  -75.542    578.1    877.8
     1     1    14     1    21     6     0     0    12.0    0.636  -75.558    585.4    877.2
     1     1    14     1    21     7     0     0    13.0    0.639  -75.569    591.1    876.1
     1     1    14     1    21     8     0     0    14.0    0.627  -75.579    593.3    875.9
     1     1    14     1    21     9     0     0    15.0    0.599  -75.587    591.7    876.4
     1     1    14     1    21    10     0     0    16.0    0.556  -75.592    586.1    877.6
     1     1    14     1    21    11     0     0    17.0    0.497  -75.595    576.0    879.6
     1     1    14     1    21    12     0     0    18.0    0.423  -75.594    561.0    882.5
     1     1    14     1    21    13     0     0    19.0    0.346  -75.588    545.1    885.9
     1     1    14     1    21    14     0     0    20.0    0.279  -75.576    531.9    888.7
     1     1    14     1    21    15     0     0    21.0    0.223  -75.560    521.9    891.1
     1     1    14     1    21    16     0     0    22.0    0.176  -75.540    515.0    893.2
     1     1    14     1    21    17     0     0    23.0    0.138  -75.518    511.6    894.9
     1     1    14     1    21    18     0     0    24.0    0.110  -75.493    511.7    896.1
     1     1    14     1    21    19     0     0    25.0    0.083  -75.468    513.0    896.6
     1     1    14     1    21    20     0     0    26.0    0.051  -75.444    513.6    897.5
     1     1    14     1    21    21     0     0    27.0    0.015  -75.422    513.0    898.5
     1     1    14     1    21    22     0     0    28.0   -0.026  -75.401    511.5    899.7
     1     1    14     1    21    23     0     0    29.0   -0.072  -75.381    509.3    900.9
     1     1    14     1    22     0     0     0    30.0   -0.122  -75.361    506.3    902.2
     1     1    14     1    22     1     0     0    31.0   -0.174  -75.344    503.5    904.8
     1     1    14     1    22     2     0     0    32.0   -0.228  -75.331    501.2    907.1
     1     1    14     1    22     3     0     0    33.0   -0.284  -75.321    499.5    909.3
     1     1    14     1    22     4     0     0    34.0   -0.341  -75.314    498.4    911.3
     1     1    14     1    22     5     0     0    35.0   -0.400  -75.311    497.8    913.2
     1     1    14     1    22     6     0     0    36.0   -0.462  -75.311    497.7    915.0
     1     1    14     1    22     7     0     0    37.0   -0.525  -75.316    497.8    915.7
     1     1    14     1    22     8     0     0    38.0   -0.588  -75.328    498.9    916.1
     1     1    14     1    22     9     0     0    39.0   -0.650  -75.346    500.6    916.2
     1     1    14     1    22    10     0     0    40.0   -0.712  -75.371    503.0    915.9
     1     1    14     1    22    11     0     0    41.0   -0.772  -75.402    506.1    915.2
     1     1    14     1    22    12     0     0    42.0   -0.831  -75.438    509.7    914.2
     1     1    14     1    22    13     0     0    43.0   -0.887  -75.478    515.6    913.2
     1     1    14     1    22    14     0     0    44.0   -0.943  -75.523    525.0    911.4
     1     1    14     1    22    15     0     0    45.0   -0.997  -75.573    538.3    908.9
     1     1    14     1    22    16     0     0    46.0   -1.052  -75.629    555.8    905.8
     1     1    14     1    22    17     0     0    47.0   -1.106  -75.691    577.6    902.0
     1     1    14     1    22    18     0     0    48.0   -1.160  -75.760    604.2    897.5
