     1     1
    CDC1    14     1     1     0     0
     1 FORWARD  OMEGA   
    14     1     7     0    1.000  -75.000   500.0
     1 PRESSURE
     1     1    14     1     7     0     0     0     0.0    1.000  -75.000    500.0    887.9
     1     1    14     1     7     1     0     0     1.0    0.969  -74.968    526.2    887.1
     1     1    14     1     7     2     0     0     2.0    0.952  -74.945    555.0    885.4
     1     1    14     1     7     3     0     0     3.0    0.950  -74.931    587.0    882.9
     1     1    14     1     7     4     0     0     4.0    0.961  -74.925    622.5    879.6
     1     1    14     1     7     5     0     0     5.0    0.986  -74.926    661.8    874.8
     1     1    14     1     7     6     0     0     6.0    1.023  -74.933    704.8    869.4
     1     1    14     1     7     7     0     0     7.0    1.061  -74.943    750.2    863.0
     1     1    14     1     7     8     0     0     8.0    1.090  -74.951    796.7    857.1
     1     1    14     1     7     9     0     0     9.0    1.110  -74.957    843.7    851.6
     1     1    14     1     7    10     0     0    10.0    1.121  -74.961    891.1    846.5
     1     1    14     1     7    11     0     0    11.0    1.124  -74.964    938.8    841.3
     1     1    14     1     7    12     0     0    12.0    1.120  -74.967    986.6    836.1
     1     1    14     1     7    13     0     0    13.0    1.114  -74.968   1036.6    831.4
     1     1    14     1     7    14     0     0    14.0    1.111  -74.965   1091.0    826.1
     1     1    14     1     7    15     0     0    15.0    1.110  -74.961   1150.1    820.5
     1     1    14     1     7    16     0     0    16.0    1.109  -74.954   1214.2    814.5
     1     1    14     1     7    17     0     0    17.0    1.109  -74.946   1283.6    808.1
     1     1    14     1     7    18     0     0    18.0    1.108  -74.940   1359.1    800.8
     1     1    14     1     7    19     0     0    19.0    1.102  -74.940   1435.7    793.0
     1     1    14     1     7    20     0     0    20.0    1.090  -74.945   1506.6    786.5
     1     1    14     1     7    21     0     0    21.0    1.073  -74.953   1571.4    780.8
     1     1    14     1     7    22     0     0    22.0    1.050  -74.965   1629.9    775.9
     1     1    14     1     7    23     0     0    23.0    1.022  -74.979   1681.5    771.7
     1     1    14     1     8     0     0     0    24.0    0.989  -74.995   1726.2    768.0
     1     1    14     1     8     1     0     0    25.0    0.958  -75.017   1771.4    765.2
     1     1    14     1     8     2     0     0    26.0    0.931  -75.048   1824.3    760.7
     1     1    14     1     8     3     0     0    27.0    0.908  -75.090   1885.7    755.2
     1     1    14     1     8     4     0     0    28.0    0.886  -75.142   1956.1    748.8
     1     1    14     1     8     5     0     0    29.0    0.865  -75.204   2036.0    741.4
     1     1    14     1     8     6     0     0    30.0    0.843  -75.278   2125.8    733.1
     1     1    14     1     8     7     0     0    31.0    0.818  -75.365   2218.4    723.1
     1     1    14     1     8     8     0     0    32.0    0.790  -75.464   2307.6    713.9
     1     1    14     1     8     9     0     0    33.0    0.761  -75.573   2391.8    705.0
     1     1    14     1     8    10     0     0    34.0    0.733  -75.689   2470.2    696.5
     1     1    14     1     8    11     0     0    35.0    0.705  -75.811   2542.5    688.5
     1     1    14     1     8    12     0     0    36.0    0.680  -75.936   2608.4    680.9
     1     1    14     1     8    13     0     0    37.0    0.655  -76.057   2671.7    674.0
     1     1    14     1     8    14     0     0    38.0    0.629  -76.166   2737.0    666.6
     1     1    14     1     8    15     0     0    39.0    0.602  -76.262   2804.2    659.3
     1     1    14     1     8    16     0     0    40.0    0.574  -76.345   2873.4    652.2
     1     1    14     1     8    17     0     0    41.0    0.545  -76.418   2945.1    645.2
     1     1    14     1     8    18     0     0    42.0    0.516  -76.480   3019.5    638.2
     1     1    14     1     8    19     0     0    43.0    0.482  -76.531   3094.8    631.1
     1     1    14     1     8    20     0     0    44.0    0.443  -76.572   3167.8    624.7
     1     1    14     1     8    21     0     0    45.0    0.399  -76.603   3239.3    618.6
     1     1    14     1     8    22     0     0    46.0    0.349  -76.626   3309.4    612.6
     1     1    14     1     8    23     0     0    47.0    0.292  -76.644   3378.9    606.9
     1     1    14     1     9     0     0     0    48.0    0.230  -76.657   3448.6    601.3
