     1     1
    CDC1    14     1     1     0     0
     1 FORWARD  OMEGA   
    14     1     8    18    1.000  -75.000   500.0
     1 PRESSURE
     1     1    14     1     8    18     0     0     0.0    1.000  -75.000    500.0    888.0
     1     1    14     1     8    19     0     0     1.0    1.026  -75.018    535.5    883.2
     1     1    14     1     8    20     0     0     2.0    1.043  -75.036    566.1    879.3
     1     1    14     1     8    21     0     0     3.0    1.051  -75.056    591.5    876.3
     1     1    14     1     8    22     0     0     4.0    1.051  -75.076    611.3    874.0
     1     1    14     1     8    23     0     0     5.0    1.043  -75.096    625.3    872.3
     1     1    14     1     9     0     0     0     6.0    1.028  -75.116    633.2    871.4
     1     1    14     1     9     1     0     0     7.0    1.012  -75.141    638.7    871.4
     1     1    14     1     9     2     0     0     8.0    1.004  -75.177    645.2    870.4
     1     1    14     1     9     3     0     0     9.0    1.003  -75.224    652.8    869.0
     1     1    14     1     9     4     0     0    10.0    1.009  -75.280    661.6    867.0
     1     1    14     1     9     5     0     0    11.0    1.024  -75.347    671.6    864.5
     1     1    14     1     9     6     0     0    12.0    1.048  -75.423    682.8    861.6
     1     1    14     1     9     7     0     0    13.0    1.075  -75.497    694.3    858.4
     1     1    14     1     9     8     0     0    14.0    1.101  -75.557    704.7    855.8
     1     1    14     1     9     9     0     0    15.0    1.124  -75.602    713.6    853.7
     1     1    14     1     9    10     0     0    16.0    1.145  -75.633    721.0    852.1
     1     1    14     1     9    11     0     0    17.0    1.162  -75.650    726.7    851.0
     1     1    14     1     9    12     0     0    18.0    1.176  -75.653    730.5    850.4
     1     1    14     1     9    13     0     0    19.0    1.183  -75.653    736.8    850.0
     1     1    14     1     9    14     0     0    20.0    1.180  -75.660    749.6    848.6
     1     1    14     1     9    15     0     0    21.0    1.167  -75.674    769.0    846.5
     1     1    14     1     9    16     0     0    22.0    1.144  -75.695    795.1    843.9
     1     1    14     1     9    17     0     0    23.0    1.112  -75.724    828.3    840.7
     1     1    14     1     9    18     0     0    24.0    1.070  -75.758    868.8    836.9
     1     1    14     1     9    19     0     0    25.0    1.024  -75.797    912.1    832.4
     1     1    14     1     9    20     0     0    26.0    0.978  -75.838    953.4    828.0
     1     1    14     1     9    21     0     0    27.0    0.932  -75.882    992.5    823.8
     1     1    14     1     9    22     0     0    28.0    0.886  -75.930   1029.1    819.8
     1     1    14     1     9    23     0     0    29.0    0.839  -75.982   1063.1    816.0
     1     1    14     1    10     0     0     0    30.0    0.792  -76.038   1094.4    812.3
     1     1    14     1    10     1     0     0    31.0    0.747  -76.106   1124.5    808.6
     1     1    14     1    10     2     0     0    32.0    0.709  -76.190   1156.1    804.1
     1     1    14     1    10     3     0     0    33.0    0.678  -76.289   1188.6    799.1
     1     1    14     1    10     4     0     0    34.0    0.653  -76.406   1221.6    793.5
     1     1    14     1    10     5     0     0    35.0    0.635  -76.538   1254.9    787.5
     1     1    14     1    10     6     0     0    36.0    0.622  -76.686   1288.2    780.8
     1     1    14     1    10     7     0     0    37.0    0.614  -76.837   1322.3    774.0
     1     1    14     1    10     8     0     0    38.0    0.614  -76.978   1358.3    767.4
     1     1    14     1    10     9     0     0    39.0    0.623  -77.106   1397.2    760.8
     1     1    14     1    10    10     0     0    40.0    0.646  -77.221   1440.1    754.5
     1     1    14     1    10    11     0     0    41.0    0.684  -77.321   1487.7    748.3
     1     1    14     1    10    12     0     0    42.0    0.741  -77.404   1540.8    742.4
     1     1    14     1    10    13     0     0    43.0    0.808  -77.473   1598.9    736.5
     1     1    14     1    10    14     0     0    44.0    0.873  -77.529   1663.7    731.6
     1     1    14     1    10    15     0     0    45.0    0.935  -77.574   1733.6    726.9
     1     1    14     1    10    16     0     0    46.0    0.996  -77.608   1807.2    721.8
     1     1    14     1    10    17     0     0    47.0    1.056  -77.632   1884.7    716.2
     1     1    14     1    10    18     0     0    48.0    1.115  -77.646   1966.1    710.3
