     1     1
    CDC1    14     1     1     0     0
     1 FORWARD  OMEGA   
    14     1     5     6    1.000  -75.000   500.0
     1 PRESSURE
     1     1    14     1     5     6     0     0     0.0    1.000  -75.000    500.0    887.6
     1     1    14     1     5     7     0     0     1.0    1.033  -75.062    524.5    883.4
     1     1    14     1     5     8     0     0     2.0    1.062  -75.114    549.6    879.4
     1     1    14     1     5     9     0     0     3.0    1.088  -75.157    575.0    875.8
     1     1    14     1     5    10     0     0     4.0    1.110  -75.190    600.5    872.5
     1     1    14     1     5    11     0     0     5.0    1.129  -75.213    626.0    869.3
     1     1    14     1     5    12     0     0     6.0    1.144  -75.225    651.1    866.3
     1     1    14     1     5    13     0     0     7.0    1.160  -75.230    677.6    863.1
     1     1    14     1     5    14     0     0     8.0    1.179  -75.232    707.8    859.3
     1     1    14     1     5    15     0     0     9.0    1.202  -75.231    741.7    855.1
     1     1    14     1     5    16     0     0    10.0    1.227  -75.227    779.4    850.7
     1     1    14     1     5    17     0     0    11.0    1.254  -75.221    821.1    846.0
     1     1    14     1     5    18     0     0    12.0    1.283  -75.211    866.8    841.0
     1     1    14     1     5    19     0     0    13.0    1.311  -75.209    913.7    835.6
     1     1    14     1     5    20     0     0    14.0    1.338  -75.225    959.0    830.0
     1     1    14     1     5    21     0     0    15.0    1.364  -75.257   1002.6    824.5
     1     1    14     1     5    22     0     0    16.0    1.390  -75.303   1044.7    819.2
     1     1    14     1     5    23     0     0    17.0    1.414  -75.364   1085.4    813.9
     1     1    14     1     6     0     0     0    18.0    1.437  -75.436   1124.7    808.8
     1     1    14     1     6     1     0     0    19.0    1.462  -75.514   1166.4    804.1
     1     1    14     1     6     2     0     0    20.0    1.494  -75.593   1213.5    798.5
     1     1    14     1     6     3     0     0    21.0    1.530  -75.671   1266.7    792.4
     1     1    14     1     6     4     0     0    22.0    1.568  -75.751   1326.5    785.3
     1     1    14     1     6     5     0     0    23.0    1.607  -75.833   1393.5    777.8
     1     1    14     1     6     6     0     0    24.0    1.644  -75.917   1468.2    769.8
     1     1    14     1     6     7     0     0    25.0    1.679  -76.001   1546.3    761.3
     1     1    14     1     6     8     0     0    26.0    1.714  -76.083   1623.5    753.5
     1     1    14     1     6     9     0     0    27.0    1.752  -76.161   1699.4    745.9
     1     1    14     1     6    10     0     0    28.0    1.794  -76.238   1774.1    738.4
     1     1    14     1     6    11     0     0    29.0    1.843  -76.313   1847.6    731.2
     1     1    14     1     6    12     0     0    30.0    1.899  -76.386   1919.9    724.3
     1     1    14     1     6    13     0     0    31.0    1.959  -76.460   1998.2    717.8
     1     1    14     1     6    14     0     0    32.0    2.019  -76.538   2088.8    710.0
     1     1    14     1     6    15     0     0    33.0    2.080  -76.619   2192.5    701.0
     1     1    14     1     6    16     0     0    34.0    2.141  -76.704   2309.4    691.1
     1     1    14     1     6    17     0     0    35.0    2.203  -76.793   2440.4    680.4
     1     1    14     1     6    18     0     0    36.0    2.270  -76.889   2587.2    669.0
     1     1    14     1     6    19     0     0    37.0    2.338  -76.986   2747.9    656.2
     1     1    14     1     6    20     0     0    38.0    2.406  -77.084   2916.9    643.3
     1     1    14     1     6    21     0     0    39.0    2.477  -77.185   3095.2    630.2
     1     1    14     1     6    22     0     0    40.0    2.555  -77.293   3283.0    617.0
     1     1    14     1     6    23     0     0    41.0    2.637  -77.404   3478.8    603.5
     1     1    14     1     7     0     0     0    42.0    2.724  -77.515   3682.9    590.3
     1     1    14     1     7     1     0     0    43.0    2.810  -77.630   3898.6    578.8
     1     1    14     1     7     2     0     0    44.0    2.888  -77.747   4123.1    566.5
     1     1    14     1     7     3     0     0    45.0    2.960  -77.862   4356.6    553.9
     1     1    14     1     7     4     0     0    46.0    3.034  -77.979   4600.3    540.8
     1     1    14     1     7     5     0     0    47.0    3.111  -78.098   4854.6    527.3
     1     1    14     1     7     6     0     0    48.0    3.197  -78.221   5120.3    513.4
