     1     1
    CDC1    14     1     1     0     0
     1 FORWARD  OMEGA   
    14     1    27    12    1.000  -75.000   500.0
     1 PRESSURE
     1     1    14     1    27    12     0     0     0.0    1.000  -75.000    500.0    888.0
     1     1    14     1    27    13     0     0     1.0    0.966  -75.076    519.9    885.7
     1     1    14     1    27    14     0     0     2.0    0.920  -75.154    542.8    883.1
     1     1    14     1    27    15     0     0     3.0    0.864  -75.234    568.6    880.4
     1     1    14     1    27    16     0     0     4.0    0.796  -75.315    597.7    877.6
     1     1    14     1    27    17     0     0     5.0    0.716  -75.398    630.1    874.3
     1     1    14     1    27    18     0     0     6.0    0.625  -75.484    665.9    870.4
     1     1    14     1    27    19     0     0     7.0    0.533  -75.572    705.1    865.7
     1     1    14     1    27    20     0     0     8.0    0.451  -75.660    748.1    860.2
     1     1    14     1    27    21     0     0     9.0    0.380  -75.750    794.9    854.0
     1     1    14     1    27    22     0     0    10.0    0.319  -75.840    845.7    847.2
     1     1    14     1    27    23     0     0    11.0    0.270  -75.931    900.9    839.8
     1     1    14     1    28     0     0     0    12.0    0.232  -76.023    960.6    831.2
     1     1    14     1    28     1     0     0    13.0    0.200  -76.119   1021.5    822.3
     1     1    14     1    28     2     0     0    14.0    0.168  -76.226   1079.4    813.8
     1     1    14     1    28     3     0     0    15.0    0.136  -76.343   1134.0    805.5
     1     1    14     1    28     4     0     0    16.0    0.104  -76.471   1184.9    797.1
     1     1    14     1    28     5     0     0    17.0    0.071  -76.611   1231.8    788.8
     1     1    14     1    28     6     0     0    18.0    0.038  -76.764   1274.5    780.2
     1     1    14     1    28     7     0     0    19.0    0.007  -76.919   1315.9    771.2
     1     1    14     1    28     8     0     0    20.0   -0.021  -77.067   1359.2    762.1
     1     1    14     1    28     9     0     0    21.0   -0.048  -77.207   1403.3    753.3
     1     1    14     1    28    10     0     0    22.0   -0.075  -77.339   1447.1    744.9
     1     1    14     1    28    11     0     0    23.0   -0.103  -77.463   1489.7    737.0
     1     1    14     1    28    12     0     0    24.0   -0.133  -77.579   1532.6    733.3
     1     1    14     1    28    13     0     0    25.0   -0.165  -77.687   1575.3    732.0
     1     1    14     1    28    14     0     0    26.0   -0.203  -77.789   1618.8    730.5
     1     1    14     1    28    15     0     0    27.0   -0.249  -77.886   1662.9    728.6
     1     1    14     1    28    16     0     0    28.0   -0.301  -77.977   1707.5    726.4
     1     1    14     1    28    17     0     0    29.0   -0.360  -78.063   1752.8    724.1
     1     1    14     1    28    18     0     0    30.0   -0.428  -78.144   1798.8    721.7
     1     1    14     1    28    19     0     0    31.0   -0.504  -78.221   1846.9    718.9
     1     1    14     1    28    20     0     0    32.0   -0.586  -78.294   1897.1    715.6
     1     1    14     1    28    21     0     0    33.0   -0.676  -78.364   1950.0    712.1
     1     1    14     1    28    22     0     0    34.0   -0.773  -78.431   2005.7    708.3
     1     1    14     1    28    23     0     0    35.0   -0.877  -78.496   2064.4    704.1
     1     1    14     1    29     0     0     0    36.0   -0.989  -78.559   2126.1    699.6
     1     1    14     1    29     1     0     0    37.0   -1.105  -78.620   2187.0    694.9
     1     1    14     1    29     2     0     0    38.0   -1.222  -78.680   2242.8    691.0
     1     1    14     1    29     3     0     0    39.0   -1.341  -78.739   2293.8    687.4
     1     1    14     1    29     4     0     0    40.0   -1.463  -78.796   2340.3    684.2
     1     1    14     1    29     5     0     0    41.0   -1.587  -78.853   2382.4    681.2
     1     1    14     1    29     6     0     0    42.0   -1.714  -78.909   2420.4    678.6
     1     1    14     1    29     7     0     0    43.0   -1.840  -78.970   2453.9    675.9
     1     1    14     1    29     8     0     0    44.0   -1.959  -79.038   2481.8    673.6
     1     1    14     1    29     9     0     0    45.0   -2.073  -79.114   2504.4    671.9
     1     1    14     1    29    10     0     0    46.0   -2.183  -79.199   2521.9    670.5
     1     1    14     1    29    11     0     0    47.0   -2.288  -79.293   2534.6    669.5
     1     1    14     1    29    12     0     0    48.0   -2.389  -79.397   2542.8    668.9
