     1     1
    CDC1    14     1     1     0     0
     1 FORWARD  OMEGA   
    14     1     2    12    1.000  -75.000   500.0
     1 PRESSURE
     1     1    14     1     2    12     0     0     0.0    1.000  -75.000    500.0    887.3
     1     1    14     1     2    13     0     0     1.0    0.830  -75.025    496.2    892.1
     1     1    14     1     2    14     0     0     2.0    0.671  -75.059    495.5    896.0
     1     1    14     1     2    15     0     0     3.0    0.523  -75.103    498.8    898.7
     1     1    14     1     2    16     0     0     4.0    0.384  -75.155    507.1    900.3
     1     1    14     1     2    17     0     0     5.0    0.254  -75.215    521.2    900.6
     1     1    14     1     2    18     0     0     6.0    0.131  -75.282    541.9    899.6
     1     1    14     1     2    19     0     0     7.0    0.011  -75.353    562.9    896.6
     1     1    14     1     2    20     0     0     8.0   -0.111  -75.425    578.4    894.1
     1     1    14     1     2    21     0     0     9.0   -0.232  -75.496    588.4    892.1
     1     1    14     1     2    22     0     0    10.0   -0.351  -75.565    593.4    890.4
     1     1    14     1     2    23     0     0    11.0   -0.469  -75.631    593.7    889.2
     1     1    14     1     3     0     0     0    12.0   -0.585  -75.695    589.6    888.5
     1     1    14     1     3     1     0     0    13.0   -0.699  -75.750    584.2    889.4
     1     1    14     1     3     2     0     0    14.0   -0.813  -75.791    579.9    890.5
     1     1    14     1     3     3     0     0    15.0   -0.929  -75.817    576.3    892.1
     1     1    14     1     3     4     0     0    16.0   -1.046  -75.829    573.1    894.2
     1     1    14     1     3     5     0     0    17.0   -1.166  -75.827    569.9    896.9
     1     1    14     1     3     6     0     0    18.0   -1.289  -75.811    566.4    900.2
     1     1    14     1     3     7     0     0    19.0   -1.410  -75.790    563.3    903.2
     1     1    14     1     3     8     0     0    20.0   -1.521  -75.776    561.6    905.5
     1     1    14     1     3     9     0     0    21.0   -1.622  -75.769    561.1    907.1
     1     1    14     1     3    10     0     0    22.0   -1.712  -75.771    561.8    908.1
     1     1    14     1     3    11     0     0    23.0   -1.792  -75.784    563.7    908.4
     1     1    14     1     3    12     0     0    24.0   -1.860  -75.807    566.9    907.8
     1     1    14     1     3    13     0     0    25.0   -1.923  -75.836    571.6    907.1
     1     1    14     1     3    14     0     0    26.0   -1.987  -75.865    577.3    906.3
     1     1    14     1     3    15     0     0    27.0   -2.054  -75.893    583.9    905.5
     1     1    14     1     3    16     0     0    28.0   -2.123  -75.921    591.2    904.6
     1     1    14     1     3    17     0     0    29.0   -2.194  -75.949    598.9    903.7
     1     1    14     1     3    18     0     0    30.0   -2.269  -75.975    606.7    902.9
     1     1    14     1     3    19     0     0    31.0   -2.343  -76.005    614.8    901.5
     1     1    14     1     3    20     0     0    32.0   -2.414  -76.039    623.7    899.6
     1     1    14     1     3    21     0     0    33.0   -2.482  -76.079    633.9    897.1
     1     1    14     1     3    22     0     0    34.0   -2.547  -76.123    645.6    893.5
     1     1    14     1     3    23     0     0    35.0   -2.611  -76.170    659.3    889.3
     1     1    14     1     4     0     0     0    36.0   -2.672  -76.220    675.2    884.7
     1     1    14     1     4     1     0     0    37.0   -2.733  -76.275    692.2    880.2
     1     1    14     1     4     2     0     0    38.0   -2.795  -76.339    708.8    875.6
     1     1    14     1     4     3     0     0    39.0   -2.858  -76.410    725.4    870.6
     1     1    14     1     4     4     0     0    40.0   -2.922  -76.490    742.3    865.2
     1     1    14     1     4     5     0     0    41.0   -2.987  -76.578    760.0    859.3
     1     1    14     1     4     6     0     0    42.0   -3.053  -76.676    778.9    852.9
     1     1    14     1     4     7     0     0    43.0   -3.118  -76.780    799.7    845.8
     1     1    14     1     4     8     0     0    44.0   -3.180  -76.888    823.1    838.2
     1     1    14     1     4     9     0     0    45.0   -3.239  -77.001    848.7    830.2
     1     1    14     1     4    10     0     0    46.0   -3.293  -77.122    876.4    821.6
     1     1    14     1     4    11     0     0    47.0   -3.344  -77.253    906.0    812.5
     1     1    14     1     4    12     0     0    48.0   -3.390  -77.398    937.3    802.2
