     1     1
    CDC1    14     1     1     0     0
     1 FORWARD  OMEGA   
    14     1     7    18    1.000  -75.000   500.0
     1 PRESSURE
     1     1    14     1     7    18     0     0     0.0    1.000  -75.000    500.0    887.2
     1     1    14     1     7    19     0     0     1.0    1.032  -74.973    543.0    882.2
     1     1    14     1     7    20     0     0     2.0    1.058  -74.943    580.4    878.2
     1     1    14     1     7    21     0     0     3.0    1.079  -74.909    611.4    875.1
     1     1    14     1     7    22     0     0     4.0    1.094  -74.873    635.5    872.6
     1     1    14     1     7    23     0     0     5.0    1.103  -74.835    652.1    871.0
     1     1    14     1     8     0     0     0     6.0    1.108  -74.796    661.0    870.5
     1     1    14     1     8     1     0     0     7.0    1.115  -74.758    668.5    871.2
     1     1    14     1     8     2     0     0     8.0    1.130  -74.726    681.4    870.3
     1     1    14     1     8     3     0     0     9.0    1.154  -74.700    700.1    868.5
     1     1    14     1     8     4     0     0    10.0    1.185  -74.680    725.1    865.8
     1     1    14     1     8     5     0     0    11.0    1.225  -74.666    757.2    862.1
     1     1    14     1     8     6     0     0    12.0    1.272  -74.659    796.9    857.4
     1     1    14     1     8     7     0     0    13.0    1.322  -74.661    842.0    851.3
     1     1    14     1     8     8     0     0    14.0    1.369  -74.673    890.3    845.2
     1     1    14     1     8     9     0     0    15.0    1.414  -74.697    941.6    838.4
     1     1    14     1     8    10     0     0    16.0    1.457  -74.732    996.1    831.0
     1     1    14     1     8    11     0     0    17.0    1.499  -74.781   1053.5    823.2
     1     1    14     1     8    12     0     0    18.0    1.541  -74.844   1113.7    815.0
     1     1    14     1     8    13     0     0    19.0    1.580  -74.914   1176.5    806.7
     1     1    14     1     8    14     0     0    20.0    1.611  -74.984   1241.7    798.6
     1     1    14     1     8    15     0     0    21.0    1.635  -75.056   1309.2    790.7
     1     1    14     1     8    16     0     0    22.0    1.649  -75.129   1378.1    783.2
     1     1    14     1     8    17     0     0    23.0    1.655  -75.202   1447.9    776.0
     1     1    14     1     8    18     0     0    24.0    1.653  -75.276   1518.2    769.0
     1     1    14     1     8    19     0     0    25.0    1.642  -75.350   1587.2    762.4
     1     1    14     1     8    20     0     0    26.0    1.623  -75.422   1651.6    756.7
     1     1    14     1     8    21     0     0    27.0    1.594  -75.492   1711.8    751.1
     1     1    14     1     8    22     0     0    28.0    1.557  -75.560   1767.7    746.1
     1     1    14     1     8    23     0     0    29.0    1.511  -75.624   1819.3    741.6
     1     1    14     1     9     0     0     0    30.0    1.457  -75.685   1866.4    737.6
     1     1    14     1     9     1     0     0    31.0    1.401  -75.751   1910.8    734.2
     1     1    14     1     9     2     0     0    32.0    1.351  -75.827   1954.2    730.3
     1     1    14     1     9     3     0     0    33.0    1.305  -75.915   1996.5    726.3
     1     1    14     1     9     4     0     0    34.0    1.265  -76.012   2037.6    722.1
     1     1    14     1     9     5     0     0    35.0    1.229  -76.119   2077.5    717.8
     1     1    14     1     9     6     0     0    36.0    1.198  -76.234   2116.0    713.4
     1     1    14     1     9     7     0     0    37.0    1.169  -76.347   2151.5    708.8
     1     1    14     1     9     8     0     0    38.0    1.138  -76.446   2180.7    705.0
     1     1    14     1     9     9     0     0    39.0    1.106  -76.532   2203.2    701.9
     1     1    14     1     9    10     0     0    40.0    1.071  -76.606   2218.6    699.6
     1     1    14     1     9    11     0     0    41.0    1.034  -76.668   2226.6    698.1
     1     1    14     1     9    12     0     0    42.0    0.995  -76.719   2227.1    697.3
     1     1    14     1     9    13     0     0    43.0    0.957  -76.765   2229.1    697.2
     1     1    14     1     9    14     0     0    44.0    0.924  -76.814   2240.4    695.4
     1     1    14     1     9    15     0     0    45.0    0.894  -76.865   2261.3    692.7
     1     1    14     1     9    16     0     0    46.0    0.869  -76.918   2291.7    689.1
     1     1    14     1     9    17     0     0    47.0    0.850  -76.974   2331.5    684.8
     1     1    14     1     9    18     0     0    48.0    0.836  -77.031   2380.4    679.7
