     1     1
    CDC1    14     1     1     0     0
     1 FORWARD  OMEGA   
    14     1    12    12    1.000  -75.000   500.0
     1 PRESSURE
     1     1    14     1    12    12     0     0     0.0    1.000  -75.000    500.0    889.7
     1     1    14     1    12    13     0     0     1.0    0.859  -75.061    511.6    891.2
     1     1    14     1    12    14     0     0     2.0    0.732  -75.113    526.6    891.9
     1     1    14     1    12    15     0     0     3.0    0.616  -75.156    545.0    892.0
     1     1    14     1    12    16     0     0     4.0    0.510  -75.188    567.3    891.6
     1     1    14     1    12    17     0     0     5.0    0.415  -75.208    593.5    890.8
     1     1    14     1    12    18     0     0     6.0    0.327  -75.216    623.5    889.8
     1     1    14     1    12    19     0     0     7.0    0.245  -75.229    654.1    887.7
     1     1    14     1    12    20     0     0     8.0    0.169  -75.267    682.7    885.3
     1     1    14     1    12    21     0     0     9.0    0.097  -75.329    709.2    882.1
     1     1    14     1    12    22     0     0    10.0    0.031  -75.415    733.4    878.0
     1     1    14     1    12    23     0     0    11.0   -0.029  -75.525    755.0    873.0
     1     1    14     1    13     0     0     0    12.0   -0.082  -75.656    773.2    867.2
     1     1    14     1    13     1     0     0    13.0   -0.122  -75.802    791.5    861.4
     1     1    14     1    13     2     0     0    14.0   -0.139  -75.955    813.8    854.2
     1     1    14     1    13     3     0     0    15.0   -0.134  -76.117    840.3    846.2
     1     1    14     1    13     4     0     0    16.0   -0.110  -76.287    871.5    837.2
     1     1    14     1    13     5     0     0    17.0   -0.065  -76.465    907.6    827.5
     1     1    14     1    13     6     0     0    18.0   -0.001  -76.652    948.9    816.4
     1     1    14     1    13     7     0     0    19.0    0.065  -76.837    990.3    805.3
     1     1    14     1    13     8     0     0    20.0    0.121  -77.012   1026.2    796.1
     1     1    14     1    13     9     0     0    21.0    0.169  -77.176   1055.7    788.1
     1     1    14     1    13    10     0     0    22.0    0.212  -77.332   1078.1    781.3
     1     1    14     1    13    11     0     0    23.0    0.254  -77.481   1093.3    775.6
     1     1    14     1    13    12     0     0    24.0    0.297  -77.623   1105.3    776.8
     1     1    14     1    13    13     0     0    25.0    0.338  -77.756   1121.1    779.5
     1     1    14     1    13    14     0     0    26.0    0.373  -77.883   1147.8    780.3
     1     1    14     1    13    15     0     0    27.0    0.402  -78.003   1184.6    780.1
     1     1    14     1    13    16     0     0    28.0    0.422  -78.119   1230.7    778.8
     1     1    14     1    13    17     0     0    29.0    0.434  -78.231   1285.4    776.5
     1     1    14     1    13    18     0     0    30.0    0.438  -78.342   1348.2    773.0
     1     1    14     1    13    19     0     0    31.0    0.441  -78.455   1412.1    768.8
     1     1    14     1    13    20     0     0    32.0    0.452  -78.573   1468.9    766.1
     1     1    14     1    13    21     0     0    33.0    0.473  -78.694   1518.9    764.4
     1     1    14     1    13    22     0     0    34.0    0.503  -78.818   1561.9    763.5
     1     1    14     1    13    23     0     0    35.0    0.543  -78.943   1598.0    763.5
     1     1    14     1    14     0     0     0    36.0    0.592  -79.070   1627.3    764.3
     1     1    14     1    14     1     0     0    37.0    0.645  -79.200   1654.1    766.2
     1     1    14     1    14     2     0     0    38.0    0.693  -79.336   1683.4    767.7
     1     1    14     1    14     3     0     0    39.0    0.737  -79.478   1714.6    768.9
     1     1    14     1    14     4     0     0    40.0    0.776  -79.626   1747.3    770.0
     1     1    14     1    14     5     0     0    41.0    0.811  -79.780   1781.4    771.2
     1     1    14     1    14     6     0     0    42.0    0.841  -79.940   1816.6    772.3
     1     1    14     1    14     7     0     0    43.0    0.871  -80.095   1853.1    773.1
     1     1    14     1    14     8     0     0    44.0    0.905  -80.233   1892.1    773.3
     1     1    14     1    14     9     0     0    45.0    0.942  -80.356   1933.4    773.0
     1     1    14     1    14    10     0     0    46.0    0.984  -80.465   1977.1    772.1
     1     1    14     1    14    11     0     0    47.0    1.030  -80.561   2023.2    770.7
     1     1    14     1    14    12     0     0    48.0    1.079  -80.645   2072.0    768.9
