     1     1
    CDC1    14     1     1     0     0
     1 FORWARD  OMEGA   
    14     1    13    18    1.000  -75.000   500.0
     1 PRESSURE
     1     1    14     1    13    18     0     0     0.0    1.000  -75.000    500.0    889.2
     1     1    14     1    13    19     0     0     1.0    0.961  -75.100    533.3    885.0
     1     1    14     1    13    20     0     0     2.0    0.933  -75.210    565.6    880.4
     1     1    14     1    13    21     0     0     3.0    0.918  -75.329    596.9    875.3
     1     1    14     1    13    22     0     0     4.0    0.916  -75.458    626.6    869.7
     1     1    14     1    13    23     0     0     5.0    0.928  -75.595    654.2    863.6
     1     1    14     1    14     0     0     0     6.0    0.955  -75.737    679.3    857.6
     1     1    14     1    14     1     0     0     7.0    0.990  -75.883    705.8    852.0
     1     1    14     1    14     2     0     0     8.0    1.026  -76.031    737.0    845.8
     1     1    14     1    14     3     0     0     9.0    1.063  -76.182    772.7    839.2
     1     1    14     1    14     4     0     0    10.0    1.100  -76.339    812.7    832.5
     1     1    14     1    14     5     0     0    11.0    1.136  -76.501    856.8    825.6
     1     1    14     1    14     6     0     0    12.0    1.169  -76.670    904.6    818.5
     1     1    14     1    14     7     0     0    13.0    1.200  -76.836    953.8    810.7
     1     1    14     1    14     8     0     0    14.0    1.232  -76.985   1002.4    803.9
     1     1    14     1    14     9     0     0    15.0    1.265  -77.118   1051.2    797.5
     1     1    14     1    14    10     0     0    16.0    1.301  -77.235   1100.5    791.7
     1     1    14     1    14    11     0     0    17.0    1.340  -77.336   1150.8    786.2
     1     1    14     1    14    12     0     0    18.0    1.382  -77.421   1202.4    781.0
     1     1    14     1    14    13     0     0    19.0    1.422  -77.501   1252.2    775.9
     1     1    14     1    14    14     0     0    20.0    1.452  -77.582   1298.5    773.9
     1     1    14     1    14    15     0     0    21.0    1.472  -77.664   1339.5    772.5
     1     1    14     1    14    16     0     0    22.0    1.481  -77.747   1375.3    771.5
     1     1    14     1    14    17     0     0    23.0    1.480  -77.831   1405.7    770.9
     1     1    14     1    14    18     0     0    24.0    1.467  -77.916   1430.7    770.7
     1     1    14     1    14    19     0     0    25.0    1.445  -78.008   1455.3    770.6
     1     1    14     1    14    20     0     0    26.0    1.415  -78.112   1485.3    769.8
     1     1    14     1    14    21     0     0    27.0    1.376  -78.227   1520.8    768.7
     1     1    14     1    14    22     0     0    28.0    1.329  -78.353   1562.1    767.1
     1     1    14     1    14    23     0     0    29.0    1.275  -78.490   1609.9    765.1
     1     1    14     1    15     0     0     0    30.0    1.213  -78.635   1664.7    762.5
     1     1    14     1    15     1     0     0    31.0    1.150  -78.783   1723.6    759.4
     1     1    14     1    15     2     0     0    32.0    1.093  -78.929   1784.0    756.3
     1     1    14     1    15     3     0     0    33.0    1.040  -79.075   1845.0    753.2
     1     1    14     1    15     4     0     0    34.0    0.993  -79.220   1906.1    750.2
     1     1    14     1    15     5     0     0    35.0    0.949  -79.368   1966.7    747.4
     1     1    14     1    15     6     0     0    36.0    0.909  -79.517   2026.5    744.7
     1     1    14     1    15     7     0     0    37.0    0.872  -79.667   2083.4    741.9
     1     1    14     1    15     8     0     0    38.0    0.842  -79.816   2135.3    739.7
     1     1    14     1    15     9     0     0    39.0    0.817  -79.964   2181.7    737.9
     1     1    14     1    15    10     0     0    40.0    0.800  -80.111   2222.3    736.9
     1     1    14     1    15    11     0     0    41.0    0.791  -80.256   2256.6    736.7
     1     1    14     1    15    12     0     0    42.0    0.791  -80.400   2284.8    737.2
     1     1    14     1    15    13     0     0    43.0    0.791  -80.539   2313.1    738.7
     1     1    14     1    15    14     0     0    44.0    0.784  -80.667   2345.5    738.9
     1     1    14     1    15    15     0     0    45.0    0.770  -80.784   2382.1    738.4
     1     1    14     1    15    16     0     0    46.0    0.749  -80.893   2422.7    737.3
     1     1    14     1    15    17     0     0    47.0    0.720  -80.994   2466.9    735.6
     1     1    14     1    15    18     0     0    48.0    0.685  -81.087   2514.4    733.5
