     1     1
    CDC1    14     1     1     0     0
     1 FORWARD  OMEGA   
    14     1     4     0    1.000  -75.000   500.0
     1 PRESSURE
     1     1    14     1     4     0     0     0     0.0    1.000  -75.000    500.0    886.3
     1     1    14     1     4     1     0     0     1.0    0.916  -75.061    497.5    888.0
     1     1    14     1     4     2     0     0     2.0    0.843  -75.131    498.2    888.6
     1     1    14     1     4     3     0     0     3.0    0.779  -75.207    501.8    888.3
     1     1    14     1     4     4     0     0     4.0    0.726  -75.290    508.3    887.2
     1     1    14     1     4     5     0     0     5.0    0.683  -75.379    517.8    885.3
     1     1    14     1     4     6     0     0     6.0    0.650  -75.476    530.5    882.6
     1     1    14     1     4     7     0     0     7.0    0.617  -75.567    545.7    879.6
     1     1    14     1     4     8     0     0     8.0    0.577  -75.640    562.2    877.1
     1     1    14     1     4     9     0     0     9.0    0.527  -75.696    580.2    875.0
     1     1    14     1     4    10     0     0    10.0    0.469  -75.735    599.7    873.3
     1     1    14     1     4    11     0     0    11.0    0.402  -75.758    620.9    871.8
     1     1    14     1     4    12     0     0    12.0    0.325  -75.766    643.9    870.6
     1     1    14     1     4    13     0     0    13.0    0.243  -75.769    670.6    868.6
     1     1    14     1     4    14     0     0    14.0    0.162  -75.780    702.7    865.8
     1     1    14     1     4    15     0     0    15.0    0.082  -75.798    740.3    862.1
     1     1    14     1     4    16     0     0    16.0    0.003  -75.824    783.4    857.7
     1     1    14     1     4    17     0     0    17.0   -0.077  -75.859    831.4    852.6
     1     1    14     1     4    18     0     0    18.0   -0.155  -75.902    883.7    846.8
     1     1    14     1     4    19     0     0    19.0   -0.229  -75.964    934.8    840.2
     1     1    14     1     4    20     0     0    20.0   -0.295  -76.049    979.3    833.5
     1     1    14     1     4    21     0     0    21.0   -0.354  -76.156   1017.4    826.7
     1     1    14     1     4    22     0     0    22.0   -0.405  -76.285   1049.2    819.6
     1     1    14     1     4    23     0     0    23.0   -0.450  -76.432   1074.7    812.3
     1     1    14     1     5     0     0     0    24.0   -0.488  -76.596   1094.1    804.9
     1     1    14     1     5     1     0     0    25.0   -0.519  -76.763   1112.0    798.2
     1     1    14     1     5     2     0     0    26.0   -0.542  -76.917   1132.9    791.1
     1     1    14     1     5     3     0     0    27.0   -0.556  -77.059   1157.2    784.1
     1     1    14     1     5     4     0     0    28.0   -0.561  -77.190   1185.1    777.2
     1     1    14     1     5     5     0     0    29.0   -0.557  -77.308   1217.0    770.4
     1     1    14     1     5     6     0     0    30.0   -0.545  -77.414   1253.0    763.6
     1     1    14     1     5     7     0     0    31.0   -0.528  -77.515   1289.0    756.8
     1     1    14     1     5     8     0     0    32.0   -0.508  -77.615   1323.1    755.1
     1     1    14     1     5     9     0     0    33.0   -0.483  -77.712   1351.8    753.9
     1     1    14     1     5    10     0     0    34.0   -0.454  -77.805   1374.5    753.1
     1     1    14     1     5    11     0     0    35.0   -0.419  -77.894   1391.0    753.0
     1     1    14     1     5    12     0     0    36.0   -0.378  -77.979   1401.0    753.3
     1     1    14     1     5    13     0     0    37.0   -0.331  -78.060   1411.0    754.4
     1     1    14     1     5    14     0     0    38.0   -0.281  -78.141   1427.0    754.4
     1     1    14     1     5    15     0     0    39.0   -0.229  -78.220   1448.7    753.9
     1     1    14     1     5    16     0     0    40.0   -0.175  -78.299   1476.0    752.9
     1     1    14     1     5    17     0     0    41.0   -0.120  -78.378   1508.5    751.6
     1     1    14     1     5    18     0     0    42.0   -0.065  -78.457   1546.0    749.9
     1     1    14     1     5    19     0     0    43.0   -0.012  -78.540   1585.5    747.6
     1     1    14     1     5    20     0     0    44.0    0.036  -78.631   1624.0    746.5
     1     1    14     1     5    21     0     0    45.0    0.080  -78.728   1661.4    745.8
     1     1    14     1     5    22     0     0    46.0    0.120  -78.831   1697.7    745.0
     1     1    14     1     5    23     0     0    47.0    0.156  -78.939   1733.1    744.4
     1     1    14     1     6     0     0     0    48.0    0.189  -79.053   1767.7    743.9
