     1     1
    CDC1    14     1     1     0     0
     1 FORWARD  OMEGA   
    14     1    25    12    1.000  -75.000   500.0
     1 PRESSURE
     1     1    14     1    25    12     0     0     0.0    1.000  -75.000    500.0    888.0
     1     1    14     1    25    13     0     0     1.0    0.938  -74.951    509.8    889.6
     1     1    14     1    25    14     0     0     2.0    0.872  -74.914    523.7    890.5
     1     1    14     1    25    15     0     0     3.0    0.801  -74.888    541.7    891.0
     1     1    14     1    25    16     0     0     4.0    0.724  -74.872    564.0    891.0
     1     1    14     1    25    17     0     0     5.0    0.641  -74.868    590.8    890.7
     1     1    14     1    25    18     0     0     6.0    0.552  -74.874    622.5    890.0
     1     1    14     1    25    19     0     0     7.0    0.456  -74.885    655.2    888.4
     1     1    14     1    25    20     0     0     8.0    0.351  -74.895    684.7    887.8
     1     1    14     1    25    21     0     0     9.0    0.240  -74.903    710.7    887.9
     1     1    14     1    25    22     0     0    10.0    0.122  -74.910    733.0    888.5
     1     1    14     1    25    23     0     0    11.0   -0.002  -74.916    751.4    889.8
     1     1    14     1    26     0     0     0    12.0   -0.131  -74.919    765.2    890.5
     1     1    14     1    26     1     0     0    13.0   -0.263  -74.921    774.9    892.2
     1     1    14     1    26     2     0     0    14.0   -0.393  -74.922    780.8    894.3
     1     1    14     1    26     3     0     0    15.0   -0.523  -74.925    783.2    896.7
     1     1    14     1    26     4     0     0    16.0   -0.653  -74.928    782.3    899.4
     1     1    14     1    26     5     0     0    17.0   -0.784  -74.933    778.3    902.5
     1     1    14     1    26     6     0     0    18.0   -0.916  -74.940    771.6    905.9
     1     1    14     1    26     7     0     0    19.0   -1.053  -74.958    764.7    909.2
     1     1    14     1    26     8     0     0    20.0   -1.195  -74.994    760.5    912.1
     1     1    14     1    26     9     0     0    21.0   -1.340  -75.049    759.2    912.7
     1     1    14     1    26    10     0     0    22.0   -1.486  -75.122    762.2    911.8
     1     1    14     1    26    11     0     0    23.0   -1.630  -75.212    770.3    909.5
     1     1    14     1    26    12     0     0    24.0   -1.768  -75.319    784.2    905.6
     1     1    14     1    26    13     0     0    25.0   -1.897  -75.427    802.5    900.8
     1     1    14     1    26    14     0     0    26.0   -2.018  -75.519    821.9    896.4
     1     1    14     1    26    15     0     0    27.0   -2.134  -75.596    842.0    892.6
     1     1    14     1    26    16     0     0    28.0   -2.244  -75.658    862.1    889.3
     1     1    14     1    26    17     0     0    29.0   -2.351  -75.706    881.8    886.5
     1     1    14     1    26    18     0     0    30.0   -2.455  -75.741    900.6    884.4
     1     1    14     1    26    19     0     0    31.0   -2.558  -75.768    918.3    882.0
     1     1    14     1    26    20     0     0    32.0   -2.661  -75.792    936.7    878.9
     1     1    14     1    26    21     0     0    33.0   -2.765  -75.811    956.3    875.7
     1     1    14     1    26    22     0     0    34.0   -2.869  -75.828    977.1    872.5
     1     1    14     1    26    23     0     0    35.0   -2.973  -75.841    999.3    869.3
     1     1    14     1    27     0     0     0    36.0   -3.076  -75.850   1023.1    866.2
     1     1    14     1    27     1     0     0    37.0   -3.180  -75.861   1046.4    863.4
     1     1    14     1    27     2     0     0    38.0   -3.283  -75.876   1067.6    860.7
     1     1    14     1    27     3     0     0    39.0   -3.386  -75.894   1086.3    858.2
     1     1    14     1    27     4     0     0    40.0   -3.489  -75.915   1102.4    855.9
     1     1    14     1    27     5     0     0    41.0   -3.592  -75.938   1115.9    853.6
     1     1    14     1    27     6     0     0    42.0   -3.697  -75.964   1126.6    851.6
     1     1    14     1    27     7     0     0    43.0   -3.802  -75.999   1135.6    848.9
     1     1    14     1    27     8     0     0    44.0   -3.907  -76.050   1144.5    845.3
     1     1    14     1    27     9     0     0    45.0   -4.013  -76.116   1153.1    841.1
     1     1    14     1    27    10     0     0    46.0   -4.119  -76.198   1161.0    836.1
     1     1    14     1    27    11     0     0    47.0   -4.226  -76.295   1168.3    830.5
     1     1    14     1    27    12     0     0    48.0   -4.333  -76.407   1174.9    824.2
