     1     1
    CDC1    14     1     1     0     0
     1 FORWARD  OMEGA   
    14     1     1     6    1.000  -75.000   500.0
     1 PRESSURE
     1     1    14     1     1     6     0     0     0.0    1.000  -75.000    500.0    888.3
     1     1    14     1     1     7     0     0     1.0    0.908  -75.080    510.6    888.3
     1     1    14     1     1     8     0     0     2.0    0.810  -75.150    521.6    888.4
     1     1    14     1     1     9     0     0     3.0    0.704  -75.212    533.1    888.6
     1     1    14     1     1    10     0     0     4.0    0.591  -75.268    545.1    889.0
     1     1    14     1     1    11     0     0     5.0    0.470  -75.320    557.4    889.4
     1     1    14     1     1    12     0     0     6.0    0.340  -75.369    570.4    889.8
     1     1    14     1     1    13     0     0     7.0    0.199  -75.422    584.3    889.7
     1     1    14     1     1    14     0     0     8.0    0.046  -75.484    600.0    889.1
     1     1    14     1     1    15     0     0     9.0   -0.115  -75.553    617.2    887.6
     1     1    14     1     1    16     0     0    10.0   -0.281  -75.627    636.0    885.2
     1     1    14     1     1    17     0     0    11.0   -0.450  -75.708    656.4    882.3
     1     1    14     1     1    18     0     0    12.0   -0.625  -75.794    678.2    879.1
     1     1    14     1     1    19     0     0    13.0   -0.801  -75.886    699.5    875.4
     1     1    14     1     1    20     0     0    14.0   -0.974  -75.983    718.5    871.8
     1     1    14     1     1    21     0     0    15.0   -1.147  -76.082    735.8    868.2
     1     1    14     1     1    22     0     0    16.0   -1.320  -76.183    752.1    864.4
     1     1    14     1     1    23     0     0    17.0   -1.495  -76.285    768.1    860.5
     1     1    14     1     2     0     0     0    18.0   -1.673  -76.387    784.5    856.4
     1     1    14     1     2     1     0     0    19.0   -1.849  -76.481    800.3    852.5
     1     1    14     1     2     2     0     0    20.0   -2.018  -76.558    814.3    849.4
     1     1    14     1     2     3     0     0    21.0   -2.179  -76.617    825.1    847.3
     1     1    14     1     2     4     0     0    22.0   -2.335  -76.658    831.9    846.3
     1     1    14     1     2     5     0     0    23.0   -2.487  -76.679    833.8    846.6
     1     1    14     1     2     6     0     0    24.0   -2.632  -76.678    830.0    847.0
     1     1    14     1     2     7     0     0    25.0   -2.775  -76.668    823.9    848.3
     1     1    14     1     2     8     0     0    26.0   -2.918  -76.666    817.5    849.0
     1     1    14     1     2     9     0     0    27.0   -3.061  -76.671    811.5    849.2
     1     1    14     1     2    10     0     0    28.0   -3.205  -76.687    806.4    848.8
     1     1    14     1     2    11     0     0    29.0   -3.348  -76.716    802.4    847.7
     1     1    14     1     2    12     0     0    30.0   -3.492  -76.757    799.8    845.7
     1     1    14     1     2    13     0     0    31.0   -3.637  -76.806    801.0    843.1
     1     1    14     1     2    14     0     0    32.0   -3.785  -76.854    807.8    839.9
     1     1    14     1     2    15     0     0    33.0   -3.936  -76.901    820.3    836.1
     1     1    14     1     2    16     0     0    34.0   -4.091  -76.946    838.5    832.0
     1     1    14     1     2    17     0     0    35.0   -4.252  -76.989    862.3    827.5
     1     1    14     1     2    18     0     0    36.0   -4.418  -77.028    892.1    822.6
     1     1    14     1     2    19     0     0    37.0   -4.587  -77.064    925.0    816.5
     1     1    14     1     2    20     0     0    38.0   -4.756  -77.093    958.8    810.8
     1     1    14     1     2    21     0     0    39.0   -4.923  -77.115    993.2    805.4
     1     1    14     1     2    22     0     0    40.0   -5.088  -77.131   1026.7    798.2
     1     1    14     1     2    23     0     0    41.0   -5.251  -77.138   1058.6    789.6
     1     1    14     1     3     0     0     0    42.0   -5.409  -77.137   1089.1    781.7
     1     1    14     1     3     1     0     0    43.0   -5.570  -77.128   1114.9    775.2
     1     1    14     1     3     2     0     0    44.0   -5.742  -77.110   1134.9    769.7
     1     1    14     1     3     3     0     0    45.0   -5.922  -77.085   1148.4    764.8
     1     1    14     1     3     4     0     0    46.0   -6.109  -77.054   1155.4    760.7
     1     1    14     1     3     5     0     0    47.0   -6.304  -77.017   1156.0    757.1
     1     1    14     1     3     6     0     0    48.0   -6.504  -76.975   1150.5    754.2
