     1     1
    CDC1    14     1     1     0     0
     1 FORWARD  OMEGA   
    14     1    24    12    1.000  -75.000   500.0
     1 PRESSURE
     1     1    14     1    24    12     0     0     0.0    1.000  -75.000    500.0    889.7
     1     1    14     1    24    13     0     0     1.0    0.890  -75.060    504.7    891.0
     1     1    14     1    24    14     0     0     2.0    0.777  -75.116    511.7    891.9
     1     1    14     1    24    15     0     0     3.0    0.661  -75.167    521.1    892.6
     1     1    14     1    24    16     0     0     4.0    0.544  -75.213    533.4    892.9
     1     1    14     1    24    17     0     0     5.0    0.425  -75.256    548.7    892.9
     1     1    14     1    24    18     0     0     6.0    0.307  -75.294    567.5    892.6
     1     1    14     1    24    19     0     0     7.0    0.191  -75.332    586.2    891.7
     1     1    14     1    24    20     0     0     8.0    0.079  -75.374    600.4    891.1
     1     1    14     1    24    21     0     0     9.0   -0.028  -75.421    609.9    890.5
     1     1    14     1    24    22     0     0    10.0   -0.131  -75.472    614.4    889.7
     1     1    14     1    24    23     0     0    11.0   -0.230  -75.524    614.1    889.2
     1     1    14     1    25     0     0     0    12.0   -0.326  -75.577    609.3    889.0
     1     1    14     1    25     1     0     0    13.0   -0.415  -75.626    602.8    889.9
     1     1    14     1    25     2     0     0    14.0   -0.494  -75.666    597.0    890.6
     1     1    14     1    25     3     0     0    15.0   -0.564  -75.698    591.6    891.4
     1     1    14     1    25     4     0     0    16.0   -0.625  -75.720    586.3    892.4
     1     1    14     1    25     5     0     0    17.0   -0.677  -75.734    580.6    893.7
     1     1    14     1    25     6     0     0    18.0   -0.722  -75.740    574.5    895.2
     1     1    14     1    25     7     0     0    19.0   -0.763  -75.735    568.9    896.3
     1     1    14     1    25     8     0     0    20.0   -0.805  -75.717    564.9    897.7
     1     1    14     1    25     9     0     0    21.0   -0.846  -75.687    562.3    899.5
     1     1    14     1    25    10     0     0    22.0   -0.887  -75.645    560.7    901.6
     1     1    14     1    25    11     0     0    23.0   -0.928  -75.593    560.2    904.1
     1     1    14     1    25    12     0     0    24.0   -0.969  -75.530    560.5    906.9
     1     1    14     1    25    13     0     0    25.0   -1.013  -75.469    563.1    910.0
     1     1    14     1    25    14     0     0    26.0   -1.063  -75.420    569.2    912.3
     1     1    14     1    25    15     0     0    27.0   -1.119  -75.383    579.0    913.7
     1     1    14     1    25    16     0     0    28.0   -1.181  -75.359    592.6    914.5
     1     1    14     1    25    17     0     0    29.0   -1.249  -75.345    610.0    914.6
     1     1    14     1    25    18     0     0    30.0   -1.323  -75.342    631.3    913.8
     1     1    14     1    25    19     0     0    31.0   -1.404  -75.342    653.1    912.2
     1     1    14     1    25    20     0     0    32.0   -1.493  -75.337    671.7    911.7
     1     1    14     1    25    21     0     0    33.0   -1.590  -75.327    686.8    911.9
     1     1    14     1    25    22     0     0    34.0   -1.694  -75.313    698.0    912.9
     1     1    14     1    25    23     0     0    35.0   -1.806  -75.295    705.1    914.7
     1     1    14     1    26     0     0     0    36.0   -1.924  -75.273    707.7    917.3
     1     1    14     1    26     1     0     0    37.0   -2.047  -75.251    706.7    921.0
     1     1    14     1    26     2     0     0    38.0   -2.174  -75.233    703.0    924.8
     1     1    14     1    26     3     0     0    39.0   -2.306  -75.219    697.1    928.7
     1     1    14     1    26     4     0     0    40.0   -2.444  -75.209    689.7    932.8
     1     1    14     1    26     5     0     0    41.0   -2.588  -75.203    680.9    935.4
     1     1    14     1    26     6     0     0    42.0   -2.740  -75.197    671.7    936.9
     1     1    14     1    26     7     0     0    43.0   -2.892  -75.202    664.8    937.4
     1     1    14     1    26     8     0     0    44.0   -3.037  -75.224    663.0    936.3
     1     1    14     1    26     9     0     0    45.0   -3.175  -75.264    666.4    933.8
     1     1    14     1    26    10     0     0    46.0   -3.304  -75.320    675.4    929.8
     1     1    14     1    26    11     0     0    47.0   -3.424  -75.393    690.3    924.4
     1     1    14     1    26    12     0     0    48.0   -3.532  -75.481    711.5    917.5
