     1     1
    CDC1    14     1     1     0     0
     1 FORWARD  OMEGA   
    14     1    10    18    1.000  -75.000   500.0
     1 PRESSURE
     1     1    14     1    10    18     0     0     0.0    1.000  -75.000    500.0    886.3
     1     1    14     1    10    19     0     0     1.0    0.890  -75.048    537.7    884.7
     1     1    14     1    10    20     0     0     2.0    0.791  -75.101    572.8    882.9
     1     1    14     1    10    21     0     0     3.0    0.705  -75.157    604.9    880.9
     1     1    14     1    10    22     0     0     4.0    0.630  -75.218    633.7    878.4
     1     1    14     1    10    23     0     0     5.0    0.566  -75.282    658.9    875.5
     1     1    14     1    11     0     0     0     6.0    0.514  -75.350    680.3    872.7
     1     1    14     1    11     1     0     0     7.0    0.471  -75.421    703.0    870.3
     1     1    14     1    11     2     0     0     8.0    0.436  -75.496    731.9    866.4
     1     1    14     1    11     3     0     0     9.0    0.407  -75.575    767.1    861.6
     1     1    14     1    11     4     0     0    10.0    0.385  -75.658    808.6    856.0
     1     1    14     1    11     5     0     0    11.0    0.368  -75.745    856.4    849.7
     1     1    14     1    11     6     0     0    12.0    0.356  -75.836    910.5    842.6
     1     1    14     1    11     7     0     0    13.0    0.338  -75.930    966.4    833.9
     1     1    14     1    11     8     0     0    14.0    0.308  -76.024   1020.3    826.2
     1     1    14     1    11     9     0     0    15.0    0.266  -76.117   1072.2    818.9
     1     1    14     1    11    10     0     0    16.0    0.215  -76.209   1122.4    811.8
     1     1    14     1    11    11     0     0    17.0    0.155  -76.301   1171.1    805.0
     1     1    14     1    11    12     0     0    18.0    0.090  -76.392   1218.6    798.3
     1     1    14     1    11    13     0     0    19.0    0.023  -76.488   1268.8    791.1
     1     1    14     1    11    14     0     0    20.0   -0.042  -76.593   1326.1    782.3
     1     1    14     1    11    15     0     0    21.0   -0.104  -76.705   1390.6    772.9
     1     1    14     1    11    16     0     0    22.0   -0.162  -76.821   1462.3    762.9
     1     1    14     1    11    17     0     0    23.0   -0.216  -76.940   1541.8    752.2
     1     1    14     1    11    18     0     0    24.0   -0.266  -77.060   1629.8    740.9
     1     1    14     1    11    19     0     0    25.0   -0.314  -77.177   1721.4    728.6
     1     1    14     1    11    20     0     0    26.0   -0.362  -77.288   1810.8    717.2
     1     1    14     1    11    21     0     0    27.0   -0.410  -77.394   1897.8    706.4
     1     1    14     1    11    22     0     0    28.0   -0.462  -77.495   1982.1    696.2
     1     1    14     1    11    23     0     0    29.0   -0.517  -77.593   2066.9    690.5
     1     1    14     1    12     0     0     0    30.0   -0.578  -77.688   2146.9    685.3
     1     1    14     1    12     1     0     0    31.0   -0.645  -77.778   2221.4    680.8
     1     1    14     1    12     2     0     0    32.0   -0.718  -77.861   2289.7    676.7
     1     1    14     1    12     3     0     0    33.0   -0.798  -77.938   2352.6    673.0
     1     1    14     1    12     4     0     0    34.0   -0.887  -78.010   2410.2    669.6
     1     1    14     1    12     5     0     0    35.0   -0.985  -78.076   2462.3    666.6
     1     1    14     1    12     6     0     0    36.0   -1.093  -78.139   2509.0    663.9
     1     1    14     1    12     7     0     0    37.0   -1.201  -78.204   2551.3    661.4
     1     1    14     1    12     8     0     0    38.0   -1.299  -78.276   2593.6    658.9
     1     1    14     1    12     9     0     0    39.0   -1.384  -78.355   2635.7    656.5
     1     1    14     1    12    10     0     0    40.0   -1.457  -78.443   2677.8    653.9
     1     1    14     1    12    11     0     0    41.0   -1.516  -78.538   2720.4    651.4
     1     1    14     1    12    12     0     0    42.0   -1.562  -78.641   2763.8    648.8
     1     1    14     1    12    13     0     0    43.0   -1.600  -78.751   2810.4    646.3
     1     1    14     1    12    14     0     0    44.0   -1.634  -78.864   2861.3    643.4
     1     1    14     1    12    15     0     0    45.0   -1.665  -78.983   2916.8    640.1
     1     1    14     1    12    16     0     0    46.0   -1.693  -79.108   2976.7    636.6
     1     1    14     1    12    17     0     0    47.0   -1.718  -79.240   3041.2    632.8
     1     1    14     1    12    18     0     0    48.0   -1.739  -79.381   3110.2    628.8
