     1     1
    CDC1    14     1     1     0     0
     1 FORWARD  OMEGA   
    14     1     8     6    1.000  -75.000   500.0
     1 PRESSURE
     1     1    14     1     8     6     0     0     0.0    1.000  -75.000    500.0    888.8
     1     1    14     1     8     7     0     0     1.0    1.069  -74.995    531.0    883.9
     1     1    14     1     8     8     0     0     2.0    1.138  -74.995    565.9    878.4
     1     1    14     1     8     9     0     0     3.0    1.207  -75.001    604.8    872.5
     1     1    14     1     8    10     0     0     4.0    1.277  -75.016    647.7    865.7
     1     1    14     1     8    11     0     0     5.0    1.347  -75.040    694.2    858.3
     1     1    14     1     8    12     0     0     6.0    1.417  -75.074    744.0    850.8
     1     1    14     1     8    13     0     0     7.0    1.482  -75.115    796.4    843.4
     1     1    14     1     8    14     0     0     8.0    1.538  -75.155    850.6    836.3
     1     1    14     1     8    15     0     0     9.0    1.585  -75.195    906.0    829.6
     1     1    14     1     8    16     0     0    10.0    1.623  -75.236    962.7    822.5
     1     1    14     1     8    17     0     0    11.0    1.652  -75.277   1020.3    815.7
     1     1    14     1     8    18     0     0    12.0    1.671  -75.318   1078.6    809.3
     1     1    14     1     8    19     0     0    13.0    1.682  -75.360   1135.3    803.2
     1     1    14     1     8    20     0     0    14.0    1.683  -75.400   1187.2    798.1
     1     1    14     1     8    21     0     0    15.0    1.675  -75.440   1234.4    793.7
     1     1    14     1     8    22     0     0    16.0    1.658  -75.477   1276.9    789.8
     1     1    14     1     8    23     0     0    17.0    1.632  -75.513   1314.5    786.3
     1     1    14     1     9     0     0     0    18.0    1.598  -75.546   1347.1    783.5
     1     1    14     1     9     1     0     0    19.0    1.562  -75.585   1377.4    781.3
     1     1    14     1     9     2     0     0    20.0    1.533  -75.638   1408.0    778.6
     1     1    14     1     9     3     0     0    21.0    1.512  -75.703   1439.1    775.6
     1     1    14     1     9     4     0     0    22.0    1.497  -75.781   1470.6    772.3
     1     1    14     1     9     5     0     0    23.0    1.490  -75.870   1502.7    768.7
     1     1    14     1     9     6     0     0    24.0    1.490  -75.971   1535.5    764.8
     1     1    14     1     9     7     0     0    25.0    1.494  -76.070   1567.3    760.8
     1     1    14     1     9     8     0     0    26.0    1.497  -76.155   1595.4    757.5
     1     1    14     1     9     9     0     0    27.0    1.498  -76.229   1619.4    754.7
     1     1    14     1     9    10     0     0    28.0    1.498  -76.289   1638.9    752.5
     1     1    14     1     9    11     0     0    29.0    1.495  -76.338   1653.4    750.8
     1     1    14     1     9    12     0     0    30.0    1.491  -76.375   1662.6    749.7
     1     1    14     1     9    13     0     0    31.0    1.486  -76.408   1673.9    749.0
     1     1    14     1     9    14     0     0    32.0    1.478  -76.445   1694.5    746.8
     1     1    14     1     9    15     0     0    33.0    1.470  -76.488   1724.7    743.6
     1     1    14     1     9    16     0     0    34.0    1.461  -76.537   1764.7    739.5
     1     1    14     1     9    17     0     0    35.0    1.452  -76.590   1814.9    734.6
     1     1    14     1     9    18     0     0    36.0    1.445  -76.649   1875.8    728.7
     1     1    14     1     9    19     0     0    37.0    1.437  -76.713   1940.1    721.9
     1     1    14     1     9    20     0     0    38.0    1.424  -76.781   1998.5    716.2
     1     1    14     1     9    21     0     0    39.0    1.407  -76.852   2050.7    711.1
     1     1    14     1     9    22     0     0    40.0    1.384  -76.929   2096.0    706.5
     1     1    14     1     9    23     0     0    41.0    1.355  -77.009   2133.9    702.4
     1     1    14     1    10     0     0     0    42.0    1.321  -77.093   2163.5    698.7
     1     1    14     1    10     1     0     0    43.0    1.287  -77.186   2189.0    695.5
     1     1    14     1    10     2     0     0    44.0    1.258  -77.295   2216.8    691.5
     1     1    14     1    10     3     0     0    45.0    1.234  -77.421   2245.8    687.1
     1     1    14     1    10     4     0     0    46.0    1.215  -77.562   2278.0    684.5
     1     1    14     1    10     5     0     0    47.0    1.202  -77.718   2314.2    684.7
     1     1    14     1    10     6     0     0    48.0    1.194  -77.888   2351.1    685.3
