     1     1
    CDC1    14     1     1     0     0
     1 FORWARD  OMEGA   
    14     1    12     0    1.000  -75.000   500.0
     1 PRESSURE
     1     1    14     1    12     0     0     0     0.0    1.000  -75.000    500.0    887.5
     1     1    14     1    12     1     0     0     1.0    0.924  -75.181    532.3    883.4
     1     1    14     1    12     2     0     0     2.0    0.859  -75.353    569.9    878.0
     1     1    14     1    12     3     0     0     3.0    0.804  -75.516    613.0    872.0
     1     1    14     1    12     4     0     0     4.0    0.758  -75.671    661.3    864.4
     1     1    14     1    12     5     0     0     5.0    0.722  -75.818    714.3    856.4
     1     1    14     1    12     6     0     0     6.0    0.693  -75.958    771.7    848.0
     1     1    14     1    12     7     0     0     7.0    0.660  -76.092    829.3    839.2
     1     1    14     1    12     8     0     0     8.0    0.615  -76.220    884.0    831.3
     1     1    14     1    12     9     0     0     9.0    0.558  -76.342    935.9    823.4
     1     1    14     1    12    10     0     0    10.0    0.494  -76.460    985.0    815.6
     1     1    14     1    12    11     0     0    11.0    0.425  -76.574   1031.8    808.0
     1     1    14     1    12    12     0     0    12.0    0.354  -76.686   1076.6    800.5
     1     1    14     1    12    13     0     0    13.0    0.286  -76.794   1124.8    793.5
     1     1    14     1    12    14     0     0    14.0    0.225  -76.892   1180.8    785.5
     1     1    14     1    12    15     0     0    15.0    0.171  -76.984   1245.7    777.0
     1     1    14     1    12    16     0     0    16.0    0.123  -77.067   1320.0    767.3
     1     1    14     1    12    17     0     0    17.0    0.080  -77.145   1404.8    757.0
     1     1    14     1    12    18     0     0    18.0    0.040  -77.220   1501.1    746.1
     1     1    14     1    12    19     0     0    19.0    0.003  -77.300   1599.1    733.8
     1     1    14     1    12    20     0     0    20.0   -0.031  -77.394   1690.3    722.7
     1     1    14     1    12    21     0     0    21.0   -0.060  -77.498   1772.1    712.2
     1     1    14     1    12    22     0     0    22.0   -0.087  -77.611   1847.5    707.4
     1     1    14     1    12    23     0     0    23.0   -0.112  -77.731   1911.2    704.0
     1     1    14     1    13     0     0     0    24.0   -0.134  -77.857   1963.0    701.7
     1     1    14     1    13     1     0     0    25.0   -0.153  -77.989   2011.8    701.0
     1     1    14     1    13     2     0     0    26.0   -0.165  -78.125   2063.3    699.3
     1     1    14     1    13     3     0     0    27.0   -0.171  -78.266   2119.0    697.4
     1     1    14     1    13     4     0     0    28.0   -0.172  -78.412   2178.4    694.8
     1     1    14     1    13     5     0     0    29.0   -0.167  -78.564   2241.3    692.1
     1     1    14     1    13     6     0     0    30.0   -0.159  -78.723   2308.6    689.2
     1     1    14     1    13     7     0     0    31.0   -0.145  -78.888   2372.8    685.7
     1     1    14     1    13     8     0     0    32.0   -0.126  -79.055   2429.0    683.6
     1     1    14     1    13     9     0     0    33.0   -0.099  -79.225   2478.0    682.3
     1     1    14     1    13    10     0     0    34.0   -0.063  -79.399   2521.0    681.6
     1     1    14     1    13    11     0     0    35.0   -0.016  -79.576   2559.8    681.5
     1     1    14     1    13    12     0     0    36.0    0.042  -79.755   2597.0    682.3
     1     1    14     1    13    13     0     0    37.0    0.105  -79.935   2640.6    683.9
     1     1    14     1    13    14     0     0    38.0    0.162  -80.117   2695.1    685.1
     1     1    14     1    13    15     0     0    39.0    0.212  -80.301   2756.6    686.1
     1     1    14     1    13    16     0     0    40.0    0.256  -80.486   2822.3    686.6
     1     1    14     1    13    17     0     0    41.0    0.294  -80.674   2891.3    686.5
     1     1    14     1    13    18     0     0    42.0    0.325  -80.865   2962.5    686.1
     1     1    14     1    13    19     0     0    43.0    0.357  -81.059   3029.8    685.2
     1     1    14     1    13    20     0     0    44.0    0.397  -81.255   3086.4    685.6
     1     1    14     1    13    21     0     0    45.0    0.446  -81.454   3133.1    686.7
     1     1    14     1    13    22     0     0    46.0    0.504  -81.656   3170.1    688.6
     1     1    14     1    13    23     0     0    47.0    0.572  -81.860   3197.5    691.1
     1     1    14     1    14     0     0     0    48.0    0.650  -82.069   3215.7    694.1
