     1     1
    CDC1    14     1     1     0     0
     1 FORWARD  OMEGA   
    14     1    12     6    1.000  -75.000   500.0
     1 PRESSURE
     1     1    14     1    12     6     0     0     0.0    1.000  -75.000    500.0    889.6
     1     1    14     1    12     7     0     0     1.0    0.965  -75.127    544.8    883.6
     1     1    14     1    12     8     0     0     2.0    0.909  -75.246    586.1    878.5
     1     1    14     1    12     9     0     0     3.0    0.834  -75.358    623.7    874.1
     1     1    14     1    12    10     0     0     4.0    0.743  -75.463    657.0    870.0
     1     1    14     1    12    11     0     0     5.0    0.637  -75.561    686.0    866.6
     1     1    14     1    12    12     0     0     6.0    0.518  -75.652    710.7    863.7
     1     1    14     1    12    13     0     0     7.0    0.398  -75.737    736.2    861.2
     1     1    14     1    12    14     0     0     8.0    0.289  -75.813    767.0    857.5
     1     1    14     1    12    15     0     0     9.0    0.188  -75.880    803.4    853.3
     1     1    14     1    12    16     0     0    10.0    0.094  -75.938    845.8    848.6
     1     1    14     1    12    17     0     0    11.0    0.005  -75.987    894.1    843.5
     1     1    14     1    12    18     0     0    12.0   -0.078  -76.028    948.2    837.8
     1     1    14     1    12    19     0     0    13.0   -0.158  -76.077   1002.0    831.0
     1     1    14     1    12    20     0     0    14.0   -0.232  -76.147   1051.1    824.6
     1     1    14     1    12    21     0     0    15.0   -0.302  -76.236   1095.5    817.9
     1     1    14     1    12    22     0     0    16.0   -0.368  -76.342   1135.1    811.0
     1     1    14     1    12    23     0     0    17.0   -0.428  -76.463   1169.8    804.0
     1     1    14     1    13     0     0     0    18.0   -0.483  -76.598   1199.0    796.9
     1     1    14     1    13     1     0     0    19.0   -0.528  -76.741   1227.7    790.3
     1     1    14     1    13     2     0     0    20.0   -0.555  -76.891   1259.7    782.5
     1     1    14     1    13     3     0     0    21.0   -0.567  -77.045   1295.6    773.8
     1     1    14     1    13     4     0     0    22.0   -0.564  -77.204   1335.2    764.7
     1     1    14     1    13     5     0     0    23.0   -0.550  -77.365   1378.8    755.1
     1     1    14     1    13     6     0     0    24.0   -0.526  -77.529   1427.1    746.6
     1     1    14     1    13     7     0     0    25.0   -0.501  -77.689   1476.7    743.8
     1     1    14     1    13     8     0     0    26.0   -0.479  -77.841   1517.4    742.4
     1     1    14     1    13     9     0     0    27.0   -0.458  -77.986   1549.4    741.7
     1     1    14     1    13    10     0     0    28.0   -0.436  -78.124   1573.3    741.6
     1     1    14     1    13    11     0     0    29.0   -0.412  -78.255   1590.1    742.0
     1     1    14     1    13    12     0     0    30.0   -0.383  -78.381   1600.6    742.9
     1     1    14     1    13    13     0     0    31.0   -0.353  -78.503   1614.3    744.6
     1     1    14     1    13    14     0     0    32.0   -0.328  -78.627   1639.1    744.5
     1     1    14     1    13    15     0     0    33.0   -0.308  -78.751   1674.1    743.6
     1     1    14     1    13    16     0     0    34.0   -0.295  -78.876   1718.2    741.8
     1     1    14     1    13    17     0     0    35.0   -0.288  -79.003   1770.6    739.3
     1     1    14     1    13    18     0     0    36.0   -0.288  -79.133   1830.5    736.2
     1     1    14     1    13    19     0     0    37.0   -0.289  -79.267   1890.5    732.4
     1     1    14     1    13    20     0     0    38.0   -0.282  -79.403   1942.1    730.0
     1     1    14     1    13    21     0     0    39.0   -0.268  -79.543   1985.5    728.5
     1     1    14     1    13    22     0     0    40.0   -0.247  -79.684   2020.8    727.7
     1     1    14     1    13    23     0     0    41.0   -0.218  -79.828   2047.7    727.7
     1     1    14     1    14     0     0     0    42.0   -0.179  -79.972   2066.3    728.6
     1     1    14     1    14     1     0     0    43.0   -0.140  -80.120   2082.5    732.3
     1     1    14     1    14     2     0     0    44.0   -0.107  -80.273   2100.1    736.0
     1     1    14     1    14     3     0     0    45.0   -0.080  -80.431   2118.6    739.8
     1     1    14     1    14     4     0     0    46.0   -0.059  -80.593   2138.4    743.5
     1     1    14     1    14     5     0     0    47.0   -0.043  -80.760   2159.7    747.1
     1     1    14     1    14     6     0     0    48.0   -0.032  -80.932   2182.7    750.7
