     1     1
    CDC1    14     1     1     0     0
     1 FORWARD  OMEGA   
    14     1     5     0    1.000  -75.000   500.0
     1 PRESSURE
     1     1    14     1     5     0     0     0     0.0    1.000  -75.000    500.0    886.4
     1     1    14     1     5     1     0     0     1.0    0.989  -75.135    520.0    882.4
     1     1    14     1     5     2     0     0     2.0    0.988  -75.256    541.5    878.2
     1     1    14     1     5     3     0     0     3.0    0.997  -75.366    564.8    873.9
     1     1    14     1     5     4     0     0     4.0    1.017  -75.465    590.3    869.4
     1     1    14     1     5     5     0     0     5.0    1.047  -75.554    618.3    864.6
     1     1    14     1     5     6     0     0     6.0    1.089  -75.636    648.8    859.3
     1     1    14     1     5     7     0     0     7.0    1.136  -75.709    680.8    853.9
     1     1    14     1     5     8     0     0     8.0    1.183  -75.774    712.7    849.0
     1     1    14     1     5     9     0     0     9.0    1.229  -75.829    744.1    844.5
     1     1    14     1     5    10     0     0    10.0    1.275  -75.874    774.6    840.3
     1     1    14     1     5    11     0     0    11.0    1.321  -75.909    804.0    836.6
     1     1    14     1     5    12     0     0    12.0    1.368  -75.935    831.9    833.2
     1     1    14     1     5    13     0     0    13.0    1.417  -75.952    861.2    829.9
     1     1    14     1     5    14     0     0    14.0    1.466  -75.964    895.1    826.0
     1     1    14     1     5    15     0     0    15.0    1.516  -75.972    933.6    821.5
     1     1    14     1     5    16     0     0    16.0    1.566  -75.975    976.7    816.5
     1     1    14     1     5    17     0     0    17.0    1.614  -75.975   1024.7    811.2
     1     1    14     1     5    18     0     0    18.0    1.659  -75.971   1077.5    805.6
     1     1    14     1     5    19     0     0    19.0    1.701  -75.972   1132.2    799.7
     1     1    14     1     5    20     0     0    20.0    1.739  -75.988   1185.9    794.1
     1     1    14     1     5    21     0     0    21.0    1.773  -76.015   1238.7    788.8
     1     1    14     1     5    22     0     0    22.0    1.804  -76.054   1291.0    783.2
     1     1    14     1     5    23     0     0    23.0    1.831  -76.103   1342.9    777.7
     1     1    14     1     6     0     0     0    24.0    1.853  -76.162   1394.8    772.3
     1     1    14     1     6     1     0     0    25.0    1.875  -76.228   1450.0    767.1
     1     1    14     1     6     2     0     0    26.0    1.898  -76.297   1512.0    761.1
     1     1    14     1     6     3     0     0    27.0    1.921  -76.370   1581.2    754.6
     1     1    14     1     6     4     0     0    28.0    1.942  -76.448   1658.2    747.6
     1     1    14     1     6     5     0     0    29.0    1.961  -76.533   1743.7    739.6
     1     1    14     1     6     6     0     0    30.0    1.975  -76.624   1838.4    730.9
     1     1    14     1     6     7     0     0    31.0    1.989  -76.720   1937.3    721.6
     1     1    14     1     6     8     0     0    32.0    2.009  -76.816   2035.3    713.1
     1     1    14     1     6     9     0     0    33.0    2.037  -76.913   2131.9    704.9
     1     1    14     1     6    10     0     0    34.0    2.074  -77.009   2225.4    696.6
     1     1    14     1     6    11     0     0    35.0    2.119  -77.102   2314.8    689.2
     1     1    14     1     6    12     0     0    36.0    2.174  -77.194   2400.4    682.3
     1     1    14     1     6    13     0     0    37.0    2.234  -77.286   2491.5    676.2
     1     1    14     1     6    14     0     0    38.0    2.295  -77.382   2595.1    668.7
     1     1    14     1     6    15     0     0    39.0    2.359  -77.483   2712.9    660.3
     1     1    14     1     6    16     0     0    40.0    2.425  -77.591   2847.9    652.7
     1     1    14     1     6    17     0     0    41.0    2.492  -77.706   2997.6    645.0
     1     1    14     1     6    18     0     0    42.0    2.563  -77.829   3161.9    636.6
     1     1    14     1     6    19     0     0    43.0    2.635  -77.958   3336.0    626.9
     1     1    14     1     6    20     0     0    44.0    2.706  -78.085   3511.5    617.3
     1     1    14     1     6    21     0     0    45.0    2.776  -78.212   3689.3    607.7
     1     1    14     1     6    22     0     0    46.0    2.849  -78.341   3870.0    598.0
     1     1    14     1     6    23     0     0    47.0    2.922  -78.471   4054.0    588.2
     1     1    14     1     7     0     0     0    48.0    2.995  -78.599   4241.9    578.1
