     1     1
    CDC1    14     1     1     0     0
     1 FORWARD  OMEGA   
    14     1    10    12    1.000  -75.000   500.0
     1 PRESSURE
     1     1    14     1    10    12     0     0     0.0    1.000  -75.000    500.0    888.3
     1     1    14     1    10    13     0     0     1.0    0.924  -75.099    527.6    885.5
     1     1    14     1    10    14     0     0     2.0    0.844  -75.190    558.8    882.3
     1     1    14     1    10    15     0     0     3.0    0.759  -75.272    593.8    878.9
     1     1    14     1    10    16     0     0     4.0    0.668  -75.345    632.9    875.1
     1     1    14     1    10    17     0     0     5.0    0.570  -75.410    676.1    870.7
     1     1    14     1    10    18     0     0     6.0    0.463  -75.467    723.5    866.2
     1     1    14     1    10    19     0     0     7.0    0.357  -75.523    771.6    861.5
     1     1    14     1    10    20     0     0     8.0    0.260  -75.584    816.0    857.2
     1     1    14     1    10    21     0     0     9.0    0.172  -75.650    856.6    852.8
     1     1    14     1    10    22     0     0    10.0    0.093  -75.720    893.2    848.4
     1     1    14     1    10    23     0     0    11.0    0.022  -75.793    925.5    843.9
     1     1    14     1    11     0     0     0    12.0   -0.041  -75.868    953.4    839.3
     1     1    14     1    11     1     0     0    13.0   -0.095  -75.946    982.0    835.5
     1     1    14     1    11     2     0     0    14.0   -0.144  -76.026   1015.4    830.4
     1     1    14     1    11     3     0     0    15.0   -0.187  -76.111   1053.9    824.7
     1     1    14     1    11     4     0     0    16.0   -0.226  -76.201   1097.3    818.3
     1     1    14     1    11     5     0     0    17.0   -0.263  -76.295   1145.4    811.3
     1     1    14     1    11     6     0     0    18.0   -0.298  -76.396   1197.8    803.7
     1     1    14     1    11     7     0     0    19.0   -0.338  -76.498   1251.0    795.5
     1     1    14     1    11     8     0     0    20.0   -0.386  -76.599   1302.2    787.5
     1     1    14     1    11     9     0     0    21.0   -0.440  -76.696   1351.5    779.9
     1     1    14     1    11    10     0     0    22.0   -0.499  -76.791   1398.9    772.7
     1     1    14     1    11    11     0     0    23.0   -0.560  -76.881   1444.8    765.9
     1     1    14     1    11    12     0     0    24.0   -0.623  -76.967   1489.4    759.4
     1     1    14     1    11    13     0     0    25.0   -0.688  -77.053   1536.6    752.8
     1     1    14     1    11    14     0     0    26.0   -0.753  -77.144   1590.7    745.3
     1     1    14     1    11    15     0     0    27.0   -0.819  -77.240   1651.8    737.0
     1     1    14     1    11    16     0     0    28.0   -0.885  -77.338   1720.0    727.7
     1     1    14     1    11    17     0     0    29.0   -0.951  -77.437   1795.3    717.8
     1     1    14     1    11    18     0     0    30.0   -1.018  -77.538   1879.2    709.1
     1     1    14     1    11    19     0     0    31.0   -1.088  -77.635   1966.9    702.6
     1     1    14     1    11    20     0     0    32.0   -1.161  -77.729   2049.7    697.1
     1     1    14     1    11    21     0     0    33.0   -1.239  -77.817   2128.0    691.7
     1     1    14     1    11    22     0     0    34.0   -1.320  -77.901   2201.2    686.4
     1     1    14     1    11    23     0     0    35.0   -1.403  -77.982   2268.7    681.6
     1     1    14     1    12     0     0     0    36.0   -1.490  -78.058   2331.0    677.2
     1     1    14     1    12     1     0     0    37.0   -1.581  -78.131   2387.9    673.5
     1     1    14     1    12     2     0     0    38.0   -1.681  -78.198   2438.8    670.2
     1     1    14     1    12     3     0     0    39.0   -1.789  -78.261   2483.6    667.4
     1     1    14     1    12     4     0     0    40.0   -1.906  -78.321   2522.1    665.0
     1     1    14     1    12     5     0     0    41.0   -2.033  -78.379   2554.0    663.1
     1     1    14     1    12     6     0     0    42.0   -2.170  -78.436   2579.1    661.6
     1     1    14     1    12     7     0     0    43.0   -2.307  -78.495   2599.6    660.5
     1     1    14     1    12     8     0     0    44.0   -2.435  -78.559   2620.2    659.2
     1     1    14     1    12     9     0     0    45.0   -2.552  -78.629   2640.9    657.9
     1     1    14     1    12    10     0     0    46.0   -2.657  -78.704   2661.8    656.4
     1     1    14     1    12    11     0     0    47.0   -2.751  -78.785   2683.1    654.9
     1     1    14     1    12    12     0     0    48.0   -2.833  -78.871   2704.3    653.5
