     1     1
    CDC1    14     1     1     0     0
     1 FORWARD  OMEGA   
    14     1    22    12    1.000  -75.000   500.0
     1 PRESSURE
     1     1    14     1    22    12     0     0     0.0    1.000  -75.000    500.0    888.9
     1     1    14     1    22    13     0     0     1.0    0.937  -75.056    515.8    888.0
     1     1    14     1    22    14     0     0     2.0    0.873  -75.111    534.5    886.7
     1     1    14     1    22    15     0     0     3.0    0.806  -75.165    556.4    885.0
     1     1    14     1    22    16     0     0     4.0    0.737  -75.219    581.8    883.1
     1     1    14     1    22    17     0     0     5.0    0.666  -75.273    611.2    880.7
     1     1    14     1    22    18     0     0     6.0    0.592  -75.329    645.0    877.4
     1     1    14     1    22    19     0     0     7.0    0.519  -75.381    679.9    873.4
     1     1    14     1    22    20     0     0     8.0    0.445  -75.424    712.2    870.2
     1     1    14     1    22    21     0     0     9.0    0.370  -75.457    741.9    867.6
     1     1    14     1    22    22     0     0    10.0    0.293  -75.482    768.7    865.5
     1     1    14     1    22    23     0     0    11.0    0.213  -75.500    792.5    864.0
     1     1    14     1    23     0     0     0    12.0    0.130  -75.510    813.3    863.1
     1     1    14     1    23     1     0     0    13.0    0.053  -75.518    831.6    862.9
     1     1    14     1    23     2     0     0    14.0   -0.008  -75.528    848.5    862.4
     1     1    14     1    23     3     0     0    15.0   -0.055  -75.537    864.1    861.6
     1     1    14     1    23     4     0     0    16.0   -0.087  -75.547    878.6    860.7
     1     1    14     1    23     5     0     0    17.0   -0.106  -75.557    892.1    859.6
     1     1    14     1    23     6     0     0    18.0   -0.110  -75.567    904.4    858.5
     1     1    14     1    23     7     0     0    19.0   -0.107  -75.582    917.2    857.0
     1     1    14     1    23     8     0     0    20.0   -0.104  -75.609    932.5    854.5
     1     1    14     1    23     9     0     0    21.0   -0.102  -75.648    950.6    851.3
     1     1    14     1    23    10     0     0    22.0   -0.100  -75.699    971.7    847.4
     1     1    14     1    23    11     0     0    23.0   -0.098  -75.764    996.0    842.7
     1     1    14     1    23    12     0     0    24.0   -0.095  -75.843   1023.8    837.3
     1     1    14     1    23    13     0     0    25.0   -0.098  -75.931   1056.7    830.7
     1     1    14     1    23    14     0     0    26.0   -0.114  -76.025   1097.4    823.4
     1     1    14     1    23    15     0     0    27.0   -0.141  -76.124   1146.1    815.3
     1     1    14     1    23    16     0     0    28.0   -0.180  -76.232   1203.3    806.5
     1     1    14     1    23    17     0     0    29.0   -0.229  -76.348   1269.6    796.7
     1     1    14     1    23    18     0     0    30.0   -0.286  -76.475   1345.6    785.2
     1     1    14     1    23    19     0     0    31.0   -0.347  -76.612   1425.2    773.1
     1     1    14     1    23    20     0     0    32.0   -0.410  -76.753   1501.5    762.0
     1     1    14     1    23    21     0     0    33.0   -0.477  -76.898   1573.6    751.3
     1     1    14     1    23    22     0     0    34.0   -0.547  -77.045   1641.0    741.0
     1     1    14     1    23    23     0     0    35.0   -0.623  -77.194   1702.5    730.9
     1     1    14     1    24     0     0     0    36.0   -0.704  -77.343   1757.1    721.4
     1     1    14     1    24     1     0     0    37.0   -0.782  -77.495   1807.7    712.7
     1     1    14     1    24     2     0     0    38.0   -0.850  -77.652   1862.5    710.6
     1     1    14     1    24     3     0     0    39.0   -0.907  -77.812   1916.4    708.6
     1     1    14     1    24     4     0     0    40.0   -0.955  -77.973   1969.6    706.7
     1     1    14     1    24     5     0     0    41.0   -0.992  -78.136   2022.4    704.7
     1     1    14     1    24     6     0     0    42.0   -1.018  -78.301   2075.2    702.8
     1     1    14     1    24     7     0     0    43.0   -1.041  -78.466   2128.0    700.4
     1     1    14     1    24     8     0     0    44.0   -1.068  -78.627   2181.5    697.6
     1     1    14     1    24     9     0     0    45.0   -1.096  -78.783   2234.4    694.8
     1     1    14     1    24    10     0     0    46.0   -1.126  -78.935   2286.3    692.0
     1     1    14     1    24    11     0     0    47.0   -1.155  -79.083   2337.0    689.3
     1     1    14     1    24    12     0     0    48.0   -1.181  -79.229   2386.1    686.7
