     1     1
    CDC1    14     1     1     0     0
     1 FORWARD  OMEGA   
    14     1     8    12    1.000  -75.000   500.0
     1 PRESSURE
     1     1    14     1     8    12     0     0     0.0    1.000  -75.000    500.0    888.2
     1     1    14     1     8    13     0     0     1.0    1.067  -75.027    536.9    882.2
     1     1    14     1     8    14     0     0     2.0    1.128  -75.054    576.5    876.2
     1     1    14     1     8    15     0     0     3.0    1.183  -75.080    618.6    870.2
     1     1    14     1     8    16     0     0     4.0    1.229  -75.106    662.5    863.7
     1     1    14     1     8    17     0     0     5.0    1.267  -75.131    707.8    857.5
     1     1    14     1     8    18     0     0     6.0    1.296  -75.156    754.3    851.6
     1     1    14     1     8    19     0     0     7.0    1.316  -75.182    799.2    846.1
     1     1    14     1     8    20     0     0     8.0    1.326  -75.208    838.8    841.7
     1     1    14     1     8    21     0     0     9.0    1.328  -75.233    873.1    838.0
     1     1    14     1     8    22     0     0    10.0    1.322  -75.258    901.9    835.2
     1     1    14     1     8    23     0     0    11.0    1.306  -75.281    925.3    832.8
     1     1    14     1     9     0     0     0    12.0    1.283  -75.303    943.0    831.2
     1     1    14     1     9     1     0     0    13.0    1.259  -75.331    958.2    830.3
     1     1    14     1     9     2     0     0    14.0    1.242  -75.371    973.8    828.7
     1     1    14     1     9     3     0     0    15.0    1.233  -75.423    989.9    826.7
     1     1    14     1     9     4     0     0    16.0    1.231  -75.487   1006.5    824.3
     1     1    14     1     9     5     0     0    17.0    1.238  -75.563   1023.8    821.5
     1     1    14     1     9     6     0     0    18.0    1.253  -75.649   1041.7    818.4
     1     1    14     1     9     7     0     0    19.0    1.273  -75.734   1059.5    815.0
     1     1    14     1     9     8     0     0    20.0    1.291  -75.803   1075.3    812.3
     1     1    14     1     9     9     0     0    21.0    1.307  -75.859   1088.9    810.0
     1     1    14     1     9    10     0     0    22.0    1.322  -75.900   1099.8    808.3
     1     1    14     1     9    11     0     0    23.0    1.334  -75.927   1108.0    807.1
     1     1    14     1     9    12     0     0    24.0    1.344  -75.940   1113.1    806.3
     1     1    14     1     9    13     0     0    25.0    1.348  -75.950   1120.8    805.9
     1     1    14     1     9    14     0     0    26.0    1.345  -75.967   1136.4    804.2
     1     1    14     1     9    15     0     0    27.0    1.334  -75.990   1159.9    801.8
     1     1    14     1     9    16     0     0    28.0    1.315  -76.020   1191.7    798.7
     1     1    14     1     9    17     0     0    29.0    1.290  -76.057   1231.9    794.8
     1     1    14     1     9    18     0     0    30.0    1.257  -76.100   1281.0    789.9
     1     1    14     1     9    19     0     0    31.0    1.221  -76.148   1333.1    784.0
     1     1    14     1     9    20     0     0    32.0    1.183  -76.199   1381.7    778.9
     1     1    14     1     9    21     0     0    33.0    1.142  -76.252   1426.7    774.2
     1     1    14     1     9    22     0     0    34.0    1.098  -76.309   1467.5    769.9
     1     1    14     1     9    23     0     0    35.0    1.050  -76.369   1503.9    765.9
     1     1    14     1    10     0     0     0    36.0    0.998  -76.435   1535.7    762.2
     1     1    14     1    10     1     0     0    37.0    0.946  -76.512   1565.2    758.6
     1     1    14     1    10     2     0     0    38.0    0.898  -76.607   1596.4    754.2
     1     1    14     1    10     3     0     0    39.0    0.856  -76.721   1628.2    749.3
     1     1    14     1    10     4     0     0    40.0    0.817  -76.853   1660.2    743.9
     1     1    14     1    10     5     0     0    41.0    0.782  -77.003   1692.0    737.9
     1     1    14     1    10     6     0     0    42.0    0.752  -77.171   1722.9    731.4
     1     1    14     1    10     7     0     0    43.0    0.732  -77.340   1755.0    725.1
     1     1    14     1    10     8     0     0    44.0    0.731  -77.491   1790.0    718.9
     1     1    14     1    10     9     0     0    45.0    0.750  -77.624   1833.8    717.8
     1     1    14     1    10    10     0     0    46.0    0.790  -77.736   1882.4    716.4
     1     1    14     1    10    11     0     0    47.0    0.853  -77.826   1936.3    714.5
     1     1    14     1    10    12     0     0    48.0    0.939  -77.895   1996.3    712.0
