     1     1
    CDC1    14     1     1     0     0
     1 FORWARD  OMEGA   
    14     1    15     6    1.000  -75.000   500.0
     1 PRESSURE
     1     1    14     1    15     6     0     0     0.0    1.000  -75.000    500.0    890.2
     1     1    14     1    15     7     0     0     1.0    0.959  -75.078    544.3    885.2
     1     1    14     1    15     8     0     0     2.0    0.910  -75.159    589.1    880.3
     1     1    14     1    15     9     0     0     3.0    0.852  -75.244    634.3    875.2
     1     1    14     1    15    10     0     0     4.0    0.787  -75.331    679.6    869.7
     1     1    14     1    15    11     0     0     5.0    0.715  -75.419    724.9    864.3
     1     1    14     1    15    12     0     0     6.0    0.639  -75.508    770.7    859.0
     1     1    14     1    15    13     0     0     7.0    0.556  -75.596    819.5    853.8
     1     1    14     1    15    14     0     0     8.0    0.465  -75.680    872.9    848.2
     1     1    14     1    15    15     0     0     9.0    0.365  -75.762    931.8    841.9
     1     1    14     1    15    16     0     0    10.0    0.255  -75.844    996.4    834.5
     1     1    14     1    15    17     0     0    11.0    0.135  -75.926   1067.4    826.5
     1     1    14     1    15    18     0     0    12.0    0.003  -76.009   1145.6    817.9
     1     1    14     1    15    19     0     0    13.0   -0.139  -76.095   1225.8    808.6
     1     1    14     1    15    20     0     0    14.0   -0.284  -76.183   1302.9    799.8
     1     1    14     1    15    21     0     0    15.0   -0.433  -76.272   1377.2    791.0
     1     1    14     1    15    22     0     0    16.0   -0.587  -76.360   1449.4    782.7
     1     1    14     1    15    23     0     0    17.0   -0.748  -76.445   1520.4    774.7
     1     1    14     1    16     0     0     0    18.0   -0.917  -76.524   1590.7    767.1
     1     1    14     1    16     1     0     0    19.0   -1.089  -76.603   1662.6    759.8
     1     1    14     1    16     2     0     0    20.0   -1.258  -76.690   1738.2    751.1
     1     1    14     1    16     3     0     0    21.0   -1.422  -76.786   1816.2    741.8
     1     1    14     1    16     4     0     0    22.0   -1.582  -76.892   1895.5    732.0
     1     1    14     1    16     5     0     0    23.0   -1.740  -77.011   1975.1    721.8
     1     1    14     1    16     6     0     0    24.0   -1.894  -77.142   2053.9    711.1
     1     1    14     1    16     7     0     0    25.0   -2.051  -77.286   2130.5    700.0
     1     1    14     1    16     8     0     0    26.0   -2.214  -77.439   2204.3    688.2
     1     1    14     1    16     9     0     0    27.0   -2.379  -77.601   2278.4    680.7
     1     1    14     1    16    10     0     0    28.0   -2.547  -77.769   2350.6    675.8
     1     1    14     1    16    11     0     0    29.0   -2.716  -77.945   2417.3    670.7
     1     1    14     1    16    12     0     0    30.0   -2.887  -78.130   2479.7    666.2
     1     1    14     1    16    13     0     0    31.0   -3.056  -78.321   2538.7    662.5
     1     1    14     1    16    14     0     0    32.0   -3.222  -78.517   2594.7    659.2
     1     1    14     1    16    15     0     0    33.0   -3.385  -78.718   2648.8    656.1
     1     1    14     1    16    16     0     0    34.0   -3.548  -78.923   2701.4    653.2
     1     1    14     1    16    17     0     0    35.0   -3.710  -79.132   2752.5    650.5
     1     1    14     1    16    18     0     0    36.0   -3.874  -79.346   2802.3    648.0
     1     1    14     1    16    19     0     0    37.0   -4.035  -79.564   2850.4    645.2
     1     1    14     1    16    20     0     0    38.0   -4.191  -79.785   2900.0    642.5
     1     1    14     1    16    21     0     0    39.0   -4.342  -80.009   2951.2    639.9
     1     1    14     1    16    22     0     0    40.0   -4.488  -80.229   3013.0    642.2
     1     1    14     1    16    23     0     0    41.0   -4.626  -80.440   3077.3    644.0
     1     1    14     1    17     0     0     0    42.0   -4.759  -80.641   3145.3    645.0
     1     1    14     1    17     1     0     0    43.0   -4.888  -80.834   3215.1    645.9
     1     1    14     1    17     2     0     0    44.0   -5.010  -81.022   3282.2    646.9
     1     1    14     1    17     3     0     0    45.0   -5.126  -81.204   3347.7    648.3
     1     1    14     1    17     4     0     0    46.0   -5.233  -81.380   3410.1    649.6
     1     1    14     1    17     5     0     0    47.0   -5.333  -81.554   3469.1    651.0
     1     1    14     1    17     6     0     0    48.0   -5.425  -81.727   3524.5    652.5
