     1     1
    CDC1    14     1     1     0     0
     1 FORWARD  OMEGA   
    14     1    16    12    1.000  -75.000   500.0
     1 PRESSURE
     1     1    14     1    16    12     0     0     0.0    1.000  -75.000    500.0    889.7
     1     1    14     1    16    13     0     0     1.0    0.831  -75.114    506.0    891.4
     1     1    14     1    16    14     0     0     2.0    0.663  -75.213    518.8    891.8
     1     1    14     1    16    15     0     0     3.0    0.495  -75.299    538.2    891.3
     1     1    14     1    16    16     0     0     4.0    0.326  -75.373    563.7    890.2
     1     1    14     1    16    17     0     0     5.0    0.156  -75.438    595.2    888.6
     1     1    14     1    16    18     0     0     6.0   -0.016  -75.496    632.1    886.1
     1     1    14     1    16    19     0     0     7.0   -0.177  -75.553    670.5    881.7
     1     1    14     1    16    20     0     0     8.0   -0.314  -75.616    708.2    877.3
     1     1    14     1    16    21     0     0     9.0   -0.428  -75.683    745.3    872.3
     1     1    14     1    16    22     0     0    10.0   -0.518  -75.754    782.3    866.9
     1     1    14     1    16    23     0     0    11.0   -0.586  -75.829    819.6    861.1
     1     1    14     1    17     0     0     0    12.0   -0.632  -75.906    857.6    854.8
     1     1    14     1    17     1     0     0    13.0   -0.666  -75.986    897.3    849.2
     1     1    14     1    17     2     0     0    14.0   -0.699  -76.070    938.7    843.0
     1     1    14     1    17     3     0     0    15.0   -0.731  -76.159    982.2    836.1
     1     1    14     1    17     4     0     0    16.0   -0.762  -76.254   1028.2    828.9
     1     1    14     1    17     5     0     0    17.0   -0.793  -76.355   1076.9    821.3
     1     1    14     1    17     6     0     0    18.0   -0.825  -76.463   1128.6    813.2
     1     1    14     1    17     7     0     0    19.0   -0.854  -76.580   1182.5    804.0
     1     1    14     1    17     8     0     0    20.0   -0.875  -76.706   1237.0    794.4
     1     1    14     1    17     9     0     0    21.0   -0.888  -76.845   1291.4    784.0
     1     1    14     1    17    10     0     0    22.0   -0.891  -76.998   1344.6    773.1
     1     1    14     1    17    11     0     0    23.0   -0.883  -77.167   1395.4    761.9
     1     1    14     1    17    12     0     0    24.0   -0.863  -77.353   1442.4    750.4
     1     1    14     1    17    13     0     0    25.0   -0.839  -77.548   1489.0    741.5
     1     1    14     1    17    14     0     0    26.0   -0.821  -77.740   1542.2    739.3
     1     1    14     1    17    15     0     0    27.0   -0.811  -77.926   1596.9    737.1
     1     1    14     1    17    16     0     0    28.0   -0.809  -78.106   1652.7    734.8
     1     1    14     1    17    17     0     0    29.0   -0.814  -78.282   1709.2    732.0
     1     1    14     1    17    18     0     0    30.0   -0.828  -78.453   1766.1    729.3
     1     1    14     1    17    19     0     0    31.0   -0.849  -78.623   1827.9    726.6
     1     1    14     1    17    20     0     0    32.0   -0.878  -78.796   1898.8    722.8
     1     1    14     1    17    21     0     0    33.0   -0.913  -78.972   1979.3    718.3
     1     1    14     1    17    22     0     0    34.0   -0.955  -79.151   2069.6    713.0
     1     1    14     1    17    23     0     0    35.0   -1.004  -79.332   2169.7    706.6
     1     1    14     1    18     0     0     0    36.0   -1.056  -79.514   2278.5    699.2
     1     1    14     1    18     1     0     0    37.0   -1.110  -79.700   2387.8    691.3
     1     1    14     1    18     2     0     0    38.0   -1.167  -79.895   2490.9    684.8
     1     1    14     1    18     3     0     0    39.0   -1.228  -80.098   2591.2    680.8
     1     1    14     1    18     4     0     0    40.0   -1.293  -80.307   2690.0    679.4
     1     1    14     1    18     5     0     0    41.0   -1.358  -80.520   2785.4    678.2
     1     1    14     1    18     6     0     0    42.0   -1.424  -80.736   2879.1    677.4
     1     1    14     1    18     7     0     0    43.0   -1.489  -80.951   2970.0    676.5
     1     1    14     1    18     8     0     0    44.0   -1.552  -81.161   3057.1    676.1
     1     1    14     1    18     9     0     0    45.0   -1.618  -81.367   3139.7    676.0
     1     1    14     1    18    10     0     0    46.0   -1.689  -81.570   3216.9    676.2
     1     1    14     1    18    11     0     0    47.0   -1.767  -81.769   3287.6    676.9
     1     1    14     1    18    12     0     0    48.0   -1.855  -81.965   3350.0    678.1
