     1     1
    CDC1    14     1     1     0     0
     1 FORWARD  OMEGA   
    14     1     6    12    1.000  -75.000   500.0
     1 PRESSURE
     1     1    14     1     6    12     0     0     0.0    1.000  -75.000    500.0    888.9
     1     1    14     1     6    13     0     0     1.0    1.057  -75.024    520.7    884.8
     1     1    14     1     6    14     0     0     2.0    1.106  -75.038    547.8    880.3
     1     1    14     1     6    15     0     0     3.0    1.147  -75.045    581.3    875.6
     1     1    14     1     6    16     0     0     4.0    1.178  -75.044    621.4    870.7
     1     1    14     1     6    17     0     0     5.0    1.198  -75.038    667.9    864.9
     1     1    14     1     6    18     0     0     6.0    1.208  -75.027    720.6    859.1
     1     1    14     1     6    19     0     0     7.0    1.208  -75.013    776.0    853.5
     1     1    14     1     6    20     0     0     8.0    1.200  -74.997    830.2    848.8
     1     1    14     1     6    21     0     0     9.0    1.184  -74.978    883.5    844.6
     1     1    14     1     6    22     0     0    10.0    1.159  -74.954    935.8    840.6
     1     1    14     1     6    23     0     0    11.0    1.126  -74.927    987.6    836.7
     1     1    14     1     7     0     0     0    12.0    1.085  -74.897   1039.0    833.2
     1     1    14     1     7     1     0     0    13.0    1.047  -74.870   1090.5    830.0
     1     1    14     1     7     2     0     0    14.0    1.021  -74.853   1143.8    826.0
     1     1    14     1     7     3     0     0    15.0    1.006  -74.846   1198.7    821.6
     1     1    14     1     7     4     0     0    16.0    1.002  -74.846   1255.1    816.8
     1     1    14     1     7     5     0     0    17.0    1.007  -74.855   1313.3    811.1
     1     1    14     1     7     6     0     0    18.0    1.021  -74.874   1373.9    804.7
     1     1    14     1     7     7     0     0    19.0    1.036  -74.899   1436.2    797.6
     1     1    14     1     7     8     0     0    20.0    1.045  -74.927   1500.8    790.5
     1     1    14     1     7     9     0     0    21.0    1.049  -74.958   1567.3    783.6
     1     1    14     1     7    10     0     0    22.0    1.049  -74.993   1635.5    776.7
     1     1    14     1     7    11     0     0    23.0    1.045  -75.032   1705.5    769.5
     1     1    14     1     7    12     0     0    24.0    1.038  -75.075   1777.2    762.0
     1     1    14     1     7    13     0     0    25.0    1.028  -75.123   1853.1    754.7
     1     1    14     1     7    14     0     0    26.0    1.016  -75.174   1936.2    746.6
     1     1    14     1     7    15     0     0    27.0    1.001  -75.230   2026.5    738.1
     1     1    14     1     7    16     0     0    28.0    0.980  -75.291   2123.9    729.1
     1     1    14     1     7    17     0     0    29.0    0.955  -75.358   2228.2    719.3
     1     1    14     1     7    18     0     0    30.0    0.923  -75.431   2338.6    709.0
     1     1    14     1     7    19     0     0    31.0    0.886  -75.509   2448.6    698.4
     1     1    14     1     7    20     0     0    32.0    0.845  -75.592   2551.0    689.0
     1     1    14     1     7    21     0     0    33.0    0.803  -75.680   2645.7    680.2
     1     1    14     1     7    22     0     0    34.0    0.761  -75.773   2732.4    671.8
     1     1    14     1     7    23     0     0    35.0    0.722  -75.867   2811.1    663.9
     1     1    14     1     8     0     0     0    36.0    0.688  -75.963   2882.1    656.6
     1     1    14     1     8     1     0     0    37.0    0.657  -76.060   2953.9    650.1
     1     1    14     1     8     2     0     0    38.0    0.624  -76.157   3031.3    642.6
     1     1    14     1     8     3     0     0    39.0    0.589  -76.255   3115.5    634.6
     1     1    14     1     8     4     0     0    40.0    0.550  -76.350   3206.3    626.2
     1     1    14     1     8     5     0     0    41.0    0.505  -76.441   3303.0    617.3
     1     1    14     1     8     6     0     0    42.0    0.451  -76.529   3404.6    608.1
     1     1    14     1     8     7     0     0    43.0    0.394  -76.609   3502.3    598.5
     1     1    14     1     8     8     0     0    44.0    0.338  -76.679   3590.0    590.5
     1     1    14     1     8     9     0     0    45.0    0.284  -76.736   3666.8    583.7
     1     1    14     1     8    10     0     0    46.0    0.228  -76.778   3732.3    577.9
     1     1    14     1     8    11     0     0    47.0    0.172  -76.804   3786.2    573.4
     1     1    14     1     8    12     0     0    48.0    0.113  -76.812   3828.1    570.2
