     1     1
    CDC1    14     1     1     0     0
     1 FORWARD  OMEGA   
    14     1    29    12    1.000  -75.000   500.0
     1 PRESSURE
     1     1    14     1    29    12     0     0     0.0    1.000  -75.000    500.0    888.1
     1     1    14     1    29    13     0     0     1.0    0.936  -75.029    538.5    885.3
     1     1    14     1    29    14     0     0     2.0    0.873  -75.056    580.4    882.1
     1     1    14     1    29    15     0     0     3.0    0.810  -75.080    625.9    878.6
     1     1    14     1    29    16     0     0     4.0    0.746  -75.101    675.3    874.1
     1     1    14     1    29    17     0     0     5.0    0.683  -75.121    728.7    869.5
     1     1    14     1    29    18     0     0     6.0    0.618  -75.140    786.9    864.6
     1     1    14     1    29    19     0     0     7.0    0.553  -75.159    845.5    859.5
     1     1    14     1    29    20     0     0     8.0    0.487  -75.175    900.5    855.4
     1     1    14     1    29    21     0     0     9.0    0.422  -75.189    951.3    851.3
     1     1    14     1    29    22     0     0    10.0    0.358  -75.200    997.5    847.6
     1     1    14     1    29    23     0     0    11.0    0.296  -75.208   1038.8    844.4
     1     1    14     1    30     0     0     0    12.0    0.235  -75.213   1074.9    841.9
     1     1    14     1    30     1     0     0    13.0    0.182  -75.220   1107.5    840.4
     1     1    14     1    30     2     0     0    14.0    0.141  -75.232   1137.6    838.5
     1     1    14     1    30     3     0     0    15.0    0.112  -75.248   1165.3    836.5
     1     1    14     1    30     4     0     0    16.0    0.094  -75.267   1190.8    834.3
     1     1    14     1    30     5     0     0    17.0    0.089  -75.288   1213.9    832.0
     1     1    14     1    30     6     0     0    18.0    0.096  -75.312   1234.8    829.6
     1     1    14     1    30     7     0     0    19.0    0.106  -75.348   1260.5    826.5
     1     1    14     1    30     8     0     0    20.0    0.109  -75.408   1296.5    821.1
     1     1    14     1    30     9     0     0    21.0    0.106  -75.490   1344.5    813.8
     1     1    14     1    30    10     0     0    22.0    0.097  -75.593   1405.6    804.8
     1     1    14     1    30    11     0     0    23.0    0.084  -75.714   1481.3    794.1
     1     1    14     1    30    12     0     0    24.0    0.070  -75.850   1573.2    781.6
     1     1    14     1    30    13     0     0    25.0    0.050  -75.989   1676.7    767.8
     1     1    14     1    30    14     0     0    26.0    0.019  -76.119   1785.2    753.9
     1     1    14     1    30    15     0     0    27.0   -0.021  -76.240   1897.0    740.4
     1     1    14     1    30    16     0     0    28.0   -0.066  -76.355   2010.9    727.4
     1     1    14     1    30    17     0     0    29.0   -0.116  -76.464   2125.9    714.9
     1     1    14     1    30    18     0     0    30.0   -0.167  -76.568   2239.2    702.2
     1     1    14     1    30    19     0     0    31.0   -0.219  -76.673   2350.3    690.1
     1     1    14     1    30    20     0     0    32.0   -0.274  -76.782   2463.9    677.8
     1     1    14     1    30    21     0     0    33.0   -0.331  -76.896   2579.8    665.4
     1     1    14     1    30    22     0     0    34.0   -0.392  -77.013   2698.3    652.7
     1     1    14     1    30    23     0     0    35.0   -0.458  -77.130   2819.9    639.8
     1     1    14     1    31     0     0     0    36.0   -0.528  -77.246   2945.7    626.9
     1     1    14     1    31     1     0     0    37.0   -0.595  -77.363   3067.2    614.0
     1     1    14     1    31     2     0     0    38.0   -0.651  -77.484   3172.6    603.0
     1     1    14     1    31     3     0     0    39.0   -0.698  -77.611   3269.3    596.8
     1     1    14     1    31     4     0     0    40.0   -0.737  -77.745   3350.5    592.5
     1     1    14     1    31     5     0     0    41.0   -0.765  -77.886   3416.0    589.5
     1     1    14     1    31     6     0     0    42.0   -0.782  -78.037   3467.3    587.5
     1     1    14     1    31     7     0     0    43.0   -0.793  -78.198   3512.1    586.7
     1     1    14     1    31     8     0     0    44.0   -0.804  -78.368   3555.9    585.4
     1     1    14     1    31     9     0     0    45.0   -0.815  -78.545   3599.2    584.3
     1     1    14     1    31    10     0     0    46.0   -0.827  -78.730   3642.0    583.2
     1     1    14     1    31    11     0     0    47.0   -0.838  -78.920   3684.3    582.3
     1     1    14     1    31    12     0     0    48.0   -0.849  -79.116   3725.9    581.4
