     1     1
    CDC1    14     1     1     0     0
     1 FORWARD  OMEGA   
    14     1    25     6    1.000  -75.000   500.0
     1 PRESSURE
     1     1    14     1    25     6     0     0     0.0    1.000  -75.000    500.0    889.4
     1     1    14     1    25     7     0     0     1.0    0.948  -75.003    507.1    889.8
     1     1    14     1    25     8     0     0     2.0    0.896  -74.997    513.4    890.6
     1     1    14     1    25     9     0     0     3.0    0.842  -74.981    519.1    891.5
     1     1    14     1    25    10     0     0     4.0    0.787  -74.955    524.4    892.7
     1     1    14     1    25    11     0     0     5.0    0.730  -74.919    529.4    894.0
     1     1    14     1    25    12     0     0     6.0    0.671  -74.873    534.3    895.5
     1     1    14     1    25    13     0     0     7.0    0.608  -74.829    541.1    897.3
     1     1    14     1    25    14     0     0     8.0    0.539  -74.797    551.8    898.4
     1     1    14     1    25    15     0     0     9.0    0.465  -74.776    566.5    899.2
     1     1    14     1    25    16     0     0    10.0    0.385  -74.768    585.4    899.5
     1     1    14     1    25    17     0     0    11.0    0.299  -74.771    608.5    899.6
     1     1    14     1    25    18     0     0    12.0    0.206  -74.785    636.2    899.1
     1     1    14     1    25    19     0     0    13.0    0.105  -74.804    664.7    897.8
     1     1    14     1    25    20     0     0    14.0   -0.001  -74.822    690.0    897.6
     1     1    14     1    25    21     0     0    15.0   -0.112  -74.837    711.5    896.9
     1     1    14     1    25    22     0     0    16.0   -0.230  -74.849    729.2    896.9
     1     1    14     1    25    23     0     0    17.0   -0.352  -74.857    742.7    897.4
     1     1    14     1    26     0     0     0    18.0   -0.480  -74.862    751.7    898.5
     1     1    14     1    26     1     0     0    19.0   -0.610  -74.865    756.9    900.6
     1     1    14     1    26     2     0     0    20.0   -0.740  -74.869    758.7    903.1
     1     1    14     1    26     3     0     0    21.0   -0.871  -74.874    757.5    905.8
     1     1    14     1    26     4     0     0    22.0   -1.004  -74.881    753.6    908.9
     1     1    14     1    26     5     0     0    23.0   -1.138  -74.889    747.3    912.2
     1     1    14     1    26     6     0     0    24.0   -1.276  -74.900    738.8    915.9
     1     1    14     1    26     7     0     0    25.0   -1.417  -74.923    730.7    919.4
     1     1    14     1    26     8     0     0    26.0   -1.561  -74.964    725.8    922.6
     1     1    14     1    26     9     0     0    27.0   -1.705  -75.026    724.2    924.2
     1     1    14     1    26    10     0     0    28.0   -1.847  -75.107    726.9    922.9
     1     1    14     1    26    11     0     0    29.0   -1.985  -75.204    735.1    919.9
     1     1    14     1    26    12     0     0    30.0   -2.115  -75.319    749.7    915.2
     1     1    14     1    26    13     0     0    31.0   -2.235  -75.433    768.3    909.5
     1     1    14     1    26    14     0     0    32.0   -2.346  -75.529    787.4    904.7
     1     1    14     1    26    15     0     0    33.0   -2.452  -75.609    806.3    900.4
     1     1    14     1    26    16     0     0    34.0   -2.552  -75.673    824.6    896.1
     1     1    14     1    26    17     0     0    35.0   -2.651  -75.721    842.0    891.8
     1     1    14     1    26    18     0     0    36.0   -2.749  -75.756    858.8    888.3
     1     1    14     1    26    19     0     0    37.0   -2.847  -75.783    875.5    885.3
     1     1    14     1    26    20     0     0    38.0   -2.946  -75.805    893.5    882.3
     1     1    14     1    26    21     0     0    39.0   -3.046  -75.824    912.7    879.4
     1     1    14     1    26    22     0     0    40.0   -3.145  -75.838    933.3    876.4
     1     1    14     1    26    23     0     0    41.0   -3.245  -75.848    955.6    873.4
     1     1    14     1    27     0     0     0    42.0   -3.344  -75.854    979.7    870.4
     1     1    14     1    27     1     0     0    43.0   -3.444  -75.860   1003.7    867.6
     1     1    14     1    27     2     0     0    44.0   -3.545  -75.870   1025.8    865.1
     1     1    14     1    27     3     0     0    45.0   -3.647  -75.883   1045.6    862.7
     1     1    14     1    27     4     0     0    46.0   -3.750  -75.899   1063.1    860.3
     1     1    14     1    27     5     0     0    47.0   -3.855  -75.918   1078.3    858.1
     1     1    14     1    27     6     0     0    48.0   -3.961  -75.939   1090.9    856.1
