     1     1
    CDC1    14     1     1     0     0
     1 FORWARD  OMEGA   
    14     1    22     6    1.000  -75.000   500.0
     1 PRESSURE
     1     1    14     1    22     6     0     0     0.0    1.000  -75.000    500.0    888.9
     1     1    14     1    22     7     0     0     1.0    0.949  -75.017    508.5    889.2
     1     1    14     1    22     8     0     0     2.0    0.895  -75.041    517.8    889.3
     1     1    14     1    22     9     0     0     3.0    0.840  -75.071    527.9    889.1
     1     1    14     1    22    10     0     0     4.0    0.783  -75.106    538.8    888.7
     1     1    14     1    22    11     0     0     5.0    0.726  -75.148    550.6    888.1
     1     1    14     1    22    12     0     0     6.0    0.669  -75.195    563.1    887.1
     1     1    14     1    22    13     0     0     7.0    0.611  -75.245    577.8    886.0
     1     1    14     1    22    14     0     0     8.0    0.551  -75.294    595.7    884.4
     1     1    14     1    22    15     0     0     9.0    0.489  -75.344    617.2    882.4
     1     1    14     1    22    16     0     0    10.0    0.427  -75.395    642.7    879.6
     1     1    14     1    22    17     0     0    11.0    0.363  -75.447    672.6    876.3
     1     1    14     1    22    18     0     0    12.0    0.297  -75.502    707.3    872.3
     1     1    14     1    22    19     0     0    13.0    0.231  -75.554    743.7    867.7
     1     1    14     1    22    20     0     0    14.0    0.164  -75.597    777.9    864.0
     1     1    14     1    22    21     0     0    15.0    0.093  -75.633    809.8    860.8
     1     1    14     1    22    22     0     0    16.0    0.020  -75.660    839.3    858.1
     1     1    14     1    22    23     0     0    17.0   -0.058  -75.682    866.5    855.8
     1     1    14     1    23     0     0     0    18.0   -0.142  -75.698    891.5    853.9
     1     1    14     1    23     1     0     0    19.0   -0.222  -75.712    914.7    852.7
     1     1    14     1    23     2     0     0    20.0   -0.289  -75.728    937.3    851.0
     1     1    14     1    23     3     0     0    21.0   -0.342  -75.744    959.2    849.2
     1     1    14     1    23     4     0     0    22.0   -0.381  -75.760    980.2    847.3
     1     1    14     1    23     5     0     0    23.0   -0.408  -75.776   1000.5    845.3
     1     1    14     1    23     6     0     0    24.0   -0.420  -75.791   1020.0    843.2
     1     1    14     1    23     7     0     0    25.0   -0.426  -75.811   1040.2    840.7
     1     1    14     1    23     8     0     0    26.0   -0.432  -75.844   1062.9    837.5
     1     1    14     1    23     9     0     0    27.0   -0.439  -75.888   1088.2    833.6
     1     1    14     1    23    10     0     0    28.0   -0.445  -75.946   1116.2    829.0
     1     1    14     1    23    11     0     0    29.0   -0.450  -76.016   1147.4    823.7
     1     1    14     1    23    12     0     0    30.0   -0.455  -76.101   1181.7    817.7
     1     1    14     1    23    13     0     0    31.0   -0.465  -76.195   1221.2    810.6
     1     1    14     1    23    14     0     0    32.0   -0.485  -76.297   1268.7    802.5
     1     1    14     1    23    15     0     0    33.0   -0.516  -76.408   1324.5    793.1
     1     1    14     1    23    16     0     0    34.0   -0.555  -76.529   1389.4    782.6
     1     1    14     1    23    17     0     0    35.0   -0.602  -76.663   1463.9    771.1
     1     1    14     1    23    18     0     0    36.0   -0.655  -76.813   1549.1    758.5
     1     1    14     1    23    19     0     0    37.0   -0.714  -76.973   1638.6    745.0
     1     1    14     1    23    20     0     0    38.0   -0.777  -77.138   1724.8    732.0
     1     1    14     1    23    21     0     0    39.0   -0.847  -77.305   1806.2    719.4
     1     1    14     1    23    22     0     0    40.0   -0.922  -77.474   1881.8    707.4
     1     1    14     1    23    23     0     0    41.0   -1.007  -77.642   1956.9    702.4
     1     1    14     1    24     0     0     0    42.0   -1.101  -77.806   2026.0    699.1
     1     1    14     1    24     1     0     0    43.0   -1.196  -77.969   2091.8    696.5
     1     1    14     1    24     2     0     0    44.0   -1.283  -78.132   2155.0    693.4
     1     1    14     1    24     3     0     0    45.0   -1.359  -78.293   2215.8    690.3
     1     1    14     1    24     4     0     0    46.0   -1.425  -78.450   2274.1    687.2
     1     1    14     1    24     5     0     0    47.0   -1.479  -78.603   2330.4    684.2
     1     1    14     1    24     6     0     0    48.0   -1.522  -78.754   2385.1    681.3
