     1     1
    CDC1    14     1     1     0     0
     1 FORWARD  OMEGA   
    14     1    13     0    1.000  -75.000   500.0
     1 PRESSURE
     1     1    14     1    13     0     0     0     0.0    1.000  -75.000    500.0    889.2
     1     1    14     1    13     1     0     0     1.0    0.965  -75.140    518.6    886.0
     1     1    14     1    13     2     0     0     2.0    0.952  -75.285    541.0    881.4
     1     1    14     1    13     3     0     0     3.0    0.962  -75.435    567.8    875.8
     1     1    14     1    13     4     0     0     4.0    0.993  -75.592    599.6    869.3
     1     1    14     1    13     5     0     0     5.0    1.047  -75.756    637.0    861.7
     1     1    14     1    13     6     0     0     6.0    1.122  -75.927    680.1    853.2
     1     1    14     1    13     7     0     0     7.0    1.199  -76.098    723.8    844.4
     1     1    14     1    13     8     0     0     8.0    1.260  -76.259    762.8    837.4
     1     1    14     1    13     9     0     0     9.0    1.309  -76.412    796.9    831.5
     1     1    14     1    13    10     0     0    10.0    1.349  -76.557    826.0    826.6
     1     1    14     1    13    11     0     0    11.0    1.382  -76.696    850.1    822.4
     1     1    14     1    13    12     0     0    12.0    1.412  -76.829    869.3    818.9
     1     1    14     1    13    13     0     0    13.0    1.439  -76.956    890.4    816.2
     1     1    14     1    13    14     0     0    14.0    1.465  -77.079    919.9    812.1
     1     1    14     1    13    15     0     0    15.0    1.488  -77.197    957.6    807.2
     1     1    14     1    13    16     0     0    16.0    1.507  -77.310   1003.5    801.8
     1     1    14     1    13    17     0     0    17.0    1.522  -77.421   1057.8    795.7
     1     1    14     1    13    18     0     0    18.0    1.532  -77.530   1121.1    790.1
     1     1    14     1    13    19     0     0    19.0    1.544  -77.639   1187.8    786.4
     1     1    14     1    13    20     0     0    20.0    1.567  -77.750   1249.5    784.1
     1     1    14     1    13    21     0     0    21.0    1.600  -77.861   1306.3    781.9
     1     1    14     1    13    22     0     0    22.0    1.643  -77.973   1357.9    780.4
     1     1    14     1    13    23     0     0    23.0    1.696  -78.086   1404.6    779.6
     1     1    14     1    14     0     0     0    24.0    1.759  -78.198   1446.1    779.5
     1     1    14     1    14     1     0     0    25.0    1.825  -78.315   1486.5    780.5
     1     1    14     1    14     2     0     0    26.0    1.888  -78.439   1529.5    781.2
     1     1    14     1    14     3     0     0    27.0    1.948  -78.573   1574.8    782.0
     1     1    14     1    14     4     0     0    28.0    2.005  -78.715   1622.2    782.9
     1     1    14     1    14     5     0     0    29.0    2.059  -78.867   1671.5    784.0
     1     1    14     1    14     6     0     0    30.0    2.110  -79.027   1722.6    784.9
     1     1    14     1    14     7     0     0    31.0    2.163  -79.181   1775.8    785.4
     1     1    14     1    14     8     0     0    32.0    2.221  -79.315   1831.6    785.1
     1     1    14     1    14     9     0     0    33.0    2.284  -79.431   1890.6    784.3
     1     1    14     1    14    10     0     0    34.0    2.353  -79.529   1953.1    782.8
     1     1    14     1    14    11     0     0    35.0    2.426  -79.610   2019.4    780.7
     1     1    14     1    14    12     0     0    36.0    2.503  -79.676   2089.9    778.0
     1     1    14     1    14    13     0     0    37.0    2.574  -79.739   2159.2    774.1
     1     1    14     1    14    14     0     0    38.0    2.627  -79.810   2224.4    770.9
     1     1    14     1    14    15     0     0    39.0    2.662  -79.889   2285.3    768.0
     1     1    14     1    14    16     0     0    40.0    2.680  -79.974   2342.2    765.5
     1     1    14     1    14    17     0     0    41.0    2.679  -80.066   2393.6    761.9
     1     1    14     1    14    18     0     0    42.0    2.660  -80.166   2440.9    758.1
     1     1    14     1    14    19     0     0    43.0    2.631  -80.276   2487.6    753.9
     1     1    14     1    14    20     0     0    44.0    2.601  -80.401   2536.4    749.5
     1     1    14     1    14    21     0     0    45.0    2.569  -80.539   2587.0    745.0
     1     1    14     1    14    22     0     0    46.0    2.537  -80.690   2638.9    740.6
     1     1    14     1    14    23     0     0    47.0    2.504  -80.853   2691.6    736.3
     1     1    14     1    15     0     0     0    48.0    2.471  -81.029   2743.8    731.9
