     1     1
    CDC1    14     1     1     0     0
     1 FORWARD  OMEGA   
    14     1     9    18    1.000  -75.000   500.0
     1 PRESSURE
     1     1    14     1     9    18     0     0     0.0    1.000  -75.000    500.0    888.8
     1     1    14     1     9    19     0     0     1.0    0.943  -75.052    533.6    885.9
     1     1    14     1     9    20     0     0     2.0    0.889  -75.104    566.0    883.1
     1     1    14     1     9    21     0     0     3.0    0.838  -75.157    597.0    880.2
     1     1    14     1     9    22     0     0     4.0    0.791  -75.213    626.5    877.2
     1     1    14     1     9    23     0     0     5.0    0.747  -75.272    654.3    873.8
     1     1    14     1    10     0     0     0     6.0    0.706  -75.335    680.3    870.4
     1     1    14     1    10     1     0     0     7.0    0.671  -75.406    706.3    867.0
     1     1    14     1    10     2     0     0     8.0    0.644  -75.489    734.4    862.6
     1     1    14     1    10     3     0     0     9.0    0.625  -75.585    764.4    857.6
     1     1    14     1    10     4     0     0    10.0    0.615  -75.694    796.0    851.9
     1     1    14     1    10     5     0     0    11.0    0.612  -75.814    829.2    845.8
     1     1    14     1    10     6     0     0    12.0    0.618  -75.948    863.9    839.1
     1     1    14     1    10     7     0     0    13.0    0.625  -76.086    899.8    832.3
     1     1    14     1    10     8     0     0    14.0    0.628  -76.217    936.7    825.3
     1     1    14     1    10     9     0     0    15.0    0.628  -76.343    975.0    818.4
     1     1    14     1    10    10     0     0    16.0    0.629  -76.461   1015.1    811.5
     1     1    14     1    10    11     0     0    17.0    0.634  -76.571   1057.7    804.7
     1     1    14     1    10    12     0     0    18.0    0.644  -76.672   1103.2    798.0
     1     1    14     1    10    13     0     0    19.0    0.655  -76.762   1151.8    791.2
     1     1    14     1    10    14     0     0    20.0    0.663  -76.839   1205.0    784.4
     1     1    14     1    10    15     0     0    21.0    0.665  -76.904   1262.4    777.5
     1     1    14     1    10    16     0     0    22.0    0.664  -76.958   1323.9    770.2
     1     1    14     1    10    17     0     0    23.0    0.658  -77.001   1389.4    763.0
     1     1    14     1    10    18     0     0    24.0    0.648  -77.034   1459.1    755.7
     1     1    14     1    10    19     0     0    25.0    0.638  -77.063   1528.3    748.5
     1     1    14     1    10    20     0     0    26.0    0.629  -77.092   1591.1    742.4
     1     1    14     1    10    21     0     0    27.0    0.621  -77.123   1647.5    736.9
     1     1    14     1    10    22     0     0    28.0    0.612  -77.153   1697.2    731.7
     1     1    14     1    10    23     0     0    29.0    0.603  -77.184   1739.7    727.2
     1     1    14     1    11     0     0     0    30.0    0.593  -77.214   1774.8    723.3
     1     1    14     1    11     1     0     0    31.0    0.581  -77.250   1808.8    720.3
     1     1    14     1    11     2     0     0    32.0    0.569  -77.297   1845.8    716.3
     1     1    14     1    11     3     0     0    33.0    0.556  -77.356   1886.4    711.7
     1     1    14     1    11     4     0     0    34.0    0.542  -77.426   1930.2    706.5
     1     1    14     1    11     5     0     0    35.0    0.526  -77.509   1977.1    701.2
     1     1    14     1    11     6     0     0    36.0    0.507  -77.604   2030.3    698.8
     1     1    14     1    11     7     0     0    37.0    0.487  -77.702   2085.2    696.0
     1     1    14     1    11     8     0     0    38.0    0.473  -77.793   2140.7    693.0
     1     1    14     1    11     9     0     0    39.0    0.466  -77.875   2196.0    689.8
     1     1    14     1    11    10     0     0    40.0    0.466  -77.949   2250.7    686.7
     1     1    14     1    11    11     0     0    41.0    0.472  -78.014   2305.1    683.5
     1     1    14     1    11    12     0     0    42.0    0.485  -78.073   2359.0    680.4
     1     1    14     1    11    13     0     0    43.0    0.502  -78.129   2416.2    677.2
     1     1    14     1    11    14     0     0    44.0    0.523  -78.188   2480.7    673.3
     1     1    14     1    11    15     0     0    45.0    0.547  -78.250   2552.3    669.0
     1     1    14     1    11    16     0     0    46.0    0.573  -78.315   2631.1    664.4
     1     1    14     1    11    17     0     0    47.0    0.603  -78.384   2716.8    659.1
     1     1    14     1    11    18     0     0    48.0    0.636  -78.458   2809.0    653.6
