     1     1
    CDC1    14     1     1     0     0
     1 FORWARD  OMEGA   
    14     1    22     0    1.000  -75.000   500.0
     1 PRESSURE
     1     1    14     1    22     0     0     0     0.0    1.000  -75.000    500.0    885.7
     1     1    14     1    22     1     0     0     1.0    0.940  -74.989    501.3    888.0
     1     1    14     1    22     2     0     0     2.0    0.880  -74.983    503.2    890.1
     1     1    14     1    22     3     0     0     3.0    0.821  -74.982    505.7    892.1
     1     1    14     1    22     4     0     0     4.0    0.764  -74.986    508.8    893.9
     1     1    14     1    22     5     0     0     5.0    0.706  -74.994    512.3    895.7
     1     1    14     1    22     6     0     0     6.0    0.649  -75.008    516.2    897.2
     1     1    14     1    22     7     0     0     7.0    0.592  -75.027    520.6    897.8
     1     1    14     1    22     8     0     0     8.0    0.533  -75.053    526.0    898.2
     1     1    14     1    22     9     0     0     9.0    0.472  -75.084    532.3    898.3
     1     1    14     1    22    10     0     0    10.0    0.411  -75.122    539.4    898.1
     1     1    14     1    22    11     0     0    11.0    0.350  -75.165    547.3    897.5
     1     1    14     1    22    12     0     0    12.0    0.289  -75.214    556.0    896.6
     1     1    14     1    22    13     0     0    13.0    0.229  -75.266    566.9    895.5
     1     1    14     1    22    14     0     0    14.0    0.169  -75.317    581.0    893.9
     1     1    14     1    22    15     0     0    15.0    0.109  -75.368    598.8    891.9
     1     1    14     1    22    16     0     0    16.0    0.048  -75.420    620.8    889.4
     1     1    14     1    22    17     0     0    17.0   -0.012  -75.474    647.4    885.9
     1     1    14     1    22    18     0     0    18.0   -0.072  -75.530    679.0    881.5
     1     1    14     1    22    19     0     0    19.0   -0.134  -75.585    712.7    876.4
     1     1    14     1    22    20     0     0    20.0   -0.199  -75.632    744.8    872.2
     1     1    14     1    22    21     0     0    21.0   -0.268  -75.672    775.3    868.5
     1     1    14     1    22    22     0     0    22.0   -0.341  -75.707    804.3    865.3
     1     1    14     1    22    23     0     0    23.0   -0.420  -75.736    832.0    862.5
     1     1    14     1    23     0     0     0    24.0   -0.504  -75.760    858.4    860.1
     1     1    14     1    23     1     0     0    25.0   -0.585  -75.782    883.4    858.4
     1     1    14     1    23     2     0     0    26.0   -0.653  -75.803    907.6    856.6
     1     1    14     1    23     3     0     0    27.0   -0.707  -75.824    930.7    854.5
     1     1    14     1    23     4     0     0    28.0   -0.748  -75.842    952.7    852.2
     1     1    14     1    23     5     0     0    29.0   -0.776  -75.859    973.7    850.0
     1     1    14     1    23     6     0     0    30.0   -0.790  -75.874    993.6    847.9
     1     1    14     1    23     7     0     0    31.0   -0.797  -75.893   1014.0    845.4
     1     1    14     1    23     8     0     0    32.0   -0.804  -75.923   1036.7    842.2
     1     1    14     1    23     9     0     0    33.0   -0.813  -75.963   1062.0    838.4
     1     1    14     1    23    10     0     0    34.0   -0.821  -76.015   1090.0    833.9
     1     1    14     1    23    11     0     0    35.0   -0.829  -76.078   1120.9    828.7
     1     1    14     1    23    12     0     0    36.0   -0.837  -76.153   1154.8    822.8
     1     1    14     1    23    13     0     0    37.0   -0.850  -76.238   1193.2    816.0
     1     1    14     1    23    14     0     0    38.0   -0.873  -76.331   1238.6    808.3
     1     1    14     1    23    15     0     0    39.0   -0.907  -76.433   1291.2    799.5
     1     1    14     1    23    16     0     0    40.0   -0.950  -76.546   1351.7    789.5
     1     1    14     1    23    17     0     0    41.0   -1.001  -76.673   1420.7    778.5
     1     1    14     1    23    18     0     0    42.0   -1.060  -76.814   1498.9    766.3
     1     1    14     1    23    19     0     0    43.0   -1.126  -76.967   1581.1    753.5
     1     1    14     1    23    20     0     0    44.0   -1.197  -77.123   1660.5    741.4
     1     1    14     1    23    21     0     0    45.0   -1.275  -77.282   1736.3    729.1
     1     1    14     1    23    22     0     0    46.0   -1.361  -77.443   1807.3    717.3
     1     1    14     1    23    23     0     0    47.0   -1.455  -77.604   1877.2    710.7
     1     1    14     1    24     0     0     0    48.0   -1.560  -77.762   1943.9    707.1
