     1     1
    CDC1    14     1     1     0     0
     1 FORWARD  OMEGA   
    14     1     9     0    1.000  -75.000   500.0
     1 PRESSURE
     1     1    14     1     9     0     0     0     0.0    1.000  -75.000    500.0    887.9
     1     1    14     1     9     1     0     0     1.0    0.988  -75.026    502.5    887.8
     1     1    14     1     9     2     0     0     2.0    0.982  -75.062    506.4    887.1
     1     1    14     1     9     3     0     0     3.0    0.984  -75.107    511.6    885.9
     1     1    14     1     9     4     0     0     4.0    0.993  -75.162    518.3    884.2
     1     1    14     1     9     5     0     0     5.0    1.011  -75.225    526.5    881.9
     1     1    14     1     9     6     0     0     6.0    1.036  -75.297    536.2    879.2
     1     1    14     1     9     7     0     0     7.0    1.066  -75.367    546.5    876.1
     1     1    14     1     9     8     0     0     8.0    1.092  -75.422    556.0    873.7
     1     1    14     1     9     9     0     0     9.0    1.116  -75.464    564.4    871.7
     1     1    14     1     9    10     0     0    10.0    1.137  -75.491    571.7    870.1
     1     1    14     1     9    11     0     0    11.0    1.155  -75.505    577.5    869.0
     1     1    14     1     9    12     0     0    12.0    1.168  -75.505    582.0    868.4
     1     1    14     1     9    13     0     0    13.0    1.174  -75.502    588.8    867.9
     1     1    14     1     9    14     0     0    14.0    1.170  -75.507    601.4    866.6
     1     1    14     1     9    15     0     0    15.0    1.156  -75.520    619.9    864.8
     1     1    14     1     9    16     0     0    16.0    1.131  -75.540    644.4    862.1
     1     1    14     1     9    17     0     0    17.0    1.097  -75.567    675.2    858.9
     1     1    14     1     9    18     0     0    18.0    1.053  -75.601    712.6    855.2
     1     1    14     1     9    19     0     0    19.0    1.005  -75.638    752.5    850.8
     1     1    14     1     9    20     0     0    20.0    0.959  -75.678    790.8    847.1
     1     1    14     1     9    21     0     0    21.0    0.914  -75.720    827.2    843.4
     1     1    14     1     9    22     0     0    22.0    0.870  -75.765    861.6    839.9
     1     1    14     1     9    23     0     0    23.0    0.826  -75.814    893.8    836.6
     1     1    14     1    10     0     0     0    24.0    0.784  -75.867    923.8    833.0
     1     1    14     1    10     1     0     0    25.0    0.745  -75.931    953.1    829.3
     1     1    14     1    10     2     0     0    26.0    0.713  -76.010    984.2    824.7
     1     1    14     1    10     3     0     0    27.0    0.688  -76.104   1016.5    819.5
     1     1    14     1    10     4     0     0    28.0    0.671  -76.213   1049.8    813.9
     1     1    14     1    10     5     0     0    29.0    0.660  -76.337   1083.9    807.8
     1     1    14     1    10     6     0     0    30.0    0.657  -76.477   1118.6    801.2
     1     1    14     1    10     7     0     0    31.0    0.657  -76.620   1154.5    794.6
     1     1    14     1    10     8     0     0    32.0    0.660  -76.754   1192.0    788.1
     1     1    14     1    10     9     0     0    33.0    0.670  -76.879   1231.9    781.7
     1     1    14     1    10    10     0     0    34.0    0.688  -76.992   1274.9    775.1
     1     1    14     1    10    11     0     0    35.0    0.717  -77.093   1321.7    768.6
     1     1    14     1    10    12     0     0    36.0    0.761  -77.181   1372.8    762.2
     1     1    14     1    10    13     0     0    37.0    0.811  -77.254   1427.9    755.8
     1     1    14     1    10    14     0     0    38.0    0.858  -77.314   1488.5    749.4
     1     1    14     1    10    15     0     0    39.0    0.904  -77.363   1553.8    743.0
     1     1    14     1    10    16     0     0    40.0    0.948  -77.402   1623.8    736.6
     1     1    14     1    10    17     0     0    41.0    0.990  -77.430   1698.5    729.9
     1     1    14     1    10    18     0     0    42.0    1.031  -77.448   1777.7    722.9
     1     1    14     1    10    19     0     0    43.0    1.073  -77.462   1855.6    715.9
     1     1    14     1    10    20     0     0    44.0    1.116  -77.477   1925.3    710.2
     1     1    14     1    10    21     0     0    45.0    1.159  -77.492   1986.4    705.4
     1     1    14     1    10    22     0     0    46.0    1.201  -77.508   2038.6    701.6
     1     1    14     1    10    23     0     0    47.0    1.241  -77.524   2081.2    698.9
     1     1    14     1    11     0     0     0    48.0    1.278  -77.540   2113.7    697.1
