     1     1
    CDC1    14     1     1     0     0
     1 FORWARD  OMEGA   
    14     1    16     6    1.000  -75.000   500.0
     1 PRESSURE
     1     1    14     1    16     6     0     0     0.0    1.000  -75.000    500.0    888.7
     1     1    14     1    16     7     0     0     1.0    0.894  -75.102    526.9    886.9
     1     1    14     1    16     8     0     0     2.0    0.776  -75.204    552.0    885.4
     1     1    14     1    16     9     0     0     3.0    0.645  -75.306    575.5    884.0
     1     1    14     1    16    10     0     0     4.0    0.503  -75.411    597.9    882.4
     1     1    14     1    16    11     0     0     5.0    0.349  -75.518    619.6    880.6
     1     1    14     1    16    12     0     0     6.0    0.185  -75.628    641.2    878.0
     1     1    14     1    16    13     0     0     7.0    0.017  -75.734    666.5    874.6
     1     1    14     1    16    14     0     0     8.0   -0.149  -75.832    698.4    869.9
     1     1    14     1    16    15     0     0     9.0   -0.313  -75.925    736.0    864.7
     1     1    14     1    16    16     0     0    10.0   -0.474  -76.015    778.3    859.1
     1     1    14     1    16    17     0     0    11.0   -0.634  -76.105    824.2    853.1
     1     1    14     1    16    18     0     0    12.0   -0.793  -76.196    873.1    846.9
     1     1    14     1    16    19     0     0    13.0   -0.941  -76.292    923.0    839.6
     1     1    14     1    16    20     0     0    14.0   -1.065  -76.394    973.8    831.5
     1     1    14     1    16    21     0     0    15.0   -1.168  -76.501   1026.0    822.8
     1     1    14     1    16    22     0     0    16.0   -1.250  -76.616   1080.0    813.5
     1     1    14     1    16    23     0     0    17.0   -1.313  -76.736   1136.6    803.6
     1     1    14     1    17     0     0     0    18.0   -1.359  -76.862   1196.1    793.3
     1     1    14     1    17     1     0     0    19.0   -1.399  -76.994   1259.0    783.2
     1     1    14     1    17     2     0     0    20.0   -1.442  -77.132   1324.5    772.2
     1     1    14     1    17     3     0     0    21.0   -1.489  -77.277   1393.1    760.7
     1     1    14     1    17     4     0     0    22.0   -1.542  -77.432   1464.9    748.8
     1     1    14     1    17     5     0     0    23.0   -1.599  -77.594   1542.7    740.9
     1     1    14     1    17     6     0     0    24.0   -1.660  -77.764   1625.3    736.0
     1     1    14     1    17     7     0     0    25.0   -1.719  -77.940   1707.5    730.2
     1     1    14     1    17     8     0     0    26.0   -1.773  -78.126   1786.4    724.9
     1     1    14     1    17     9     0     0    27.0   -1.824  -78.320   1861.0    719.9
     1     1    14     1    17    10     0     0    28.0   -1.873  -78.522   1930.4    715.5
     1     1    14     1    17    11     0     0    29.0   -1.922  -78.730   1993.5    711.7
     1     1    14     1    17    12     0     0    30.0   -1.973  -78.943   2049.0    708.5
     1     1    14     1    17    13     0     0    31.0   -2.029  -79.157   2099.7    706.0
     1     1    14     1    17    14     0     0    32.0   -2.094  -79.369   2148.8    703.1
     1     1    14     1    17    15     0     0    33.0   -2.165  -79.577   2195.9    700.0
     1     1    14     1    17    16     0     0    34.0   -2.240  -79.783   2240.8    697.0
     1     1    14     1    17    17     0     0    35.0   -2.320  -79.988   2283.3    694.0
     1     1    14     1    17    18     0     0    36.0   -2.401  -80.193   2330.9    697.0
     1     1    14     1    17    19     0     0    37.0   -2.481  -80.392   2385.2    700.1
     1     1    14     1    17    20     0     0    38.0   -2.560  -80.582   2449.1    701.7
     1     1    14     1    17    21     0     0    39.0   -2.639  -80.764   2521.8    702.4
     1     1    14     1    17    22     0     0    40.0   -2.717  -80.939   2601.8    702.1
     1     1    14     1    17    23     0     0    41.0   -2.796  -81.108   2687.9    701.0
     1     1    14     1    18     0     0     0    42.0   -2.876  -81.270   2778.8    699.0
     1     1    14     1    18     1     0     0    43.0   -2.956  -81.433   2868.0    696.9
     1     1    14     1    18     2     0     0    44.0   -3.035  -81.603   2952.7    696.0
     1     1    14     1    18     3     0     0    45.0   -3.115  -81.778   3034.3    695.5
     1     1    14     1    18     4     0     0    46.0   -3.197  -81.959   3114.8    695.2
     1     1    14     1    18     5     0     0    47.0   -3.281  -82.147   3196.2    695.1
     1     1    14     1    18     6     0     0    48.0   -3.372  -82.341   3280.6    694.9
