     1     1
    CDC1    14     1     1     0     0
     1 FORWARD  OMEGA   
    14     1     3     0    1.000  -75.000   500.0
     1 PRESSURE
     1     1    14     1     3     0     0     0     0.0    1.000  -75.000    500.0    885.3
     1     1    14     1     3     1     0     0     1.0    0.883  -75.068    493.9    888.3
     1     1    14     1     3     2     0     0     2.0    0.766  -75.127    489.3    891.2
     1     1    14     1     3     3     0     0     3.0    0.648  -75.177    486.0    893.9
     1     1    14     1     3     4     0     0     4.0    0.531  -75.216    483.8    896.6
     1     1    14     1     3     5     0     0     5.0    0.413  -75.247    482.6    899.4
     1     1    14     1     3     6     0     0     6.0    0.294  -75.266    482.1    902.4
     1     1    14     1     3     7     0     0     7.0    0.176  -75.279    482.2    904.6
     1     1    14     1     3     8     0     0     8.0    0.064  -75.288    483.3    906.7
     1     1    14     1     3     9     0     0     9.0   -0.042  -75.294    485.2    908.4
     1     1    14     1     3    10     0     0    10.0   -0.142  -75.298    488.6    909.6
     1     1    14     1     3    11     0     0    11.0   -0.235  -75.301    493.5    910.4
     1     1    14     1     3    12     0     0    12.0   -0.321  -75.304    500.1    910.9
     1     1    14     1     3    13     0     0    13.0   -0.402  -75.310    508.6    911.2
     1     1    14     1     3    14     0     0    14.0   -0.482  -75.321    519.5    911.0
     1     1    14     1     3    15     0     0    15.0   -0.562  -75.334    532.7    910.5
     1     1    14     1     3    16     0     0    16.0   -0.640  -75.351    548.3    909.7
     1     1    14     1     3    17     0     0    17.0   -0.719  -75.369    566.1    908.6
     1     1    14     1     3    18     0     0    18.0   -0.799  -75.389    586.0    907.3
     1     1    14     1     3    19     0     0    19.0   -0.878  -75.414    605.7    905.3
     1     1    14     1     3    20     0     0    20.0   -0.957  -75.447    622.6    903.5
     1     1    14     1     3    21     0     0    21.0   -1.034  -75.487    637.0    901.3
     1     1    14     1     3    22     0     0    22.0   -1.110  -75.534    649.1    899.1
     1     1    14     1     3    23     0     0    23.0   -1.183  -75.588    659.4    896.6
     1     1    14     1     4     0     0     0    24.0   -1.254  -75.648    668.3    894.0
     1     1    14     1     4     1     0     0    25.0   -1.322  -75.714    676.7    891.7
     1     1    14     1     4     2     0     0    26.0   -1.384  -75.787    685.7    888.7
     1     1    14     1     4     3     0     0    27.0   -1.443  -75.867    695.4    885.3
     1     1    14     1     4     4     0     0    28.0   -1.497  -75.956    706.0    881.4
     1     1    14     1     4     5     0     0    29.0   -1.546  -76.052    717.9    877.0
     1     1    14     1     4     6     0     0    30.0   -1.591  -76.156    731.4    871.9
     1     1    14     1     4     7     0     0    31.0   -1.634  -76.260    747.5    866.5
     1     1    14     1     4     8     0     0    32.0   -1.679  -76.356    767.1    860.9
     1     1    14     1     4     9     0     0    33.0   -1.725  -76.447    790.0    855.2
     1     1    14     1     4    10     0     0    34.0   -1.772  -76.532    816.1    849.5
     1     1    14     1     4    11     0     0    35.0   -1.821  -76.614    845.4    843.6
     1     1    14     1     4    12     0     0    36.0   -1.871  -76.694    877.7    837.6
     1     1    14     1     4    13     0     0    37.0   -1.922  -76.779    912.2    830.8
     1     1    14     1     4    14     0     0    38.0   -1.973  -76.875    947.5    823.2
     1     1    14     1     4    15     0     0    39.0   -2.025  -76.983    983.3    815.1
     1     1    14     1     4    16     0     0    40.0   -2.079  -77.104   1018.8    806.5
     1     1    14     1     4    17     0     0    41.0   -2.135  -77.240   1053.3    797.4
     1     1    14     1     4    18     0     0    42.0   -2.194  -77.390   1085.7    787.8
     1     1    14     1     4    19     0     0    43.0   -2.253  -77.552   1116.2    780.5
     1     1    14     1     4    20     0     0    44.0   -2.312  -77.713   1146.4    778.9
     1     1    14     1     4    21     0     0    45.0   -2.368  -77.871   1173.9    777.4
     1     1    14     1     4    22     0     0    46.0   -2.422  -78.023   1200.0    775.9
     1     1    14     1     4    23     0     0    47.0   -2.475  -78.168   1225.6    774.4
     1     1    14     1     5     0     0     0    48.0   -2.527  -78.305   1251.8    772.6
