     1     1
    CDC1    14     1     1     0     0
     1 FORWARD  OMEGA   
    14     1    24     0    1.000  -75.000   500.0
     1 PRESSURE
     1     1    14     1    24     0     0     0     0.0    1.000  -75.000    500.0    887.5
     1     1    14     1    24     1     0     0     1.0    0.935  -75.056    499.2    888.6
     1     1    14     1    24     2     0     0     2.0    0.883  -75.120    498.9    889.0
     1     1    14     1    24     3     0     0     3.0    0.845  -75.191    499.1    888.8
     1     1    14     1    24     4     0     0     4.0    0.819  -75.270    500.2    888.0
     1     1    14     1    24     5     0     0     5.0    0.807  -75.357    502.3    886.4
     1     1    14     1    24     6     0     0     6.0    0.808  -75.453    505.7    884.3
     1     1    14     1    24     7     0     0     7.0    0.807  -75.551    510.9    881.7
     1     1    14     1    24     8     0     0     8.0    0.788  -75.644    517.7    879.3
     1     1    14     1    24     9     0     0     9.0    0.754  -75.732    525.8    877.2
     1     1    14     1    24    10     0     0    10.0    0.704  -75.815    534.7    875.2
     1     1    14     1    24    11     0     0    11.0    0.639  -75.895    544.4    873.3
     1     1    14     1    24    12     0     0    12.0    0.559  -75.972    554.6    871.4
     1     1    14     1    24    13     0     0    13.0    0.471  -76.045    566.6    869.2
     1     1    14     1    24    14     0     0    14.0    0.380  -76.115    581.7    866.5
     1     1    14     1    24    15     0     0    15.0    0.288  -76.181    600.0    863.5
     1     1    14     1    24    16     0     0    16.0    0.194  -76.244    621.8    859.9
     1     1    14     1    24    17     0     0    17.0    0.098  -76.304    647.2    855.6
     1     1    14     1    24    18     0     0    18.0    0.002  -76.361    676.5    851.0
     1     1    14     1    24    19     0     0    19.0   -0.094  -76.418    706.5    846.3
     1     1    14     1    24    20     0     0    20.0   -0.188  -76.476    733.3    842.4
     1     1    14     1    24    21     0     0    21.0   -0.281  -76.534    757.1    838.6
     1     1    14     1    24    22     0     0    22.0   -0.373  -76.591    778.2    835.2
     1     1    14     1    24    23     0     0    23.0   -0.463  -76.648    796.9    832.0
     1     1    14     1    25     0     0     0    24.0   -0.551  -76.703    813.3    829.0
     1     1    14     1    25     1     0     0    25.0   -0.635  -76.751    828.7    827.0
     1     1    14     1    25     2     0     0    26.0   -0.712  -76.790    843.9    825.2
     1     1    14     1    25     3     0     0    27.0   -0.782  -76.817    858.5    823.9
     1     1    14     1    25     4     0     0    28.0   -0.845  -76.834    872.1    823.0
     1     1    14     1    25     5     0     0    29.0   -0.903  -76.840    884.4    822.5
     1     1    14     1    25     6     0     0    30.0   -0.957  -76.836    895.1    822.6
     1     1    14     1    25     7     0     0    31.0   -1.007  -76.822    905.7    822.5
     1     1    14     1    25     8     0     0    32.0   -1.057  -76.797    917.8    822.4
     1     1    14     1    25     9     0     0    33.0   -1.106  -76.763    931.3    822.6
     1     1    14     1    25    10     0     0    34.0   -1.155  -76.721    946.1    823.0
     1     1    14     1    25    11     0     0    35.0   -1.204  -76.669    962.4    823.6
     1     1    14     1    25    12     0     0    36.0   -1.254  -76.610    980.2    824.5
     1     1    14     1    25    13     0     0    37.0   -1.308  -76.550   1001.3    825.5
     1     1    14     1    25    14     0     0    38.0   -1.371  -76.494   1027.8    825.8
     1     1    14     1    25    15     0     0    39.0   -1.442  -76.444   1059.3    825.5
     1     1    14     1    25    16     0     0    40.0   -1.523  -76.398   1095.5    824.7
     1     1    14     1    25    17     0     0    41.0   -1.614  -76.357   1136.2    823.5
     1     1    14     1    25    18     0     0    42.0   -1.714  -76.319   1181.1    821.9
     1     1    14     1    25    19     0     0    43.0   -1.826  -76.279   1227.4    820.2
     1     1    14     1    25    20     0     0    44.0   -1.951  -76.228   1272.6    819.6
     1     1    14     1    25    21     0     0    45.0   -2.089  -76.168   1316.4    819.3
     1     1    14     1    25    22     0     0    46.0   -2.239  -76.098   1358.6    819.8
     1     1    14     1    25    23     0     0    47.0   -2.400  -76.019   1398.7    821.3
     1     1    14     1    26     0     0     0    48.0   -2.573  -75.930   1435.5    822.7
