     1     1
    CDC1    14     1     1     0     0
     1 FORWARD  OMEGA   
    14     1    23    12    1.000  -75.000   500.0
     1 PRESSURE
     1     1    14     1    23    12     0     0     0.0    1.000  -75.000    500.0    889.6
     1     1    14     1    23    13     0     0     1.0    0.992  -75.073    514.5    886.9
     1     1    14     1    23    14     0     0     2.0    0.971  -75.146    532.6    883.9
     1     1    14     1    23    15     0     0     3.0    0.938  -75.219    554.6    880.7
     1     1    14     1    23    16     0     0     4.0    0.894  -75.291    580.8    877.5
     1     1    14     1    23    17     0     0     5.0    0.837  -75.364    611.5    874.1
     1     1    14     1    23    18     0     0     6.0    0.768  -75.438    647.0    869.7
     1     1    14     1    23    19     0     0     7.0    0.693  -75.511    683.5    865.2
     1     1    14     1    23    20     0     0     8.0    0.618  -75.583    717.0    861.3
     1     1    14     1    23    21     0     0     9.0    0.542  -75.653    747.0    857.8
     1     1    14     1    23    22     0     0    10.0    0.465  -75.721    773.2    854.6
     1     1    14     1    23    23     0     0    11.0    0.385  -75.787    795.4    851.8
     1     1    14     1    24     0     0     0    12.0    0.304  -75.850    813.2    849.3
     1     1    14     1    24     1     0     0    13.0    0.228  -75.915    828.8    847.4
     1     1    14     1    24     2     0     0    14.0    0.167  -75.990    844.3    844.8
     1     1    14     1    24     3     0     0    15.0    0.119  -76.073    859.7    841.5
     1     1    14     1    24     4     0     0    16.0    0.085  -76.164    875.2    837.8
     1     1    14     1    24     5     0     0    17.0    0.066  -76.265    890.8    833.6
     1     1    14     1    24     6     0     0    18.0    0.062  -76.374    906.8    828.8
     1     1    14     1    24     7     0     0    19.0    0.059  -76.489    923.9    823.4
     1     1    14     1    24     8     0     0    20.0    0.043  -76.604    942.1    817.7
     1     1    14     1    24     9     0     0    21.0    0.016  -76.720    960.8    811.9
     1     1    14     1    24    10     0     0    22.0   -0.021  -76.836    979.6    806.3
     1     1    14     1    24    11     0     0    23.0   -0.068  -76.953    997.8    801.0
     1     1    14     1    24    12     0     0    24.0   -0.125  -77.069   1014.9    795.8
     1     1    14     1    24    13     0     0    25.0   -0.186  -77.182   1033.4    790.5
     1     1    14     1    24    14     0     0    26.0   -0.247  -77.288   1055.6    784.9
     1     1    14     1    24    15     0     0    27.0   -0.309  -77.387   1081.1    779.2
     1     1    14     1    24    16     0     0    28.0   -0.372  -77.478   1109.6    773.5
     1     1    14     1    24    17     0     0    29.0   -0.438  -77.562   1142.5    770.9
     1     1    14     1    24    18     0     0    30.0   -0.506  -77.638   1178.2    769.1
     1     1    14     1    24    19     0     0    31.0   -0.576  -77.708   1215.4    767.0
     1     1    14     1    24    20     0     0    32.0   -0.643  -77.776   1253.0    764.8
     1     1    14     1    24    21     0     0    33.0   -0.709  -77.841   1291.8    762.2
     1     1    14     1    24    22     0     0    34.0   -0.772  -77.905   1332.1    759.4
     1     1    14     1    24    23     0     0    35.0   -0.832  -77.966   1374.5    756.4
     1     1    14     1    25     0     0     0    36.0   -0.888  -78.026   1419.6    753.1
     1     1    14     1    25     1     0     0    37.0   -0.941  -78.081   1465.3    750.1
     1     1    14     1    25     2     0     0    38.0   -0.992  -78.131   1510.5    747.2
     1     1    14     1    25     3     0     0    39.0   -1.041  -78.175   1554.5    744.4
     1     1    14     1    25     4     0     0    40.0   -1.089  -78.212   1597.1    741.6
     1     1    14     1    25     5     0     0    41.0   -1.137  -78.244   1638.2    738.9
     1     1    14     1    25     6     0     0    42.0   -1.186  -78.271   1677.4    736.1
     1     1    14     1    25     7     0     0    43.0   -1.233  -78.293   1715.8    732.9
     1     1    14     1    25     8     0     0    44.0   -1.276  -78.315   1754.7    729.5
     1     1    14     1    25     9     0     0    45.0   -1.315  -78.335   1794.1    726.0
     1     1    14     1    25    10     0     0    46.0   -1.350  -78.356   1834.0    722.6
     1     1    14     1    25    11     0     0    47.0   -1.380  -78.378   1874.7    719.1
     1     1    14     1    25    12     0     0    48.0   -1.404  -78.401   1916.1    715.6
