     1     1
    CDC1    14     1     1     0     0
     1 FORWARD  OMEGA   
    14     1    16     6   60.000   30.000   500.0
     1 PRESSURE
     1     1    14     1    16     6     0     0     0.0   60.000   30.000    500.0    954.0
     1     1    14     1    16     7     0     0     1.0   59.842   29.578    487.9    954.4
     1     1    14     1    16     8     0     0     2.0   59.670   29.197    475.5    955.0
     1     1    14     1    16     9     0     0     3.0   59.485   28.859    462.6    955.8
     1     1    14     1    16    10     0     0     4.0   59.291   28.568    449.0    956.8
     1     1    14     1    16    11     0     0     5.0   59.088   28.326    434.4    958.1
     1     1    14     1    16    12     0     0     6.0   58.879   28.136    418.7    959.6
     1     1    14     1    16    13     0     0     7.0   58.673   27.974    402.1    961.4
     1     1    14     1    16    14     0     0     8.0   58.475   27.818    385.3    963.4
     1     1    14     1    16    15     0     0     9.0   58.287   27.666    368.6    965.1
     1     1    14     1    16    16     0     0    10.0   58.109   27.516    352.4    966.8
     1     1    14     1    16    17     0     0    11.0   57.943   27.364    337.0    968.3
     1     1    14     1    16    18     0     0    12.0   57.787   27.206    323.1    969.7
     1     1    14     1    16    19     0     0    13.0   57.644   27.054    310.1    970.9
     1     1    14     1    16    20     0     0    14.0   57.512   26.918    297.8    972.2
     1     1    14     1    16    21     0     0    15.0   57.393   26.796    286.4    973.1
     1     1    14     1    16    22     0     0    16.0   57.285   26.684    276.2    973.9
     1     1    14     1    16    23     0     0    17.0   57.189   26.580    267.2    974.6
     1     1    14     1    17     0     0     0    18.0   57.106   26.480    259.4    975.3
     1     1    14     1    17     1     0     0    19.0   57.033   26.374    250.7    976.0
     1     1    14     1    17     2     0     0    20.0   56.968   26.252    238.7    977.5
     1     1    14     1    17     3     0     0    21.0   56.912   26.113    223.6    979.5
     1     1    14     1    17     4     0     0    22.0   56.864   25.956    205.6    982.0
     1     1    14     1    17     5     0     0    23.0   56.823   25.780    185.0    984.5
     1     1    14     1    17     6     0     0    24.0   56.789   25.585    161.7    987.1
     1     1    14     1    17     7     0     0    25.0   56.764   25.368    138.8    990.0
     1     1    14     1    17     8     0     0    26.0   56.749   25.125    118.9    992.2
     1     1    14     1    17     9     0     0    27.0   56.743   24.852    102.2    994.4
     1     1    14     1    17    10     0     0    28.0   56.740   24.550     89.3    996.3
     1     1    14     1    17    11     0     0    29.0   56.738   24.218     80.5    997.6
     1     1    14     1    17    12     0     0    30.0   56.735   23.856     76.0    998.2
     1     1    14     1    17    13     0     0    31.0   56.722   23.462     75.1    998.0
     1     1    14     1    17    14     0     0    32.0   56.691   23.035     77.1    997.5
     1     1    14     1    17    15     0     0    33.0   56.644   22.574     81.8    996.5
     1     1    14     1    17    16     0     0    34.0   56.583   22.085     88.6    995.7
     1     1    14     1    17    17     0     0    35.0   56.509   21.571     96.8    994.8
     1     1    14     1    17    18     0     0    36.0   56.422   21.038    106.2    993.8
     1     1    14     1    17    19     0     0    37.0   56.331   20.503    117.5    993.2
     1     1    14     1    17    20     0     0    38.0   56.248   19.983    131.7    992.2
     1     1    14     1    17    21     0     0    39.0   56.176   19.481    149.1    990.1
     1     1    14     1    17    22     0     0    40.0   56.117   19.000    169.9    987.8
     1     1    14     1    17    23     0     0    41.0   56.069   18.541    195.3    985.1
     1     1    14     1    18     0     0     0    42.0   56.029   18.105    225.9    981.0
     1     1    14     1    18     1     0     0    43.0   55.998   17.662    257.6    976.3
     1     1    14     1    18     2     0     0    44.0   55.976   17.183    286.1    972.4
     1     1    14     1    18     3     0     0    45.0   55.968   16.663    310.7    968.8
     1     1    14     1    18     4     0     0    46.0   55.973   16.101    332.0    965.6
     1     1    14     1    18     5     0     0    47.0   55.992   15.492    351.6    962.7
     1     1    14     1    18     6     0     0    48.0   56.024   14.836    370.6    959.9
