     1     1
    CDC1    14     1     1     0     0
     1 FORWARD  OMEGA   
    14     1    15    18   60.000   30.000   500.0
     1 PRESSURE
     1     1    14     1    15    18     0     0     0.0   60.000   30.000    500.0    956.7
     1     1    14     1    15    19     0     0     1.0   59.930   29.557    493.7    956.4
     1     1    14     1    15    20     0     0     2.0   59.853   29.111    487.7    956.1
     1     1    14     1    15    21     0     0     3.0   59.769   28.664    482.4    956.0
     1     1    14     1    15    22     0     0     4.0   59.673   28.215    478.1    955.8
     1     1    14     1    15    23     0     0     5.0   59.566   27.765    475.4    955.6
     1     1    14     1    16     0     0     0     6.0   59.444   27.316    474.6    955.0
     1     1    14     1    16     1     0     0     7.0   59.306   26.871    473.3    953.3
     1     1    14     1    16     2     0     0     8.0   59.149   26.436    468.9    952.6
     1     1    14     1    16     3     0     0     9.0   58.972   26.016    461.2    952.5
     1     1    14     1    16     4     0     0    10.0   58.778   25.617    449.9    953.0
     1     1    14     1    16     5     0     0    11.0   58.566   25.241    434.9    954.1
     1     1    14     1    16     6     0     0    12.0   58.342   24.894    416.1    956.1
     1     1    14     1    16     7     0     0    13.0   58.117   24.579    395.8    958.6
     1     1    14     1    16     8     0     0    14.0   57.902   24.299    376.6    960.5
     1     1    14     1    16     9     0     0    15.0   57.698   24.049    358.2    962.1
     1     1    14     1    16    10     0     0    16.0   57.504   23.826    340.6    963.6
     1     1    14     1    16    11     0     0    17.0   57.323   23.632    324.2    965.5
     1     1    14     1    16    12     0     0    18.0   57.156   23.467    309.2    967.5
     1     1    14     1    16    13     0     0    19.0   57.006   23.305    296.6    969.3
     1     1    14     1    16    14     0     0    20.0   56.875   23.118    287.0    970.8
     1     1    14     1    16    15     0     0    21.0   56.763   22.901    280.6    971.9
     1     1    14     1    16    16     0     0    22.0   56.667   22.649    277.7    972.6
     1     1    14     1    16    17     0     0    23.0   56.588   22.357    278.4    973.0
     1     1    14     1    16    18     0     0    24.0   56.524   22.019    283.0    973.0
     1     1    14     1    16    19     0     0    25.0   56.478   21.647    291.3    972.6
     1     1    14     1    16    20     0     0    26.0   56.450   21.256    302.2    972.0
     1     1    14     1    16    21     0     0    27.0   56.440   20.847    315.7    971.1
     1     1    14     1    16    22     0     0    28.0   56.446   20.421    331.7    969.9
     1     1    14     1    16    23     0     0    29.0   56.468   19.981    350.2    968.6
     1     1    14     1    17     0     0     0    30.0   56.505   19.530    370.6    966.2
     1     1    14     1    17     1     0     0    31.0   56.551   19.055    391.3    963.5
     1     1    14     1    17     2     0     0    32.0   56.599   18.533    411.4    960.6
     1     1    14     1    17     3     0     0    33.0   56.648   17.964    432.0    957.8
     1     1    14     1    17     4     0     0    34.0   56.700   17.346    453.9    954.7
     1     1    14     1    17     5     0     0    35.0   56.758   16.687    477.7    950.7
     1     1    14     1    17     6     0     0    36.0   56.825   15.994    504.2    946.8
     1     1    14     1    17     7     0     0    37.0   56.901   15.287    536.0    942.8
     1     1    14     1    17     8     0     0    38.0   56.991   14.589    574.6    937.8
     1     1    14     1    17     9     0     0    39.0   57.100   13.902    618.6    932.4
     1     1    14     1    17    10     0     0    40.0   57.232   13.230    666.1    925.9
     1     1    14     1    17    11     0     0    41.0   57.388   12.575    715.1    919.3
     1     1    14     1    17    12     0     0    42.0   57.576   11.941    762.5    911.5
     1     1    14     1    17    13     0     0    43.0   57.812   11.311    803.3    900.8
     1     1    14     1    17    14     0     0    44.0   58.109   10.669    835.5    889.2
     1     1    14     1    17    15     0     0    45.0   58.470   10.020    859.1    875.9
     1     1    14     1    17    16     0     0    46.0   58.890    9.368    876.2    863.7
     1     1    14     1    17    17     0     0    47.0   59.366    8.715    887.7    851.2
     1     1    14     1    17    18     0     0    48.0   59.894    8.066    894.9    838.0
