     1     1
    CDC1    14     1     1     0     0
     1 FORWARD  OMEGA   
    14     1    11    18   60.000   30.000   500.0
     1 PRESSURE
     1     1    14     1    11    18     0     0     0.0   60.000   30.000    500.0    937.3
     1     1    14     1    11    19     0     0     1.0   59.805   30.236    491.6    937.5
     1     1    14     1    11    20     0     0     2.0   59.627   30.497    485.4    937.2
     1     1    14     1    11    21     0     0     3.0   59.464   30.783    481.5    936.5
     1     1    14     1    11    22     0     0     4.0   59.312   31.096    479.8    935.4
     1     1    14     1    11    23     0     0     5.0   59.170   31.439    480.3    934.0
     1     1    14     1    12     0     0     0     6.0   59.037   31.812    483.0    932.2
     1     1    14     1    12     1     0     0     7.0   58.908   32.207    487.7    929.9
     1     1    14     1    12     2     0     0     8.0   58.781   32.613    494.7    927.1
     1     1    14     1    12     3     0     0     9.0   58.660   33.027    504.4    923.5
     1     1    14     1    12     4     0     0    10.0   58.549   33.449    517.0    919.5
     1     1    14     1    12     5     0     0    11.0   58.450   33.881    532.1    915.3
     1     1    14     1    12     6     0     0    12.0   58.368   34.325    549.1    911.0
     1     1    14     1    12     7     0     0    13.0   58.295   34.783    566.3    906.5
     1     1    14     1    12     8     0     0    14.0   58.226   35.253    582.6    903.2
     1     1    14     1    12     9     0     0    15.0   58.161   35.731    598.4    900.8
     1     1    14     1    12    10     0     0    16.0   58.102   36.215    613.8    898.6
     1     1    14     1    12    11     0     0    17.0   58.049   36.705    629.4    896.5
     1     1    14     1    12    12     0     0    18.0   58.004   37.205    645.6    894.1
     1     1    14     1    12    13     0     0    19.0   57.972   37.700    662.3    892.3
     1     1    14     1    12    14     0     0    20.0   57.959   38.172    678.1    891.5
     1     1    14     1    12    15     0     0    21.0   57.967   38.615    691.9    891.0
     1     1    14     1    12    16     0     0    22.0   57.999   39.028    703.2    890.8
     1     1    14     1    12    17     0     0    23.0   58.056   39.411    711.7    890.9
     1     1    14     1    12    18     0     0    24.0   58.141   39.764    717.0    891.2
     1     1    14     1    12    19     0     0    25.0   58.232   40.097    720.9    891.6
     1     1    14     1    12    20     0     0    26.0   58.312   40.422    725.9    891.2
     1     1    14     1    12    21     0     0    27.0   58.380   40.737    732.2    890.7
     1     1    14     1    12    22     0     0    28.0   58.441   41.045    739.7    890.0
     1     1    14     1    12    23     0     0    29.0   58.496   41.346    748.7    889.2
     1     1    14     1    13     0     0     0    30.0   58.548   41.642    759.3    888.2
     1     1    14     1    13     1     0     0    31.0   58.599   41.910    770.0    887.0
     1     1    14     1    13     2     0     0    32.0   58.652   42.122    779.1    886.1
     1     1    14     1    13     3     0     0    33.0   58.706   42.279    786.6    885.3
     1     1    14     1    13     4     0     0    34.0   58.761   42.377    792.2    884.6
     1     1    14     1    13     5     0     0    35.0   58.815   42.417    796.1    884.1
     1     1    14     1    13     6     0     0    36.0   58.867   42.396    798.4    883.8
     1     1    14     1    13     7     0     0    37.0   58.907   42.336    800.9    883.8
     1     1    14     1    13     8     0     0    38.0   58.929   42.258    805.1    883.5
     1     1    14     1    13     9     0     0    39.0   58.933   42.162    811.1    883.0
     1     1    14     1    13    10     0     0    40.0   58.917   42.050    818.7    882.3
     1     1    14     1    13    11     0     0    41.0   58.883   41.922    828.1    881.5
     1     1    14     1    13    12     0     0    42.0   58.830   41.781    839.5    880.4
     1     1    14     1    13    13     0     0    43.0   58.765   41.636    852.6    879.2
     1     1    14     1    13    14     0     0    44.0   58.691   41.491    866.0    878.1
     1     1    14     1    13    15     0     0    45.0   58.609   41.348    879.7    876.9
     1     1    14     1    13    16     0     0    46.0   58.519   41.208    893.5    875.6
     1     1    14     1    13    17     0     0    47.0   58.420   41.071    906.9    874.5
     1     1    14     1    13    18     0     0    48.0   58.311   40.938    919.5    873.3
