     1     1
    CDC1    14     1     1     0     0
     1 FORWARD  OMEGA   
    14     1    28     0   60.000   30.000   500.0
     1 PRESSURE
     1     1    14     1    28     0     0     0     0.0   60.000   30.000    500.0    969.3
     1     1    14     1    28     1     0     0     1.0   60.237   29.467    482.8    969.1
     1     1    14     1    28     2     0     0     2.0   60.485   28.922    465.9    969.3
     1     1    14     1    28     3     0     0     3.0   60.744   28.369    449.7    970.0
     1     1    14     1    28     4     0     0     4.0   61.017   27.808    434.6    970.9
     1     1    14     1    28     5     0     0     5.0   61.304   27.241    421.3    972.3
     1     1    14     1    28     6     0     0     6.0   61.604   26.671    410.7    974.0
     1     1    14     1    28     7     0     0     7.0   61.910   26.106    404.1    975.7
     1     1    14     1    28     8     0     0     8.0   62.219   25.552    402.4    977.3
     1     1    14     1    28     9     0     0     9.0   62.531   25.012    404.6    979.0
     1     1    14     1    28    10     0     0    10.0   62.847   24.504    408.2    978.6
     1     1    14     1    28    11     0     0    11.0   63.169   24.042    410.6    977.8
     1     1    14     1    28    12     0     0    12.0   63.498   23.630    410.7    976.5
     1     1    14     1    28    13     0     0    13.0   63.837   23.262    409.8    975.1
     1     1    14     1    28    14     0     0    14.0   64.190   22.941    409.2    972.9
     1     1    14     1    28    15     0     0    15.0   64.558   22.677    408.7    970.2
     1     1    14     1    28    16     0     0    16.0   64.945   22.483    408.1    967.3
     1     1    14     1    28    17     0     0    17.0   65.345   22.396    406.1    961.2
     1     1    14     1    28    18     0     0    18.0   65.753   22.447    402.0    956.0
     1     1    14     1    28    19     0     0    19.0   66.159   22.639    394.5    951.7
     1     1    14     1    28    20     0     0    20.0   66.549   22.965    382.5    949.2
     1     1    14     1    28    21     0     0    21.0   66.914   23.414    366.8    948.1
     1     1    14     1    28    22     0     0    22.0   67.248   23.967    348.4    948.3
     1     1    14     1    28    23     0     0    23.0   67.545   24.599    328.7    950.7
     1     1    14     1    29     0     0     0    24.0   67.809   25.281    309.2    957.0
     1     1    14     1    29     1     0     0    25.0   68.048   26.032    290.6    962.2
     1     1    14     1    29     2     0     0    26.0   68.262   26.889    273.8    967.3
     1     1    14     1    29     3     0     0    27.0   68.450   27.843    259.3    971.6
     1     1    14     1    29     4     0     0    28.0   68.609   28.870    248.9    974.1
     1     1    14     1    29     5     0     0    29.0   68.739   29.948    243.2    976.1
     1     1    14     1    29     6     0     0    30.0   68.841   31.060    242.5    976.7
     1     1    14     1    29     7     0     0    31.0   68.921   32.181    244.3    976.9
     1     1    14     1    29     8     0     0    32.0   68.983   33.289    246.4    977.4
     1     1    14     1    29     9     0     0    33.0   69.032   34.370    249.8    977.6
     1     1    14     1    29    10     0     0    34.0   69.070   35.412    254.8    977.9
     1     1    14     1    29    11     0     0    35.0   69.100   36.397    261.4    978.7
     1     1    14     1    29    12     0     0    36.0   69.125   37.314    269.4    979.2
     1     1    14     1    29    13     0     0    37.0   69.146   38.150    277.8    979.7
     1     1    14     1    29    14     0     0    38.0   69.164   38.891    285.9    980.2
     1     1    14     1    29    15     0     0    39.0   69.180   39.545    294.1    980.4
     1     1    14     1    29    16     0     0    40.0   69.191   40.115    302.9    980.2
     1     1    14     1    29    17     0     0    41.0   69.197   40.608    312.3    979.5
     1     1    14     1    29    18     0     0    42.0   69.198   41.028    322.6    978.5
     1     1    14     1    29    19     0     0    43.0   69.199   41.417    333.6    977.9
     1     1    14     1    29    20     0     0    44.0   69.204   41.809    344.4    977.4
     1     1    14     1    29    21     0     0    45.0   69.214   42.204    355.3    976.9
     1     1    14     1    29    22     0     0    46.0   69.227   42.603    366.1    976.4
     1     1    14     1    29    23     0     0    47.0   69.245   43.007    376.6    975.7
     1     1    14     1    30     0     0     0    48.0   69.266   43.417    386.4    975.0
