     1     1
    CDC1    14     1     1     0     0
     1 FORWARD  OMEGA   
    14     1    21     6   60.000   30.000   500.0
     1 PRESSURE
     1     1    14     1    21     6     0     0     0.0   60.000   30.000    500.0    965.5
     1     1    14     1    21     7     0     0     1.0   59.988   30.336    501.7    964.9
     1     1    14     1    21     8     0     0     2.0   59.968   30.656    504.1    964.0
     1     1    14     1    21     9     0     0     3.0   59.943   30.957    507.0    962.9
     1     1    14     1    21    10     0     0     4.0   59.911   31.240    510.2    961.7
     1     1    14     1    21    11     0     0     5.0   59.875   31.505    513.7    960.4
     1     1    14     1    21    12     0     0     6.0   59.835   31.753    517.3    959.1
     1     1    14     1    21    13     0     0     7.0   59.791   31.985    520.6    957.7
     1     1    14     1    21    14     0     0     8.0   59.746   32.205    523.3    956.4
     1     1    14     1    21    15     0     0     9.0   59.700   32.414    525.3    955.2
     1     1    14     1    21    16     0     0    10.0   59.654   32.610    526.7    954.0
     1     1    14     1    21    17     0     0    11.0   59.609   32.793    527.3    952.8
     1     1    14     1    21    18     0     0    12.0   59.565   32.964    527.3    951.8
     1     1    14     1    21    19     0     0    13.0   59.527   33.116    529.0    951.2
     1     1    14     1    21    20     0     0    14.0   59.499   33.243    534.5    950.0
     1     1    14     1    21    21     0     0    15.0   59.479   33.344    544.0    948.4
     1     1    14     1    21    22     0     0    16.0   59.467   33.419    557.4    946.4
     1     1    14     1    21    23     0     0    17.0   59.462   33.467    574.8    944.2
     1     1    14     1    22     0     0     0    18.0   59.463   33.488    596.2    941.6
     1     1    14     1    22     1     0     0    19.0   59.471   33.471    617.0    938.6
     1     1    14     1    22     2     0     0    20.0   59.482   33.404    633.5    936.5
     1     1    14     1    22     3     0     0    21.0   59.495   33.286    645.1    935.1
     1     1    14     1    22     4     0     0    22.0   59.510   33.113    651.7    934.6
     1     1    14     1    22     5     0     0    23.0   59.526   32.883    653.3    934.8
     1     1    14     1    22     6     0     0    24.0   59.541   32.594    649.6    936.0
     1     1    14     1    22     7     0     0    25.0   59.554   32.271    643.4    938.3
     1     1    14     1    22     8     0     0    26.0   59.563   31.940    638.0    939.9
     1     1    14     1    22     9     0     0    27.0   59.566   31.601    633.2    941.4
     1     1    14     1    22    10     0     0    28.0   59.564   31.254    628.9    942.8
     1     1    14     1    22    11     0     0    29.0   59.558   30.902    625.3    944.1
     1     1    14     1    22    12     0     0    30.0   59.548   30.544    622.2    945.2
     1     1    14     1    22    13     0     0    31.0   59.540   30.178    618.7    946.4
     1     1    14     1    22    14     0     0    32.0   59.537   29.801    613.1    947.2
     1     1    14     1    22    15     0     0    33.0   59.541   29.415    605.4    947.6
     1     1    14     1    22    16     0     0    34.0   59.549   29.020    595.5    948.3
     1     1    14     1    22    17     0     0    35.0   59.564   28.617    583.5    949.3
     1     1    14     1    22    18     0     0    36.0   59.584   28.205    569.3    950.5
     1     1    14     1    22    19     0     0    37.0   59.602   27.797    553.9    952.2
     1     1    14     1    22    20     0     0    38.0   59.615   27.405    538.1    953.8
     1     1    14     1    22    21     0     0    39.0   59.623   27.033    521.8    955.5
     1     1    14     1    22    22     0     0    40.0   59.627   26.681    505.0    957.2
     1     1    14     1    22    23     0     0    41.0   59.631   26.350    487.8    959.1
     1     1    14     1    23     0     0     0    42.0   59.636   26.041    470.1    961.1
     1     1    14     1    23     1     0     0    43.0   59.637   25.745    452.3    963.1
     1     1    14     1    23     2     0     0    44.0   59.629   25.453    434.5    965.1
     1     1    14     1    23     3     0     0    45.0   59.612   25.162    417.2    967.2
     1     1    14     1    23     4     0     0    46.0   59.588   24.870    400.7    969.7
     1     1    14     1    23     5     0     0    47.0   59.558   24.577    385.7    972.5
     1     1    14     1    23     6     0     0    48.0   59.524   24.279    372.5    974.6
