     1     1
    CDC1    14     1     1     0     0
     1 FORWARD  OMEGA   
    14     1    17    12   60.000   30.000   500.0
     1 PRESSURE
     1     1    14     1    17    12     0     0     0.0   60.000   30.000    500.0    957.9
     1     1    14     1    17    13     0     0     1.0   59.879   29.645    473.2    960.5
     1     1    14     1    17    14     0     0     2.0   59.772   29.287    450.7    962.6
     1     1    14     1    17    15     0     0     3.0   59.677   28.921    432.2    964.3
     1     1    14     1    17    16     0     0     4.0   59.590   28.541    417.7    965.6
     1     1    14     1    17    17     0     0     5.0   59.509   28.144    407.0    966.4
     1     1    14     1    17    18     0     0     6.0   59.432   27.726    399.9    966.7
     1     1    14     1    17    19     0     0     7.0   59.360   27.292    394.6    966.4
     1     1    14     1    17    20     0     0     8.0   59.294   26.847    389.4    966.5
     1     1    14     1    17    21     0     0     9.0   59.234   26.393    384.8    966.4
     1     1    14     1    17    22     0     0    10.0   59.180   25.930    381.0    966.0
     1     1    14     1    17    23     0     0    11.0   59.133   25.459    378.4    965.5
     1     1    14     1    18     0     0     0    12.0   59.091   24.981    377.3    964.9
     1     1    14     1    18     1     0     0    13.0   59.048   24.491    377.5    965.1
     1     1    14     1    18     2     0     0    14.0   58.995   23.983    378.3    965.3
     1     1    14     1    18     3     0     0    15.0   58.932   23.453    379.0    965.5
     1     1    14     1    18     4     0     0    16.0   58.862   22.897    379.0    965.8
     1     1    14     1    18     5     0     0    17.0   58.784   22.312    377.7    966.6
     1     1    14     1    18     6     0     0    18.0   58.702   21.693    375.5    968.5
     1     1    14     1    18     7     0     0    19.0   58.626   21.061    372.2    970.7
     1     1    14     1    18     8     0     0    20.0   58.567   20.436    367.5    972.9
     1     1    14     1    18     9     0     0    21.0   58.523   19.816    361.1    975.0
     1     1    14     1    18    10     0     0    22.0   58.497   19.198    352.3    976.6
     1     1    14     1    18    11     0     0    23.0   58.486   18.580    340.7    978.8
     1     1    14     1    18    12     0     0    24.0   58.487   17.960    325.8    981.5
     1     1    14     1    18    13     0     0    25.0   58.493   17.324    310.5    983.7
     1     1    14     1    18    14     0     0    26.0   58.501   16.659    298.0    982.5
     1     1    14     1    18    15     0     0    27.0   58.514   15.966    287.8    980.9
     1     1    14     1    18    16     0     0    28.0   58.533   15.248    279.2    978.9
     1     1    14     1    18    17     0     0    29.0   58.561   14.510    271.5    975.2
     1     1    14     1    18    18     0     0    30.0   58.601   13.761    263.7    970.4
     1     1    14     1    18    19     0     0    31.0   58.658   13.011    257.7    965.3
     1     1    14     1    18    20     0     0    32.0   58.741   12.267    255.3    959.1
     1     1    14     1    18    21     0     0    33.0   58.867   11.521    255.6    952.6
     1     1    14     1    18    22     0     0    34.0   59.052   10.768    257.5    943.6
     1     1    14     1    18    23     0     0    35.0   59.305   10.010    260.8    931.7
     1     1    14     1    19     0     0     0    36.0   59.627    9.260    265.2    923.4
     1     1    14     1    19     1     0     0    37.0   60.002    8.508    263.5    914.5
     1     1    14     1    19     2     0     0    38.0   60.411    7.753    251.0    919.5
     1     1    14     1    19     3     0     0    39.0   60.828    7.030    230.1    930.5
     1     1    14     1    19     4     0     0    40.0   61.243    6.364    206.3    944.1
     1     1    14     1    19     5     0     0    41.0   61.657    5.783    183.0    956.5
     1     1    14     1    19     6     0     0    42.0   62.076    5.305    161.6    967.5
     1     1    14     1    19     7     0     0    43.0   62.500    4.922    142.6    977.9
     1     1    14     1    19     8     0     0    44.0   62.910    4.565    123.9    987.1
     1     1    14     1    19     9     0     0    45.0   63.290    4.170    104.0    995.6
     1     1    14     1    19    10     0     0    46.0   63.640    3.753     85.3   1002.6
     1     1    14     1    19    11     0     0    47.0   63.960    3.329     68.9   1007.5
     1     1    14     1    19    12     0     0    48.0   64.252    2.912     55.4   1010.4
