     1     1
    CDC1    14     1     1     0     0
     1 FORWARD  OMEGA   
    14     1    24     6   60.000   30.000   500.0
     1 PRESSURE
     1     1    14     1    24     6     0     0     0.0   60.000   30.000    500.0    968.8
     1     1    14     1    24     7     0     0     1.0   59.925   29.988    482.4    971.0
     1     1    14     1    24     8     0     0     2.0   59.850   30.013    465.0    973.2
     1     1    14     1    24     9     0     0     3.0   59.776   30.074    447.6    975.4
     1     1    14     1    24    10     0     0     4.0   59.704   30.168    430.1    977.5
     1     1    14     1    24    11     0     0     5.0   59.634   30.293    412.3    979.7
     1     1    14     1    24    12     0     0     6.0   59.566   30.448    394.2    981.9
     1     1    14     1    24    13     0     0     7.0   59.494   30.624    377.3    983.5
     1     1    14     1    24    14     0     0     8.0   59.407   30.810    363.3    984.1
     1     1    14     1    24    15     0     0     9.0   59.305   31.003    352.0    984.4
     1     1    14     1    24    16     0     0    10.0   59.188   31.204    343.4    984.2
     1     1    14     1    24    17     0     0    11.0   59.055   31.412    337.1    983.7
     1     1    14     1    24    18     0     0    12.0   58.906   31.626    333.1    982.8
     1     1    14     1    24    19     0     0    13.0   58.753   31.838    331.6    981.6
     1     1    14     1    24    20     0     0    14.0   58.607   32.045    332.7    980.0
     1     1    14     1    24    21     0     0    15.0   58.469   32.249    336.4    978.2
     1     1    14     1    24    22     0     0    16.0   58.340   32.453    342.9    976.0
     1     1    14     1    24    23     0     0    17.0   58.218   32.658    352.1    973.5
     1     1    14     1    25     0     0     0    18.0   58.104   32.868    364.1    970.5
     1     1    14     1    25     1     0     0    19.0   57.986   33.086    376.7    967.2
     1     1    14     1    25     2     0     0    20.0   57.852   33.314    387.2    964.1
     1     1    14     1    25     3     0     0    21.0   57.702   33.557    395.7    961.0
     1     1    14     1    25     4     0     0    22.0   57.535   33.815    402.1    958.0
     1     1    14     1    25     5     0     0    23.0   57.351   34.090    406.2    955.7
     1     1    14     1    25     6     0     0    24.0   57.150   34.375    407.9    954.2
     1     1    14     1    25     7     0     0    25.0   56.939   34.645    407.5    953.1
     1     1    14     1    25     8     0     0    26.0   56.730   34.879    405.8    952.4
     1     1    14     1    25     9     0     0    27.0   56.524   35.082    402.9    952.6
     1     1    14     1    25    10     0     0    28.0   56.327   35.261    399.1    953.4
     1     1    14     1    25    11     0     0    29.0   56.140   35.422    394.6    954.4
     1     1    14     1    25    12     0     0    30.0   55.966   35.572    389.6    955.5
     1     1    14     1    25    13     0     0    31.0   55.796   35.724    385.0    956.9
     1     1    14     1    25    14     0     0    32.0   55.620   35.889    382.0    958.1
     1     1    14     1    25    15     0     0    33.0   55.436   36.070    380.2    959.1
     1     1    14     1    25    16     0     0    34.0   55.245   36.272    379.6    960.1
     1     1    14     1    25    17     0     0    35.0   55.045   36.498    380.1    961.1
     1     1    14     1    25    18     0     0    36.0   54.835   36.746    381.1    961.4
     1     1    14     1    25    19     0     0    37.0   54.623   36.981    380.9    961.6
     1     1    14     1    25    20     0     0    38.0   54.422   37.179    377.7    962.1
     1     1    14     1    25    21     0     0    39.0   54.232   37.341    372.0    962.7
     1     1    14     1    25    22     0     0    40.0   54.055   37.470    363.7    963.5
     1     1    14     1    25    23     0     0    41.0   53.891   37.567    353.0    964.4
     1     1    14     1    26     0     0     0    42.0   53.743   37.632    340.1    965.4
     1     1    14     1    26     1     0     0    43.0   53.602   37.681    326.7    966.8
     1     1    14     1    26     2     0     0    44.0   53.462   37.731    314.7    967.8
     1     1    14     1    26     3     0     0    45.0   53.321   37.782    304.1    968.7
     1     1    14     1    26     4     0     0    46.0   53.181   37.836    295.4    969.3
     1     1    14     1    26     5     0     0    47.0   53.040   37.893    288.7    969.7
     1     1    14     1    26     6     0     0    48.0   52.898   37.955    284.2    969.7
