     1     1
    CDC1    14     1     1     0     0
     1 FORWARD  OMEGA   
    14     1    17     0   60.000   30.000   500.0
     1 PRESSURE
     1     1    14     1    17     0     0     0     0.0   60.000   30.000    500.0    955.6
     1     1    14     1    17     1     0     0     1.0   59.838   29.740    485.7    956.5
     1     1    14     1    17     2     0     0     2.0   59.683   29.491    469.7    957.9
     1     1    14     1    17     3     0     0     3.0   59.534   29.253    451.7    959.6
     1     1    14     1    17     4     0     0     4.0   59.393   29.022    431.3    961.8
     1     1    14     1    17     5     0     0     5.0   59.262   28.799    408.3    964.5
     1     1    14     1    17     6     0     0     6.0   59.140   28.583    382.7    967.8
     1     1    14     1    17     7     0     0     7.0   59.029   28.370    355.8    970.7
     1     1    14     1    17     8     0     0     8.0   58.927   28.152    329.5    973.5
     1     1    14     1    17     9     0     0     9.0   58.837   27.926    303.9    976.4
     1     1    14     1    17    10     0     0    10.0   58.756   27.689    279.5    979.3
     1     1    14     1    17    11     0     0    11.0   58.684   27.437    256.7    982.1
     1     1    14     1    17    12     0     0    12.0   58.621   27.165    236.0    984.5
     1     1    14     1    17    13     0     0    13.0   58.560   26.870    218.6    986.6
     1     1    14     1    17    14     0     0    14.0   58.497   26.549    204.9    987.9
     1     1    14     1    17    15     0     0    15.0   58.430   26.198    195.0    988.4
     1     1    14     1    17    16     0     0    16.0   58.356   25.815    188.6    988.2
     1     1    14     1    17    17     0     0    17.0   58.275   25.398    185.5    987.5
     1     1    14     1    17    18     0     0    18.0   58.184   24.943    185.6    986.5
     1     1    14     1    17    19     0     0    19.0   58.091   24.465    187.7    985.8
     1     1    14     1    17    20     0     0    20.0   58.006   23.979    190.8    985.3
     1     1    14     1    17    21     0     0    21.0   57.928   23.488    195.8    984.5
     1     1    14     1    17    22     0     0    22.0   57.857   22.995    203.3    983.3
     1     1    14     1    17    23     0     0    23.0   57.793   22.502    214.0    981.4
     1     1    14     1    18     0     0     0    24.0   57.738   22.012    228.6    980.4
     1     1    14     1    18     1     0     0    25.0   57.685   21.511    244.9    979.2
     1     1    14     1    18     2     0     0    26.0   57.625   20.978    261.1    978.3
     1     1    14     1    18     3     0     0    27.0   57.559   20.408    276.9    977.7
     1     1    14     1    18     4     0     0    28.0   57.490   19.792    292.2    977.1
     1     1    14     1    18     5     0     0    29.0   57.421   19.129    306.5    976.6
     1     1    14     1    18     6     0     0    30.0   57.358   18.413    319.7    976.3
     1     1    14     1    18     7     0     0    31.0   57.310   17.668    332.4    976.2
     1     1    14     1    18     8     0     0    32.0   57.285   16.920    344.0    974.9
     1     1    14     1    18     9     0     0    33.0   57.283   16.170    353.8    973.6
     1     1    14     1    18    10     0     0    34.0   57.297   15.416    361.7    972.7
     1     1    14     1    18    11     0     0    35.0   57.324   14.656    367.3    971.8
     1     1    14     1    18    12     0     0    36.0   57.361   13.894    370.4    970.7
     1     1    14     1    18    13     0     0    37.0   57.406   13.113    372.9    969.5
     1     1    14     1    18    14     0     0    38.0   57.458   12.292    376.9    968.0
     1     1    14     1    18    15     0     0    39.0   57.526   11.433    381.3    966.2
     1     1    14     1    18    16     0     0    40.0   57.620   10.542    383.7    962.4
     1     1    14     1    18    17     0     0    41.0   57.749    9.623    382.1    958.2
     1     1    14     1    18    18     0     0    42.0   57.921    8.679    374.7    954.3
     1     1    14     1    18    19     0     0    43.0   58.147    7.732    364.4    949.9
     1     1    14     1    18    20     0     0    44.0   58.435    6.800    355.3    945.9
     1     1    14     1    18    21     0     0    45.0   58.785    5.879    346.2    943.3
     1     1    14     1    18    22     0     0    46.0   59.189    4.956    335.7    942.4
     1     1    14     1    18    23     0     0    47.0   59.633    4.025    323.9    945.2
     1     1    14     1    19     0     0     0    48.0   60.098    3.085    311.6    953.3
