     1     1
    CDC1    14     1     1     0     0
     1 FORWARD  OMEGA   
    14     1    25    18   60.000   30.000   500.0
     1 PRESSURE
     1     1    14     1    25    18     0     0     0.0   60.000   30.000    500.0    966.5
     1     1    14     1    25    19     0     0     1.0   59.846   30.241    500.5    965.4
     1     1    14     1    25    20     0     0     2.0   59.702   30.451    499.6    964.4
     1     1    14     1    25    21     0     0     3.0   59.567   30.632    497.4    963.7
     1     1    14     1    25    22     0     0     4.0   59.442   30.785    493.8    963.2
     1     1    14     1    25    23     0     0     5.0   59.327   30.910    488.7    963.0
     1     1    14     1    26     0     0     0     6.0   59.223   31.008    482.1    963.0
     1     1    14     1    26     1     0     0     7.0   59.123   31.087    474.2    963.5
     1     1    14     1    26     2     0     0     8.0   59.022   31.155    464.9    964.2
     1     1    14     1    26     3     0     0     9.0   58.919   31.214    454.2    965.0
     1     1    14     1    26     4     0     0    10.0   58.816   31.262    442.0    966.1
     1     1    14     1    26     5     0     0    11.0   58.714   31.302    428.2    967.4
     1     1    14     1    26     6     0     0    12.0   58.613   31.333    412.9    969.0
     1     1    14     1    26     7     0     0    13.0   58.517   31.361    396.3    971.0
     1     1    14     1    26     8     0     0    14.0   58.432   31.389    378.4    973.1
     1     1    14     1    26     9     0     0    15.0   58.357   31.416    359.4    975.0
     1     1    14     1    26    10     0     0    16.0   58.293   31.443    339.2    977.1
     1     1    14     1    26    11     0     0    17.0   58.240   31.468    317.9    979.5
     1     1    14     1    26    12     0     0    18.0   58.198   31.493    295.5    982.1
     1     1    14     1    26    13     0     0    19.0   58.164   31.523    272.5    984.6
     1     1    14     1    26    14     0     0    20.0   58.133   31.563    249.6    987.2
     1     1    14     1    26    15     0     0    21.0   58.103   31.616    226.7    989.8
     1     1    14     1    26    16     0     0    22.0   58.075   31.688    204.2    992.4
     1     1    14     1    26    17     0     0    23.0   58.048   31.778    182.4    994.3
     1     1    14     1    26    18     0     0    24.0   58.020   31.887    161.6    995.9
     1     1    14     1    26    19     0     0    25.0   57.998   32.006    142.8    997.8
     1     1    14     1    26    20     0     0    26.0   57.987   32.127    126.4    999.6
     1     1    14     1    26    21     0     0    27.0   57.987   32.246    112.4   1001.2
     1     1    14     1    26    22     0     0    28.0   57.999   32.365    100.5   1002.8
     1     1    14     1    26    23     0     0    29.0   58.021   32.481     90.5   1004.2
     1     1    14     1    27     0     0     0    30.0   58.054   32.593     82.5   1005.4
     1     1    14     1    27     1     0     0    31.0   58.090   32.694     75.2   1005.8
     1     1    14     1    27     2     0     0    32.0   58.120   32.775     67.6   1006.1
     1     1    14     1    27     3     0     0    33.0   58.149   32.833     59.8   1006.4
     1     1    14     1    27     4     0     0    34.0   58.177   32.867     52.3   1006.9
     1     1    14     1    27     5     0     0    35.0   58.205   32.876     44.9   1007.5
     1     1    14     1    27     6     0     0    36.0   58.236   32.861     38.0   1008.3
     1     1    14     1    27     7     0     0    37.0   58.269   32.827     31.6   1009.7
     1     1    14     1    27     8     0     0    38.0   58.302   32.783     26.1   1011.1
     1     1    14     1    27     9     0     0    39.0   58.334   32.733     21.3   1012.4
     1     1    14     1    27    10     0     0    40.0   58.365   32.677     17.3   1013.7
     1     1    14     1    27    11     0     0    41.0   58.393   32.620     14.1   1014.9
     1     1    14     1    27    12     0     0    42.0   58.416   32.563     11.6   1015.9
     1     1    14     1    27    13     0     0    43.0   58.436   32.495      9.7   1016.9
     1     1    14     1    27    14     0     0    44.0   58.454   32.405      8.1   1017.6
     1     1    14     1    27    15     0     0    45.0   58.469   32.291      6.6   1018.3
     1     1    14     1    27    16     0     0    46.0   58.481   32.152      5.1   1019.1
     1     1    14     1    27    17     0     0    47.0   58.490   31.990      3.7   1019.9
     1     1    14     1    27    18     0     0    48.0   58.496   31.805      2.3   1020.7
