     1     1
    CDC1    14     1     1     0     0
     1 FORWARD  OMEGA   
    14     1     5    12   60.000   30.000   500.0
     1 PRESSURE
     1     1    14     1     5    12     0     0     0.0   60.000   30.000    500.0    950.8
     1     1    14     1     5    13     0     0     1.0   60.008   30.201    500.4    950.6
     1     1    14     1     5    14     0     0     2.0   60.027   30.357    500.7    950.3
     1     1    14     1     5    15     0     0     3.0   60.057   30.469    500.7    950.0
     1     1    14     1     5    16     0     0     4.0   60.096   30.538    500.1    949.8
     1     1    14     1     5    17     0     0     5.0   60.146   30.565    499.0    949.6
     1     1    14     1     5    18     0     0     6.0   60.206   30.552    497.3    949.5
     1     1    14     1     5    19     0     0     7.0   60.278   30.515    494.8    949.5
     1     1    14     1     5    20     0     0     8.0   60.362   30.473    489.8    949.8
     1     1    14     1     5    21     0     0     9.0   60.459   30.427    482.8    950.3
     1     1    14     1     5    22     0     0    10.0   60.568   30.380    473.6    950.9
     1     1    14     1     5    23     0     0    11.0   60.688   30.333    462.1    951.8
     1     1    14     1     6     0     0     0    12.0   60.818   30.288    448.3    952.9
     1     1    14     1     6     1     0     0    13.0   60.948   30.237    433.4    954.0
     1     1    14     1     6     2     0     0    14.0   61.070   30.172    418.9    954.9
     1     1    14     1     6     3     0     0    15.0   61.184   30.095    405.0    955.9
     1     1    14     1     6     4     0     0    16.0   61.291   30.005    391.6    956.9
     1     1    14     1     6     5     0     0    17.0   61.390   29.907    379.0    957.7
     1     1    14     1     6     6     0     0    18.0   61.483   29.800    367.1    958.2
     1     1    14     1     6     7     0     0    19.0   61.574   29.712    357.3    959.0
     1     1    14     1     6     8     0     0    20.0   61.669   29.668    350.6    959.3
     1     1    14     1     6     9     0     0    21.0   61.768   29.668    346.7    959.3
     1     1    14     1     6    10     0     0    22.0   61.872   29.711    345.3    959.0
     1     1    14     1     6    11     0     0    23.0   61.979   29.800    346.0    958.4
     1     1    14     1     6    12     0     0    24.0   62.090   29.940    348.7    957.6
     1     1    14     1     6    13     0     0    25.0   62.203   30.105    351.5    956.1
     1     1    14     1     6    14     0     0    26.0   62.321   30.262    353.3    954.9
     1     1    14     1     6    15     0     0    27.0   62.443   30.411    354.3    953.8
     1     1    14     1     6    16     0     0    28.0   62.569   30.546    354.8    953.3
     1     1    14     1     6    17     0     0    29.0   62.699   30.664    355.1    953.4
     1     1    14     1     6    18     0     0    30.0   62.833   30.764    355.3    953.4
     1     1    14     1     6    19     0     0    31.0   62.978   30.869    355.6    953.5
     1     1    14     1     6    20     0     0    32.0   63.142   31.004    355.9    953.5
     1     1    14     1     6    21     0     0    33.0   63.324   31.164    356.0    953.6
     1     1    14     1     6    22     0     0    34.0   63.522   31.344    355.6    953.8
     1     1    14     1     6    23     0     0    35.0   63.736   31.537    354.6    953.9
     1     1    14     1     7     0     0     0    36.0   63.964   31.736    352.7    954.2
     1     1    14     1     7     1     0     0    37.0   64.202   31.937    351.0    954.2
     1     1    14     1     7     2     0     0    38.0   64.447   32.139    351.2    953.6
     1     1    14     1     7     3     0     0    39.0   64.701   32.338    353.4    952.6
     1     1    14     1     7     4     0     0    40.0   64.966   32.529    357.7    951.4
     1     1    14     1     7     5     0     0    41.0   65.242   32.690    364.0    949.2
     1     1    14     1     7     6     0     0    42.0   65.528   32.793    372.7    946.7
     1     1    14     1     7     7     0     0    43.0   65.822   32.841    384.8    944.2
     1     1    14     1     7     8     0     0    44.0   66.120   32.844    401.7    940.6
     1     1    14     1     7     9     0     0    45.0   66.424   32.808    424.6    936.2
     1     1    14     1     7    10     0     0    46.0   66.736   32.737    454.5    931.0
     1     1    14     1     7    11     0     0    47.0   67.056   32.636    492.7    924.8
     1     1    14     1     7    12     0     0    48.0   67.386   32.513    540.5    917.6
