     1     1
    CDC1    14     1     1     0     0
     1 FORWARD  OMEGA   
    14     1    26    12   60.000   30.000   500.0
     1 PRESSURE
     1     1    14     1    26    12     0     0     0.0   60.000   30.000    500.0    966.6
     1     1    14     1    26    13     0     0     1.0   59.933   30.216    484.8    967.7
     1     1    14     1    26    14     0     0     2.0   59.868   30.413    468.6    969.0
     1     1    14     1    26    15     0     0     3.0   59.806   30.594    451.3    970.5
     1     1    14     1    26    16     0     0     4.0   59.748   30.764    432.8    972.1
     1     1    14     1    26    17     0     0     5.0   59.692   30.928    413.1    974.0
     1     1    14     1    26    18     0     0     6.0   59.638   31.090    392.2    976.2
     1     1    14     1    26    19     0     0     7.0   59.591   31.245    371.4    978.4
     1     1    14     1    26    20     0     0     8.0   59.554   31.388    351.5    980.3
     1     1    14     1    26    21     0     0     9.0   59.528   31.518    332.5    982.3
     1     1    14     1    26    22     0     0    10.0   59.512   31.635    314.6    984.3
     1     1    14     1    26    23     0     0    11.0   59.506   31.736    297.7    986.3
     1     1    14     1    27     0     0     0    12.0   59.511   31.821    281.8    988.3
     1     1    14     1    27     1     0     0    13.0   59.519   31.878    266.1    990.1
     1     1    14     1    27     2     0     0    14.0   59.525   31.895    250.0    992.0
     1     1    14     1    27     3     0     0    15.0   59.530   31.871    233.7    994.2
     1     1    14     1    27     4     0     0    16.0   59.534   31.806    217.3    996.5
     1     1    14     1    27     5     0     0    17.0   59.539   31.698    200.9    999.1
     1     1    14     1    27     6     0     0    18.0   59.545   31.550    185.4   1001.0
     1     1    14     1    27     7     0     0    19.0   59.553   31.376    170.7   1003.2
     1     1    14     1    27     8     0     0    20.0   59.564   31.191    156.9   1005.4
     1     1    14     1    27     9     0     0    21.0   59.576   30.997    143.9   1007.6
     1     1    14     1    27    10     0     0    22.0   59.586   30.797    131.9   1009.7
     1     1    14     1    27    11     0     0    23.0   59.592   30.596    120.9   1011.8
     1     1    14     1    27    12     0     0    24.0   59.592   30.395    110.8   1013.8
     1     1    14     1    27    13     0     0    25.0   59.587   30.189    101.8   1015.7
     1     1    14     1    27    14     0     0    26.0   59.580   29.969     93.9   1017.4
     1     1    14     1    27    15     0     0    27.0   59.571   29.729     87.1   1018.1
     1     1    14     1    27    16     0     0    28.0   59.562   29.465     81.2   1018.7
     1     1    14     1    27    17     0     0    29.0   59.554   29.175     76.1   1019.1
     1     1    14     1    27    18     0     0    30.0   59.546   28.855     71.7   1019.0
     1     1    14     1    27    19     0     0    31.0   59.545   28.510     67.8   1019.0
     1     1    14     1    27    20     0     0    32.0   59.555   28.143     64.6   1018.8
     1     1    14     1    27    21     0     0    33.0   59.576   27.757     61.8   1018.5
     1     1    14     1    27    22     0     0    34.0   59.611   27.350     59.6   1017.9
     1     1    14     1    27    23     0     0    35.0   59.661   26.911     58.2   1017.0
     1     1    14     1    28     0     0     0    36.0   59.729   26.434     57.9   1015.9
     1     1    14     1    28     1     0     0    37.0   59.810   25.916     58.2   1014.9
     1     1    14     1    28     2     0     0    38.0   59.899   25.355     58.7   1013.9
     1     1    14     1    28     3     0     0    39.0   60.002   24.749     59.6   1013.6
     1     1    14     1    28     4     0     0    40.0   60.124   24.098     61.1   1014.5
     1     1    14     1    28     5     0     0    41.0   60.273   23.407     63.1   1015.4
     1     1    14     1    28     6     0     0    42.0   60.451   22.675     65.9   1016.3
     1     1    14     1    28     7     0     0    43.0   60.649   21.924     69.8   1017.3
     1     1    14     1    28     8     0     0    44.0   60.854   21.177     75.3   1017.8
     1     1    14     1    28     9     0     0    45.0   61.061   20.440     82.5   1017.2
     1     1    14     1    28    10     0     0    46.0   61.264   19.723     91.8   1014.0
     1     1    14     1    28    11     0     0    47.0   61.458   19.040    102.3   1007.4
     1     1    14     1    28    12     0     0    48.0   61.643   18.397    113.0   1000.4
