     1     1
    CDC1    14     1     1     0     0
     1 FORWARD  OMEGA   
    14     1    24    12   60.000   30.000   500.0
     1 PRESSURE
     1     1    14     1    24    12     0     0     0.0   60.000   30.000    500.0    970.1
     1     1    14     1    24    13     0     0     1.0   59.912   30.269    483.5    971.4
     1     1    14     1    24    14     0     0     2.0   59.809   30.541    469.6    972.1
     1     1    14     1    24    15     0     0     3.0   59.691   30.816    458.3    972.4
     1     1    14     1    24    16     0     0     4.0   59.557   31.095    449.4    972.3
     1     1    14     1    24    17     0     0     5.0   59.407   31.375    442.7    971.8
     1     1    14     1    24    18     0     0     6.0   59.240   31.657    438.1    970.8
     1     1    14     1    24    19     0     0     7.0   59.067   31.932    436.1    969.5
     1     1    14     1    24    20     0     0     8.0   58.901   32.192    437.3    967.7
     1     1    14     1    24    21     0     0     9.0   58.741   32.443    441.6    965.5
     1     1    14     1    24    22     0     0    10.0   58.587   32.686    449.2    962.7
     1     1    14     1    24    23     0     0    11.0   58.439   32.924    460.0    959.4
     1     1    14     1    25     0     0     0    12.0   58.295   33.160    474.1    955.8
     1     1    14     1    25     1     0     0    13.0   58.145   33.399    488.8    951.7
     1     1    14     1    25     2     0     0    14.0   57.979   33.644    501.1    948.1
     1     1    14     1    25     3     0     0    15.0   57.795   33.899    511.0    944.8
     1     1    14     1    25     4     0     0    16.0   57.595   34.168    518.4    941.7
     1     1    14     1    25     5     0     0    17.0   57.377   34.453    523.3    939.2
     1     1    14     1    25     6     0     0    18.0   57.140   34.747    525.3    937.8
     1     1    14     1    25     7     0     0    19.0   56.894   35.021    524.7    937.0
     1     1    14     1    25     8     0     0    20.0   56.652   35.252    522.7    937.5
     1     1    14     1    25     9     0     0    21.0   56.417   35.447    519.4    938.3
     1     1    14     1    25    10     0     0    22.0   56.191   35.617    515.0    939.3
     1     1    14     1    25    11     0     0    23.0   55.977   35.770    509.9    940.5
     1     1    14     1    25    12     0     0    24.0   55.775   35.915    504.5    941.8
     1     1    14     1    25    13     0     0    25.0   55.578   36.062    499.4    943.3
     1     1    14     1    25    14     0     0    26.0   55.376   36.222    495.7    944.7
     1     1    14     1    25    15     0     0    27.0   55.166   36.400    493.1    946.0
     1     1    14     1    25    16     0     0    28.0   54.949   36.599    491.5    947.0
     1     1    14     1    25    17     0     0    29.0   54.722   36.811    490.2    947.1
     1     1    14     1    25    18     0     0    30.0   54.483   37.027    488.6    947.2
     1     1    14     1    25    19     0     0    31.0   54.245   37.225    485.2    947.5
     1     1    14     1    25    20     0     0    32.0   54.021   37.386    478.5    948.2
     1     1    14     1    25    21     0     0    33.0   53.811   37.513    468.6    949.1
     1     1    14     1    25    22     0     0    34.0   53.617   37.605    455.9    950.2
     1     1    14     1    25    23     0     0    35.0   53.440   37.666    440.6    951.7
     1     1    14     1    26     0     0     0    36.0   53.282   37.698    423.2    953.5
     1     1    14     1    26     1     0     0    37.0   53.133   37.714    405.6    955.7
     1     1    14     1    26     2     0     0    38.0   52.988   37.730    390.0    957.4
     1     1    14     1    26     3     0     0    39.0   52.844   37.747    376.7    958.7
     1     1    14     1    26     4     0     0    40.0   52.703   37.766    365.9    959.5
     1     1    14     1    26     5     0     0    41.0   52.562   37.788    357.7    959.9
     1     1    14     1    26     6     0     0    42.0   52.424   37.809    352.4    960.5
     1     1    14     1    26     7     0     0    43.0   52.294   37.813    349.4    961.2
     1     1    14     1    26     8     0     0    44.0   52.177   37.789    348.2    961.7
     1     1    14     1    26     9     0     0    45.0   52.072   37.738    349.3    962.0
     1     1    14     1    26    10     0     0    46.0   51.979   37.661    353.0    961.9
     1     1    14     1    26    11     0     0    47.0   51.897   37.559    359.4    961.5
     1     1    14     1    26    12     0     0    48.0   51.827   37.433    368.8    960.7
