     1     1
    CDC1    14     1     1     0     0
     1 FORWARD  OMEGA   
    14     1     8    18   60.000   30.000   500.0
     1 PRESSURE
     1     1    14     1     8    18     0     0     0.0   60.000   30.000    500.0    940.1
     1     1    14     1     8    19     0     0     1.0   60.054   30.576    518.8    937.2
     1     1    14     1     8    20     0     0     2.0   60.109   31.156    537.6    934.2
     1     1    14     1     8    21     0     0     3.0   60.165   31.737    556.2    931.3
     1     1    14     1     8    22     0     0     4.0   60.225   32.316    574.5    928.5
     1     1    14     1     8    23     0     0     5.0   60.289   32.887    592.0    925.0
     1     1    14     1     9     0     0     0     6.0   60.354   33.445    608.5    921.5
     1     1    14     1     9     1     0     0     7.0   60.418   33.980    624.6    917.9
     1     1    14     1     9     2     0     0     8.0   60.482   34.480    641.0    914.1
     1     1    14     1     9     3     0     0     9.0   60.545   34.939    657.0    910.6
     1     1    14     1     9     4     0     0    10.0   60.609   35.354    672.5    907.7
     1     1    14     1     9     5     0     0    11.0   60.674   35.725    687.4    905.2
     1     1    14     1     9     6     0     0    12.0   60.744   36.051    701.6    902.9
     1     1    14     1     9     7     0     0    13.0   60.811   36.354    716.7    901.2
     1     1    14     1     9     8     0     0    14.0   60.870   36.655    733.5    899.0
     1     1    14     1     9     9     0     0    15.0   60.923   36.955    752.5    896.7
     1     1    14     1     9    10     0     0    16.0   60.971   37.252    774.1    894.1
     1     1    14     1     9    11     0     0    17.0   61.014   37.546    798.6    891.3
     1     1    14     1     9    12     0     0    18.0   61.053   37.838    826.2    888.3
     1     1    14     1     9    13     0     0    19.0   61.091   38.124    855.5    885.1
     1     1    14     1     9    14     0     0    20.0   61.135   38.401    884.9    882.2
     1     1    14     1     9    15     0     0    21.0   61.183   38.670    914.6    879.3
     1     1    14     1     9    16     0     0    22.0   61.237   38.928    944.9    876.2
     1     1    14     1     9    17     0     0    23.0   61.296   39.177    976.0    872.9
     1     1    14     1     9    18     0     0    24.0   61.362   39.415   1008.1    869.6
     1     1    14     1     9    19     0     0    25.0   61.429   39.636   1038.3    865.8
     1     1    14     1     9    20     0     0    26.0   61.495   39.833   1065.2    862.7
     1     1    14     1     9    21     0     0    27.0   61.557   40.006   1088.2    860.1
     1     1    14     1     9    22     0     0    28.0   61.616   40.154   1107.1    857.8
     1     1    14     1     9    23     0     0    29.0   61.672   40.276   1121.9    855.9
     1     1    14     1    10     0     0     0    30.0   61.725   40.371   1132.6    854.5
     1     1    14     1    10     1     0     0    31.0   61.789   40.446   1144.3    853.8
     1     1    14     1    10     2     0     0    32.0   61.878   40.506   1162.3    852.0
     1     1    14     1    10     3     0     0    33.0   61.991   40.553   1186.7    849.5
     1     1    14     1    10     4     0     0    34.0   62.126   40.587   1217.5    846.5
     1     1    14     1    10     5     0     0    35.0   62.283   40.613   1255.1    842.9
     1     1    14     1    10     6     0     0    36.0   62.461   40.636   1299.8    838.7
     1     1    14     1    10     7     0     0    37.0   62.653   40.633   1344.8    832.8
     1     1    14     1    10     8     0     0    38.0   62.856   40.575   1383.8    828.4
     1     1    14     1    10     9     0     0    39.0   63.068   40.458   1416.6    824.7
     1     1    14     1    10    10     0     0    40.0   63.288   40.277   1443.1    821.8
     1     1    14     1    10    11     0     0    41.0   63.511   40.027   1463.1    819.6
     1     1    14     1    10    12     0     0    42.0   63.735   39.700   1476.4    817.9
     1     1    14     1    10    13     0     0    43.0   63.945   39.278   1490.3    817.0
     1     1    14     1    10    14     0     0    44.0   64.127   38.758   1511.3    814.3
     1     1    14     1    10    15     0     0    45.0   64.279   38.143   1539.1    810.8
     1     1    14     1    10    16     0     0    46.0   64.396   37.437   1573.4    806.4
     1     1    14     1    10    17     0     0    47.0   64.476   36.653   1612.7    801.0
     1     1    14     1    10    18     0     0    48.0   64.517   35.804   1656.1    795.4
