     1     1
    CDC1    14     1     1     0     0
     1 FORWARD  OMEGA   
    14     1    11     6   60.000   30.000   500.0
     1 PRESSURE
     1     1    14     1    11     6     0     0     0.0   60.000   30.000    500.0    932.1
     1     1    14     1    11     7     0     0     1.0   59.654   30.130    496.3    931.7
     1     1    14     1    11     8     0     0     2.0   59.338   30.352    491.6    931.3
     1     1    14     1    11     9     0     0     3.0   59.050   30.658    484.9    930.8
     1     1    14     1    11    10     0     0     4.0   58.788   31.045    475.8    930.2
     1     1    14     1    11    11     0     0     5.0   58.548   31.506    463.4    929.8
     1     1    14     1    11    12     0     0     6.0   58.325   32.038    447.0    929.5
     1     1    14     1    11    13     0     0     7.0   58.110   32.634    430.7    928.9
     1     1    14     1    11    14     0     0     8.0   57.896   33.281    419.9    926.7
     1     1    14     1    11    15     0     0     9.0   57.678   33.979    415.9    923.3
     1     1    14     1    11    16     0     0    10.0   57.444   34.733    419.1    919.2
     1     1    14     1    11    17     0     0    11.0   57.188   35.518    429.7    917.9
     1     1    14     1    11    18     0     0    12.0   56.911   36.301    446.3    917.4
     1     1    14     1    11    19     0     0    13.0   56.625   37.063    466.4    916.3
     1     1    14     1    11    20     0     0    14.0   56.347   37.795    487.5    916.2
     1     1    14     1    11    21     0     0    15.0   56.085   38.496    507.5    916.9
     1     1    14     1    11    22     0     0    16.0   55.841   39.170    524.9    917.9
     1     1    14     1    11    23     0     0    17.0   55.612   39.823    539.1    919.2
     1     1    14     1    12     0     0     0    18.0   55.398   40.459    548.5    919.0
     1     1    14     1    12     1     0     0    19.0   55.206   41.087    552.3    918.2
     1     1    14     1    12     2     0     0    20.0   55.039   41.713    550.4    917.9
     1     1    14     1    12     3     0     0    21.0   54.887   42.343    543.1    917.3
     1     1    14     1    12     4     0     0    22.0   54.746   42.977    531.8    917.1
     1     1    14     1    12     5     0     0    23.0   54.618   43.614    518.7    917.4
     1     1    14     1    12     6     0     0    24.0   54.497   44.250    505.2    918.0
     1     1    14     1    12     7     0     0    25.0   54.389   44.875    493.3    918.7
     1     1    14     1    12     8     0     0    26.0   54.306   45.478    484.7    920.9
     1     1    14     1    12     9     0     0    27.0   54.250   46.055    479.3    923.1
     1     1    14     1    12    10     0     0    28.0   54.211   46.611    476.2    925.0
     1     1    14     1    12    11     0     0    29.0   54.181   47.149    474.7    926.8
     1     1    14     1    12    12     0     0    30.0   54.151   47.675    474.2    928.4
     1     1    14     1    12    13     0     0    31.0   54.137   48.183    474.3    929.6
     1     1    14     1    12    14     0     0    32.0   54.148   48.671    475.0    930.7
     1     1    14     1    12    15     0     0    33.0   54.177   49.144    476.1    931.7
     1     1    14     1    12    16     0     0    34.0   54.216   49.604    477.4    932.8
     1     1    14     1    12    17     0     0    35.0   54.259   50.055    478.6    933.8
     1     1    14     1    12    18     0     0    36.0   54.304   50.500    479.5    932.8
     1     1    14     1    12    19     0     0    37.0   54.366   50.921    481.6    931.4
     1     1    14     1    12    20     0     0    38.0   54.448   51.308    486.1    929.6
     1     1    14     1    12    21     0     0    39.0   54.546   51.663    491.9    927.8
     1     1    14     1    12    22     0     0    40.0   54.653   51.993    498.2    926.1
     1     1    14     1    12    23     0     0    41.0   54.763   52.301    504.4    924.5
     1     1    14     1    13     0     0     0    42.0   54.873   52.593    509.7    922.9
     1     1    14     1    13     1     0     0    43.0   55.003   52.872    514.4    920.7
     1     1    14     1    13     2     0     0    44.0   55.173   53.143    518.5    919.3
     1     1    14     1    13     3     0     0    45.0   55.379   53.410    522.0    918.2
     1     1    14     1    13     4     0     0    46.0   55.616   53.673    524.9    917.5
     1     1    14     1    13     5     0     0    47.0   55.879   53.933    526.9    917.0
     1     1    14     1    13     6     0     0    48.0   56.161   54.190    528.2    917.0
