     1     1
    CDC1    14     1     1     0     0
     1 FORWARD  OMEGA   
    14     1    18     0   60.000   30.000   500.0
     1 PRESSURE
     1     1    14     1    18     0     0     0     0.0   60.000   30.000    500.0    959.6
     1     1    14     1    18     1     0     0     1.0   59.961   29.620    482.0    961.2
     1     1    14     1    18     2     0     0     2.0   59.916   29.226    467.1    962.3
     1     1    14     1    18     3     0     0     3.0   59.865   28.817    454.5    963.2
     1     1    14     1    18     4     0     0     4.0   59.807   28.395    443.6    963.9
     1     1    14     1    18     5     0     0     5.0   59.742   27.958    433.4    964.7
     1     1    14     1    18     6     0     0     6.0   59.671   27.506    423.2    965.5
     1     1    14     1    18     7     0     0     7.0   59.596   27.060    411.0    966.2
     1     1    14     1    18     8     0     0     8.0   59.523   26.643    395.8    967.7
     1     1    14     1    18     9     0     0     9.0   59.455   26.257    377.2    969.7
     1     1    14     1    18    10     0     0    10.0   59.393   25.902    355.0    971.8
     1     1    14     1    18    11     0     0    11.0   59.339   25.578    329.3    974.6
     1     1    14     1    18    12     0     0    12.0   59.294   25.287    300.0    978.1
     1     1    14     1    18    13     0     0    13.0   59.250   25.002    269.6    982.0
     1     1    14     1    18    14     0     0    14.0   59.201   24.691    240.9    986.5
     1     1    14     1    18    15     0     0    15.0   59.147   24.354    214.6    990.9
     1     1    14     1    18    16     0     0    16.0   59.093   23.988    191.1    994.5
     1     1    14     1    18    17     0     0    17.0   59.040   23.592    171.0    997.3
     1     1    14     1    18    18     0     0    18.0   58.993   23.165    154.4    999.7
     1     1    14     1    18    19     0     0    19.0   58.959   22.714    141.4   1001.9
     1     1    14     1    18    20     0     0    20.0   58.944   22.251    132.1   1004.3
     1     1    14     1    18    21     0     0    21.0   58.945   21.774    126.3   1006.7
     1     1    14     1    18    22     0     0    22.0   58.959   21.283    123.8   1008.8
     1     1    14     1    18    23     0     0    23.0   58.984   20.778    124.4   1010.4
     1     1    14     1    19     0     0     0    24.0   59.019   20.259    128.3   1011.8
     1     1    14     1    19     1     0     0    25.0   59.058   19.726    134.5   1012.0
     1     1    14     1    19     2     0     0    26.0   59.097   19.184    142.3   1011.3
     1     1    14     1    19     3     0     0    27.0   59.134   18.638    151.3   1010.5
     1     1    14     1    19     4     0     0    28.0   59.171   18.085    161.3   1009.4
     1     1    14     1    19     5     0     0    29.0   59.208   17.522    171.8   1008.2
     1     1    14     1    19     6     0     0    30.0   59.253   16.943    181.8   1002.9
     1     1    14     1    19     7     0     0    31.0   59.307   16.346    190.4    997.2
     1     1    14     1    19     8     0     0    32.0   59.369   15.734    197.8    991.3
     1     1    14     1    19     9     0     0    33.0   59.437   15.107    204.3    984.8
     1     1    14     1    19    10     0     0    34.0   59.510   14.474    209.4    976.5
     1     1    14     1    19    11     0     0    35.0   59.583   13.845    212.8    967.8
     1     1    14     1    19    12     0     0    36.0   59.657   13.227    214.6    958.9
     1     1    14     1    19    13     0     0    37.0   59.745   12.621    213.7    949.6
     1     1    14     1    19    14     0     0    38.0   59.874   12.007    209.8    942.1
     1     1    14     1    19    15     0     0    39.0   60.078   11.357    202.3    934.4
     1     1    14     1    19    16     0     0    40.0   60.369   10.674    189.1    929.4
     1     1    14     1    19    17     0     0    41.0   60.729    9.997    167.9    926.3
     1     1    14     1    19    18     0     0    42.0   61.115    9.390    141.7    931.7
     1     1    14     1    19    19     0     0    43.0   61.498    8.889    116.6    938.1
     1     1    14     1    19    20     0     0    44.0   61.873    8.485     95.5    944.5
     1     1    14     1    19    21     0     0    45.0   62.246    8.172     78.4    950.6
     1     1    14     1    19    22     0     0    46.0   62.613    7.930     64.3    957.4
     1     1    14     1    19    23     0     0    47.0   62.958    7.712     51.9    967.4
     1     1    14     1    20     0     0     0    48.0   63.274    7.485     40.5    977.0
