     1     1
    CDC1    14     1     1     0     0
     1 FORWARD  OMEGA   
    14     1    14     0   60.000   30.000   500.0
     1 PRESSURE
     1     1    14     1    14     0     0     0     0.0   60.000   30.000    500.0    949.4
     1     1    14     1    14     1     0     0     1.0   59.788   30.043    491.4    949.8
     1     1    14     1    14     2     0     0     2.0   59.597   30.105    482.8    950.4
     1     1    14     1    14     3     0     0     3.0   59.427   30.184    474.8    950.9
     1     1    14     1    14     4     0     0     4.0   59.277   30.278    467.6    951.3
     1     1    14     1    14     5     0     0     5.0   59.145   30.386    461.6    951.6
     1     1    14     1    14     6     0     0     6.0   59.030   30.506    456.8    951.7
     1     1    14     1    14     7     0     0     7.0   58.928   30.640    453.2    951.8
     1     1    14     1    14     8     0     0     8.0   58.831   30.790    450.7    951.7
     1     1    14     1    14     9     0     0     9.0   58.740   30.954    449.1    951.5
     1     1    14     1    14    10     0     0    10.0   58.653   31.130    448.2    951.1
     1     1    14     1    14    11     0     0    11.0   58.570   31.317    447.8    950.5
     1     1    14     1    14    12     0     0    12.0   58.488   31.513    447.8    949.9
     1     1    14     1    14    13     0     0    13.0   58.406   31.712    447.3    949.0
     1     1    14     1    14    14     0     0    14.0   58.321   31.911    445.5    948.4
     1     1    14     1    14    15     0     0    15.0   58.233   32.111    442.9    947.9
     1     1    14     1    14    16     0     0    16.0   58.143   32.313    439.7    947.5
     1     1    14     1    14    17     0     0    17.0   58.054   32.519    436.4    947.1
     1     1    14     1    14    18     0     0    18.0   57.965   32.728    433.0    946.5
     1     1    14     1    14    19     0     0    19.0   57.878   32.940    431.5    945.5
     1     1    14     1    14    20     0     0    20.0   57.790   33.156    434.0    943.8
     1     1    14     1    14    21     0     0    21.0   57.703   33.376    440.3    941.6
     1     1    14     1    14    22     0     0    22.0   57.615   33.599    450.7    938.9
     1     1    14     1    14    23     0     0    23.0   57.526   33.826    465.2    935.7
     1     1    14     1    15     0     0     0    24.0   57.436   34.054    484.3    932.3
     1     1    14     1    15     1     0     0    25.0   57.348   34.275    506.0    928.8
     1     1    14     1    15     2     0     0    26.0   57.271   34.480    527.7    925.7
     1     1    14     1    15     3     0     0    27.0   57.203   34.672    549.3    922.7
     1     1    14     1    15     4     0     0    28.0   57.147   34.852    570.5    919.9
     1     1    14     1    15     5     0     0    29.0   57.103   35.023    591.0    917.5
     1     1    14     1    15     6     0     0    30.0   57.071   35.184    610.4    915.7
     1     1    14     1    15     7     0     0    31.0   57.045   35.341    627.5    914.1
     1     1    14     1    15     8     0     0    32.0   57.019   35.498    640.6    912.9
     1     1    14     1    15     9     0     0    33.0   56.994   35.656    649.9    912.1
     1     1    14     1    15    10     0     0    34.0   56.969   35.815    655.9    911.9
     1     1    14     1    15    11     0     0    35.0   56.946   35.976    658.8    912.0
     1     1    14     1    15    12     0     0    36.0   56.924   36.139    658.9    912.5
     1     1    14     1    15    13     0     0    37.0   56.912   36.290    658.6    913.0
     1     1    14     1    15    14     0     0    38.0   56.918   36.415    660.1    912.8
     1     1    14     1    15    15     0     0    39.0   56.941   36.512    663.2    912.3
     1     1    14     1    15    16     0     0    40.0   56.982   36.578    667.9    911.5
     1     1    14     1    15    17     0     0    41.0   57.039   36.611    674.2    910.5
     1     1    14     1    15    18     0     0    42.0   57.112   36.609    682.1    909.2
     1     1    14     1    15    19     0     0    43.0   57.192   36.575    691.4    907.4
     1     1    14     1    15    20     0     0    44.0   57.271   36.515    702.1    905.5
     1     1    14     1    15    21     0     0    45.0   57.349   36.427    713.8    903.5
     1     1    14     1    15    22     0     0    46.0   57.427   36.308    726.4    901.4
     1     1    14     1    15    23     0     0    47.0   57.506   36.156    739.7    899.3
     1     1    14     1    16     0     0     0    48.0   57.586   35.971    753.6    897.7
