     1     1
    CDC1    14     1     1     0     0
     1 FORWARD  OMEGA   
    14     1    22    18   60.000   30.000   500.0
     1 PRESSURE
     1     1    14     1    22    18     0     0     0.0   60.000   30.000    500.0    964.1
     1     1    14     1    22    19     0     0     1.0   60.030   29.673    490.6    964.5
     1     1    14     1    22    20     0     0     2.0   60.052   29.367    480.7    965.3
     1     1    14     1    22    21     0     0     3.0   60.066   29.080    470.2    966.3
     1     1    14     1    22    22     0     0     4.0   60.077   28.812    459.1    967.5
     1     1    14     1    22    23     0     0     5.0   60.084   28.564    447.4    968.9
     1     1    14     1    23     0     0     0     6.0   60.091   28.334    435.1    970.6
     1     1    14     1    23     1     0     0     7.0   60.091   28.117    422.4    972.1
     1     1    14     1    23     2     0     0     8.0   60.078   27.904    409.4    973.7
     1     1    14     1    23     3     0     0     9.0   60.053   27.693    396.3    975.4
     1     1    14     1    23     4     0     0    10.0   60.016   27.483    383.3    977.1
     1     1    14     1    23     5     0     0    11.0   59.968   27.274    370.6    978.2
     1     1    14     1    23     6     0     0    12.0   59.909   27.065    358.5    979.3
     1     1    14     1    23     7     0     0    13.0   59.849   26.861    346.0    980.4
     1     1    14     1    23     8     0     0    14.0   59.798   26.672    332.2    981.9
     1     1    14     1    23     9     0     0    15.0   59.755   26.499    317.1    983.5
     1     1    14     1    23    10     0     0    16.0   59.719   26.346    300.8    985.5
     1     1    14     1    23    11     0     0    17.0   59.692   26.215    283.4    987.6
     1     1    14     1    23    12     0     0    18.0   59.672   26.107    264.8    990.1
     1     1    14     1    23    13     0     0    19.0   59.650   26.008    245.8    992.6
     1     1    14     1    23    14     0     0    20.0   59.614   25.901    227.0    995.1
     1     1    14     1    23    15     0     0    21.0   59.565   25.786    208.5    997.6
     1     1    14     1    23    16     0     0    22.0   59.503   25.659    190.6    999.7
     1     1    14     1    23    17     0     0    23.0   59.429   25.517    173.5   1001.3
     1     1    14     1    23    18     0     0    24.0   59.343   25.357    157.4   1002.7
     1     1    14     1    23    19     0     0    25.0   59.258   25.181    143.7   1004.2
     1     1    14     1    23    20     0     0    26.0   59.189   24.997    133.7   1005.0
     1     1    14     1    23    21     0     0    27.0   59.134   24.804    127.1   1006.1
     1     1    14     1    23    22     0     0    28.0   59.096   24.600    123.4   1006.7
     1     1    14     1    23    23     0     0    29.0   59.073   24.387    122.5   1007.0
     1     1    14     1    24     0     0     0    30.0   59.065   24.165    124.3   1007.0
     1     1    14     1    24     1     0     0    31.0   59.062   23.943    126.8   1006.7
     1     1    14     1    24     2     0     0    32.0   59.057   23.726    127.9   1006.9
     1     1    14     1    24     3     0     0    33.0   59.052   23.515    127.6   1007.3
     1     1    14     1    24     4     0     0    34.0   59.046   23.309    125.9   1007.9
     1     1    14     1    24     5     0     0    35.0   59.039   23.111    123.0   1008.6
     1     1    14     1    24     6     0     0    36.0   59.032   22.920    118.9   1009.6
     1     1    14     1    24     7     0     0    37.0   59.030   22.736    114.5   1010.8
     1     1    14     1    24     8     0     0    38.0   59.040   22.557    110.5   1011.9
     1     1    14     1    24     9     0     0    39.0   59.062   22.382    106.8   1013.2
     1     1    14     1    24    10     0     0    40.0   59.095   22.211    103.4   1014.6
     1     1    14     1    24    11     0     0    41.0   59.140   22.044    100.2   1016.0
     1     1    14     1    24    12     0     0    42.0   59.194   21.884     97.2   1017.5
     1     1    14     1    24    13     0     0    43.0   59.255   21.739     94.4   1018.5
     1     1    14     1    24    14     0     0    44.0   59.318   21.620     91.8   1019.3
     1     1    14     1    24    15     0     0    45.0   59.383   21.531     89.4   1020.0
     1     1    14     1    24    16     0     0    46.0   59.451   21.474     87.2   1020.6
     1     1    14     1    24    17     0     0    47.0   59.520   21.454     85.2   1021.1
     1     1    14     1    24    18     0     0    48.0   59.591   21.474     83.4   1021.4
