     1     1
    CDC1    14     1     1     0     0
     1 FORWARD  OMEGA   
    14     1    23    18   60.000   30.000   500.0
     1 PRESSURE
     1     1    14     1    23    18     0     0     0.0   60.000   30.000    500.0    966.9
     1     1    14     1    23    19     0     0     1.0   59.857   29.772    476.5    969.5
     1     1    14     1    23    20     0     0     2.0   59.732   29.566    456.2    971.8
     1     1    14     1    23    21     0     0     3.0   59.624   29.378    439.1    973.8
     1     1    14     1    23    22     0     0     4.0   59.532   29.205    425.5    975.5
     1     1    14     1    23    23     0     0     5.0   59.456   29.045    415.5    976.8
     1     1    14     1    24     0     0     0     6.0   59.394   28.895    409.0    977.7
     1     1    14     1    24     1     0     0     7.0   59.338   28.753    403.5    977.9
     1     1    14     1    24     2     0     0     8.0   59.277   28.615    396.4    978.7
     1     1    14     1    24     3     0     0     9.0   59.211   28.479    387.7    979.7
     1     1    14     1    24     4     0     0    10.0   59.141   28.345    377.4    980.7
     1     1    14     1    24     5     0     0    11.0   59.065   28.211    365.3    981.9
     1     1    14     1    24     6     0     0    12.0   58.983   28.074    351.6    983.3
     1     1    14     1    24     7     0     0    13.0   58.900   27.949    337.1    985.1
     1     1    14     1    24     8     0     0    14.0   58.823   27.851    323.1    986.8
     1     1    14     1    24     9     0     0    15.0   58.752   27.778    309.4    988.5
     1     1    14     1    24    10     0     0    16.0   58.687   27.731    296.0    990.2
     1     1    14     1    24    11     0     0    17.0   58.628   27.709    282.9    992.0
     1     1    14     1    24    12     0     0    18.0   58.575   27.712    270.1    993.7
     1     1    14     1    24    13     0     0    19.0   58.520   27.732    258.7    995.4
     1     1    14     1    24    14     0     0    20.0   58.454   27.761    249.3    996.7
     1     1    14     1    24    15     0     0    21.0   58.378   27.796    242.0    997.8
     1     1    14     1    24    16     0     0    22.0   58.292   27.836    236.8    998.6
     1     1    14     1    24    17     0     0    23.0   58.195   27.877    233.5    999.2
     1     1    14     1    24    18     0     0    24.0   58.087   27.917    232.3    999.4
     1     1    14     1    24    19     0     0    25.0   57.982   27.953    232.2    999.3
     1     1    14     1    24    20     0     0    26.0   57.894   27.987    232.6    999.2
     1     1    14     1    24    21     0     0    27.0   57.825   28.022    233.4    999.1
     1     1    14     1    24    22     0     0    28.0   57.773   28.060    234.7    998.9
     1     1    14     1    24    23     0     0    29.0   57.741   28.105    236.5    998.6
     1     1    14     1    25     0     0     0    30.0   57.726   28.160    238.7    998.3
     1     1    14     1    25     1     0     0    31.0   57.715   28.235    240.7    997.7
     1     1    14     1    25     2     0     0    32.0   57.692   28.335    241.5    997.4
     1     1    14     1    25     3     0     0    33.0   57.656   28.459    241.0    997.2
     1     1    14     1    25     4     0     0    34.0   57.609   28.607    239.2    997.2
     1     1    14     1    25     5     0     0    35.0   57.551   28.781    236.1    997.3
     1     1    14     1    25     6     0     0    36.0   57.481   28.979    231.6    997.5
     1     1    14     1    25     7     0     0    37.0   57.408   29.180    225.7    997.6
     1     1    14     1    25     8     0     0    38.0   57.339   29.359    218.6    997.9
     1     1    14     1    25     9     0     0    39.0   57.274   29.518    210.1    998.5
     1     1    14     1    25    10     0     0    40.0   57.214   29.657    200.0    999.5
     1     1    14     1    25    11     0     0    41.0   57.161   29.777    188.7   1000.2
     1     1    14     1    25    12     0     0    42.0   57.115   29.879    176.4   1001.1
     1     1    14     1    25    13     0     0    43.0   57.072   29.979    164.8   1001.9
     1     1    14     1    25    14     0     0    44.0   57.027   30.092    155.2   1001.9
     1     1    14     1    25    15     0     0    45.0   56.978   30.219    147.6   1001.7
     1     1    14     1    25    16     0     0    46.0   56.925   30.358    141.8   1001.2
     1     1    14     1    25    17     0     0    47.0   56.865   30.511    137.7   1000.4
     1     1    14     1    25    18     0     0    48.0   56.798   30.676    135.3    999.4
