     1     1
    CDC1    14     1     1     0     0
     1 FORWARD  OMEGA   
    14     1    24    18   60.000   30.000   500.0
     1 PRESSURE
     1     1    14     1    24    18     0     0     0.0   60.000   30.000    500.0    968.6
     1     1    14     1    24    19     0     0     1.0   59.812   30.409    500.1    967.4
     1     1    14     1    24    20     0     0     2.0   59.632   30.796    503.4    965.5
     1     1    14     1    24    21     0     0     3.0   59.459   31.164    509.9    963.1
     1     1    14     1    24    22     0     0     4.0   59.289   31.515    519.7    960.3
     1     1    14     1    24    23     0     0     5.0   59.124   31.852    533.1    957.1
     1     1    14     1    25     0     0     0     6.0   58.960   32.178    550.2    953.3
     1     1    14     1    25     1     0     0     7.0   58.788   32.495    568.0    949.1
     1     1    14     1    25     2     0     0     8.0   58.599   32.807    583.1    945.0
     1     1    14     1    25     3     0     0     9.0   58.395   33.116    595.4    941.1
     1     1    14     1    25     4     0     0    10.0   58.176   33.428    604.8    937.6
     1     1    14     1    25     5     0     0    11.0   57.941   33.748    611.4    934.2
     1     1    14     1    25     6     0     0    12.0   57.689   34.085    615.3    931.0
     1     1    14     1    25     7     0     0    13.0   57.426   34.414    617.0    928.2
     1     1    14     1    25     8     0     0    14.0   57.161   34.698    617.1    926.8
     1     1    14     1    25     9     0     0    15.0   56.897   34.937    615.2    926.1
     1     1    14     1    25    10     0     0    16.0   56.639   35.139    611.7    926.5
     1     1    14     1    25    11     0     0    17.0   56.392   35.312    606.8    927.4
     1     1    14     1    25    12     0     0    18.0   56.156   35.468    600.9    928.5
     1     1    14     1    25    13     0     0    19.0   55.926   35.618    595.1    930.0
     1     1    14     1    25    14     0     0    20.0   55.694   35.774    590.4    931.3
     1     1    14     1    25    15     0     0    21.0   55.458   35.943    586.7    932.6
     1     1    14     1    25    16     0     0    22.0   55.217   36.130    584.1    933.9
     1     1    14     1    25    17     0     0    23.0   54.970   36.342    582.4    935.1
     1     1    14     1    25    18     0     0    24.0   54.714   36.568    581.0    935.3
     1     1    14     1    25    19     0     0    25.0   54.462   36.771    577.6    935.6
     1     1    14     1    25    20     0     0    26.0   54.224   36.933    570.5    936.4
     1     1    14     1    25    21     0     0    27.0   54.003   37.058    560.0    937.5
     1     1    14     1    25    22     0     0    28.0   53.799   37.148    546.3    938.8
     1     1    14     1    25    23     0     0    29.0   53.612   37.205    529.7    940.5
     1     1    14     1    26     0     0     0    30.0   53.444   37.232    510.5    942.4
     1     1    14     1    26     1     0     0    31.0   53.289   37.242    490.9    944.7
     1     1    14     1    26     2     0     0    32.0   53.138   37.246    473.2    946.7
     1     1    14     1    26     3     0     0    33.0   52.992   37.248    457.8    948.4
     1     1    14     1    26     4     0     0    34.0   52.851   37.248    444.9    949.8
     1     1    14     1    26     5     0     0    35.0   52.714   37.247    434.9    950.8
     1     1    14     1    26     6     0     0    36.0   52.582   37.246    428.0    951.4
     1     1    14     1    26     7     0     0    37.0   52.458   37.233    423.7    951.9
     1     1    14     1    26     8     0     0    38.0   52.347   37.195    421.1    952.5
     1     1    14     1    26     9     0     0    39.0   52.249   37.129    420.5    952.9
     1     1    14     1    26    10     0     0    40.0   52.163   37.034    421.9    952.9
     1     1    14     1    26    11     0     0    41.0   52.090   36.914    425.5    952.5
     1     1    14     1    26    12     0     0    42.0   52.027   36.768    431.3    951.8
     1     1    14     1    26    13     0     0    43.0   51.966   36.585    437.5    950.7
     1     1    14     1    26    14     0     0    44.0   51.896   36.349    442.9    949.9
     1     1    14     1    26    15     0     0    45.0   51.821   36.056    447.8    949.0
     1     1    14     1    26    16     0     0    46.0   51.741   35.704    452.6    947.9
     1     1    14     1    26    17     0     0    47.0   51.661   35.288    457.7    946.6
     1     1    14     1    26    18     0     0    48.0   51.582   34.806    463.5    945.3
