     1     1
    CDC1    14     1     1     0     0
     1 FORWARD  OMEGA   
    14     1    13    12   60.000   30.000   500.0
     1 PRESSURE
     1     1    14     1    13    12     0     0     0.0   60.000   30.000    500.0    943.1
     1     1    14     1    13    13     0     0     1.0   59.735   29.934    479.2    945.7
     1     1    14     1    13    14     0     0     2.0   59.476   29.911    460.1    947.9
     1     1    14     1    13    15     0     0     3.0   59.224   29.929    442.0    950.2
     1     1    14     1    13    16     0     0     4.0   58.980   29.986    424.3    952.4
     1     1    14     1    13    17     0     0     5.0   58.745   30.082    406.5    954.4
     1     1    14     1    13    18     0     0     6.0   58.518   30.215    388.1    956.3
     1     1    14     1    13    19     0     0     7.0   58.304   30.383    370.4    957.7
     1     1    14     1    13    20     0     0     8.0   58.105   30.586    354.6    958.4
     1     1    14     1    13    21     0     0     9.0   57.919   30.822    340.8    958.8
     1     1    14     1    13    22     0     0    10.0   57.741   31.092    329.1    958.7
     1     1    14     1    13    23     0     0    11.0   57.569   31.396    319.3    958.2
     1     1    14     1    14     0     0     0    12.0   57.394   31.729    311.3    957.2
     1     1    14     1    14     1     0     0    13.0   57.216   32.076    304.8    955.6
     1     1    14     1    14     2     0     0    14.0   57.039   32.425    299.6    954.1
     1     1    14     1    14     3     0     0    15.0   56.864   32.777    295.4    953.1
     1     1    14     1    14     4     0     0    16.0   56.696   33.131    292.1    952.4
     1     1    14     1    14     5     0     0    17.0   56.532   33.487    289.5    951.9
     1     1    14     1    14     6     0     0    18.0   56.371   33.847    287.4    951.5
     1     1    14     1    14     7     0     0    19.0   56.210   34.204    285.2    951.4
     1     1    14     1    14     8     0     0    20.0   56.048   34.550    281.8    951.8
     1     1    14     1    14     9     0     0    21.0   55.887   34.889    277.3    952.7
     1     1    14     1    14    10     0     0    22.0   55.733   35.219    271.5    954.6
     1     1    14     1    14    11     0     0    23.0   55.591   35.540    264.7    957.1
     1     1    14     1    14    12     0     0    24.0   55.464   35.854    256.8    959.9
     1     1    14     1    14    13     0     0    25.0   55.346   36.165    248.5    962.5
     1     1    14     1    14    14     0     0    26.0   55.231   36.476    240.4    965.1
     1     1    14     1    14    15     0     0    27.0   55.117   36.787    232.4    967.9
     1     1    14     1    14    16     0     0    28.0   55.002   37.101    224.0    971.0
     1     1    14     1    14    17     0     0    29.0   54.886   37.415    215.2    973.6
     1     1    14     1    14    18     0     0    30.0   54.769   37.728    205.7    975.8
     1     1    14     1    14    19     0     0    31.0   54.658   38.031    197.2    977.5
     1     1    14     1    14    20     0     0    32.0   54.560   38.317    191.1    978.4
     1     1    14     1    14    21     0     0    33.0   54.472   38.586    187.3    978.9
     1     1    14     1    14    22     0     0    34.0   54.395   38.840    185.5    979.2
     1     1    14     1    14    23     0     0    35.0   54.328   39.078    185.6    979.3
     1     1    14     1    15     0     0     0    36.0   54.272   39.301    187.6    979.1
     1     1    14     1    15     1     0     0    37.0   54.224   39.521    189.9    979.0
     1     1    14     1    15     2     0     0    38.0   54.181   39.750    191.0    979.1
     1     1    14     1    15     3     0     0    39.0   54.142   39.990    191.0    979.4
     1     1    14     1    15     4     0     0    40.0   54.107   40.242    189.7    979.2
     1     1    14     1    15     5     0     0    41.0   54.073   40.507    187.0    979.0
     1     1    14     1    15     6     0     0    42.0   54.041   40.783    183.0    979.0
     1     1    14     1    15     7     0     0    43.0   54.008   41.062    178.5    979.0
     1     1    14     1    15     8     0     0    44.0   53.977   41.336    174.7    978.9
     1     1    14     1    15     9     0     0    45.0   53.947   41.604    171.5    978.7
     1     1    14     1    15    10     0     0    46.0   53.920   41.868    169.1    978.5
     1     1    14     1    15    11     0     0    47.0   53.896   42.129    167.5    978.2
     1     1    14     1    15    12     0     0    48.0   53.878   42.389    166.7    977.8
