     1     1
    CDC1    14     1     1     0     0
     1 FORWARD  OMEGA   
    14     1     7    18   60.000   30.000   500.0
     1 PRESSURE
     1     1    14     1     7    18     0     0     0.0   60.000   30.000    500.0    942.6
     1     1    14     1     7    19     0     0     1.0   60.230   30.448    517.0    938.4
     1     1    14     1     7    20     0     0     2.0   60.435   30.939    530.2    934.9
     1     1    14     1     7    21     0     0     3.0   60.617   31.469    539.1    932.1
     1     1    14     1     7    22     0     0     4.0   60.776   32.032    543.5    929.8
     1     1    14     1     7    23     0     0     5.0   60.911   32.624    543.2    928.1
     1     1    14     1     8     0     0     0     6.0   61.026   33.239    539.1    926.5
     1     1    14     1     8     1     0     0     7.0   61.127   33.847    537.1    926.0
     1     1    14     1     8     2     0     0     8.0   61.215   34.425    541.8    924.3
     1     1    14     1     8     3     0     0     9.0   61.283   34.975    552.5    922.1
     1     1    14     1     8     4     0     0    10.0   61.329   35.497    568.4    919.9
     1     1    14     1     8     5     0     0    11.0   61.352   35.990    589.2    917.2
     1     1    14     1     8     6     0     0    12.0   61.348   36.457    614.5    913.8
     1     1    14     1     8     7     0     0    13.0   61.330   36.920    641.9    910.6
     1     1    14     1     8     8     0     0    14.0   61.309   37.395    668.0    907.5
     1     1    14     1     8     9     0     0    15.0   61.283   37.882    692.8    904.8
     1     1    14     1     8    10     0     0    16.0   61.248   38.381    716.3    902.2
     1     1    14     1     8    11     0     0    17.0   61.200   38.893    738.4    899.5
     1     1    14     1     8    12     0     0    18.0   61.128   39.422    758.9    896.8
     1     1    14     1     8    13     0     0    19.0   61.037   39.951    779.0    894.4
     1     1    14     1     8    14     0     0    20.0   60.937   40.463    798.5    891.6
     1     1    14     1     8    15     0     0    21.0   60.828   40.962    817.5    888.9
     1     1    14     1     8    16     0     0    22.0   60.708   41.449    835.1    886.3
     1     1    14     1     8    17     0     0    23.0   60.575   41.927    850.4    884.1
     1     1    14     1     8    18     0     0    24.0   60.426   42.398    862.5    882.2
     1     1    14     1     8    19     0     0    25.0   60.272   42.868    872.0    880.6
     1     1    14     1     8    20     0     0    26.0   60.125   43.335    879.9    879.0
     1     1    14     1     8    21     0     0    27.0   59.983   43.795    886.1    877.8
     1     1    14     1     8    22     0     0    28.0   59.841   44.240    889.8    877.2
     1     1    14     1     8    23     0     0    29.0   59.697   44.665    890.2    877.1
     1     1    14     1     9     0     0     0    30.0   59.546   45.069    887.3    877.5
     1     1    14     1     9     1     0     0    31.0   59.399   45.462    885.0    878.4
     1     1    14     1     9     2     0     0    32.0   59.264   45.849    887.5    878.4
     1     1    14     1     9     3     0     0    33.0   59.138   46.227    895.1    877.8
     1     1    14     1     9     4     0     0    34.0   59.017   46.594    908.4    876.6
     1     1    14     1     9     5     0     0    35.0   58.898   46.947    927.7    874.7
     1     1    14     1     9     6     0     0    36.0   58.778   47.283    953.3    872.0
     1     1    14     1     9     7     0     0    37.0   58.665   47.605    982.4    868.6
     1     1    14     1     9     8     0     0    38.0   58.566   47.914   1011.1    865.9
     1     1    14     1     9     9     0     0    39.0   58.483   48.210   1039.1    863.3
     1     1    14     1     9    10     0     0    40.0   58.416   48.494   1065.8    860.9
     1     1    14     1     9    11     0     0    41.0   58.366   48.763   1090.8    858.8
     1     1    14     1     9    12     0     0    42.0   58.334   49.018   1113.7    856.9
     1     1    14     1     9    13     0     0    43.0   58.315   49.262   1137.8    855.0
     1     1    14     1     9    14     0     0    44.0   58.308   49.501   1166.6    852.3
     1     1    14     1     9    15     0     0    45.0   58.315   49.735   1200.0    849.2
     1     1    14     1     9    16     0     0    46.0   58.335   49.965   1238.0    845.6
     1     1    14     1     9    17     0     0    47.0   58.368   50.197   1280.5    841.4
     1     1    14     1     9    18     0     0    48.0   58.415   50.432   1326.9    836.5
