     1     1
    CDC1    14     1     1     0     0
     1 FORWARD  OMEGA   
    14     1    20     6   60.000   30.000   500.0
     1 PRESSURE
     1     1    14     1    20     6     0     0     0.0   60.000   30.000    500.0    967.9
     1     1    14     1    20     7     0     0     1.0   59.812   29.917    503.2    967.3
     1     1    14     1    20     8     0     0     2.0   59.659   29.829    503.9    967.1
     1     1    14     1    20     9     0     0     3.0   59.537   29.736    502.3    967.3
     1     1    14     1    20    10     0     0     4.0   59.445   29.637    498.6    967.7
     1     1    14     1    20    11     0     0     5.0   59.381   29.532    493.1    968.4
     1     1    14     1    20    12     0     0     6.0   59.343   29.421    486.2    969.4
     1     1    14     1    20    13     0     0     7.0   59.324   29.314    478.7    970.0
     1     1    14     1    20    14     0     0     8.0   59.320   29.221    471.4    970.5
     1     1    14     1    20    15     0     0     9.0   59.329   29.143    464.0    971.2
     1     1    14     1    20    16     0     0    10.0   59.349   29.081    456.5    971.9
     1     1    14     1    20    17     0     0    11.0   59.381   29.037    448.7    972.8
     1     1    14     1    20    18     0     0    12.0   59.422   29.013    440.6    973.7
     1     1    14     1    20    19     0     0    13.0   59.471   29.011    432.9    974.7
     1     1    14     1    20    20     0     0    14.0   59.525   29.034    426.2    975.6
     1     1    14     1    20    21     0     0    15.0   59.582   29.087    420.7    976.3
     1     1    14     1    20    22     0     0    16.0   59.643   29.170    416.3    977.0
     1     1    14     1    20    23     0     0    17.0   59.705   29.288    413.1    977.6
     1     1    14     1    21     0     0     0    18.0   59.770   29.442    411.0    978.1
     1     1    14     1    21     1     0     0    19.0   59.829   29.632    409.5    978.4
     1     1    14     1    21     2     0     0    20.0   59.875   29.855    408.3    978.8
     1     1    14     1    21     3     0     0    21.0   59.911   30.110    407.4    978.7
     1     1    14     1    21     4     0     0    22.0   59.936   30.397    407.0    978.1
     1     1    14     1    21     5     0     0    23.0   59.954   30.716    407.2    977.4
     1     1    14     1    21     6     0     0    24.0   59.965   31.069    408.4    976.7
     1     1    14     1    21     7     0     0    25.0   59.970   31.432    410.2    975.7
     1     1    14     1    21     8     0     0    26.0   59.966   31.781    412.1    974.7
     1     1    14     1    21     9     0     0    27.0   59.955   32.115    414.0    973.6
     1     1    14     1    21    10     0     0    28.0   59.937   32.433    415.7    972.4
     1     1    14     1    21    11     0     0    29.0   59.913   32.732    417.0    970.8
     1     1    14     1    21    12     0     0    30.0   59.882   33.012    417.9    969.2
     1     1    14     1    21    13     0     0    31.0   59.849   33.276    418.6    967.9
     1     1    14     1    21    14     0     0    32.0   59.815   33.529    419.2    966.5
     1     1    14     1    21    15     0     0    33.0   59.783   33.771    419.8    965.2
     1     1    14     1    21    16     0     0    34.0   59.753   34.002    420.2    963.9
     1     1    14     1    21    17     0     0    35.0   59.726   34.222    420.6    962.8
     1     1    14     1    21    18     0     0    36.0   59.705   34.432    421.0    961.7
     1     1    14     1    21    19     0     0    37.0   59.689   34.622    422.8    961.0
     1     1    14     1    21    20     0     0    38.0   59.680   34.781    427.5    959.8
     1     1    14     1    21    21     0     0    39.0   59.677   34.908    434.9    958.4
     1     1    14     1    21    22     0     0    40.0   59.679   35.003    445.1    956.8
     1     1    14     1    21    23     0     0    41.0   59.686   35.064    457.9    955.0
     1     1    14     1    22     0     0     0    42.0   59.697   35.090    473.3    953.1
     1     1    14     1    22     1     0     0    43.0   59.713   35.080    488.0    950.6
     1     1    14     1    22     2     0     0    44.0   59.736   35.030    499.4    949.1
     1     1    14     1    22     3     0     0    45.0   59.763   34.936    507.0    948.3
     1     1    14     1    22     4     0     0    46.0   59.794   34.798    510.7    948.1
     1     1    14     1    22     5     0     0    47.0   59.827   34.613    510.5    948.6
     1     1    14     1    22     6     0     0    48.0   59.862   34.380    506.2    949.7
