     1     1
    CDC1    14     1     1     0     0
     1 FORWARD  OMEGA   
    14     1    16    18   60.000   30.000   500.0
     1 PRESSURE
     1     1    14     1    16    18     0     0     0.0   60.000   30.000    500.0    954.5
     1     1    14     1    16    19     0     0     1.0   59.842   29.614    497.0    953.7
     1     1    14     1    16    20     0     0     2.0   59.678   29.269    491.2    953.7
     1     1    14     1    16    21     0     0     3.0   59.512   28.966    483.2    954.1
     1     1    14     1    16    22     0     0     4.0   59.347   28.704    473.5    954.9
     1     1    14     1    16    23     0     0     5.0   59.186   28.481    462.8    956.0
     1     1    14     1    17     0     0     0     6.0   59.029   28.295    451.3    957.2
     1     1    14     1    17     1     0     0     7.0   58.881   28.128    438.0    958.5
     1     1    14     1    17     2     0     0     8.0   58.744   27.960    421.6    960.5
     1     1    14     1    17     3     0     0     9.0   58.617   27.790    402.0    963.1
     1     1    14     1    17     4     0     0    10.0   58.502   27.620    379.0    966.1
     1     1    14     1    17     5     0     0    11.0   58.398   27.446    352.6    969.0
     1     1    14     1    17     6     0     0    12.0   58.305   27.268    323.1    972.2
     1     1    14     1    17     7     0     0    13.0   58.224   27.080    293.2    975.8
     1     1    14     1    17     8     0     0    14.0   58.155   26.874    265.6    979.1
     1     1    14     1    17     9     0     0    15.0   58.096   26.649    240.5    982.1
     1     1    14     1    17    10     0     0    16.0   58.047   26.403    218.1    984.9
     1     1    14     1    17    11     0     0    17.0   58.004   26.132    198.6    987.2
     1     1    14     1    17    12     0     0    18.0   57.967   25.834    182.5    988.3
     1     1    14     1    17    13     0     0    19.0   57.929   25.505    170.0    988.9
     1     1    14     1    17    14     0     0    20.0   57.882   25.141    160.9    989.0
     1     1    14     1    17    15     0     0    21.0   57.825   24.740    155.1    989.1
     1     1    14     1    17    16     0     0    22.0   57.755   24.302    152.8    989.0
     1     1    14     1    17    17     0     0    23.0   57.671   23.826    154.0    988.2
     1     1    14     1    17    18     0     0    24.0   57.570   23.312    158.6    986.9
     1     1    14     1    17    19     0     0    25.0   57.464   22.776    166.1    985.5
     1     1    14     1    17    20     0     0    26.0   57.367   22.239    176.2    984.7
     1     1    14     1    17    21     0     0    27.0   57.280   21.709    189.4    984.4
     1     1    14     1    17    22     0     0    28.0   57.202   21.189    206.4    983.6
     1     1    14     1    17    23     0     0    29.0   57.133   20.682    227.6    981.7
     1     1    14     1    18     0     0     0    30.0   57.074   20.190    253.7    979.4
     1     1    14     1    18     1     0     0    31.0   57.020   19.690    281.2    976.4
     1     1    14     1    18     2     0     0    32.0   56.968   19.153    306.8    974.0
     1     1    14     1    18     3     0     0    33.0   56.921   18.574    330.3    972.0
     1     1    14     1    18     4     0     0    34.0   56.880   17.950    352.2    970.2
     1     1    14     1    18     5     0     0    35.0   56.846   17.274    372.7    968.3
     1     1    14     1    18     6     0     0    36.0   56.824   16.546    391.5    965.3
     1     1    14     1    18     7     0     0    37.0   56.825   15.793    409.5    962.5
     1     1    14     1    18     8     0     0    38.0   56.850   15.036    427.1    960.0
     1     1    14     1    18     9     0     0    39.0   56.899   14.278    444.0    957.6
     1     1    14     1    18    10     0     0    40.0   56.966   13.520    459.6    955.4
     1     1    14     1    18    11     0     0    41.0   57.048   12.756    474.0    953.2
     1     1    14     1    18    12     0     0    42.0   57.141   11.984    487.2    951.4
     1     1    14     1    18    13     0     0    43.0   57.250   11.185    499.7    949.9
     1     1    14     1    18    14     0     0    44.0   57.380   10.339    512.2    948.2
     1     1    14     1    18    15     0     0    45.0   57.540    9.444    523.4    945.6
     1     1    14     1    18    16     0     0    46.0   57.746    8.522    529.5    939.2
     1     1    14     1    18    17     0     0    47.0   58.006    7.592    527.4    932.7
     1     1    14     1    18    18     0     0    48.0   58.322    6.656    515.7    928.6
