     1     1
    CDC1    14     1     1     0     0
     1 FORWARD  OMEGA   
    14     1    16    12   60.000   30.000   500.0
     1 PRESSURE
     1     1    14     1    16    12     0     0     0.0   60.000   30.000    500.0    953.4
     1     1    14     1    16    13     0     0     1.0   59.822   29.691    493.7    953.4
     1     1    14     1    16    14     0     0     2.0   59.640   29.389    486.5    953.6
     1     1    14     1    16    15     0     0     3.0   59.458   29.091    478.4    953.9
     1     1    14     1    16    16     0     0     4.0   59.276   28.798    469.7    954.4
     1     1    14     1    16    17     0     0     5.0   59.097   28.508    460.5    955.0
     1     1    14     1    16    18     0     0     6.0   58.922   28.220    451.1    955.7
     1     1    14     1    16    19     0     0     7.0   58.753   27.952    441.0    956.8
     1     1    14     1    16    20     0     0     8.0   58.589   27.722    429.9    958.2
     1     1    14     1    16    21     0     0     9.0   58.432   27.525    418.4    959.7
     1     1    14     1    16    22     0     0    10.0   58.286   27.358    406.8    961.1
     1     1    14     1    16    23     0     0    11.0   58.151   27.215    395.6    962.4
     1     1    14     1    17     0     0     0    12.0   58.027   27.092    385.0    963.7
     1     1    14     1    17     1     0     0    13.0   57.915   26.973    372.8    964.6
     1     1    14     1    17     2     0     0    14.0   57.813   26.843    357.0    966.2
     1     1    14     1    17     3     0     0    15.0   57.723   26.699    337.4    968.2
     1     1    14     1    17     4     0     0    16.0   57.643   26.541    314.3    970.8
     1     1    14     1    17     5     0     0    17.0   57.574   26.369    287.7    973.9
     1     1    14     1    17     6     0     0    18.0   57.515   26.181    257.9    977.6
     1     1    14     1    17     7     0     0    19.0   57.466   25.976    228.5    981.7
     1     1    14     1    17     8     0     0    20.0   57.428   25.747    202.6    985.0
     1     1    14     1    17     9     0     0    21.0   57.398   25.493    180.3    987.0
     1     1    14     1    17    10     0     0    22.0   57.375   25.210    161.6    988.4
     1     1    14     1    17    11     0     0    23.0   57.357   24.895    146.6    989.6
     1     1    14     1    17    12     0     0    24.0   57.342   24.548    135.9    990.7
     1     1    14     1    17    13     0     0    25.0   57.319   24.167    129.3    991.1
     1     1    14     1    17    14     0     0    26.0   57.279   23.749    126.7    991.0
     1     1    14     1    17    15     0     0    27.0   57.224   23.295    127.8    990.5
     1     1    14     1    17    16     0     0    28.0   57.153   22.806    132.4    989.4
     1     1    14     1    17    17     0     0    29.0   57.067   22.284    140.0    988.5
     1     1    14     1    17    18     0     0    30.0   56.967   21.736    149.9    987.8
     1     1    14     1    17    19     0     0    31.0   56.866   21.182    162.0    987.4
     1     1    14     1    17    20     0     0    32.0   56.773   20.639    177.2    986.7
     1     1    14     1    17    21     0     0    33.0   56.688   20.113    196.3    985.7
     1     1    14     1    17    22     0     0    34.0   56.612   19.605    219.5    983.1
     1     1    14     1    17    23     0     0    35.0   56.553   19.115    246.5    979.7
     1     1    14     1    18     0     0     0    36.0   56.508   18.643    277.8    976.0
     1     1    14     1    18     1     0     0    37.0   56.474   18.162    310.2    972.0
     1     1    14     1    18     2     0     0    38.0   56.445   17.641    340.3    968.9
     1     1    14     1    18     3     0     0    39.0   56.425   17.077    367.7    965.6
     1     1    14     1    18     4     0     0    40.0   56.419   16.466    392.3    962.1
     1     1    14     1    18     5     0     0    41.0   56.428   15.806    415.1    958.5
     1     1    14     1    18     6     0     0    42.0   56.452   15.093    437.6    954.8
     1     1    14     1    18     7     0     0    43.0   56.498   14.356    460.6    952.1
     1     1    14     1    18     8     0     0    44.0   56.570   13.621    483.2    949.5
     1     1    14     1    18     9     0     0    45.0   56.663   12.883    505.8    946.8
     1     1    14     1    18    10     0     0    46.0   56.774   12.138    528.0    944.4
     1     1    14     1    18    11     0     0    47.0   56.903   11.384    549.3    942.4
     1     1    14     1    18    12     0     0    48.0   57.047   10.615    569.3    940.4
