     1     1
    CDC1    14     1     1     0     0
     1 FORWARD  OMEGA   
    14     1     4     0   60.000   30.000   500.0
     1 PRESSURE
     1     1    14     1     4     0     0     0     0.0   60.000   30.000    500.0    953.8
     1     1    14     1     4     1     0     0     1.0   60.219   29.963    516.0    950.1
     1     1    14     1     4     2     0     0     2.0   60.445   29.948    530.8    946.6
     1     1    14     1     4     3     0     0     3.0   60.678   29.954    544.2    943.2
     1     1    14     1     4     4     0     0     4.0   60.921   29.979    555.9    939.9
     1     1    14     1     4     5     0     0     5.0   61.174   30.023    565.9    936.6
     1     1    14     1     4     6     0     0     6.0   61.438   30.085    574.0    933.4
     1     1    14     1     4     7     0     0     7.0   61.714   30.158    580.5    930.3
     1     1    14     1     4     8     0     0     8.0   62.003   30.236    585.7    927.3
     1     1    14     1     4     9     0     0     9.0   62.302   30.313    590.1    924.3
     1     1    14     1     4    10     0     0    10.0   62.608   30.388    594.0    922.5
     1     1    14     1     4    11     0     0    11.0   62.916   30.480    597.0    922.8
     1     1    14     1     4    12     0     0    12.0   63.221   30.598    597.9    923.3
     1     1    14     1     4    13     0     0    13.0   63.524   30.738    598.1    924.0
     1     1    14     1     4    14     0     0    14.0   63.827   30.892    598.1    924.4
     1     1    14     1     4    15     0     0    15.0   64.133   31.054    598.2    924.7
     1     1    14     1     4    16     0     0    16.0   64.444   31.219    598.0    925.0
     1     1    14     1     4    17     0     0    17.0   64.763   31.381    597.3    925.1
     1     1    14     1     4    18     0     0    18.0   65.091   31.542    596.0    924.6
     1     1    14     1     4    19     0     0    19.0   65.414   31.747    595.4    922.7
     1     1    14     1     4    20     0     0    20.0   65.716   32.031    596.6    920.7
     1     1    14     1     4    21     0     0    21.0   65.997   32.387    599.9    918.7
     1     1    14     1     4    22     0     0    22.0   66.259   32.810    605.0    917.2
     1     1    14     1     4    23     0     0    23.0   66.499   33.296    611.8    915.8
     1     1    14     1     5     0     0     0    24.0   66.720   33.842    620.1    914.3
     1     1    14     1     5     1     0     0    25.0   66.926   34.438    628.4    912.6
     1     1    14     1     5     2     0     0    26.0   67.126   35.069    635.2    911.6
     1     1    14     1     5     3     0     0    27.0   67.318   35.729    640.7    912.0
     1     1    14     1     5     4     0     0    28.0   67.504   36.414    645.0    912.7
     1     1    14     1     5     5     0     0    29.0   67.681   37.111    648.7    914.0
     1     1    14     1     5     6     0     0    30.0   67.846   37.808    652.4    915.3
     1     1    14     1     5     7     0     0    31.0   67.998   38.514    654.4    917.1
     1     1    14     1     5     8     0     0    32.0   68.131   39.232    652.1    919.5
     1     1    14     1     5     9     0     0    33.0   68.244   39.956    645.6    922.5
     1     1    14     1     5    10     0     0    34.0   68.338   40.677    634.7    925.3
     1     1    14     1     5    11     0     0    35.0   68.413   41.384    619.4    928.3
     1     1    14     1     5    12     0     0    36.0   68.469   42.073    599.6    931.4
     1     1    14     1     5    13     0     0    37.0   68.524   42.741    581.0    934.9
     1     1    14     1     5    14     0     0    38.0   68.594   43.390    568.6    936.7
     1     1    14     1     5    15     0     0    39.0   68.678   44.021    562.7    937.6
     1     1    14     1     5    16     0     0    40.0   68.774   44.638    562.9    937.9
     1     1    14     1     5    17     0     0    41.0   68.882   45.245    568.7    937.3
     1     1    14     1     5    18     0     0    42.0   69.000   45.848    580.0    936.0
     1     1    14     1     5    19     0     0    43.0   69.113   46.447    595.7    934.0
     1     1    14     1     5    20     0     0    44.0   69.210   47.037    614.6    931.8
     1     1    14     1     5    21     0     0    45.0   69.291   47.612    636.5    929.2
     1     1    14     1     5    22     0     0    46.0   69.360   48.165    660.7    925.5
     1     1    14     1     5    23     0     0    47.0   69.416   48.693    686.8    921.7
     1     1    14     1     6     0     0     0    48.0   69.463   49.192    714.3    917.9
