     1     1
    CDC1    14     1     1     0     0
     1 FORWARD  OMEGA   
    14     1     7    12   60.000   30.000   500.0
     1 PRESSURE
     1     1    14     1     7    12     0     0     0.0   60.000   30.000    500.0    949.1
     1     1    14     1     7    13     0     0     1.0   60.325   30.379    514.9    943.9
     1     1    14     1     7    14     0     0     2.0   60.638   30.782    533.1    938.4
     1     1    14     1     7    15     0     0     3.0   60.942   31.200    554.9    932.9
     1     1    14     1     7    16     0     0     4.0   61.240   31.627    580.9    927.2
     1     1    14     1     7    17     0     0     5.0   61.537   32.055    611.4    921.4
     1     1    14     1     7    18     0     0     6.0   61.831   32.471    646.6    914.9
     1     1    14     1     7    19     0     0     7.0   62.106   32.880    681.4    908.3
     1     1    14     1     7    20     0     0     8.0   62.349   33.298    710.9    903.7
     1     1    14     1     7    21     0     0     9.0   62.563   33.719    735.7    900.3
     1     1    14     1     7    22     0     0    10.0   62.755   34.136    756.3    898.0
     1     1    14     1     7    23     0     0    11.0   62.927   34.543    773.6    896.0
     1     1    14     1     8     0     0     0    12.0   63.082   34.937    788.0    894.3
     1     1    14     1     8     1     0     0    13.0   63.220   35.294    803.1    893.1
     1     1    14     1     8     2     0     0    14.0   63.338   35.592    822.1    890.9
     1     1    14     1     8     3     0     0    15.0   63.434   35.834    843.6    888.3
     1     1    14     1     8     4     0     0    16.0   63.508   36.024    866.7    885.5
     1     1    14     1     8     5     0     0    17.0   63.560   36.165    890.7    882.6
     1     1    14     1     8     6     0     0    18.0   63.589   36.263    914.9    879.6
     1     1    14     1     8     7     0     0    19.0   63.605   36.348    939.0    877.3
     1     1    14     1     8     8     0     0    20.0   63.621   36.444    961.8    874.9
     1     1    14     1     8     9     0     0    21.0   63.633   36.550    983.6    872.7
     1     1    14     1     8    10     0     0    22.0   63.643   36.666   1004.3    870.6
     1     1    14     1     8    11     0     0    23.0   63.647   36.793   1024.0    868.6
     1     1    14     1     8    12     0     0    24.0   63.645   36.930   1042.4    866.8
     1     1    14     1     8    13     0     0    25.0   63.635   37.064   1060.3    865.2
     1     1    14     1     8    14     0     0    26.0   63.616   37.180   1077.6    863.5
     1     1    14     1     8    15     0     0    27.0   63.589   37.284   1094.6    861.9
     1     1    14     1     8    16     0     0    28.0   63.553   37.378   1111.3    860.4
     1     1    14     1     8    17     0     0    29.0   63.509   37.465   1127.6    859.0
     1     1    14     1     8    18     0     0    30.0   63.457   37.548   1143.8    857.6
     1     1    14     1     8    19     0     0    31.0   63.406   37.643   1160.3    855.9
     1     1    14     1     8    20     0     0    32.0   63.362   37.757   1178.0    854.1
     1     1    14     1     8    21     0     0    33.0   63.326   37.888   1197.0    852.2
     1     1    14     1     8    22     0     0    34.0   63.297   38.032   1217.1    850.1
     1     1    14     1     8    23     0     0    35.0   63.275   38.188   1238.5    848.0
     1     1    14     1     9     0     0     0    36.0   63.260   38.352   1261.5    845.8
     1     1    14     1     9     1     0     0    37.0   63.253   38.507   1283.9    843.1
     1     1    14     1     9     2     0     0    38.0   63.255   38.636   1305.1    840.7
     1     1    14     1     9     3     0     0    39.0   63.268   38.738   1324.2    838.4
     1     1    14     1     9     4     0     0    40.0   63.292   38.812   1341.3    836.3
     1     1    14     1     9     5     0     0    41.0   63.329   38.856   1356.2    834.4
     1     1    14     1     9     6     0     0    42.0   63.377   38.869   1369.1    832.8
     1     1    14     1     9     7     0     0    43.0   63.428   38.860   1382.8    831.5
     1     1    14     1     9     8     0     0    44.0   63.472   38.844   1400.2    829.5
     1     1    14     1     9     9     0     0    45.0   63.509   38.823   1421.3    827.1
     1     1    14     1     9    10     0     0    46.0   63.539   38.799   1446.1    824.3
     1     1    14     1     9    11     0     0    47.0   63.561   38.774   1474.8    821.2
     1     1    14     1     9    12     0     0    48.0   63.577   38.751   1507.4    817.6
