     1     1
    CDC1    14     1     1     0     0
     1 FORWARD  OMEGA   
    14     1    18    18   60.000   30.000   500.0
     1 PRESSURE
     1     1    14     1    18    18     0     0     0.0   60.000   30.000    500.0    963.1
     1     1    14     1    18    19     0     0     1.0   59.816   29.701    473.9    966.0
     1     1    14     1    18    20     0     0     2.0   59.647   29.422    450.1    968.7
     1     1    14     1    18    21     0     0     3.0   59.492   29.160    428.2    971.3
     1     1    14     1    18    22     0     0     4.0   59.354   28.914    408.3    973.8
     1     1    14     1    18    23     0     0     5.0   59.234   28.682    390.1    976.3
     1     1    14     1    19     0     0     0     6.0   59.131   28.462    373.7    978.3
     1     1    14     1    19     1     0     0     7.0   59.038   28.244    358.8    980.2
     1     1    14     1    19     2     0     0     8.0   58.945   28.014    344.9    982.0
     1     1    14     1    19     3     0     0     9.0   58.853   27.772    332.2    983.8
     1     1    14     1    19     4     0     0    10.0   58.760   27.513    320.7    985.4
     1     1    14     1    19     5     0     0    11.0   58.666   27.236    310.6    986.4
     1     1    14     1    19     6     0     0    12.0   58.570   26.935    302.1    987.0
     1     1    14     1    19     7     0     0    13.0   58.485   26.612    292.0    987.2
     1     1    14     1    19     8     0     0    14.0   58.423   26.273    277.6    988.4
     1     1    14     1    19     9     0     0    15.0   58.382   25.917    259.1    990.2
     1     1    14     1    19    10     0     0    16.0   58.362   25.543    236.9    992.6
     1     1    14     1    19    11     0     0    17.0   58.361   25.148    211.3    995.6
     1     1    14     1    19    12     0     0    18.0   58.376   24.737    183.6    999.2
     1     1    14     1    19    13     0     0    19.0   58.400   24.318    158.5   1002.8
     1     1    14     1    19    14     0     0    20.0   58.427   23.886    138.3   1005.6
     1     1    14     1    19    15     0     0    21.0   58.460   23.434    122.1   1007.9
     1     1    14     1    19    16     0     0    22.0   58.503   22.955    109.2   1009.8
     1     1    14     1    19    17     0     0    23.0   58.560   22.445     98.9   1011.5
     1     1    14     1    19    18     0     0    24.0   58.629   21.903     91.0   1014.3
     1     1    14     1    19    19     0     0    25.0   58.706   21.338     85.4   1016.8
     1     1    14     1    19    20     0     0    26.0   58.790   20.758     81.7   1019.2
     1     1    14     1    19    21     0     0    27.0   58.882   20.168     79.6   1021.5
     1     1    14     1    19    22     0     0    28.0   58.980   19.584     78.7   1022.3
     1     1    14     1    19    23     0     0    29.0   59.080   19.022     78.8   1022.2
     1     1    14     1    20     0     0     0    30.0   59.184   18.491     79.7   1021.8
     1     1    14     1    20     1     0     0    31.0   59.292   17.977     81.6   1021.2
     1     1    14     1    20     2     0     0    32.0   59.404   17.462     84.9   1019.8
     1     1    14     1    20     3     0     0    33.0   59.522   16.939     89.7   1014.7
     1     1    14     1    20     4     0     0    34.0   59.653   16.404     96.7   1008.8
     1     1    14     1    20     5     0     0    35.0   59.803   15.861    106.0   1001.9
     1     1    14     1    20     6     0     0    36.0   59.979   15.314    117.8    993.9
     1     1    14     1    20     7     0     0    37.0   60.166   14.804    130.7    983.5
     1     1    14     1    20     8     0     0    38.0   60.343   14.369    142.9    973.4
     1     1    14     1    20     9     0     0    39.0   60.506   14.004    153.7    965.1
     1     1    14     1    20    10     0     0    40.0   60.664   13.698    163.1    958.0
     1     1    14     1    20    11     0     0    41.0   60.819   13.445    171.5    952.0
     1     1    14     1    20    12     0     0    42.0   60.973   13.242    179.0    946.8
     1     1    14     1    20    13     0     0    43.0   61.138   13.080    184.1    942.5
     1     1    14     1    20    14     0     0    44.0   61.325   12.952    184.5    939.1
     1     1    14     1    20    15     0     0    45.0   61.536   12.864    180.3    936.5
     1     1    14     1    20    16     0     0    46.0   61.768   12.820    171.5    934.8
     1     1    14     1    20    17     0     0    47.0   62.024   12.827    158.7    933.9
     1     1    14     1    20    18     0     0    48.0   62.303   12.889    142.6    933.8
