     1     1
    CDC1    14     1     1     0     0
     1 FORWARD  OMEGA   
    14     1     9     6   60.000   30.000   500.0
     1 PRESSURE
     1     1    14     1     9     6     0     0     0.0   60.000   30.000    500.0    938.1
     1     1    14     1     9     7     0     0     1.0   60.052   30.499    522.7    934.8
     1     1    14     1     9     8     0     0     2.0   60.091   31.015    544.3    931.7
     1     1    14     1     9     9     0     0     3.0   60.117   31.549    565.2    928.8
     1     1    14     1     9    10     0     0     4.0   60.131   32.104    585.8    926.1
     1     1    14     1     9    11     0     0     5.0   60.134   32.682    606.7    923.2
     1     1    14     1     9    12     0     0     6.0   60.124   33.281    628.5    919.3
     1     1    14     1     9    13     0     0     7.0   60.114   33.884    650.6    914.5
     1     1    14     1     9    14     0     0     8.0   60.113   34.477    672.3    909.9
     1     1    14     1     9    15     0     0     9.0   60.120   35.063    693.0    905.5
     1     1    14     1     9    16     0     0    10.0   60.135   35.638    712.9    902.0
     1     1    14     1     9    17     0     0    11.0   60.158   36.200    732.4    898.8
     1     1    14     1     9    18     0     0    12.0   60.187   36.749    751.6    895.8
     1     1    14     1     9    19     0     0    13.0   60.223   37.276    769.4    892.9
     1     1    14     1     9    20     0     0    14.0   60.263   37.773    785.1    890.8
     1     1    14     1     9    21     0     0    15.0   60.305   38.238    798.8    889.2
     1     1    14     1     9    22     0     0    16.0   60.347   38.672    810.1    887.9
     1     1    14     1     9    23     0     0    17.0   60.386   39.078    818.7    886.9
     1     1    14     1    10     0     0     0    18.0   60.418   39.459    824.2    886.2
     1     1    14     1    10     1     0     0    19.0   60.463   39.805    831.4    885.8
     1     1    14     1    10     2     0     0    20.0   60.539   40.104    845.5    884.2
     1     1    14     1    10     3     0     0    21.0   60.646   40.353    865.9    882.0
     1     1    14     1    10     4     0     0    22.0   60.782   40.554    892.3    879.3
     1     1    14     1    10     5     0     0    23.0   60.945   40.713    924.4    876.1
     1     1    14     1    10     6     0     0    24.0   61.131   40.835    962.1    872.0
     1     1    14     1    10     7     0     0    25.0   61.339   40.917   1001.7    867.2
     1     1    14     1    10     8     0     0    26.0   61.567   40.952   1038.1    863.3
     1     1    14     1    10     9     0     0    27.0   61.814   40.933   1071.1    859.9
     1     1    14     1    10    10     0     0    28.0   62.079   40.857   1100.2    857.0
     1     1    14     1    10    11     0     0    29.0   62.359   40.713   1124.6    854.6
     1     1    14     1    10    12     0     0    30.0   62.649   40.492   1143.4    852.8
     1     1    14     1    10    13     0     0    31.0   62.933   40.176   1163.2    851.7
     1     1    14     1    10    14     0     0    32.0   63.196   39.758   1190.1    848.9
     1     1    14     1    10    15     0     0    33.0   63.431   39.238   1224.1    845.0
     1     1    14     1    10    16     0     0    34.0   63.631   38.620   1264.6    840.3
     1     1    14     1    10    17     0     0    35.0   63.793   37.908   1311.5    834.7
     1     1    14     1    10    18     0     0    36.0   63.912   37.111   1363.6    827.7
     1     1    14     1    10    19     0     0    37.0   63.980   36.253   1413.1    819.8
     1     1    14     1    10    20     0     0    38.0   63.992   35.351   1453.6    813.9
     1     1    14     1    10    21     0     0    39.0   63.952   34.414   1485.0    809.6
     1     1    14     1    10    22     0     0    40.0   63.862   33.455   1507.3    806.8
     1     1    14     1    10    23     0     0    41.0   63.722   32.482   1520.9    804.8
     1     1    14     1    11     0     0     0    42.0   63.538   31.509   1528.6    805.1
     1     1    14     1    11     1     0     0    43.0   63.323   30.569   1533.2    805.2
     1     1    14     1    11     2     0     0    44.0   63.088   29.695   1537.2    805.2
     1     1    14     1    11     3     0     0    45.0   62.842   28.908   1540.6    805.5
     1     1    14     1    11     4     0     0    46.0   62.594   28.225   1543.0    805.6
     1     1    14     1    11     5     0     0    47.0   62.344   27.653   1543.8    806.7
     1     1    14     1    11     6     0     0    48.0   62.096   27.198   1541.8    808.9
