     1     1
    CDC1    14     1     1     0     0
     1 FORWARD  OMEGA   
    14     1     3    18   60.000   30.000   500.0
     1 PRESSURE
     1     1    14     1     3    18     0     0     0.0   60.000   30.000    500.0    955.7
     1     1    14     1     3    19     0     0     1.0   60.174   29.867    506.7    953.2
     1     1    14     1     3    20     0     0     2.0   60.359   29.762    515.5    950.4
     1     1    14     1     3    21     0     0     3.0   60.556   29.687    526.5    947.4
     1     1    14     1     3    22     0     0     4.0   60.765   29.644    539.6    944.2
     1     1    14     1     3    23     0     0     5.0   60.984   29.634    554.8    940.7
     1     1    14     1     4     0     0     0     6.0   61.213   29.661    571.9    937.0
     1     1    14     1     4     1     0     0     7.0   61.453   29.717    589.1    933.1
     1     1    14     1     4     2     0     0     8.0   61.702   29.794    604.5    929.4
     1     1    14     1     4     3     0     0     9.0   61.963   29.889    617.8    925.7
     1     1    14     1     4     4     0     0    10.0   62.236   30.000    628.9    921.9
     1     1    14     1     4     5     0     0    11.0   62.520   30.125    637.5    918.6
     1     1    14     1     4     6     0     0    12.0   62.814   30.279    644.2    918.4
     1     1    14     1     4     7     0     0    13.0   63.114   30.472    649.0    918.5
     1     1    14     1     4     8     0     0    14.0   63.414   30.699    652.1    918.6
     1     1    14     1     4     9     0     0    15.0   63.709   30.960    653.1    918.8
     1     1    14     1     4    10     0     0    16.0   63.995   31.253    651.4    919.0
     1     1    14     1     4    11     0     0    17.0   64.270   31.579    646.5    919.4
     1     1    14     1     4    12     0     0    18.0   64.529   31.934    637.9    920.0
     1     1    14     1     4    13     0     0    19.0   64.780   32.304    627.5    921.0
     1     1    14     1     4    14     0     0    20.0   65.035   32.673    617.0    921.6
     1     1    14     1     4    15     0     0    21.0   65.295   33.039    606.8    921.6
     1     1    14     1     4    16     0     0    22.0   65.564   33.412    597.2    921.5
     1     1    14     1     4    17     0     0    23.0   65.841   33.796    588.6    921.2
     1     1    14     1     4    18     0     0    24.0   66.129   34.196    581.2    920.8
     1     1    14     1     4    19     0     0    25.0   66.411   34.639    575.8    920.9
     1     1    14     1     4    20     0     0    26.0   66.672   35.148    572.7    921.0
     1     1    14     1     4    21     0     0    27.0   66.914   35.718    572.1    921.8
     1     1    14     1     4    22     0     0    28.0   67.136   36.347    573.6    922.6
     1     1    14     1     4    23     0     0    29.0   67.339   37.036    576.9    923.5
     1     1    14     1     5     0     0     0    30.0   67.523   37.784    582.0    924.6
     1     1    14     1     5     1     0     0    31.0   67.695   38.562    587.9    926.0
     1     1    14     1     5     2     0     0    32.0   67.858   39.341    594.2    927.4
     1     1    14     1     5     3     0     0    33.0   68.013   40.123    600.8    928.5
     1     1    14     1     5     4     0     0    34.0   68.160   40.904    608.0    929.1
     1     1    14     1     5     5     0     0    35.0   68.299   41.682    616.4    929.5
     1     1    14     1     5     6     0     0    36.0   68.431   42.464    626.2    929.9
     1     1    14     1     5     7     0     0    37.0   68.549   43.242    634.9    929.1
     1     1    14     1     5     8     0     0    38.0   68.648   44.002    640.2    928.9
     1     1    14     1     5     9     0     0    39.0   68.726   44.740    641.8    929.1
     1     1    14     1     5    10     0     0    40.0   68.784   45.456    639.5    929.2
     1     1    14     1     5    11     0     0    41.0   68.822   46.151    633.8    929.4
     1     1    14     1     5    12     0     0    42.0   68.839   46.826    624.5    929.9
     1     1    14     1     5    13     0     0    43.0   68.855   47.486    616.7    931.1
     1     1    14     1     5    14     0     0    44.0   68.886   48.144    614.2    931.0
     1     1    14     1     5    15     0     0    45.0   68.931   48.804    617.1    930.2
     1     1    14     1     5    16     0     0    46.0   68.983   49.468    624.9    928.9
     1     1    14     1     5    17     0     0    47.0   69.039   50.141    637.3    926.8
     1     1    14     1     5    18     0     0    48.0   69.094   50.823    653.9    924.0
