     1     1
    CDC1    14     1     1     0     0
     1 FORWARD  OMEGA   
    14     1     8     0   60.000   30.000   500.0
     1 PRESSURE
     1     1    14     1     8     0     0     0     0.0   60.000   30.000    500.0    940.1
     1     1    14     1     8     1     0     0     1.0   60.039   30.696    485.1    941.6
     1     1    14     1     8     2     0     0     2.0   60.085   31.379    476.8    941.7
     1     1    14     1     8     3     0     0     3.0   60.126   32.055    474.7    940.7
     1     1    14     1     8     4     0     0     4.0   60.151   32.734    478.6    938.6
     1     1    14     1     8     5     0     0     5.0   60.158   33.419    488.5    935.2
     1     1    14     1     8     6     0     0     6.0   60.143   34.112    504.6    931.2
     1     1    14     1     8     7     0     0     7.0   60.113   34.817    524.0    926.9
     1     1    14     1     8     8     0     0     8.0   60.081   35.531    543.7    923.3
     1     1    14     1     8     9     0     0     9.0   60.046   36.253    563.9    919.8
     1     1    14     1     8    10     0     0    10.0   60.001   36.988    583.8    916.1
     1     1    14     1     8    11     0     0    11.0   59.938   37.737    603.2    913.0
     1     1    14     1     8    12     0     0    12.0   59.854   38.495    622.2    910.8
     1     1    14     1     8    13     0     0    13.0   59.755   39.244    641.9    908.4
     1     1    14     1     8    14     0     0    14.0   59.646   39.964    661.5    906.0
     1     1    14     1     8    15     0     0    15.0   59.531   40.654    680.6    903.8
     1     1    14     1     8    16     0     0    16.0   59.410   41.315    698.1    901.8
     1     1    14     1     8    17     0     0    17.0   59.282   41.949    712.3    900.2
     1     1    14     1     8    18     0     0    18.0   59.141   42.561    721.8    899.2
     1     1    14     1     8    19     0     0    19.0   59.000   43.153    727.3    898.3
     1     1    14     1     8    20     0     0    20.0   58.867   43.725    730.5    897.5
     1     1    14     1     8    21     0     0    21.0   58.739   44.278    731.3    896.9
     1     1    14     1     8    22     0     0    22.0   58.608   44.810    729.3    896.8
     1     1    14     1     8    23     0     0    23.0   58.473   45.325    724.9    897.4
     1     1    14     1     9     0     0     0    24.0   58.332   45.826    718.9    898.1
     1     1    14     1     9     1     0     0    25.0   58.192   46.319    715.5    898.8
     1     1    14     1     9     2     0     0    26.0   58.060   46.804    718.6    898.2
     1     1    14     1     9     3     0     0    27.0   57.931   47.276    728.5    896.9
     1     1    14     1     9     4     0     0    28.0   57.802   47.733    745.4    895.4
     1     1    14     1     9     5     0     0    29.0   57.670   48.170    769.7    893.3
     1     1    14     1     9     6     0     0    30.0   57.531   48.584    800.8    890.4
     1     1    14     1     9     7     0     0    31.0   57.396   48.983    834.7    887.1
     1     1    14     1     9     8     0     0    32.0   57.277   49.374    866.3    884.5
     1     1    14     1     9     9     0     0    33.0   57.175   49.759    895.4    882.4
     1     1    14     1     9    10     0     0    34.0   57.089   50.137    921.5    880.4
     1     1    14     1     9    11     0     0    35.0   57.018   50.509    944.2    878.4
     1     1    14     1     9    12     0     0    36.0   56.960   50.876    963.5    876.5
     1     1    14     1     9    13     0     0    37.0   56.915   51.233    982.3    874.9
     1     1    14     1     9    14     0     0    38.0   56.882   51.573   1003.2    872.5
     1     1    14     1     9    15     0     0    39.0   56.862   51.893   1025.8    870.0
     1     1    14     1     9    16     0     0    40.0   56.855   52.190   1049.6    867.3
     1     1    14     1     9    17     0     0    41.0   56.860   52.463   1074.3    864.6
     1     1    14     1     9    18     0     0    42.0   56.877   52.709   1099.7    861.2
     1     1    14     1     9    19     0     0    43.0   56.906   52.948   1125.2    857.8
     1     1    14     1     9    20     0     0    44.0   56.949   53.197   1149.0    854.7
     1     1    14     1     9    21     0     0    45.0   57.006   53.452   1171.5    851.8
     1     1    14     1     9    22     0     0    46.0   57.079   53.713   1192.7    849.2
     1     1    14     1     9    23     0     0    47.0   57.168   53.978   1212.6    846.8
     1     1    14     1    10     0     0     0    48.0   57.277   54.244   1230.9    844.8
