     1     1
    CDC1    14     1     1     0     0
     1 FORWARD  OMEGA   
    14     1    21    18   60.000   30.000   500.0
     1 PRESSURE
     1     1    14     1    21    18     0     0     0.0   60.000   30.000    500.0    962.8
     1     1    14     1    21    19     0     0     1.0   59.882   30.029    500.2    962.4
     1     1    14     1    21    20     0     0     2.0   59.778   30.034    504.5    961.3
     1     1    14     1    21    21     0     0     3.0   59.687   30.014    513.5    959.8
     1     1    14     1    21    22     0     0     4.0   59.606   29.972    527.3    957.7
     1     1    14     1    21    23     0     0     5.0   59.536   29.908    546.4    955.0
     1     1    14     1    22     0     0     0     6.0   59.473   29.822    571.0    951.7
     1     1    14     1    22     1     0     0     7.0   59.416   29.702    595.8    947.8
     1     1    14     1    22     2     0     0     8.0   59.360   29.531    614.7    945.2
     1     1    14     1    22     3     0     0     9.0   59.303   29.308    627.4    943.3
     1     1    14     1    22     4     0     0    10.0   59.243   29.030    633.5    941.8
     1     1    14     1    22     5     0     0    11.0   59.177   28.698    632.8    941.2
     1     1    14     1    22     6     0     0    12.0   59.104   28.310    625.1    941.4
     1     1    14     1    22     7     0     0    13.0   59.024   27.895    614.2    942.5
     1     1    14     1    22     8     0     0    14.0   58.942   27.478    604.1    943.0
     1     1    14     1    22     9     0     0    15.0   58.859   27.061    594.7    943.3
     1     1    14     1    22    10     0     0    16.0   58.776   26.645    586.1    943.5
     1     1    14     1    22    11     0     0    17.0   58.693   26.233    578.5    943.5
     1     1    14     1    22    12     0     0    18.0   58.610   25.825    572.0    943.4
     1     1    14     1    22    13     0     0    19.0   58.527   25.407    564.6    943.2
     1     1    14     1    22    14     0     0    20.0   58.445   24.966    553.7    943.8
     1     1    14     1    22    15     0     0    21.0   58.360   24.498    539.6    945.9
     1     1    14     1    22    16     0     0    22.0   58.268   24.005    522.0    948.5
     1     1    14     1    22    17     0     0    23.0   58.165   23.481    500.9    951.3
     1     1    14     1    22    18     0     0    24.0   58.047   22.925    476.7    954.4
     1     1    14     1    22    19     0     0    25.0   57.916   22.357    451.3    958.1
     1     1    14     1    22    20     0     0    26.0   57.784   21.803    428.0    962.3
     1     1    14     1    22    21     0     0    27.0   57.656   21.263    406.9    966.0
     1     1    14     1    22    22     0     0    28.0   57.534   20.741    388.0    969.4
     1     1    14     1    22    23     0     0    29.0   57.420   20.242    371.2    972.4
     1     1    14     1    23     0     0     0    30.0   57.320   19.776    356.6    975.1
     1     1    14     1    23     1     0     0    31.0   57.231   19.316    345.3    977.4
     1     1    14     1    23     2     0     0    32.0   57.151   18.836    338.4    979.0
     1     1    14     1    23     3     0     0    33.0   57.079   18.332    335.8    980.1
     1     1    14     1    23     4     0     0    34.0   57.017   17.803    337.5    980.7
     1     1    14     1    23     5     0     0    35.0   56.967   17.244    343.5    980.3
     1     1    14     1    23     6     0     0    36.0   56.934   16.653    353.9    978.8
     1     1    14     1    23     7     0     0    37.0   56.925   16.046    367.0    977.0
     1     1    14     1    23     8     0     0    38.0   56.945   15.438    380.7    975.4
     1     1    14     1    23     9     0     0    39.0   56.996   14.820    394.7    973.5
     1     1    14     1    23    10     0     0    40.0   57.084   14.188    408.6    971.4
     1     1    14     1    23    11     0     0    41.0   57.215   13.536    422.4    969.6
     1     1    14     1    23    12     0     0    42.0   57.390   12.854    435.8    967.9
     1     1    14     1    23    13     0     0    43.0   57.618   12.126    449.3    962.8
     1     1    14     1    23    14     0     0    44.0   57.912   11.370    462.6    952.2
     1     1    14     1    23    15     0     0    45.0   58.283   10.619    475.7    938.8
     1     1    14     1    23    16     0     0    46.0   58.734    9.898    488.9    922.6
     1     1    14     1    23    17     0     0    47.0   59.261    9.238    503.4    907.3
     1     1    14     1    23    18     0     0    48.0   59.864    8.663    519.5    890.4
