     1     1
    CDC1    14     1     1     0     0
     1 FORWARD  OMEGA   
    14     1     3     6   60.000   30.000   500.0
     1 PRESSURE
     1     1    14     1     3     6     0     0     0.0   60.000   30.000    500.0    957.5
     1     1    14     1     3     7     0     0     1.0   60.170   29.904    500.8    955.8
     1     1    14     1     3     8     0     0     2.0   60.340   29.818    501.6    954.2
     1     1    14     1     3     9     0     0     3.0   60.511   29.743    502.4    952.7
     1     1    14     1     3    10     0     0     4.0   60.682   29.680    503.0    951.2
     1     1    14     1     3    11     0     0     5.0   60.852   29.626    503.2    949.9
     1     1    14     1     3    12     0     0     6.0   61.021   29.584    502.9    948.6
     1     1    14     1     3    13     0     0     7.0   61.191   29.543    503.1    947.5
     1     1    14     1     3    14     0     0     8.0   61.365   29.499    504.9    946.0
     1     1    14     1     3    15     0     0     9.0   61.543   29.451    508.3    944.3
     1     1    14     1     3    16     0     0    10.0   61.728   29.402    513.3    942.5
     1     1    14     1     3    17     0     0    11.0   61.919   29.351    520.0    940.4
     1     1    14     1     3    18     0     0    12.0   62.118   29.300    528.4    938.0
     1     1    14     1     3    19     0     0    13.0   62.328   29.263    538.8    935.4
     1     1    14     1     3    20     0     0    14.0   62.549   29.258    551.2    932.9
     1     1    14     1     3    21     0     0    15.0   62.780   29.299    565.1    931.7
     1     1    14     1     3    22     0     0    16.0   63.019   29.398    579.3    930.6
     1     1    14     1     3    23     0     0    17.0   63.265   29.556    593.3    929.4
     1     1    14     1     4     0     0     0    18.0   63.516   29.774    606.5    928.2
     1     1    14     1     4     1     0     0    19.0   63.772   30.048    617.2    927.0
     1     1    14     1     4     2     0     0    20.0   64.037   30.373    625.1    926.3
     1     1    14     1     4     3     0     0    21.0   64.307   30.753    630.3    925.6
     1     1    14     1     4     4     0     0    22.0   64.580   31.188    633.3    924.7
     1     1    14     1     4     5     0     0    23.0   64.853   31.682    634.6    923.7
     1     1    14     1     4     6     0     0    24.0   65.123   32.235    634.7    921.7
     1     1    14     1     4     7     0     0    25.0   65.380   32.833    632.6    920.2
     1     1    14     1     4     8     0     0    26.0   65.615   33.460    627.2    920.3
     1     1    14     1     4     9     0     0    27.0   65.828   34.110    618.3    920.9
     1     1    14     1     4    10     0     0    28.0   66.019   34.775    606.0    922.0
     1     1    14     1     4    11     0     0    29.0   66.191   35.449    590.8    924.1
     1     1    14     1     4    12     0     0    30.0   66.345   36.125    573.4    926.8
     1     1    14     1     4    13     0     0    31.0   66.495   36.787    556.4    929.6
     1     1    14     1     4    14     0     0    32.0   66.653   37.425    542.2    932.0
     1     1    14     1     4    15     0     0    33.0   66.823   38.043    530.9    934.4
     1     1    14     1     4    16     0     0    34.0   67.006   38.641    522.6    936.4
     1     1    14     1     4    17     0     0    35.0   67.202   39.226    517.3    938.2
     1     1    14     1     4    18     0     0    36.0   67.413   39.804    514.9    939.8
     1     1    14     1     4    19     0     0    37.0   67.626   40.391    515.3    940.9
     1     1    14     1     4    20     0     0    38.0   67.830   40.993    518.4    941.5
     1     1    14     1     4    21     0     0    39.0   68.025   41.608    523.8    941.9
     1     1    14     1     4    22     0     0    40.0   68.210   42.239    531.0    942.1
     1     1    14     1     4    23     0     0    41.0   68.384   42.890    539.5    941.7
     1     1    14     1     5     0     0     0    42.0   68.548   43.566    549.3    940.9
     1     1    14     1     5     1     0     0    43.0   68.704   44.253    560.4    940.1
     1     1    14     1     5     2     0     0    44.0   68.854   44.941    573.2    939.1
     1     1    14     1     5     3     0     0    45.0   68.999   45.635    587.8    937.0
     1     1    14     1     5     4     0     0    46.0   69.139   46.339    605.0    934.7
     1     1    14     1     5     5     0     0    47.0   69.274   47.059    625.4    932.1
     1     1    14     1     5     6     0     0    48.0   69.407   47.798    649.3    928.6
