     1     1
    CDC1    14     1     1     0     0
     1 FORWARD  OMEGA   
    14     1     4    18   60.000   30.000   500.0
     1 PRESSURE
     1     1    14     1     4    18     0     0     0.0   60.000   30.000    500.0    948.5
     1     1    14     1     4    19     0     0     1.0   60.270   30.180    511.3    945.1
     1     1    14     1     4    20     0     0     2.0   60.520   30.376    522.3    941.9
     1     1    14     1     4    21     0     0     3.0   60.749   30.587    533.7    939.0
     1     1    14     1     4    22     0     0     4.0   60.959   30.816    546.3    936.2
     1     1    14     1     4    23     0     0     5.0   61.148   31.064    560.9    933.3
     1     1    14     1     5     0     0     0     6.0   61.319   31.335    578.3    930.3
     1     1    14     1     5     1     0     0     7.0   61.475   31.616    598.0    927.0
     1     1    14     1     5     2     0     0     8.0   61.619   31.894    619.3    923.7
     1     1    14     1     5     3     0     0     9.0   61.747   32.171    641.4    920.1
     1     1    14     1     5     4     0     0    10.0   61.857   32.443    663.1    916.6
     1     1    14     1     5     5     0     0    11.0   61.947   32.711    683.8    913.5
     1     1    14     1     5     6     0     0    12.0   62.017   32.976    702.7    911.0
     1     1    14     1     5     7     0     0    13.0   62.074   33.242    719.7    909.2
     1     1    14     1     5     8     0     0    14.0   62.124   33.515    735.3    907.7
     1     1    14     1     5     9     0     0    15.0   62.168   33.796    749.5    906.4
     1     1    14     1     5    10     0     0    16.0   62.204   34.084    762.4    905.3
     1     1    14     1     5    11     0     0    17.0   62.234   34.380    774.1    904.5
     1     1    14     1     5    12     0     0    18.0   62.256   34.684    784.9    903.8
     1     1    14     1     5    13     0     0    19.0   62.272   34.978    795.1    903.0
     1     1    14     1     5    14     0     0    20.0   62.283   35.251    805.2    902.3
     1     1    14     1     5    15     0     0    21.0   62.290   35.506    814.8    901.6
     1     1    14     1     5    16     0     0    22.0   62.290   35.744    823.8    900.9
     1     1    14     1     5    17     0     0    23.0   62.283   35.968    832.1    900.2
     1     1    14     1     5    18     0     0    24.0   62.270   36.179    839.7    899.6
     1     1    14     1     5    19     0     0    25.0   62.251   36.392    844.7    899.2
     1     1    14     1     5    20     0     0    26.0   62.231   36.619    846.3    899.5
     1     1    14     1     5    21     0     0    27.0   62.208   36.861    844.4    900.2
     1     1    14     1     5    22     0     0    28.0   62.178   37.119    839.5    901.3
     1     1    14     1     5    23     0     0    29.0   62.139   37.393    831.7    902.8
     1     1    14     1     6     0     0     0    30.0   62.090   37.683    821.4    904.4
     1     1    14     1     6     1     0     0    31.0   62.037   37.958    807.7    905.8
     1     1    14     1     6     2     0     0    32.0   61.985   38.187    789.6    907.8
     1     1    14     1     6     3     0     0    33.0   61.936   38.370    766.7    910.4
     1     1    14     1     6     4     0     0    34.0   61.890   38.509    739.0    913.6
     1     1    14     1     6     5     0     0    35.0   61.848   38.600    706.6    917.4
     1     1    14     1     6     6     0     0    36.0   61.813   38.644    669.7    921.9
     1     1    14     1     6     7     0     0    37.0   61.785   38.682    633.3    927.1
     1     1    14     1     6     8     0     0    38.0   61.764   38.764    602.1    930.6
     1     1    14     1     6     9     0     0    39.0   61.750   38.892    575.8    933.5
     1     1    14     1     6    10     0     0    40.0   61.741   39.063    554.0    936.0
     1     1    14     1     6    11     0     0    41.0   61.736   39.276    536.4    938.0
     1     1    14     1     6    12     0     0    42.0   61.734   39.530    522.3    939.6
     1     1    14     1     6    13     0     0    43.0   61.732   39.793    509.6    941.0
     1     1    14     1     6    14     0     0    44.0   61.729   40.031    495.7    942.9
     1     1    14     1     6    15     0     0    45.0   61.726   40.244    480.9    944.7
     1     1    14     1     6    16     0     0    46.0   61.724   40.434    465.5    946.6
     1     1    14     1     6    17     0     0    47.0   61.724   40.604    449.4    948.6
     1     1    14     1     6    18     0     0    48.0   61.725   40.755    432.7    950.8
