     1     1
    CDC1    14     1     1     0     0
     1 FORWARD  OMEGA   
    14     1     9     0   60.000   30.000   500.0
     1 PRESSURE
     1     1    14     1     9     0     0     0     0.0   60.000   30.000    500.0    940.3
     1     1    14     1     9     1     0     0     1.0   60.068   30.524    515.3    937.3
     1     1    14     1     9     2     0     0     2.0   60.135   31.041    532.2    934.1
     1     1    14     1     9     3     0     0     3.0   60.203   31.545    550.7    930.9
     1     1    14     1     9     4     0     0     4.0   60.272   32.030    570.5    927.5
     1     1    14     1     9     5     0     0     5.0   60.343   32.489    591.4    924.1
     1     1    14     1     9     6     0     0     6.0   60.415   32.917    612.9    919.9
     1     1    14     1     9     7     0     0     7.0   60.479   33.331    635.0    916.2
     1     1    14     1     9     8     0     0     8.0   60.531   33.751    657.1    912.3
     1     1    14     1     9     9     0     0     9.0   60.571   34.177    679.5    908.6
     1     1    14     1     9    10     0     0    10.0   60.600   34.608    702.8    905.0
     1     1    14     1     9    11     0     0    11.0   60.619   35.046    727.7    901.4
     1     1    14     1     9    12     0     0    12.0   60.630   35.490    754.8    897.8
     1     1    14     1     9    13     0     0    13.0   60.641   35.932    782.4    893.7
     1     1    14     1     9    14     0     0    14.0   60.659   36.363    809.6    890.2
     1     1    14     1     9    15     0     0    15.0   60.682   36.783    836.1    886.8
     1     1    14     1     9    16     0     0    16.0   60.712   37.192    862.0    883.7
     1     1    14     1     9    17     0     0    17.0   60.747   37.590    887.6    880.9
     1     1    14     1     9    18     0     0    18.0   60.788   37.976    913.5    878.5
     1     1    14     1     9    19     0     0    19.0   60.835   38.341    938.0    875.6
     1     1    14     1     9    20     0     0    20.0   60.883   38.680    959.9    873.0
     1     1    14     1     9    21     0     0    21.0   60.932   38.993    978.7    870.8
     1     1    14     1     9    22     0     0    22.0   60.979   39.280    994.1    869.0
     1     1    14     1     9    23     0     0    23.0   61.023   39.542   1005.8    867.5
     1     1    14     1    10     0     0     0    24.0   61.062   39.778   1013.6    866.5
     1     1    14     1    10     1     0     0    25.0   61.114   39.990   1022.8    866.1
     1     1    14     1    10     2     0     0    26.0   61.195   40.170   1038.7    864.3
     1     1    14     1    10     3     0     0    27.0   61.305   40.319   1061.0    861.8
     1     1    14     1    10     4     0     0    28.0   61.441   40.440   1089.7    858.8
     1     1    14     1    10     5     0     0    29.0   61.601   40.536   1124.7    855.2
     1     1    14     1    10     6     0     0    30.0   61.784   40.612   1166.2    851.0
     1     1    14     1    10     7     0     0    31.0   61.987   40.661   1209.4    846.1
     1     1    14     1    10     8     0     0    32.0   62.208   40.667   1249.0    842.1
     1     1    14     1    10     9     0     0    33.0   62.447   40.626   1284.2    838.7
     1     1    14     1    10    10     0     0    34.0   62.698   40.524   1313.9    835.4
     1     1    14     1    10    11     0     0    35.0   62.956   40.351   1337.1    832.8
     1     1    14     1    10    12     0     0    36.0   63.216   40.097   1353.6    831.0
     1     1    14     1    10    13     0     0    37.0   63.465   39.747   1370.8    829.9
     1     1    14     1    10    14     0     0    38.0   63.689   39.294   1395.2    826.9
     1     1    14     1    10    15     0     0    39.0   63.882   38.741   1426.7    823.0
     1     1    14     1    10    16     0     0    40.0   64.040   38.092   1464.7    818.3
     1     1    14     1    10    17     0     0    41.0   64.161   37.355   1508.6    812.8
     1     1    14     1    10    18     0     0    42.0   64.240   36.544   1557.0    806.3
     1     1    14     1    10    19     0     0    43.0   64.272   35.680   1602.6    799.4
     1     1    14     1    10    20     0     0    44.0   64.257   34.779   1639.1    794.5
     1     1    14     1    10    21     0     0    45.0   64.195   33.851   1666.5    791.4
     1     1    14     1    10    22     0     0    46.0   64.089   32.907   1684.6    789.2
     1     1    14     1    10    23     0     0    47.0   63.941   31.954   1695.3    788.8
     1     1    14     1    11     0     0     0    48.0   63.756   31.007   1700.5    789.3
