     1     1
    CDC1    14     1     1     0     0
     1 FORWARD  OMEGA   
    14     1    10    12   60.000   30.000   500.0
     1 PRESSURE
     1     1    14     1    10    12     0     0     0.0   60.000   30.000    500.0    923.0
     1     1    14     1    10    13     0     0     1.0   59.992   29.602    520.0    919.9
     1     1    14     1    10    14     0     0     2.0   59.926   29.235    540.9    916.7
     1     1    14     1    10    15     0     0     3.0   59.809   28.918    562.2    913.7
     1     1    14     1    10    16     0     0     4.0   59.648   28.668    583.6    911.0
     1     1    14     1    10    17     0     0     5.0   59.448   28.495    605.4    908.4
     1     1    14     1    10    18     0     0     6.0   59.213   28.411    627.9    905.8
     1     1    14     1    10    19     0     0     7.0   58.962   28.420    649.9    903.3
     1     1    14     1    10    20     0     0     8.0   58.707   28.518    668.9    901.3
     1     1    14     1    10    21     0     0     9.0   58.449   28.702    685.2    899.6
     1     1    14     1    10    22     0     0    10.0   58.185   28.968    698.9    898.0
     1     1    14     1    10    23     0     0    11.0   57.915   29.313    709.8    896.4
     1     1    14     1    11     0     0     0    12.0   57.633   29.737    718.2    894.7
     1     1    14     1    11     1     0     0    13.0   57.347   30.241    727.1    892.3
     1     1    14     1    11     2     0     0    14.0   57.064   30.816    739.4    888.1
     1     1    14     1    11     3     0     0    15.0   56.777   31.448    757.1    883.0
     1     1    14     1    11     4     0     0    16.0   56.481   32.132    780.5    877.3
     1     1    14     1    11     5     0     0    17.0   56.171   32.862    810.3    871.6
     1     1    14     1    11     6     0     0    18.0   55.852   33.627    847.3    866.5
     1     1    14     1    11     7     0     0    19.0   55.532   34.414    886.7    862.0
     1     1    14     1    11     8     0     0    20.0   55.215   35.208    923.1    859.7
     1     1    14     1    11     9     0     0    21.0   54.902   35.991    955.0    859.5
     1     1    14     1    11    10     0     0    22.0   54.593   36.749    979.6    859.2
     1     1    14     1    11    11     0     0    23.0   54.278   37.479    996.8    859.0
     1     1    14     1    11    12     0     0    24.0   53.954   38.187   1006.2    858.3
     1     1    14     1    11    13     0     0    25.0   53.633   38.884   1011.3    857.9
     1     1    14     1    11    14     0     0    26.0   53.327   39.578   1015.1    856.5
     1     1    14     1    11    15     0     0    27.0   53.036   40.270   1017.6    854.3
     1     1    14     1    11    16     0     0    28.0   52.772   40.965   1019.7    851.7
     1     1    14     1    11    17     0     0    29.0   52.542   41.666   1022.4    848.9
     1     1    14     1    11    18     0     0    30.0   52.352   42.378   1027.4    847.9
     1     1    14     1    11    19     0     0    31.0   52.208   43.108   1032.1    849.9
     1     1    14     1    11    20     0     0    32.0   52.109   43.862   1031.8    852.8
     1     1    14     1    11    21     0     0    33.0   52.048   44.635   1026.3    855.8
     1     1    14     1    11    22     0     0    34.0   52.018   45.420   1016.3    860.1
     1     1    14     1    11    23     0     0    35.0   52.016   46.213   1003.2    865.6
     1     1    14     1    12     0     0     0    36.0   52.039   47.011    987.7    871.1
     1     1    14     1    12     1     0     0    37.0   52.091   47.806    976.5    876.4
     1     1    14     1    12     2     0     0    38.0   52.179   48.583    976.0    878.9
     1     1    14     1    12     3     0     0    39.0   52.306   49.333    987.5    879.8
     1     1    14     1    12     4     0     0    40.0   52.476   50.053   1011.3    879.1
     1     1    14     1    12     5     0     0    41.0   52.686   50.730   1044.5    872.3
     1     1    14     1    12     6     0     0    42.0   52.937   51.355   1087.0    864.5
     1     1    14     1    12     7     0     0    43.0   53.213   51.932   1133.0    856.6
     1     1    14     1    12     8     0     0    44.0   53.498   52.467   1175.9    849.8
     1     1    14     1    12     9     0     0    45.0   53.784   52.962   1213.3    842.3
     1     1    14     1    12    10     0     0    46.0   54.068   53.420   1244.6    835.9
     1     1    14     1    12    11     0     0    47.0   54.350   53.839   1270.1    830.5
     1     1    14     1    12    12     0     0    48.0   54.631   54.218   1290.2    826.0
