     1     1
    CDC1    14     1     1     0     0
     1 FORWARD  OMEGA   
    14     1    19     0   60.000   30.000   500.0
     1 PRESSURE
     1     1    14     1    19     0     0     0     0.0   60.000   30.000    500.0    965.3
     1     1    14     1    19     1     0     0     1.0   59.832   29.768    490.1    966.3
     1     1    14     1    19     2     0     0     2.0   59.671   29.536    480.2    967.4
     1     1    14     1    19     3     0     0     3.0   59.515   29.300    470.5    968.5
     1     1    14     1    19     4     0     0     4.0   59.364   29.056    461.0    969.6
     1     1    14     1    19     5     0     0     5.0   59.216   28.801    452.0    970.7
     1     1    14     1    19     6     0     0     6.0   59.072   28.530    443.5    971.8
     1     1    14     1    19     7     0     0     7.0   58.939   28.250    432.5    972.6
     1     1    14     1    19     8     0     0     8.0   58.828   27.969    416.3    974.7
     1     1    14     1    19     9     0     0     9.0   58.740   27.684    395.2    977.5
     1     1    14     1    19    10     0     0    10.0   58.676   27.394    369.4    980.6
     1     1    14     1    19    11     0     0    11.0   58.633   27.098    339.5    983.5
     1     1    14     1    19    12     0     0    12.0   58.612   26.796    306.2    987.0
     1     1    14     1    19    13     0     0    13.0   58.604   26.489    272.8    991.3
     1     1    14     1    19    14     0     0    14.0   58.601   26.175    242.1    995.1
     1     1    14     1    19    15     0     0    15.0   58.602   25.854    213.9    998.8
     1     1    14     1    19    16     0     0    16.0   58.607   25.523    188.4   1001.8
     1     1    14     1    19    17     0     0    17.0   58.615   25.184    166.2   1004.0
     1     1    14     1    19    18     0     0    18.0   58.628   24.833    147.3   1006.3
     1     1    14     1    19    19     0     0    19.0   58.643   24.462    131.6   1008.0
     1     1    14     1    19    20     0     0    20.0   58.662   24.064    118.8   1009.5
     1     1    14     1    19    21     0     0    21.0   58.685   23.641    108.2   1010.8
     1     1    14     1    19    22     0     0    22.0   58.715   23.191     99.6   1012.0
     1     1    14     1    19    23     0     0    23.0   58.751   22.717     92.7   1013.1
     1     1    14     1    20     0     0     0    24.0   58.793   22.222     87.2   1014.8
     1     1    14     1    20     1     0     0    25.0   58.851   21.714     83.7   1016.9
     1     1    14     1    20     2     0     0    26.0   58.930   21.193     82.3   1018.7
     1     1    14     1    20     3     0     0    27.0   59.033   20.655     82.9   1020.4
     1     1    14     1    20     4     0     0    28.0   59.159   20.098     85.2   1022.1
     1     1    14     1    20     5     0     0    29.0   59.300   19.531     89.3   1021.8
     1     1    14     1    20     6     0     0    30.0   59.443   18.964     94.9   1020.6
     1     1    14     1    20     7     0     0    31.0   59.579   18.415    102.6   1019.0
     1     1    14     1    20     8     0     0    32.0   59.702   17.896    112.4   1017.0
     1     1    14     1    20     9     0     0    33.0   59.816   17.409    124.7   1014.1
     1     1    14     1    20    10     0     0    34.0   59.926   16.953    140.2   1007.6
     1     1    14     1    20    11     0     0    35.0   60.037   16.527    159.1   1000.2
     1     1    14     1    20    12     0     0    36.0   60.146   16.138    181.0    992.1
     1     1    14     1    20    13     0     0    37.0   60.261   15.772    202.0    983.7
     1     1    14     1    20    14     0     0    38.0   60.395   15.418    218.0    975.7
     1     1    14     1    20    15     0     0    39.0   60.549   15.083    228.1    968.5
     1     1    14     1    20    16     0     0    40.0   60.722   14.778    232.2    961.8
     1     1    14     1    20    17     0     0    41.0   60.913   14.512    230.5    956.3
     1     1    14     1    20    18     0     0    42.0   61.120   14.292    223.4    952.0
     1     1    14     1    20    19     0     0    43.0   61.336   14.130    213.8    949.0
     1     1    14     1    20    20     0     0    44.0   61.552   14.029    204.5    946.6
     1     1    14     1    20    21     0     0    45.0   61.765   13.982    195.4    944.7
     1     1    14     1    20    22     0     0    46.0   61.973   13.980    186.8    943.1
     1     1    14     1    20    23     0     0    47.0   62.174   14.014    179.0    941.8
     1     1    14     1    21     0     0     0    48.0   62.367   14.075    171.8    940.8
