     1     1
    CDC1    14     1     1     0     0
     1 FORWARD  OMEGA   
    14     1    23     6   60.000   30.000   500.0
     1 PRESSURE
     1     1    14     1    23     6     0     0     0.0   60.000   30.000    500.0    965.3
     1     1    14     1    23     7     0     0     1.0   59.900   29.837    488.1    966.5
     1     1    14     1    23     8     0     0     2.0   59.811   29.674    474.3    968.2
     1     1    14     1    23     9     0     0     3.0   59.732   29.518    458.8    970.1
     1     1    14     1    23    10     0     0     4.0   59.665   29.370    441.6    972.4
     1     1    14     1    23    11     0     0     5.0   59.609   29.235    422.7    975.0
     1     1    14     1    23    12     0     0     6.0   59.563   29.117    402.0    977.9
     1     1    14     1    23    13     0     0     7.0   59.516   29.000    380.3    980.5
     1     1    14     1    23    14     0     0     8.0   59.453   28.868    358.6    982.5
     1     1    14     1    23    15     0     0     9.0   59.374   28.721    336.9    984.6
     1     1    14     1    23    16     0     0    10.0   59.280   28.557    315.2    986.7
     1     1    14     1    23    17     0     0    11.0   59.170   28.377    293.4    988.9
     1     1    14     1    23    18     0     0    12.0   59.045   28.181    271.2    991.3
     1     1    14     1    23    19     0     0    13.0   58.919   27.980    250.8    994.3
     1     1    14     1    23    20     0     0    14.0   58.811   27.783    234.0    996.7
     1     1    14     1    23    21     0     0    15.0   58.718   27.589    221.0    998.6
     1     1    14     1    23    22     0     0    16.0   58.641   27.395    211.9    999.9
     1     1    14     1    23    23     0     0    17.0   58.579   27.202    206.8   1000.5
     1     1    14     1    24     0     0     0    18.0   58.532   27.006    205.9   1000.4
     1     1    14     1    24     1     0     0    19.0   58.490   26.809    206.2    999.5
     1     1    14     1    24     2     0     0    20.0   58.445   26.609    204.6    999.3
     1     1    14     1    24     3     0     0    21.0   58.396   26.406    201.3    999.3
     1     1    14     1    24     4     0     0    22.0   58.344   26.201    196.1    999.5
     1     1    14     1    24     5     0     0    23.0   58.288   25.993    189.1    999.8
     1     1    14     1    24     6     0     0    24.0   58.229   25.783    180.3   1000.3
     1     1    14     1    24     7     0     0    25.0   58.171   25.580    171.1   1001.3
     1     1    14     1    24     8     0     0    26.0   58.123   25.395    162.5   1002.1
     1     1    14     1    24     9     0     0    27.0   58.085   25.225    154.6   1003.0
     1     1    14     1    24    10     0     0    28.0   58.057   25.070    147.5   1003.9
     1     1    14     1    24    11     0     0    29.0   58.040   24.928    140.9   1005.0
     1     1    14     1    24    12     0     0    30.0   58.033   24.795    135.1   1006.1
     1     1    14     1    24    13     0     0    31.0   58.029   24.668    130.0   1006.8
     1     1    14     1    24    14     0     0    32.0   58.021   24.540    125.8   1007.4
     1     1    14     1    24    15     0     0    33.0   58.009   24.412    122.3   1007.9
     1     1    14     1    24    16     0     0    34.0   57.992   24.282    119.4   1008.3
     1     1    14     1    24    17     0     0    35.0   57.972   24.151    117.1   1008.6
     1     1    14     1    24    18     0     0    36.0   57.949   24.017    115.2   1008.8
     1     1    14     1    24    19     0     0    37.0   57.932   23.878    113.4   1009.1
     1     1    14     1    24    20     0     0    38.0   57.929   23.735    111.3   1009.5
     1     1    14     1    24    21     0     0    39.0   57.941   23.590    108.9   1010.0
     1     1    14     1    24    22     0     0    40.0   57.966   23.442    106.2   1010.7
     1     1    14     1    24    23     0     0    41.0   58.004   23.295    103.3   1011.4
     1     1    14     1    25     0     0     0    42.0   58.053   23.150    100.1   1012.2
     1     1    14     1    25     1     0     0    43.0   58.107   23.019     96.6   1012.8
     1     1    14     1    25     2     0     0    44.0   58.159   22.914     92.9   1013.4
     1     1    14     1    25     3     0     0    45.0   58.210   22.836     89.1   1014.1
     1     1    14     1    25     4     0     0    46.0   58.261   22.787     85.2   1014.7
     1     1    14     1    25     5     0     0    47.0   58.312   22.766     81.5   1015.3
     1     1    14     1    25     6     0     0    48.0   58.363   22.777     77.8   1015.9
