     1     1
    CDC1    14     1     1     0     0
     1 FORWARD  OMEGA   
    14     1     4    12   60.000   30.000   500.0
     1 PRESSURE
     1     1    14     1     4    12     0     0     0.0   60.000   30.000    500.0    951.5
     1     1    14     1     4    13     0     0     1.0   60.312   30.035    498.1    949.1
     1     1    14     1     4    14     0     0     2.0   60.617   30.082    499.4    946.1
     1     1    14     1     4    15     0     0     3.0   60.920   30.134    503.8    942.9
     1     1    14     1     4    16     0     0     4.0   61.222   30.183    511.4    939.4
     1     1    14     1     4    17     0     0     5.0   61.527   30.219    522.1    935.7
     1     1    14     1     4    18     0     0     6.0   61.837   30.232    536.1    931.6
     1     1    14     1     4    19     0     0     7.0   62.140   30.238    552.5    927.6
     1     1    14     1     4    20     0     0     8.0   62.425   30.256    570.6    923.7
     1     1    14     1     4    21     0     0     9.0   62.693   30.306    590.5    921.7
     1     1    14     1     4    22     0     0    10.0   62.942   30.408    611.3    920.2
     1     1    14     1     4    23     0     0    11.0   63.173   30.563    633.4    918.3
     1     1    14     1     5     0     0     0    12.0   63.387   30.763    657.1    915.8
     1     1    14     1     5     1     0     0    13.0   63.588   30.990    680.7    912.9
     1     1    14     1     5     2     0     0    14.0   63.779   31.231    703.0    910.3
     1     1    14     1     5     3     0     0    15.0   63.961   31.484    723.7    907.8
     1     1    14     1     5     4     0     0    16.0   64.135   31.745    742.8    905.4
     1     1    14     1     5     5     0     0    17.0   64.302   32.013    760.3    903.1
     1     1    14     1     5     6     0     0    18.0   64.462   32.283    775.9    900.8
     1     1    14     1     5     7     0     0    19.0   64.618   32.574    788.6    899.2
     1     1    14     1     5     8     0     0    20.0   64.771   32.908    797.2    898.6
     1     1    14     1     5     9     0     0    21.0   64.922   33.286    801.5    898.5
     1     1    14     1     5    10     0     0    22.0   65.069   33.707    801.5    898.5
     1     1    14     1     5    11     0     0    23.0   65.212   34.172    797.5    898.8
     1     1    14     1     5    12     0     0    24.0   65.349   34.675    789.8    899.5
     1     1    14     1     5    13     0     0    25.0   65.481   35.202    783.6    900.9
     1     1    14     1     5    14     0     0    26.0   65.605   35.744    783.3    901.5
     1     1    14     1     5    15     0     0    27.0   65.724   36.299    789.0    901.6
     1     1    14     1     5    16     0     0    28.0   65.841   36.868    800.7    901.2
     1     1    14     1     5    17     0     0    29.0   65.960   37.450    818.6    900.1
     1     1    14     1     5    18     0     0    30.0   66.082   38.044    842.3    898.2
     1     1    14     1     5    19     0     0    31.0   66.198   38.663    868.5    895.5
     1     1    14     1     5    20     0     0    32.0   66.297   39.312    895.6    893.5
     1     1    14     1     5    21     0     0    33.0   66.376   39.986    924.6    891.5
     1     1    14     1     5    22     0     0    34.0   66.433   40.675    955.9    888.6
     1     1    14     1     5    23     0     0    35.0   66.468   41.366    990.6    885.4
     1     1    14     1     6     0     0     0    36.0   66.478   42.048   1029.7    881.7
     1     1    14     1     6     1     0     0    37.0   66.476   42.707   1067.8    876.9
     1     1    14     1     6     2     0     0    38.0   66.478   43.346   1099.5    872.8
     1     1    14     1     6     3     0     0    39.0   66.486   43.973   1124.3    869.7
     1     1    14     1     6     4     0     0    40.0   66.503   44.596   1142.4    867.5
     1     1    14     1     6     5     0     0    41.0   66.531   45.221   1154.1    866.0
     1     1    14     1     6     6     0     0    42.0   66.573   45.855   1159.9    865.0
     1     1    14     1     6     7     0     0    43.0   66.622   46.504   1166.6    864.4
     1     1    14     1     6     8     0     0    44.0   66.673   47.167   1180.2    862.5
     1     1    14     1     6     9     0     0    45.0   66.726   47.842   1201.0    859.9
     1     1    14     1     6    10     0     0    46.0   66.780   48.530   1229.0    856.7
     1     1    14     1     6    11     0     0    47.0   66.835   49.228   1264.0    852.8
     1     1    14     1     6    12     0     0    48.0   66.893   49.934   1306.1    848.1
