     1     1
    CDC1    14     1     1     0     0
     1 FORWARD  OMEGA   
    14     1    14     6   60.000   30.000   500.0
     1 PRESSURE
     1     1    14     1    14     6     0     0     0.0   60.000   30.000    500.0    949.2
     1     1    14     1    14     7     0     0     1.0   59.873   29.988    491.9    950.6
     1     1    14     1    14     8     0     0     2.0   59.756   30.002    486.2    951.6
     1     1    14     1    14     9     0     0     3.0   59.648   30.038    482.4    952.2
     1     1    14     1    14    10     0     0     4.0   59.549   30.094    480.4    952.6
     1     1    14     1    14    11     0     0     5.0   59.457   30.167    479.9    952.6
     1     1    14     1    14    12     0     0     6.0   59.371   30.254    480.7    952.5
     1     1    14     1    14    13     0     0     7.0   59.288   30.344    480.5    951.9
     1     1    14     1    14    14     0     0     8.0   59.203   30.424    477.5    951.9
     1     1    14     1    14    15     0     0     9.0   59.117   30.496    471.8    952.3
     1     1    14     1    14    16     0     0    10.0   59.031   30.559    463.6    953.0
     1     1    14     1    14    17     0     0    11.0   58.945   30.616    453.1    954.0
     1     1    14     1    14    18     0     0    12.0   58.861   30.668    440.7    955.4
     1     1    14     1    14    19     0     0    13.0   58.781   30.721    429.7    957.0
     1     1    14     1    14    20     0     0    14.0   58.708   30.781    423.1    957.7
     1     1    14     1    14    21     0     0    15.0   58.639   30.847    420.9    957.7
     1     1    14     1    14    22     0     0    16.0   58.575   30.915    423.0    957.1
     1     1    14     1    14    23     0     0    17.0   58.514   30.985    429.3    956.0
     1     1    14     1    15     0     0     0    18.0   58.456   31.057    439.7    954.3
     1     1    14     1    15     1     0     0    19.0   58.401   31.115    452.6    952.1
     1     1    14     1    15     2     0     0    20.0   58.350   31.141    465.9    950.2
     1     1    14     1    15     3     0     0    21.0   58.304   31.132    479.4    948.4
     1     1    14     1    15     4     0     0    22.0   58.263   31.087    493.2    946.8
     1     1    14     1    15     5     0     0    23.0   58.229   30.999    507.2    945.3
     1     1    14     1    15     6     0     0    24.0   58.200   30.866    521.3    943.9
     1     1    14     1    15     7     0     0    25.0   58.175   30.697    532.7    942.7
     1     1    14     1    15     8     0     0    26.0   58.152   30.504    538.8    942.5
     1     1    14     1    15     9     0     0    27.0   58.132   30.287    539.4    943.0
     1     1    14     1    15    10     0     0    28.0   58.117   30.046    534.3    944.3
     1     1    14     1    15    11     0     0    29.0   58.105   29.783    523.4    945.6
     1     1    14     1    15    12     0     0    30.0   58.098   29.498    506.9    947.4
     1     1    14     1    15    13     0     0    31.0   58.091   29.184    488.2    950.0
     1     1    14     1    15    14     0     0    32.0   58.081   28.835    470.1    952.2
     1     1    14     1    15    15     0     0    33.0   58.065   28.451    452.6    954.4
     1     1    14     1    15    16     0     0    34.0   58.038   28.036    435.5    956.6
     1     1    14     1    15    17     0     0    35.0   57.999   27.592    418.5    959.0
     1     1    14     1    15    18     0     0    36.0   57.943   27.124    401.6    960.7
     1     1    14     1    15    19     0     0    37.0   57.869   26.654    386.1    961.9
     1     1    14     1    15    20     0     0    38.0   57.779   26.200    373.2    962.2
     1     1    14     1    15    21     0     0    39.0   57.675   25.759    363.0    962.2
     1     1    14     1    15    22     0     0    40.0   57.558   25.332    355.7    961.8
     1     1    14     1    15    23     0     0    41.0   57.428   24.922    351.6    961.2
     1     1    14     1    16     0     0     0    42.0   57.289   24.536    351.2    961.1
     1     1    14     1    16     1     0     0    43.0   57.142   24.176    351.3    960.8
     1     1    14     1    16     2     0     0    44.0   56.988   23.839    348.2    961.4
     1     1    14     1    16     3     0     0    45.0   56.831   23.524    342.2    962.5
     1     1    14     1    16     4     0     0    46.0   56.675   23.227    333.6    963.9
     1     1    14     1    16     5     0     0    47.0   56.524   22.943    322.4    965.8
     1     1    14     1    16     6     0     0    48.0   56.379   22.671    309.2    968.0
