     1     1
    CDC1    14     1     1     0     0
     1 FORWARD  OMEGA   
    14     1     1    12   60.000   30.000   500.0
     1 PRESSURE
     1     1    14     1     1    12     0     0     0.0   60.000   30.000    500.0    959.4
     1     1    14     1     1    13     0     0     1.0   60.036   30.643    512.3    956.6
     1     1    14     1     1    14     0     0     2.0   60.063   31.255    522.0    954.6
     1     1    14     1     1    15     0     0     3.0   60.082   31.835    528.6    953.1
     1     1    14     1     1    16     0     0     4.0   60.090   32.380    531.7    952.4
     1     1    14     1     1    17     0     0     5.0   60.087   32.892    530.8    951.3
     1     1    14     1     1    18     0     0     6.0   60.071   33.368    526.5    950.5
     1     1    14     1     1    19     0     0     7.0   60.048   33.816    521.7    950.2
     1     1    14     1     1    20     0     0     8.0   60.021   34.238    519.1    949.4
     1     1    14     1     1    21     0     0     9.0   59.988   34.631    518.1    948.5
     1     1    14     1     1    22     0     0    10.0   59.951   34.991    518.2    947.5
     1     1    14     1     1    23     0     0    11.0   59.909   35.311    519.1    946.9
     1     1    14     1     2     0     0     0    12.0   59.865   35.583    520.3    946.4
     1     1    14     1     2     1     0     0    13.0   59.825   35.821    522.8    945.5
     1     1    14     1     2     2     0     0    14.0   59.797   36.039    528.7    944.2
     1     1    14     1     2     3     0     0    15.0   59.781   36.238    537.7    942.6
     1     1    14     1     2     4     0     0    16.0   59.779   36.421    549.9    940.8
     1     1    14     1     2     5     0     0    17.0   59.789   36.586    565.4    938.8
     1     1    14     1     2     6     0     0    18.0   59.815   36.736    584.2    936.6
     1     1    14     1     2     7     0     0    19.0   59.852   36.868    604.2    934.3
     1     1    14     1     2     8     0     0    20.0   59.897   36.980    622.7    932.6
     1     1    14     1     2     9     0     0    21.0   59.954   37.070    639.8    930.7
     1     1    14     1     2    10     0     0    22.0   60.023   37.134    655.4    929.1
     1     1    14     1     2    11     0     0    23.0   60.106   37.171    669.3    927.6
     1     1    14     1     2    12     0     0    24.0   60.203   37.181    681.5    926.4
     1     1    14     1     2    13     0     0    25.0   60.316   37.171    693.2    925.3
     1     1    14     1     2    14     0     0    26.0   60.443   37.150    706.1    923.9
     1     1    14     1     2    15     0     0    27.0   60.584   37.119    720.0    922.4
     1     1    14     1     2    16     0     0    28.0   60.739   37.079    734.8    920.9
     1     1    14     1     2    17     0     0    29.0   60.906   37.033    750.5    919.4
     1     1    14     1     2    18     0     0    30.0   61.084   36.984    767.1    917.8
     1     1    14     1     2    19     0     0    31.0   61.271   36.935    783.9    916.0
     1     1    14     1     2    20     0     0    32.0   61.463   36.890    800.1    914.4
     1     1    14     1     2    21     0     0    33.0   61.663   36.848    815.7    912.8
     1     1    14     1     2    22     0     0    34.0   61.870   36.809    831.0    911.2
     1     1    14     1     2    23     0     0    35.0   62.087   36.772    845.8    909.7
     1     1    14     1     3     0     0     0    36.0   62.314   36.735    860.2    908.2
     1     1    14     1     3     1     0     0    37.0   62.547   36.712    874.5    906.6
     1     1    14     1     3     2     0     0    38.0   62.782   36.728    889.5    904.5
     1     1    14     1     3     3     0     0    39.0   63.021   36.793    905.0    902.4
     1     1    14     1     3     4     0     0    40.0   63.262   36.909    920.6    900.5
     1     1    14     1     3     5     0     0    41.0   63.505   37.074    935.8    898.6
     1     1    14     1     3     6     0     0    42.0   63.748   37.289    950.1    896.7
     1     1    14     1     3     7     0     0    43.0   63.991   37.549    962.7    895.0
     1     1    14     1     3     8     0     0    44.0   64.236   37.853    972.9    893.5
     1     1    14     1     3     9     0     0    45.0   64.482   38.203    981.0    892.4
     1     1    14     1     3    10     0     0    46.0   64.728   38.601    987.1    891.6
     1     1    14     1     3    11     0     0    47.0   64.972   39.047    991.4    891.0
     1     1    14     1     3    12     0     0    48.0   65.215   39.546    994.2    890.9
