     1     1
    CDC1    14     1     1     0     0
     1 FORWARD  OMEGA   
    14     1     6     6   60.000   30.000   500.0
     1 PRESSURE
     1     1    14     1     6     6     0     0     0.0   60.000   30.000    500.0    952.0
     1     1    14     1     6     7     0     0     1.0   60.101   29.693    485.8    952.6
     1     1    14     1     6     8     0     0     2.0   60.206   29.440    476.4    952.6
     1     1    14     1     6     9     0     0     3.0   60.318   29.238    471.4    952.2
     1     1    14     1     6    10     0     0     4.0   60.437   29.086    470.3    951.5
     1     1    14     1     6    11     0     0     5.0   60.564   28.984    472.9    950.4
     1     1    14     1     6    12     0     0     6.0   60.702   28.931    478.7    949.0
     1     1    14     1     6    13     0     0     7.0   60.847   28.911    484.2    947.1
     1     1    14     1     6    14     0     0     8.0   61.000   28.899    486.7    946.0
     1     1    14     1     6    15     0     0     9.0   61.159   28.896    486.5    945.1
     1     1    14     1     6    16     0     0    10.0   61.325   28.899    484.2    944.4
     1     1    14     1     6    17     0     0    11.0   61.498   28.905    480.3    943.9
     1     1    14     1     6    18     0     0    12.0   61.679   28.913    475.4    943.4
     1     1    14     1     6    19     0     0    13.0   61.879   28.947    471.4    942.9
     1     1    14     1     6    20     0     0    14.0   62.107   29.035    469.7    941.5
     1     1    14     1     6    21     0     0    15.0   62.365   29.176    469.8    939.5
     1     1    14     1     6    22     0     0    16.0   62.648   29.365    471.1    938.4
     1     1    14     1     6    23     0     0    17.0   62.952   29.587    472.8    938.4
     1     1    14     1     7     0     0     0    18.0   63.274   29.825    474.2    938.6
     1     1    14     1     7     1     0     0    19.0   63.602   30.071    476.0    938.7
     1     1    14     1     7     2     0     0    20.0   63.928   30.323    479.3    938.5
     1     1    14     1     7     3     0     0    21.0   64.254   30.578    484.7    937.9
     1     1    14     1     7     4     0     0    22.0   64.584   30.829    492.4    936.7
     1     1    14     1     7     5     0     0    23.0   64.923   31.071    503.1    935.0
     1     1    14     1     7     6     0     0    24.0   65.272   31.281    516.9    931.2
     1     1    14     1     7     7     0     0    25.0   65.626   31.436    535.5    927.0
     1     1    14     1     7     8     0     0    26.0   65.979   31.539    560.4    922.2
     1     1    14     1     7     9     0     0    27.0   66.331   31.596    592.4    916.7
     1     1    14     1     7    10     0     0    28.0   66.683   31.613    632.7    910.4
     1     1    14     1     7    11     0     0    29.0   67.028   31.595    681.7    902.3
     1     1    14     1     7    12     0     0    30.0   67.361   31.552    740.1    893.4
     1     1    14     1     7    13     0     0    31.0   67.677   31.463    801.8    884.9
     1     1    14     1     7    14     0     0    32.0   67.974   31.299    860.0    878.7
     1     1    14     1     7    15     0     0    33.0   68.258   31.056    912.8    873.3
     1     1    14     1     7    16     0     0    34.0   68.533   30.735    959.8    868.1
     1     1    14     1     7    17     0     0    35.0   68.804   30.337   1000.5    863.5
     1     1    14     1     7    18     0     0    36.0   69.072   29.857   1034.5    859.7
     1     1    14     1     7    19     0     0    37.0   69.332   29.314   1063.3    856.4
     1     1    14     1     7    20     0     0    38.0   69.574   28.730   1088.6    853.1
     1     1    14     1     7    21     0     0    39.0   69.799   28.111   1111.0    849.8
     1     1    14     1     7    22     0     0    40.0   70.003   27.460   1131.0    846.6
     1     1    14     1     7    23     0     0    41.0   70.182   26.778   1148.6    845.3
     1     1    14     1     8     0     0     0    42.0   70.328   26.069   1162.6    844.1
     1     1    14     1     8     1     0     0    43.0   70.450   25.302   1173.6    842.9
     1     1    14     1     8     2     0     0    44.0   70.551   24.446   1183.6    841.0
     1     1    14     1     8     3     0     0    45.0   70.633   23.504   1191.9    839.1
     1     1    14     1     8     4     0     0    46.0   70.695   22.481   1198.5    837.1
     1     1    14     1     8     5     0     0    47.0   70.735   21.384   1203.9    836.4
     1     1    14     1     8     6     0     0    48.0   70.755   20.215   1207.7    835.5
