     1     1
    CDC1    14     1     1     0     0
     1 FORWARD  OMEGA   
    14     1    13     6   60.000   30.000   500.0
     1 PRESSURE
     1     1    14     1    13     6     0     0     0.0   60.000   30.000    500.0    940.8
     1     1    14     1    13     7     0     0     1.0   59.734   29.802    495.7    940.4
     1     1    14     1    13     8     0     0     2.0   59.464   29.661    488.5    940.9
     1     1    14     1    13     9     0     0     3.0   59.192   29.577    479.4    941.8
     1     1    14     1    13    10     0     0     4.0   58.920   29.546    469.1    942.9
     1     1    14     1    13    11     0     0     5.0   58.652   29.565    458.4    944.2
     1     1    14     1    13    12     0     0     6.0   58.387   29.632    448.0    945.5
     1     1    14     1    13    13     0     0     7.0   58.128   29.740    437.9    946.5
     1     1    14     1    13    14     0     0     8.0   57.876   29.883    427.3    947.7
     1     1    14     1    13    15     0     0     9.0   57.631   30.063    415.7    948.6
     1     1    14     1    13    16     0     0    10.0   57.390   30.273    402.2    948.8
     1     1    14     1    13    17     0     0    11.0   57.151   30.504    386.6    948.8
     1     1    14     1    13    18     0     0    12.0   56.908   30.753    368.8    948.7
     1     1    14     1    13    19     0     0    13.0   56.667   31.020    351.0    949.0
     1     1    14     1    13    20     0     0    14.0   56.431   31.304    335.1    948.9
     1     1    14     1    13    21     0     0    15.0   56.197   31.603    320.7    948.8
     1     1    14     1    13    22     0     0    16.0   55.961   31.913    307.5    948.7
     1     1    14     1    13    23     0     0    17.0   55.722   32.234    295.1    948.6
     1     1    14     1    14     0     0     0    18.0   55.477   32.563    283.3    948.9
     1     1    14     1    14     1     0     0    19.0   55.234   32.894    272.4    950.0
     1     1    14     1    14     2     0     0    20.0   54.999   33.223    262.7    951.3
     1     1    14     1    14     3     0     0    21.0   54.771   33.547    254.1    953.8
     1     1    14     1    14     4     0     0    22.0   54.547   33.864    246.3    956.0
     1     1    14     1    14     5     0     0    23.0   54.325   34.176    238.6    958.1
     1     1    14     1    14     6     0     0    24.0   54.101   34.484    230.9    960.1
     1     1    14     1    14     7     0     0    25.0   53.882   34.789    222.5    962.2
     1     1    14     1    14     8     0     0    26.0   53.684   35.087    213.2    964.6
     1     1    14     1    14     9     0     0    27.0   53.510   35.381    203.4    967.2
     1     1    14     1    14    10     0     0    28.0   53.363   35.668    193.3    969.4
     1     1    14     1    14    11     0     0    29.0   53.240   35.952    182.8    971.3
     1     1    14     1    14    12     0     0    30.0   53.141   36.230    172.1    973.1
     1     1    14     1    14    13     0     0    31.0   53.053   36.503    161.7    974.8
     1     1    14     1    14    14     0     0    32.0   52.968   36.772    151.7    976.5
     1     1    14     1    14    15     0     0    33.0   52.885   37.040    142.1    978.2
     1     1    14     1    14    16     0     0    34.0   52.804   37.308    132.9    979.9
     1     1    14     1    14    17     0     0    35.0   52.725   37.580    124.1    981.4
     1     1    14     1    14    18     0     0    36.0   52.645   37.857    115.7    982.5
     1     1    14     1    14    19     0     0    37.0   52.571   38.129    108.3    983.0
     1     1    14     1    14    20     0     0    38.0   52.507   38.381    102.2    983.3
     1     1    14     1    14    21     0     0    39.0   52.453   38.611     97.2    983.9
     1     1    14     1    14    22     0     0    40.0   52.410   38.820     93.0    984.4
     1     1    14     1    14    23     0     0    41.0   52.378   39.006     89.7    984.9
     1     1    14     1    15     0     0     0    42.0   52.357   39.169     87.2    985.2
     1     1    14     1    15     1     0     0    43.0   52.345   39.323     84.8    985.4
     1     1    14     1    15     2     0     0    44.0   52.338   39.486     82.3    985.7
     1     1    14     1    15     3     0     0    45.0   52.334   39.658     79.5    986.0
     1     1    14     1    15     4     0     0    46.0   52.335   39.844     76.6    986.3
     1     1    14     1    15     5     0     0    47.0   52.339   40.045     73.4    986.6
     1     1    14     1    15     6     0     0    48.0   52.344   40.263     70.1    986.5
