     1     1
    CDC1    14     1     1     0     0
     1 FORWARD  OMEGA   
    14     1    11    12   60.000   30.000   500.0
     1 PRESSURE
     1     1    14     1    11    12     0     0     0.0   60.000   30.000    500.0    935.5
     1     1    14     1    11    13     0     0     1.0   59.791   30.218    481.7    937.2
     1     1    14     1    11    14     0     0     2.0   59.588   30.489    465.6    938.4
     1     1    14     1    11    15     0     0     3.0   59.391   30.811    451.9    939.1
     1     1    14     1    11    16     0     0     4.0   59.197   31.185    440.8    939.3
     1     1    14     1    11    17     0     0     5.0   59.004   31.615    432.5    938.9
     1     1    14     1    11    18     0     0     6.0   58.807   32.106    427.4    937.8
     1     1    14     1    11    19     0     0     7.0   58.609   32.653    425.3    935.1
     1     1    14     1    11    20     0     0     8.0   58.411   33.243    427.0    931.3
     1     1    14     1    11    21     0     0     9.0   58.213   33.876    433.1    926.7
     1     1    14     1    11    22     0     0    10.0   58.009   34.560    443.9    921.4
     1     1    14     1    11    23     0     0    11.0   57.797   35.295    459.5    916.5
     1     1    14     1    12     0     0     0    12.0   57.583   36.064    479.9    912.9
     1     1    14     1    12     1     0     0    13.0   57.375   36.835    503.1    910.3
     1     1    14     1    12     2     0     0    14.0   57.182   37.587    526.4    909.0
     1     1    14     1    12     3     0     0    15.0   57.012   38.318    547.4    909.5
     1     1    14     1    12     4     0     0    16.0   56.866   39.035    564.6    910.5
     1     1    14     1    12     5     0     0    17.0   56.738   39.752    577.5    911.9
     1     1    14     1    12     6     0     0    18.0   56.623   40.477    585.4    912.6
     1     1    14     1    12     7     0     0    19.0   56.521   41.189    590.5    912.5
     1     1    14     1    12     8     0     0    20.0   56.431   41.871    595.6    912.2
     1     1    14     1    12     9     0     0    21.0   56.350   42.528    600.4    911.8
     1     1    14     1    12    10     0     0    22.0   56.281   43.160    605.2    910.3
     1     1    14     1    12    11     0     0    23.0   56.226   43.765    610.4    908.9
     1     1    14     1    12    12     0     0    24.0   56.177   44.351    615.7    907.8
     1     1    14     1    12    13     0     0    25.0   56.143   44.915    618.6    906.4
     1     1    14     1    12    14     0     0    26.0   56.136   45.449    617.8    906.4
     1     1    14     1    12    15     0     0    27.0   56.158   45.952    614.0    906.9
     1     1    14     1    12    16     0     0    28.0   56.202   46.429    607.3    907.6
     1     1    14     1    12    17     0     0    29.0   56.264   46.884    597.9    908.7
     1     1    14     1    12    18     0     0    30.0   56.337   47.322    585.8    910.1
     1     1    14     1    12    19     0     0    31.0   56.421   47.731    574.8    912.1
     1     1    14     1    12    20     0     0    32.0   56.518   48.097    568.4    913.4
     1     1    14     1    12    21     0     0    33.0   56.627   48.424    565.4    914.2
     1     1    14     1    12    22     0     0    34.0   56.746   48.717    564.8    914.7
     1     1    14     1    12    23     0     0    35.0   56.871   48.981    565.9    915.1
     1     1    14     1    13     0     0     0    36.0   57.001   49.218    568.0    915.3
     1     1    14     1    13     1     0     0    37.0   57.145   49.429    569.3    915.2
     1     1    14     1    13     2     0     0    38.0   57.313   49.610    568.4    915.4
     1     1    14     1    13     3     0     0    39.0   57.504   49.762    565.4    915.7
     1     1    14     1    13     4     0     0    40.0   57.719   49.896    561.5    916.4
     1     1    14     1    13     5     0     0    41.0   57.959   50.022    557.8    917.0
     1     1    14     1    13     6     0     0    42.0   58.221   50.147    555.1    917.5
     1     1    14     1    13     7     0     0    43.0   58.488   50.262    554.6    917.7
     1     1    14     1    13     8     0     0    44.0   58.745   50.354    556.7    917.4
     1     1    14     1    13     9     0     0    45.0   58.994   50.424    560.8    916.9
     1     1    14     1    13    10     0     0    46.0   59.231   50.475    566.1    916.3
     1     1    14     1    13    11     0     0    47.0   59.458   50.508    571.8    915.7
     1     1    14     1    13    12     0     0    48.0   59.673   50.525    577.2    915.1
