     1     1
    CDC1    14     1     1     0     0
     1 FORWARD  OMEGA   
    14     1    17     6   60.000   30.000   500.0
     1 PRESSURE
     1     1    14     1    17     6     0     0     0.0   60.000   30.000    500.0    956.6
     1     1    14     1    17     7     0     0     1.0   59.862   29.693    476.3    958.7
     1     1    14     1    17     8     0     0     2.0   59.731   29.395    451.6    961.3
     1     1    14     1    17     9     0     0     3.0   59.608   29.103    426.6    964.0
     1     1    14     1    17    10     0     0     4.0   59.494   28.811    401.8    966.9
     1     1    14     1    17    11     0     0     5.0   59.389   28.516    377.8    969.5
     1     1    14     1    17    12     0     0     6.0   59.293   28.211    355.2    971.5
     1     1    14     1    17    13     0     0     7.0   59.205   27.891    335.1    973.6
     1     1    14     1    17    14     0     0     8.0   59.124   27.554    318.6    975.2
     1     1    14     1    17    15     0     0     9.0   59.045   27.195    305.7    976.2
     1     1    14     1    17    16     0     0    10.0   58.966   26.810    296.6    976.6
     1     1    14     1    17    17     0     0    11.0   58.886   26.398    291.3    976.5
     1     1    14     1    17    18     0     0    12.0   58.801   25.956    289.4    975.9
     1     1    14     1    17    19     0     0    13.0   58.716   25.491    289.4    974.7
     1     1    14     1    17    20     0     0    14.0   58.639   25.016    289.9    973.7
     1     1    14     1    17    21     0     0    15.0   58.569   24.531    291.6    973.5
     1     1    14     1    17    22     0     0    16.0   58.507   24.043    295.1    973.2
     1     1    14     1    17    23     0     0    17.0   58.451   23.551    300.9    972.5
     1     1    14     1    18     0     0     0    18.0   58.403   23.060    309.8    971.5
     1     1    14     1    18     1     0     0    19.0   58.353   22.557    320.3    970.1
     1     1    14     1    18     2     0     0    20.0   58.294   22.028    330.6    970.1
     1     1    14     1    18     3     0     0    21.0   58.230   21.469    340.2    970.4
     1     1    14     1    18     4     0     0    22.0   58.161   20.874    349.0    970.9
     1     1    14     1    18     5     0     0    23.0   58.088   20.235    357.2    971.5
     1     1    14     1    18     6     0     0    24.0   58.015   19.547    364.5    971.7
     1     1    14     1    18     7     0     0    25.0   57.956   18.829    371.0    972.0
     1     1    14     1    18     8     0     0    26.0   57.918   18.107    376.5    972.6
     1     1    14     1    18     9     0     0    27.0   57.900   17.378    380.8    973.2
     1     1    14     1    18    10     0     0    28.0   57.900   16.645    382.6    971.8
     1     1    14     1    18    11     0     0    29.0   57.915   15.909    381.4    970.9
     1     1    14     1    18    12     0     0    30.0   57.941   15.164    376.9    970.1
     1     1    14     1    18    13     0     0    31.0   57.975   14.401    371.6    967.9
     1     1    14     1    18    14     0     0    32.0   58.022   13.611    367.7    964.4
     1     1    14     1    18    15     0     0    33.0   58.085   12.794    364.1    960.1
     1     1    14     1    18    16     0     0    34.0   58.170   11.954    359.2    955.8
     1     1    14     1    18    17     0     0    35.0   58.285   11.099    350.8    951.4
     1     1    14     1    18    18     0     0    36.0   58.436   10.232    336.1    946.1
     1     1    14     1    18    19     0     0    37.0   58.632    9.361    318.8    942.6
     1     1    14     1    18    20     0     0    38.0   58.885    8.501    303.4    938.0
     1     1    14     1    18    21     0     0    39.0   59.197    7.652    288.4    932.5
     1     1    14     1    18    22     0     0    40.0   59.563    6.808    273.6    930.6
     1     1    14     1    18    23     0     0    41.0   59.973    5.957    258.7    931.1
     1     1    14     1    19     0     0     0    42.0   60.397    5.129    244.9    943.5
     1     1    14     1    19     1     0     0    43.0   60.819    4.346    230.1    956.6
     1     1    14     1    19     2     0     0    44.0   61.236    3.590    210.2    969.4
     1     1    14     1    19     3     0     0    45.0   61.645    2.847    182.6    982.1
     1     1    14     1    19     4     0     0    46.0   62.042    2.123    148.4    992.2
     1     1    14     1    19     5     0     0    47.0   62.431    1.440    113.8    999.8
     1     1    14     1    19     6     0     0    48.0   62.817    0.798     84.0   1003.9
