     1     1
    CDC1    14     1     1     0     0
     1 FORWARD  OMEGA   
    14     1    22    12   60.000   30.000   500.0
     1 PRESSURE
     1     1    14     1    22    12     0     0     0.0   60.000   30.000    500.0    962.5
     1     1    14     1    22    13     0     0     1.0   59.959   29.647    495.3    962.4
     1     1    14     1    22    14     0     0     2.0   59.926   29.290    489.2    962.5
     1     1    14     1    22    15     0     0     3.0   59.902   28.929    481.3    963.0
     1     1    14     1    22    16     0     0     4.0   59.886   28.560    471.8    963.6
     1     1    14     1    22    17     0     0     5.0   59.878   28.185    460.6    964.6
     1     1    14     1    22    18     0     0     6.0   59.878   27.802    447.6    965.8
     1     1    14     1    22    19     0     0     7.0   59.880   27.423    433.5    967.4
     1     1    14     1    22    20     0     0     8.0   59.876   27.062    418.7    969.0
     1     1    14     1    22    21     0     0     9.0   59.870   26.722    403.3    970.8
     1     1    14     1    22    22     0     0    10.0   59.864   26.402    387.1    972.8
     1     1    14     1    22    23     0     0    11.0   59.859   26.102    370.3    974.5
     1     1    14     1    23     0     0     0    12.0   59.859   25.822    352.7    976.3
     1     1    14     1    23     1     0     0    13.0   59.858   25.555    335.2    978.2
     1     1    14     1    23     2     0     0    14.0   59.847   25.290    318.4    980.0
     1     1    14     1    23     3     0     0    15.0   59.830   25.026    302.6    981.7
     1     1    14     1    23     4     0     0    16.0   59.806   24.761    288.4    984.1
     1     1    14     1    23     5     0     0    17.0   59.776   24.495    276.1    986.4
     1     1    14     1    23     6     0     0    18.0   59.742   24.224    266.0    988.4
     1     1    14     1    23     7     0     0    19.0   59.709   23.961    256.7    989.9
     1     1    14     1    23     8     0     0    20.0   59.683   23.719    246.8    991.6
     1     1    14     1    23     9     0     0    21.0   59.662   23.500    236.3    993.5
     1     1    14     1    23    10     0     0    22.0   59.646   23.304    225.2    995.5
     1     1    14     1    23    11     0     0    23.0   59.636   23.133    213.6    997.6
     1     1    14     1    23    12     0     0    24.0   59.631   22.987    201.3    999.8
     1     1    14     1    23    13     0     0    25.0   59.627   22.848    189.1   1001.5
     1     1    14     1    23    14     0     0    26.0   59.620   22.694    177.7   1003.1
     1     1    14     1    23    15     0     0    27.0   59.612   22.527    167.0   1004.6
     1     1    14     1    23    16     0     0    28.0   59.604   22.346    157.1   1006.3
     1     1    14     1    23    17     0     0    29.0   59.599   22.149    147.9   1008.1
     1     1    14     1    23    18     0     0    30.0   59.599   21.938    139.4   1010.0
     1     1    14     1    23    19     0     0    31.0   59.608   21.712    132.5   1011.7
     1     1    14     1    23    20     0     0    32.0   59.626   21.469    128.0   1013.0
     1     1    14     1    23    21     0     0    33.0   59.653   21.211    125.4   1014.3
     1     1    14     1    23    22     0     0    34.0   59.686   20.939    124.3   1015.3
     1     1    14     1    23    23     0     0    35.0   59.723   20.654    124.6   1016.3
     1     1    14     1    24     0     0     0    36.0   59.763   20.354    125.9   1017.2
     1     1    14     1    24     1     0     0    37.0   59.806   20.053    127.2   1018.2
     1     1    14     1    24     2     0     0    38.0   59.855   19.769    127.4   1018.4
     1     1    14     1    24     3     0     0    39.0   59.908   19.506    126.6   1018.5
     1     1    14     1    24     4     0     0    40.0   59.965   19.262    124.9   1018.7
     1     1    14     1    24     5     0     0    41.0   60.028   19.038    122.2   1018.7
     1     1    14     1    24     6     0     0    42.0   60.098   18.836    118.4   1018.6
     1     1    14     1    24     7     0     0    43.0   60.174   18.659    113.5   1018.6
     1     1    14     1    24     8     0     0    44.0   60.255   18.508    107.8   1018.7
     1     1    14     1    24     9     0     0    45.0   60.339   18.383    101.2   1018.8
     1     1    14     1    24    10     0     0    46.0   60.427   18.288     94.0   1019.1
     1     1    14     1    24    11     0     0    47.0   60.517   18.223     86.4   1019.4
     1     1    14     1    24    12     0     0    48.0   60.609   18.189     78.7   1019.9
