     1     1
    CDC1    14     1     1     0     0
     1 FORWARD  OMEGA   
    14     1    14    18   60.000   30.000   500.0
     1 PRESSURE
     1     1    14     1    14    18     0     0     0.0   60.000   30.000    500.0    952.4
     1     1    14     1    14    19     0     0     1.0   59.881   29.914    481.9    954.7
     1     1    14     1    14    20     0     0     2.0   59.772   29.846    468.6    956.2
     1     1    14     1    14    21     0     0     3.0   59.673   29.792    459.9    957.3
     1     1    14     1    14    22     0     0     4.0   59.582   29.748    455.8    957.7
     1     1    14     1    14    23     0     0     5.0   59.498   29.713    456.0    957.7
     1     1    14     1    15     0     0     0     6.0   59.421   29.684    460.6    957.0
     1     1    14     1    15     1     0     0     7.0   59.348   29.642    467.7    955.8
     1     1    14     1    15     2     0     0     8.0   59.278   29.568    474.8    954.8
     1     1    14     1    15     3     0     0     9.0   59.210   29.461    482.1    953.7
     1     1    14     1    15     4     0     0    10.0   59.146   29.316    489.3    952.6
     1     1    14     1    15     5     0     0    11.0   59.083   29.132    496.5    951.5
     1     1    14     1    15     6     0     0    12.0   59.023   28.906    503.3    950.4
     1     1    14     1    15     7     0     0    13.0   58.967   28.647    507.4    949.2
     1     1    14     1    15     8     0     0    14.0   58.917   28.368    506.5    948.9
     1     1    14     1    15     9     0     0    15.0   58.874   28.067    500.7    949.2
     1     1    14     1    15    10     0     0    16.0   58.837   27.745    490.1    950.1
     1     1    14     1    15    11     0     0    17.0   58.808   27.404    475.0    951.4
     1     1    14     1    15    12     0     0    18.0   58.786   27.045    455.7    953.1
     1     1    14     1    15    13     0     0    19.0   58.763   26.668    435.0    955.6
     1     1    14     1    15    14     0     0    20.0   58.729   26.267    414.9    957.6
     1     1    14     1    15    15     0     0    21.0   58.682   25.845    395.5    959.6
     1     1    14     1    15    16     0     0    22.0   58.621   25.403    376.5    961.3
     1     1    14     1    15    17     0     0    23.0   58.542   24.943    358.1    962.6
     1     1    14     1    15    18     0     0    24.0   58.445   24.473    341.0    965.0
     1     1    14     1    15    19     0     0    25.0   58.332   24.008    326.8    966.7
     1     1    14     1    15    20     0     0    26.0   58.210   23.558    317.1    967.8
     1     1    14     1    15    21     0     0    27.0   58.079   23.120    311.9    968.2
     1     1    14     1    15    22     0     0    28.0   57.941   22.693    310.9    968.0
     1     1    14     1    15    23     0     0    29.0   57.800   22.276    314.4    967.7
     1     1    14     1    16     0     0     0    30.0   57.661   21.866    322.4    967.5
     1     1    14     1    16     1     0     0    31.0   57.526   21.458    331.8    966.8
     1     1    14     1    16     2     0     0    32.0   57.394   21.048    339.6    967.0
     1     1    14     1    16     3     0     0    33.0   57.270   20.634    346.4    967.5
     1     1    14     1    16     4     0     0    34.0   57.155   20.209    352.4    967.9
     1     1    14     1    16     5     0     0    35.0   57.055   19.766    358.3    968.1
     1     1    14     1    16     6     0     0    36.0   56.974   19.294    364.8    968.0
     1     1    14     1    16     7     0     0    37.0   56.918   18.797    373.4    967.8
     1     1    14     1    16     8     0     0    38.0   56.890   18.284    384.7    967.3
     1     1    14     1    16     9     0     0    39.0   56.890   17.748    398.5    966.1
     1     1    14     1    16    10     0     0    40.0   56.917   17.184    414.5    964.0
     1     1    14     1    16    11     0     0    41.0   56.973   16.590    432.2    961.4
     1     1    14     1    16    12     0     0    42.0   57.055   15.959    451.7    958.8
     1     1    14     1    16    13     0     0    43.0   57.159   15.272    475.4    955.7
     1     1    14     1    16    14     0     0    44.0   57.283   14.516    506.2    951.3
     1     1    14     1    16    15     0     0    45.0   57.432   13.696    545.3    945.7
     1     1    14     1    16    16     0     0    46.0   57.615   12.817    592.6    936.4
     1     1    14     1    16    17     0     0    47.0   57.849   11.910    645.3    922.9
     1     1    14     1    16    18     0     0    48.0   58.144   11.029    699.6    906.5
