     1     1
    CDC1    14     1     1     0     0
     1 FORWARD  OMEGA   
    14     1     1     0   60.000   30.000   500.0
     1 PRESSURE
     1     1    14     1     1     0     0     0     0.0   60.000   30.000    500.0    958.0
     1     1    14     1     1     1     0     0     1.0   60.141   30.793    496.6    956.9
     1     1    14     1     1     2     0     0     2.0   60.271   31.579    499.3    954.8
     1     1    14     1     1     3     0     0     3.0   60.391   32.365    507.6    952.3
     1     1    14     1     1     4     0     0     4.0   60.498   33.157    520.7    948.3
     1     1    14     1     1     5     0     0     5.0   60.592   33.960    538.1    943.9
     1     1    14     1     1     6     0     0     6.0   60.675   34.774    559.6    939.4
     1     1    14     1     1     7     0     0     7.0   60.738   35.582    584.5    935.3
     1     1    14     1     1     8     0     0     8.0   60.771   36.369    612.0    931.4
     1     1    14     1     1     9     0     0     9.0   60.776   37.138    642.0    927.1
     1     1    14     1     1    10     0     0    10.0   60.756   37.886    674.7    922.5
     1     1    14     1     1    11     0     0    11.0   60.714   38.608    709.7    917.9
     1     1    14     1     1    12     0     0    12.0   60.654   39.310    747.0    912.9
     1     1    14     1     1    13     0     0    13.0   60.583   39.984    784.5    908.1
     1     1    14     1     1    14     0     0    14.0   60.504   40.623    819.8    904.0
     1     1    14     1     1    15     0     0    15.0   60.420   41.238    853.5    900.1
     1     1    14     1     1    16     0     0    16.0   60.332   41.837    886.8    896.4
     1     1    14     1     1    17     0     0    17.0   60.240   42.428    920.7    892.7
     1     1    14     1     1    18     0     0    18.0   60.145   43.020    956.1    888.1
     1     1    14     1     1    19     0     0    19.0   60.044   43.590    990.2    883.3
     1     1    14     1     1    20     0     0    20.0   59.930   44.110   1019.5    879.7
     1     1    14     1     1    21     0     0    21.0   59.803   44.577   1042.7    876.9
     1     1    14     1     1    22     0     0    22.0   59.662   44.995   1058.9    875.0
     1     1    14     1     1    23     0     0    23.0   59.507   45.372   1068.2    874.0
     1     1    14     1     2     0     0     0    24.0   59.338   45.715   1070.8    873.8
     1     1    14     1     2     1     0     0    25.0   59.163   46.043   1071.5    874.5
     1     1    14     1     2     2     0     0    26.0   58.987   46.364   1074.8    874.4
     1     1    14     1     2     3     0     0    27.0   58.805   46.675   1080.7    874.0
     1     1    14     1     2     4     0     0    28.0   58.611   46.973   1089.5    873.2
     1     1    14     1     2     5     0     0    29.0   58.403   47.254   1101.2    872.1
     1     1    14     1     2     6     0     0    30.0   58.174   47.518   1116.4    870.7
     1     1    14     1     2     7     0     0    31.0   57.934   47.774   1131.4    869.1
     1     1    14     1     2     8     0     0    32.0   57.692   48.030   1143.3    868.3
     1     1    14     1     2     9     0     0    33.0   57.446   48.282   1151.1    868.0
     1     1    14     1     2    10     0     0    34.0   57.200   48.526   1153.9    868.5
     1     1    14     1     2    11     0     0    35.0   56.953   48.763   1151.2    869.7
     1     1    14     1     2    12     0     0    36.0   56.706   48.992   1143.4    871.6
     1     1    14     1     2    13     0     0    37.0   56.461   49.204   1134.7    873.9
     1     1    14     1     2    14     0     0    38.0   56.223   49.386   1129.7    875.2
     1     1    14     1     2    15     0     0    39.0   55.988   49.537   1128.1    876.2
     1     1    14     1     2    16     0     0    40.0   55.755   49.655   1129.7    876.6
     1     1    14     1     2    17     0     0    41.0   55.523   49.737   1134.5    876.7
     1     1    14     1     2    18     0     0    42.0   55.293   49.780   1142.7    876.2
     1     1    14     1     2    19     0     0    43.0   55.064   49.809   1150.0    875.6
     1     1    14     1     2    20     0     0    44.0   54.839   49.851   1153.2    876.3
     1     1    14     1     2    21     0     0    45.0   54.622   49.909   1152.2    877.8
     1     1    14     1     2    22     0     0    46.0   54.411   49.981   1147.6    879.6
     1     1    14     1     2    23     0     0    47.0   54.205   50.063   1140.0    881.6
     1     1    14     1     3     0     0     0    48.0   54.002   50.154   1130.3    883.6
