     1     1
    CDC1    14     1     1     0     0
     1 FORWARD  OMEGA   
    14     1     6    18   60.000   30.000   500.0
     1 PRESSURE
     1     1    14     1     6    18     0     0     0.0   60.000   30.000    500.0    951.7
     1     1    14     1     6    19     0     0     1.0   60.134   29.854    484.3    952.8
     1     1    14     1     6    20     0     0     2.0   60.300   29.778    473.3    952.8
     1     1    14     1     6    21     0     0     3.0   60.497   29.768    466.7    952.3
     1     1    14     1     6    22     0     0     4.0   60.726   29.821    463.9    951.1
     1     1    14     1     6    23     0     0     5.0   60.985   29.936    464.2    949.2
     1     1    14     1     7     0     0     0     6.0   61.277   30.111    466.6    946.6
     1     1    14     1     7     1     0     0     7.0   61.588   30.343    469.9    943.4
     1     1    14     1     7     2     0     0     8.0   61.906   30.628    473.6    940.4
     1     1    14     1     7     3     0     0     9.0   62.231   30.966    478.2    937.3
     1     1    14     1     7     4     0     0    10.0   62.562   31.356    484.4    934.7
     1     1    14     1     7     5     0     0    11.0   62.896   31.772    493.2    933.8
     1     1    14     1     7     6     0     0    12.0   63.233   32.193    504.8    932.3
     1     1    14     1     7     7     0     0    13.0   63.571   32.602    520.3    930.4
     1     1    14     1     7     8     0     0    14.0   63.903   32.991    540.2    928.3
     1     1    14     1     7     9     0     0    15.0   64.230   33.361    565.1    925.4
     1     1    14     1     7    10     0     0    16.0   64.554   33.715    596.1    921.7
     1     1    14     1     7    11     0     0    17.0   64.875   34.054    634.6    917.0
     1     1    14     1     7    12     0     0    18.0   65.190   34.364    680.7    910.1
     1     1    14     1     7    13     0     0    19.0   65.491   34.616    730.9    902.5
     1     1    14     1     7    14     0     0    20.0   65.776   34.796    781.3    895.6
     1     1    14     1     7    15     0     0    21.0   66.048   34.911    831.4    888.9
     1     1    14     1     7    16     0     0    22.0   66.310   34.967    880.6    882.5
     1     1    14     1     7    17     0     0    23.0   66.563   34.967    928.2    876.5
     1     1    14     1     7    18     0     0    24.0   66.808   34.917    973.4    870.0
     1     1    14     1     7    19     0     0    25.0   67.043   34.836   1016.0    864.0
     1     1    14     1     7    20     0     0    26.0   67.263   34.746   1056.5    858.4
     1     1    14     1     7    21     0     0    27.0   67.469   34.650   1095.2    853.0
     1     1    14     1     7    22     0     0    28.0   67.662   34.544   1132.1    849.0
     1     1    14     1     7    23     0     0    29.0   67.842   34.424   1166.1    845.6
     1     1    14     1     8     0     0     0    30.0   68.010   34.291   1197.3    842.6
     1     1    14     1     8     1     0     0    31.0   68.168   34.115   1226.3    839.9
     1     1    14     1     8     2     0     0    32.0   68.321   33.867   1253.5    837.3
     1     1    14     1     8     3     0     0    33.0   68.467   33.547   1279.3    834.9
     1     1    14     1     8     4     0     0    34.0   68.609   33.159   1304.5    832.3
     1     1    14     1     8     5     0     0    35.0   68.745   32.706   1329.6    829.6
     1     1    14     1     8     6     0     0    36.0   68.877   32.190   1355.3    826.6
     1     1    14     1     8     7     0     0    37.0   69.003   31.644   1382.7    823.6
     1     1    14     1     8     8     0     0    38.0   69.123   31.100   1414.2    820.0
     1     1    14     1     8     9     0     0    39.0   69.239   30.561   1448.7    816.1
     1     1    14     1     8    10     0     0    40.0   69.352   30.027   1486.0    812.0
     1     1    14     1     8    11     0     0    41.0   69.460   29.502   1524.8    807.3
     1     1    14     1     8    12     0     0    42.0   69.561   28.986   1564.7    802.6
     1     1    14     1     8    13     0     0    43.0   69.658   28.457   1604.6    798.0
     1     1    14     1     8    14     0     0    44.0   69.755   27.893   1641.1    793.9
     1     1    14     1     8    15     0     0    45.0   69.851   27.292   1675.2    790.0
     1     1    14     1     8    16     0     0    46.0   69.944   26.656   1706.4    786.0
     1     1    14     1     8    17     0     0    47.0   70.032   25.988   1734.8    782.3
     1     1    14     1     8    18     0     0    48.0   70.115   25.293   1760.7    779.0
