     1     1
    CDC1    14     1     1     0     0
     1 FORWARD  OMEGA   
    14     1    10     6   60.000   30.000   500.0
     1 PRESSURE
     1     1    14     1    10     6     0     0     0.0   60.000   30.000    500.0    928.8
     1     1    14     1    10     7     0     0     1.0   60.218   29.714    550.1    920.5
     1     1    14     1    10     8     0     0     2.0   60.380   29.367    599.3    912.8
     1     1    14     1    10     9     0     0     3.0   60.482   28.964    646.2    905.6
     1     1    14     1    10    10     0     0     4.0   60.522   28.518    689.2    898.8
     1     1    14     1    10    11     0     0     5.0   60.500   28.044    726.6    893.0
     1     1    14     1    10    12     0     0     6.0   60.414   27.558    756.9    888.1
     1     1    14     1    10    13     0     0     7.0   60.272   27.104    782.5    885.7
     1     1    14     1    10    14     0     0     8.0   60.088   26.722    806.4    883.1
     1     1    14     1    10    15     0     0     9.0   59.868   26.425    828.6    880.6
     1     1    14     1    10    16     0     0    10.0   59.619   26.227    849.4    878.5
     1     1    14     1    10    17     0     0    11.0   59.343   26.133    869.1    876.5
     1     1    14     1    10    18     0     0    12.0   59.042   26.144    888.1    874.7
     1     1    14     1    10    19     0     0    13.0   58.726   26.255    906.5    873.6
     1     1    14     1    10    20     0     0    14.0   58.406   26.457    921.7    872.9
     1     1    14     1    10    21     0     0    15.0   58.080   26.747    933.6    872.6
     1     1    14     1    10    22     0     0    16.0   57.745   27.124    941.8    872.6
     1     1    14     1    10    23     0     0    17.0   57.399   27.584    945.7    872.7
     1     1    14     1    11     0     0     0    18.0   57.043   28.112    946.2    871.2
     1     1    14     1    11     1     0     0    19.0   56.684   28.709    948.6    869.4
     1     1    14     1    11     2     0     0    20.0   56.323   29.379    954.7    866.2
     1     1    14     1    11     3     0     0    21.0   55.954   30.116    965.8    862.1
     1     1    14     1    11     4     0     0    22.0   55.577   30.908    982.8    856.9
     1     1    14     1    11     5     0     0    23.0   55.192   31.746   1007.0    851.0
     1     1    14     1    11     6     0     0    24.0   54.794   32.617   1037.3    846.3
     1     1    14     1    11     7     0     0    25.0   54.400   33.494   1067.4    844.9
     1     1    14     1    11     8     0     0    26.0   54.021   34.361   1090.9    844.4
     1     1    14     1    11     9     0     0    27.0   53.643   35.210   1109.0    844.2
     1     1    14     1    11    10     0     0    28.0   53.267   36.038   1122.3    844.5
     1     1    14     1    11    11     0     0    29.0   52.889   36.845   1130.5    844.2
     1     1    14     1    11    12     0     0    30.0   52.501   37.639   1133.8    843.2
     1     1    14     1    11    13     0     0    31.0   52.129   38.431   1134.3    844.6
     1     1    14     1    11    14     0     0    32.0   51.795   39.229   1131.4    846.5
     1     1    14     1    11    15     0     0    33.0   51.501   40.038   1126.7    848.7
     1     1    14     1    11    16     0     0    34.0   51.254   40.862   1120.6    850.4
     1     1    14     1    11    17     0     0    35.0   51.061   41.704   1114.0    851.5
     1     1    14     1    11    18     0     0    36.0   50.924   42.563   1106.7    852.3
     1     1    14     1    11    19     0     0    37.0   50.836   43.442   1099.2    855.9
     1     1    14     1    11    20     0     0    38.0   50.787   44.337   1090.4    859.0
     1     1    14     1    11    21     0     0    39.0   50.768   45.243   1080.6    862.0
     1     1    14     1    11    22     0     0    40.0   50.774   46.148   1071.1    865.4
     1     1    14     1    11    23     0     0    41.0   50.801   47.045   1062.8    868.4
     1     1    14     1    12     0     0     0    42.0   50.844   47.929   1055.9    870.6
     1     1    14     1    12     1     0     0    43.0   50.914   48.791   1056.5    872.0
     1     1    14     1    12     2     0     0    44.0   51.027   49.624   1069.2    871.5
     1     1    14     1    12     3     0     0    45.0   51.186   50.425   1093.3    868.8
     1     1    14     1    12     4     0     0    46.0   51.392   51.189   1127.6    863.7
     1     1    14     1    12     5     0     0    47.0   51.649   51.914   1171.8    857.3
     1     1    14     1    12     6     0     0    48.0   51.963   52.597   1225.5    849.1
