     1     1
    CDC1    14     1     1     0     0
     1 FORWARD  OMEGA   
    14     1     2    18   60.000   30.000   500.0
     1 PRESSURE
     1     1    14     1     2    18     0     0     0.0   60.000   30.000    500.0    958.8
     1     1    14     1     2    19     0     0     1.0   60.145   29.914    497.1    957.7
     1     1    14     1     2    20     0     0     2.0   60.285   29.847    493.2    956.8
     1     1    14     1     2    21     0     0     3.0   60.422   29.798    488.4    956.2
     1     1    14     1     2    22     0     0     4.0   60.555   29.766    482.6    955.8
     1     1    14     1     2    23     0     0     5.0   60.686   29.749    476.0    955.5
     1     1    14     1     3     0     0     0     6.0   60.813   29.747    468.7    955.4
     1     1    14     1     3     1     0     0     7.0   60.944   29.745    462.6    955.6
     1     1    14     1     3     2     0     0     8.0   61.085   29.730    459.3    955.1
     1     1    14     1     3     3     0     0     9.0   61.235   29.706    458.9    954.2
     1     1    14     1     3     4     0     0    10.0   61.395   29.672    461.3    952.9
     1     1    14     1     3     5     0     0    11.0   61.564   29.631    466.5    951.2
     1     1    14     1     3     6     0     0    12.0   61.742   29.585    474.3    949.1
     1     1    14     1     3     7     0     0    13.0   61.925   29.543    483.1    946.5
     1     1    14     1     3     8     0     0    14.0   62.109   29.515    491.2    944.2
     1     1    14     1     3     9     0     0    15.0   62.294   29.499    498.3    942.1
     1     1    14     1     3    10     0     0    16.0   62.478   29.496    504.2    940.0
     1     1    14     1     3    11     0     0    17.0   62.662   29.513    509.0    939.6
     1     1    14     1     3    12     0     0    18.0   62.846   29.559    512.4    939.4
     1     1    14     1     3    13     0     0    19.0   63.032   29.630    515.6    939.5
     1     1    14     1     3    14     0     0    20.0   63.223   29.724    519.9    939.3
     1     1    14     1     3    15     0     0    21.0   63.418   29.846    525.1    938.9
     1     1    14     1     3    16     0     0    22.0   63.615   29.999    530.8    938.4
     1     1    14     1     3    17     0     0    23.0   63.816   30.187    537.2    938.0
     1     1    14     1     3    18     0     0    24.0   64.019   30.415    544.0    937.4
     1     1    14     1     3    19     0     0    25.0   64.224   30.691    550.7    936.7
     1     1    14     1     3    20     0     0    26.0   64.429   31.020    556.7    935.9
     1     1    14     1     3    21     0     0    27.0   64.632   31.404    561.2    935.0
     1     1    14     1     3    22     0     0    28.0   64.831   31.844    563.8    934.0
     1     1    14     1     3    23     0     0    29.0   65.023   32.339    563.8    932.7
     1     1    14     1     4     0     0     0    30.0   65.207   32.884    560.7    931.4
     1     1    14     1     4     1     0     0    31.0   65.386   33.462    555.6    931.0
     1     1    14     1     4     2     0     0    32.0   65.561   34.065    549.9    931.0
     1     1    14     1     4     3     0     0    33.0   65.730   34.694    544.3    931.2
     1     1    14     1     4     4     0     0    34.0   65.895   35.345    539.5    932.0
     1     1    14     1     4     5     0     0    35.0   66.056   36.011    536.2    933.0
     1     1    14     1     4     6     0     0    36.0   66.213   36.689    534.8    933.8
     1     1    14     1     4     7     0     0    37.0   66.359   37.375    533.3    934.4
     1     1    14     1     4     8     0     0    38.0   66.492   38.057    529.6    936.0
     1     1    14     1     4     9     0     0    39.0   66.614   38.728    524.0    938.1
     1     1    14     1     4    10     0     0    40.0   66.726   39.386    517.0    940.4
     1     1    14     1     4    11     0     0    41.0   66.830   40.031    509.1    942.9
     1     1    14     1     4    12     0     0    42.0   66.929   40.663    501.1    944.8
     1     1    14     1     4    13     0     0    43.0   67.034   41.273    494.8    946.4
     1     1    14     1     4    14     0     0    44.0   67.154   41.851    491.6    947.7
     1     1    14     1     4    15     0     0    45.0   67.288   42.399    491.2    948.7
     1     1    14     1     4    16     0     0    46.0   67.436   42.922    493.0    948.8
     1     1    14     1     4    17     0     0    47.0   67.599   43.418    497.1    948.2
     1     1    14     1     4    18     0     0    48.0   67.778   43.881    503.0    947.2
