     1     1
    CDC1    14     1     1     0     0
     1 FORWARD  OMEGA   
    14     1    26     0   60.000   30.000   500.0
     1 PRESSURE
     1     1    14     1    26     0     0     0     0.0   60.000   30.000    500.0    965.4
     1     1    14     1    26     1     0     0     1.0   59.929   30.161    492.9    965.8
     1     1    14     1    26     2     0     0     2.0   59.851   30.314    484.6    966.4
     1     1    14     1    26     3     0     0     3.0   59.767   30.459    475.1    967.1
     1     1    14     1    26     4     0     0     4.0   59.678   30.595    464.3    968.0
     1     1    14     1    26     5     0     0     5.0   59.586   30.723    452.1    969.0
     1     1    14     1    26     6     0     0     6.0   59.492   30.843    438.5    970.2
     1     1    14     1    26     7     0     0     7.0   59.399   30.959    423.8    971.8
     1     1    14     1    26     8     0     0     8.0   59.313   31.076    408.3    973.5
     1     1    14     1    26     9     0     0     9.0   59.234   31.194    392.1    975.3
     1     1    14     1    26    10     0     0    10.0   59.162   31.313    375.2    977.0
     1     1    14     1    26    11     0     0    11.0   59.097   31.434    357.7    978.6
     1     1    14     1    26    12     0     0    12.0   59.039   31.557    339.7    980.3
     1     1    14     1    26    13     0     0    13.0   58.985   31.681    320.9    981.6
     1     1    14     1    26    14     0     0    14.0   58.933   31.808    301.3    983.2
     1     1    14     1    26    15     0     0    15.0   58.881   31.941    280.8    984.9
     1     1    14     1    26    16     0     0    16.0   58.829   32.085    259.5    986.8
     1     1    14     1    26    17     0     0    17.0   58.777   32.244    237.4    988.8
     1     1    14     1    26    18     0     0    18.0   58.723   32.424    214.4    991.0
     1     1    14     1    26    19     0     0    19.0   58.674   32.613    192.3    993.5
     1     1    14     1    26    20     0     0    20.0   58.635   32.791    172.6    995.0
     1     1    14     1    26    21     0     0    21.0   58.608   32.957    155.6    996.4
     1     1    14     1    26    22     0     0    22.0   58.590   33.112    141.3    997.5
     1     1    14     1    26    23     0     0    23.0   58.584   33.259    129.5    998.6
     1     1    14     1    27     0     0     0    24.0   58.587   33.397    119.9    999.4
     1     1    14     1    27     1     0     0    25.0   58.593   33.519    111.3    999.7
     1     1    14     1    27     2     0     0    26.0   58.595   33.614    102.9   1000.3
     1     1    14     1    27     3     0     0    27.0   58.596   33.682     94.6   1001.1
     1     1    14     1    27     4     0     0    28.0   58.595   33.723     86.4   1002.0
     1     1    14     1    27     5     0     0    29.0   58.592   33.738     78.3   1003.1
     1     1    14     1    27     6     0     0    30.0   58.589   33.726     70.5   1004.0
     1     1    14     1    27     7     0     0    31.0   58.588   33.692     62.6   1005.0
     1     1    14     1    27     8     0     0    32.0   58.589   33.644     54.7   1006.3
     1     1    14     1    27     9     0     0    33.0   58.593   33.583     46.9   1007.6
     1     1    14     1    27    10     0     0    34.0   58.599   33.510     39.4   1009.0
     1     1    14     1    27    11     0     0    35.0   58.606   33.429     32.4   1010.5
     1     1    14     1    27    12     0     0    36.0   58.613   33.342     26.2   1012.0
     1     1    14     1    27    13     0     0    37.0   58.621   33.244     20.9   1013.5
     1     1    14     1    27    14     0     0    38.0   58.630   33.128     16.6   1015.0
     1     1    14     1    27    15     0     0    39.0   58.639   32.994     13.3   1016.5
     1     1    14     1    27    16     0     0    40.0   58.647   32.843     10.8   1017.9
     1     1    14     1    27    17     0     0    41.0   58.654   32.673      8.9   1019.0
     1     1    14     1    27    18     0     0    42.0   58.660   32.483      7.3   1020.0
     1     1    14     1    27    19     0     0    43.0   58.667   32.274      5.9   1021.1
     1     1    14     1    27    20     0     0    44.0   58.678   32.047      4.6   1022.3
     1     1    14     1    27    21     0     0    45.0   58.693   31.801      3.5   1023.5
     1     1    14     1    27    22     0     0    46.0   58.714   31.538      2.5   1024.7
     1     1    14     1    27    23     0     0    47.0   58.739   31.257      1.5   1025.9
     1     1    14     1    28     0     0     0    48.0   58.771   30.959      0.7   1027.1
