     1     1
    CDC1    14     1     1     0     0
     1 FORWARD  OMEGA   
    14     1    21     0   60.000   30.000   500.0
     1 PRESSURE
     1     1    14     1    21     0     0     0     0.0   60.000   30.000    500.0    968.1
     1     1    14     1    21     1     0     0     1.0   60.031   30.266    501.3    967.0
     1     1    14     1    21     2     0     0     2.0   60.049   30.559    503.1    965.8
     1     1    14     1    21     3     0     0     3.0   60.055   30.879    505.5    964.7
     1     1    14     1    21     4     0     0     4.0   60.053   31.227    508.6    963.6
     1     1    14     1    21     5     0     0     5.0   60.043   31.606    512.6    962.6
     1     1    14     1    21     6     0     0     6.0   60.030   32.017    517.7    961.4
     1     1    14     1    21     7     0     0     7.0   60.011   32.442    523.7    960.0
     1     1    14     1    21     8     0     0     8.0   59.984   32.856    530.2    957.4
     1     1    14     1    21     9     0     0     9.0   59.949   33.255    537.1    954.6
     1     1    14     1    21    10     0     0    10.0   59.908   33.639    544.2    951.9
     1     1    14     1    21    11     0     0    11.0   59.861   34.009    551.4    949.3
     1     1    14     1    21    12     0     0    12.0   59.810   34.366    558.7    946.8
     1     1    14     1    21    13     0     0    13.0   59.760   34.713    565.9    944.3
     1     1    14     1    21    14     0     0    14.0   59.715   35.051    572.7    942.0
     1     1    14     1    21    15     0     0    15.0   59.675   35.378    579.0    940.1
     1     1    14     1    21    16     0     0    16.0   59.641   35.693    584.6    938.5
     1     1    14     1    21    17     0     0    17.0   59.614   35.993    589.4    936.9
     1     1    14     1    21    18     0     0    18.0   59.594   36.280    593.5    935.6
     1     1    14     1    21    19     0     0    19.0   59.581   36.544    598.2    934.7
     1     1    14     1    21    20     0     0    20.0   59.576   36.780    604.8    933.5
     1     1    14     1    21    21     0     0    21.0   59.577   36.987    613.0    932.2
     1     1    14     1    21    22     0     0    22.0   59.585   37.163    622.8    930.8
     1     1    14     1    21    23     0     0    23.0   59.599   37.308    634.0    929.3
     1     1    14     1    22     0     0     0    24.0   59.621   37.421    646.3    927.5
     1     1    14     1    22     1     0     0    25.0   59.649   37.497    657.2    925.6
     1     1    14     1    22     2     0     0    26.0   59.682   37.530    664.3    924.7
     1     1    14     1    22     3     0     0    27.0   59.720   37.519    667.6    924.4
     1     1    14     1    22     4     0     0    28.0   59.763   37.462    667.0    924.6
     1     1    14     1    22     5     0     0    29.0   59.810   37.357    662.9    925.4
     1     1    14     1    22     6     0     0    30.0   59.862   37.204    655.1    926.7
     1     1    14     1    22     7     0     0    31.0   59.912   37.027    646.0    929.0
     1     1    14     1    22     8     0     0    32.0   59.956   36.855    637.9    930.9
     1     1    14     1    22     9     0     0    33.0   59.994   36.688    630.8    932.6
     1     1    14     1    22    10     0     0    34.0   60.025   36.529    624.7    934.1
     1     1    14     1    22    11     0     0    35.0   60.051   36.379    619.7    935.4
     1     1    14     1    22    12     0     0    36.0   60.070   36.239    615.8    936.5
     1     1    14     1    22    13     0     0    37.0   60.084   36.104    612.8    937.1
     1     1    14     1    22    14     0     0    38.0   60.093   35.970    610.2    937.7
     1     1    14     1    22    15     0     0    39.0   60.098   35.836    608.0    938.2
     1     1    14     1    22    16     0     0    40.0   60.100   35.702    606.1    938.7
     1     1    14     1    22    17     0     0    41.0   60.101   35.568    604.5    939.2
     1     1    14     1    22    18     0     0    42.0   60.100   35.434    603.0    939.6
     1     1    14     1    22    19     0     0    43.0   60.091   35.304    601.9    940.1
     1     1    14     1    22    20     0     0    44.0   60.066   35.183    601.0    940.6
     1     1    14     1    22    21     0     0    45.0   60.026   35.070    600.4    941.0
     1     1    14     1    22    22     0     0    46.0   59.971   34.964    600.1    941.3
     1     1    14     1    22    23     0     0    47.0   59.901   34.863    599.9    941.2
     1     1    14     1    23     0     0     0    48.0   59.818   34.765    599.9    941.1
