     1     1
    CDC1    14     1     1     0     0
     1 FORWARD  OMEGA   
    14     1     6    12   60.000   30.000   500.0
     1 PRESSURE
     1     1    14     1     6    12     0     0     0.0   60.000   30.000    500.0    951.9
     1     1    14     1     6    13     0     0     1.0   60.127   29.881    504.6    950.1
     1     1    14     1     6    14     0     0     2.0   60.256   29.773    505.3    949.0
     1     1    14     1     6    15     0     0     3.0   60.389   29.674    502.5    948.3
     1     1    14     1     6    16     0     0     4.0   60.526   29.583    496.7    947.9
     1     1    14     1     6    17     0     0     5.0   60.668   29.497    488.1    947.9
     1     1    14     1     6    18     0     0     6.0   60.814   29.416    477.2    948.2
     1     1    14     1     6    19     0     0     7.0   60.979   29.366    467.2    948.6
     1     1    14     1     6    20     0     0     8.0   61.174   29.374    460.7    948.1
     1     1    14     1     6    21     0     0     9.0   61.398   29.439    457.4    947.0
     1     1    14     1     6    22     0     0    10.0   61.651   29.560    456.5    945.3
     1     1    14     1     6    23     0     0    11.0   61.935   29.737    457.1    942.9
     1     1    14     1     7     0     0     0    12.0   62.249   29.969    458.4    940.0
     1     1    14     1     7     1     0     0    13.0   62.580   30.251    460.4    937.8
     1     1    14     1     7     2     0     0    14.0   62.909   30.559    463.6    938.1
     1     1    14     1     7     3     0     0    15.0   63.235   30.877    468.3    937.8
     1     1    14     1     7     4     0     0    16.0   63.561   31.201    475.0    937.0
     1     1    14     1     7     5     0     0    17.0   63.892   31.525    484.3    935.7
     1     1    14     1     7     6     0     0    18.0   64.230   31.844    496.5    933.7
     1     1    14     1     7     7     0     0    19.0   64.573   32.149    513.1    931.4
     1     1    14     1     7     8     0     0    20.0   64.916   32.440    535.3    928.3
     1     1    14     1     7     9     0     0    21.0   65.257   32.702    563.8    923.9
     1     1    14     1     7    10     0     0    22.0   65.596   32.922    599.3    918.6
     1     1    14     1     7    11     0     0    23.0   65.932   33.097    642.5    912.4
     1     1    14     1     7    12     0     0    24.0   66.260   33.230    694.1    904.8
     1     1    14     1     7    13     0     0    25.0   66.573   33.310    749.7    896.1
     1     1    14     1     7    14     0     0    26.0   66.870   33.326    804.7    888.3
     1     1    14     1     7    15     0     0    27.0   67.152   33.284    858.2    880.8
     1     1    14     1     7    16     0     0    28.0   67.424   33.190    909.6    873.5
     1     1    14     1     7    17     0     0    29.0   67.687   33.040    957.5    867.6
     1     1    14     1     7    18     0     0    30.0   67.945   32.827   1000.1    862.6
     1     1    14     1     7    19     0     0    31.0   68.194   32.562   1038.5    859.0
     1     1    14     1     7    20     0     0    32.0   68.430   32.267   1072.9    855.8
     1     1    14     1     7    21     0     0    33.0   68.653   31.945   1104.0    852.9
     1     1    14     1     7    22     0     0    34.0   68.863   31.600   1132.0    850.3
     1     1    14     1     7    23     0     0    35.0   69.059   31.233   1157.3    847.8
     1     1    14     1     8     0     0     0    36.0   69.242   30.850   1180.3    845.4
     1     1    14     1     8     1     0     0    37.0   69.414   30.416   1202.2    843.2
     1     1    14     1     8     2     0     0    38.0   69.579   29.899   1223.8    840.7
     1     1    14     1     8     3     0     0    39.0   69.736   29.300   1245.1    837.7
     1     1    14     1     8     4     0     0    40.0   69.882   28.621   1266.0    834.6
     1     1    14     1     8     5     0     0    41.0   70.018   27.864   1286.7    831.4
     1     1    14     1     8     6     0     0    42.0   70.141   27.031   1307.3    828.6
     1     1    14     1     8     7     0     0    43.0   70.248   26.161   1327.5    825.7
     1     1    14     1     8     8     0     0    44.0   70.342   25.289   1346.9    823.0
     1     1    14     1     8     9     0     0    45.0   70.423   24.414   1364.2    820.5
     1     1    14     1     8    10     0     0    46.0   70.491   23.534   1378.4    818.2
     1     1    14     1     8    11     0     0    47.0   70.545   22.650   1389.0    816.0
     1     1    14     1     8    12     0     0    48.0   70.583   21.759   1395.8    815.1
