     1     1
    CDC1    14     1     1     0     0
     1 FORWARD  OMEGA   
    14     1     2     0   60.000   30.000   500.0
     1 PRESSURE
     1     1    14     1     2     0     0     0     0.0   60.000   30.000    500.0    960.2
     1     1    14     1     2     1     0     0     1.0   60.131   30.152    498.7    959.5
     1     1    14     1     2     2     0     0     2.0   60.259   30.276    500.5    958.3
     1     1    14     1     2     3     0     0     3.0   60.386   30.372    505.6    956.7
     1     1    14     1     2     4     0     0     4.0   60.514   30.440    514.4    954.7
     1     1    14     1     2     5     0     0     5.0   60.647   30.479    527.1    952.2
     1     1    14     1     2     6     0     0     6.0   60.786   30.490    544.2    949.3
     1     1    14     1     2     7     0     0     7.0   60.929   30.483    562.7    945.9
     1     1    14     1     2     8     0     0     8.0   61.075   30.471    579.5    943.0
     1     1    14     1     2     9     0     0     9.0   61.225   30.455    594.2    940.4
     1     1    14     1     2    10     0     0    10.0   61.378   30.435    606.6    938.1
     1     1    14     1     2    11     0     0    11.0   61.536   30.412    616.3    936.2
     1     1    14     1     2    12     0     0    12.0   61.699   30.389    623.1    934.5
     1     1    14     1     2    13     0     0    13.0   61.867   30.368    628.5    932.9
     1     1    14     1     2    14     0     0    14.0   62.043   30.356    634.8    930.8
     1     1    14     1     2    15     0     0    15.0   62.224   30.355    642.0    928.5
     1     1    14     1     2    16     0     0    16.0   62.413   30.367    650.3    926.1
     1     1    14     1     2    17     0     0    17.0   62.610   30.400    659.8    924.4
     1     1    14     1     2    18     0     0    18.0   62.820   30.463    669.9    923.4
     1     1    14     1     2    19     0     0    19.0   63.041   30.560    678.8    922.5
     1     1    14     1     2    20     0     0    20.0   63.271   30.691    686.5    921.8
     1     1    14     1     2    21     0     0    21.0   63.512   30.857    693.2    921.3
     1     1    14     1     2    22     0     0    22.0   63.765   31.059    699.7    920.8
     1     1    14     1     2    23     0     0    23.0   64.032   31.299    706.7    920.2
     1     1    14     1     3     0     0     0    24.0   64.315   31.579    715.3    919.3
     1     1    14     1     3     1     0     0    25.0   64.610   31.899    725.7    918.0
     1     1    14     1     3     2     0     0    26.0   64.909   32.258    737.4    916.1
     1     1    14     1     3     3     0     0    27.0   65.209   32.662    749.3    913.1
     1     1    14     1     3     4     0     0    28.0   65.507   33.115    760.9    910.1
     1     1    14     1     3     5     0     0    29.0   65.803   33.617    771.5    907.4
     1     1    14     1     3     6     0     0    30.0   66.096   34.171    780.5    905.1
     1     1    14     1     3     7     0     0    31.0   66.385   34.776    788.2    903.6
     1     1    14     1     3     8     0     0    32.0   66.669   35.428    794.0    903.2
     1     1    14     1     3     9     0     0    33.0   66.948   36.122    798.1    903.4
     1     1    14     1     3    10     0     0    34.0   67.220   36.857    800.4    903.9
     1     1    14     1     3    11     0     0    35.0   67.482   37.628    800.8    904.8
     1     1    14     1     3    12     0     0    36.0   67.735   38.404    799.6    907.6
     1     1    14     1     3    13     0     0    37.0   67.989   39.146    796.3    910.3
     1     1    14     1     3    14     0     0    38.0   68.250   39.838    791.5    912.8
     1     1    14     1     3    15     0     0    39.0   68.519   40.481    785.9    914.5
     1     1    14     1     3    16     0     0    40.0   68.795   41.071    780.2    916.0
     1     1    14     1     3    17     0     0    41.0   69.079   41.605    775.0    917.4
     1     1    14     1     3    18     0     0    42.0   69.368   42.078    770.6    918.6
     1     1    14     1     3    19     0     0    43.0   69.657   42.475    765.1    919.6
     1     1    14     1     3    20     0     0    44.0   69.941   42.787    756.9    920.8
     1     1    14     1     3    21     0     0    45.0   70.217   42.999    745.8    921.9
     1     1    14     1     3    22     0     0    46.0   70.484   43.095    731.6    923.2
     1     1    14     1     3    23     0     0    47.0   70.744   43.074    714.1    924.8
     1     1    14     1     4     0     0     0    48.0   70.999   42.933    692.9    926.8
