     1     1
    CDC1    14     1     1     0     0
     1 FORWARD  OMEGA   
    14     1    24     0   60.000   30.000   500.0
     1 PRESSURE
     1     1    14     1    24     0     0     0     0.0   60.000   30.000    500.0    968.7
     1     1    14     1    24     1     0     0     1.0   59.949   29.898    490.9    969.5
     1     1    14     1    24     2     0     0     2.0   59.893   29.804    480.6    970.5
     1     1    14     1    24     3     0     0     3.0   59.832   29.717    469.0    971.7
     1     1    14     1    24     4     0     0     4.0   59.767   29.636    456.0    973.1
     1     1    14     1    24     5     0     0     5.0   59.697   29.559    441.6    974.7
     1     1    14     1    24     6     0     0     6.0   59.623   29.484    425.9    976.5
     1     1    14     1    24     7     0     0     7.0   59.548   29.429    409.5    978.8
     1     1    14     1    24     8     0     0     8.0   59.475   29.407    393.1    981.1
     1     1    14     1    24     9     0     0     9.0   59.405   29.418    376.7    983.3
     1     1    14     1    24    10     0     0    10.0   59.336   29.459    360.4    985.2
     1     1    14     1    24    11     0     0    11.0   59.269   29.527    344.1    987.3
     1     1    14     1    24    12     0     0    12.0   59.205   29.623    327.8    989.4
     1     1    14     1    24    13     0     0    13.0   59.134   29.739    312.8    991.2
     1     1    14     1    24    14     0     0    14.0   59.050   29.866    300.6    992.4
     1     1    14     1    24    15     0     0    15.0   58.952   30.002    291.0    993.3
     1     1    14     1    24    16     0     0    16.0   58.839   30.146    283.8    993.4
     1     1    14     1    24    17     0     0    17.0   58.714   30.296    279.1    993.1
     1     1    14     1    24    18     0     0    18.0   58.574   30.451    276.7    992.4
     1     1    14     1    24    19     0     0    19.0   58.432   30.604    276.3    991.4
     1     1    14     1    24    20     0     0    20.0   58.303   30.755    277.6    990.2
     1     1    14     1    24    21     0     0    21.0   58.186   30.906    280.8    988.8
     1     1    14     1    24    22     0     0    22.0   58.082   31.058    285.7    987.2
     1     1    14     1    24    23     0     0    23.0   57.991   31.215    292.6    985.4
     1     1    14     1    25     0     0     0    24.0   57.913   31.378    301.5    983.4
     1     1    14     1    25     1     0     0    25.0   57.833   31.555    310.7    980.9
     1     1    14     1    25     2     0     0    26.0   57.739   31.748    318.2    978.7
     1     1    14     1    25     3     0     0    27.0   57.629   31.960    324.1    976.5
     1     1    14     1    25     4     0     0    28.0   57.505   32.192    328.2    974.3
     1     1    14     1    25     5     0     0    29.0   57.366   32.443    330.5    972.0
     1     1    14     1    25     6     0     0    30.0   57.213   32.709    330.6    970.1
     1     1    14     1    25     7     0     0    31.0   57.053   32.962    328.9    968.5
     1     1    14     1    25     8     0     0    32.0   56.896   33.180    325.7    967.4
     1     1    14     1    25     9     0     0    33.0   56.741   33.367    321.1    966.7
     1     1    14     1    25    10     0     0    34.0   56.592   33.529    315.2    966.4
     1     1    14     1    25    11     0     0    35.0   56.449   33.672    308.2    966.4
     1     1    14     1    25    12     0     0    36.0   56.315   33.798    300.1    966.7
     1     1    14     1    25    13     0     0    37.0   56.181   33.924    292.4    967.4
     1     1    14     1    25    14     0     0    38.0   56.041   34.061    286.3    967.8
     1     1    14     1    25    15     0     0    39.0   55.892   34.212    282.0    968.0
     1     1    14     1    25    16     0     0    40.0   55.733   34.380    279.3    968.2
     1     1    14     1    25    17     0     0    41.0   55.564   34.568    278.2    968.2
     1     1    14     1    25    18     0     0    42.0   55.384   34.779    278.7    968.1
     1     1    14     1    25    19     0     0    43.0   55.200   34.993    279.0    968.0
     1     1    14     1    25    20     0     0    44.0   55.027   35.183    277.1    968.9
     1     1    14     1    25    21     0     0    45.0   54.865   35.341    273.1    969.8
     1     1    14     1    25    22     0     0    46.0   54.715   35.461    266.9    970.9
     1     1    14     1    25    23     0     0    47.0   54.577   35.543    258.6    972.2
     1     1    14     1    26     0     0     0    48.0   54.452   35.587    248.2    973.6
