     1     1
    CDC1    14     1     1     0     0
     1 FORWARD  OMEGA   
    14     1    10     0   60.000   30.000   500.0
     1 PRESSURE
     1     1    14     1    10     0     0     0     0.0   60.000   30.000    500.0    936.3
     1     1    14     1    10     1     0     0     1.0   60.182   30.092    513.8    932.7
     1     1    14     1    10     2     0     0     2.0   60.363   30.092    535.6    927.9
     1     1    14     1    10     3     0     0     3.0   60.546   29.996    566.1    922.3
     1     1    14     1    10     4     0     0     4.0   60.727   29.801    606.3    915.6
     1     1    14     1    10     5     0     0     5.0   60.901   29.510    657.1    907.6
     1     1    14     1    10     6     0     0     6.0   61.060   29.130    718.6    898.2
     1     1    14     1    10     7     0     0     7.0   61.181   28.678    783.9    888.6
     1     1    14     1    10     8     0     0     8.0   61.247   28.173    846.1    880.7
     1     1    14     1    10     9     0     0     9.0   61.261   27.624    903.5    873.9
     1     1    14     1    10    10     0     0    10.0   61.223   27.047    954.8    868.0
     1     1    14     1    10    11     0     0    11.0   61.135   26.463    997.9    862.9
     1     1    14     1    10    12     0     0    12.0   60.994   25.891   1031.6    858.9
     1     1    14     1    10    13     0     0    13.0   60.807   25.370   1058.5    856.4
     1     1    14     1    10    14     0     0    14.0   60.588   24.933   1082.5    853.6
     1     1    14     1    10    15     0     0    15.0   60.341   24.590   1104.2    851.7
     1     1    14     1    10    16     0     0    16.0   60.069   24.348   1123.7    849.8
     1     1    14     1    10    17     0     0    17.0   59.774   24.209   1141.0    848.4
     1     1    14     1    10    18     0     0    18.0   59.457   24.177   1156.3    847.1
     1     1    14     1    10    19     0     0    19.0   59.123   24.242   1171.0    846.0
     1     1    14     1    10    20     0     0    20.0   58.779   24.394   1183.4    844.8
     1     1    14     1    10    21     0     0    21.0   58.422   24.631   1193.3    843.9
     1     1    14     1    10    22     0     0    22.0   58.050   24.950   1199.3    843.5
     1     1    14     1    10    23     0     0    23.0   57.662   25.354   1200.8    844.4
     1     1    14     1    11     0     0     0    24.0   57.261   25.837   1197.5    845.8
     1     1    14     1    11     1     0     0    25.0   56.855   26.398   1193.1    846.6
     1     1    14     1    11     2     0     0    26.0   56.446   27.035   1189.5    846.2
     1     1    14     1    11     3     0     0    27.0   56.030   27.740   1188.1    844.5
     1     1    14     1    11     4     0     0    28.0   55.607   28.505   1191.0    841.3
     1     1    14     1    11     5     0     0    29.0   55.173   29.323   1199.7    836.9
     1     1    14     1    11     6     0     0    30.0   54.724   30.177   1214.8    834.4
     1     1    14     1    11     7     0     0    31.0   54.276   31.052   1229.8    833.1
     1     1    14     1    11     8     0     0    32.0   53.837   31.936   1239.6    832.7
     1     1    14     1    11     9     0     0    33.0   53.397   32.819   1246.2    833.1
     1     1    14     1    11    10     0     0    34.0   52.954   33.690   1251.4    834.3
     1     1    14     1    11    11     0     0    35.0   52.502   34.545   1255.9    834.9
     1     1    14     1    11    12     0     0    36.0   52.047   35.387   1259.5    835.2
     1     1    14     1    11    13     0     0    37.0   51.612   36.217   1259.8    836.6
     1     1    14     1    11    14     0     0    38.0   51.205   37.036   1253.7    839.3
     1     1    14     1    11    15     0     0    39.0   50.830   37.857   1242.8    842.7
     1     1    14     1    11    16     0     0    40.0   50.495   38.688   1227.8    846.6
     1     1    14     1    11    17     0     0    41.0   50.207   39.540   1209.3    851.1
     1     1    14     1    11    18     0     0    42.0   49.970   40.415   1186.8    855.3
     1     1    14     1    11    19     0     0    43.0   49.786   41.315   1162.0    857.7
     1     1    14     1    11    20     0     0    44.0   49.639   42.236   1137.7    859.9
     1     1    14     1    11    21     0     0    45.0   49.518   43.173   1114.5    864.1
     1     1    14     1    11    22     0     0    46.0   49.413   44.116   1092.9    868.9
     1     1    14     1    11    23     0     0    47.0   49.314   45.063   1072.8    873.6
     1     1    14     1    12     0     0     0    48.0   49.218   46.000   1055.3    878.0
