     1     1
    CDC1    14     1     1     0     0
     1 FORWARD  OMEGA   
    14     1    22     6   60.000   30.000   500.0
     1 PRESSURE
     1     1    14     1    22     6     0     0     0.0   60.000   30.000    500.0    961.4
     1     1    14     1    22     7     0     0     1.0   59.941   29.629    491.4    961.7
     1     1    14     1    22     8     0     0     2.0   59.877   29.257    483.1    962.0
     1     1    14     1    22     9     0     0     3.0   59.809   28.886    475.3    962.3
     1     1    14     1    22    10     0     0     4.0   59.737   28.514    467.9    962.5
     1     1    14     1    22    11     0     0     5.0   59.664   28.144    460.8    962.7
     1     1    14     1    22    12     0     0     6.0   59.589   27.775    454.2    962.9
     1     1    14     1    22    13     0     0     7.0   59.518   27.402    446.9    963.2
     1     1    14     1    22    14     0     0     8.0   59.455   27.020    437.6    963.8
     1     1    14     1    22    15     0     0     9.0   59.397   26.627    426.2    964.7
     1     1    14     1    22    16     0     0    10.0   59.342   26.221    412.8    965.8
     1     1    14     1    22    17     0     0    11.0   59.289   25.800    397.2    967.2
     1     1    14     1    22    18     0     0    12.0   59.235   25.362    379.5    968.8
     1     1    14     1    22    19     0     0    13.0   59.178   24.921    360.5    970.6
     1     1    14     1    22    20     0     0    14.0   59.121   24.496    341.4    973.6
     1     1    14     1    22    21     0     0    15.0   59.065   24.089    322.3    976.6
     1     1    14     1    22    22     0     0    16.0   59.013   23.698    303.1    979.4
     1     1    14     1    22    23     0     0    17.0   58.967   23.325    283.8    982.3
     1     1    14     1    23     0     0     0    18.0   58.929   22.970    264.3    985.3
     1     1    14     1    23     1     0     0    19.0   58.894   22.619    245.9    988.4
     1     1    14     1    23     2     0     0    20.0   58.854   22.258    230.4    991.5
     1     1    14     1    23     3     0     0    21.0   58.812   21.881    218.3    994.4
     1     1    14     1    23     4     0     0    22.0   58.772   21.486    210.0    996.8
     1     1    14     1    23     5     0     0    23.0   58.734   21.070    205.5    998.6
     1     1    14     1    23     6     0     0    24.0   58.702   20.630    204.8    999.8
     1     1    14     1    23     7     0     0    25.0   58.676   20.187    206.3   1000.7
     1     1    14     1    23     8     0     0    26.0   58.659   19.765    208.1   1001.3
     1     1    14     1    23     9     0     0    27.0   58.651   19.364    209.9   1001.5
     1     1    14     1    23    10     0     0    28.0   58.652   18.983    211.6   1001.8
     1     1    14     1    23    11     0     0    29.0   58.663   18.623    212.8   1002.1
     1     1    14     1    23    12     0     0    30.0   58.685   18.281    213.3   1002.6
     1     1    14     1    23    13     0     0    31.0   58.720   17.935    213.0   1002.7
     1     1    14     1    23    14     0     0    32.0   58.773   17.562    212.3   1002.8
     1     1    14     1    23    15     0     0    33.0   58.849   17.159    211.1   1000.8
     1     1    14     1    23    16     0     0    34.0   58.954   16.721    209.4    998.1
     1     1    14     1    23    17     0     0    35.0   59.095   16.250    207.4    994.7
     1     1    14     1    23    18     0     0    36.0   59.274   15.748    205.2    990.4
     1     1    14     1    23    19     0     0    37.0   59.485   15.237    202.3    985.6
     1     1    14     1    23    20     0     0    38.0   59.705   14.749    197.8    979.5
     1     1    14     1    23    21     0     0    39.0   59.920   14.307    191.1    972.3
     1     1    14     1    23    22     0     0    40.0   60.120   13.932    181.6    965.8
     1     1    14     1    23    23     0     0    41.0   60.303   13.632    168.8    961.3
     1     1    14     1    24     0     0     0    42.0   60.467   13.404    152.6    958.5
     1     1    14     1    24     1     0     0    43.0   60.617   13.234    134.8    957.1
     1     1    14     1    24     2     0     0    44.0   60.763   13.113    117.0    956.4
     1     1    14     1    24     3     0     0    45.0   60.905   13.037    100.0    956.5
     1     1    14     1    24     4     0     0    46.0   61.042   13.003     84.5    957.1
     1     1    14     1    24     5     0     0    47.0   61.178   13.009     70.8    957.9
     1     1    14     1    24     6     0     0    48.0   61.320   13.058     58.6    958.2
