     1     1
    CDC1    14     1     1     0     0
     1 FORWARD  OMEGA   
    14     1    13     0   60.000   30.000   500.0
     1 PRESSURE
     1     1    14     1    13     0     0     0     0.0   60.000   30.000    500.0    937.9
     1     1    14     1    13     1     0     0     1.0   59.747   29.771    494.5    938.4
     1     1    14     1    13     2     0     0     2.0   59.495   29.576    490.9    938.4
     1     1    14     1    13     3     0     0     3.0   59.240   29.416    488.4    938.2
     1     1    14     1    13     4     0     0     4.0   58.980   29.294    486.0    938.1
     1     1    14     1    13     5     0     0     5.0   58.712   29.212    483.1    937.9
     1     1    14     1    13     6     0     0     6.0   58.435   29.172    479.2    937.8
     1     1    14     1    13     7     0     0     7.0   58.153   29.180    474.4    938.4
     1     1    14     1    13     8     0     0     8.0   57.874   29.238    469.4    939.0
     1     1    14     1    13     9     0     0     9.0   57.599   29.343    465.0    939.6
     1     1    14     1    13    10     0     0    10.0   57.327   29.487    461.4    939.2
     1     1    14     1    13    11     0     0    11.0   57.054   29.661    458.4    938.1
     1     1    14     1    13    12     0     0    12.0   56.780   29.862    455.9    936.9
     1     1    14     1    13    13     0     0    13.0   56.504   30.086    451.8    935.4
     1     1    14     1    13    14     0     0    14.0   56.224   30.330    444.9    934.1
     1     1    14     1    13    15     0     0    15.0   55.939   30.590    434.8    933.2
     1     1    14     1    13    16     0     0    16.0   55.645   30.866    421.6    932.8
     1     1    14     1    13    17     0     0    17.0   55.338   31.159    405.2    932.9
     1     1    14     1    13    18     0     0    18.0   55.015   31.467    385.5    933.7
     1     1    14     1    13    19     0     0    19.0   54.687   31.782    365.2    937.5
     1     1    14     1    13    20     0     0    20.0   54.371   32.093    346.4    940.7
     1     1    14     1    13    21     0     0    21.0   54.064   32.393    328.9    943.8
     1     1    14     1    13    22     0     0    22.0   53.766   32.682    312.5    947.2
     1     1    14     1    13    23     0     0    23.0   53.481   32.954    297.2    950.6
     1     1    14     1    14     0     0     0    24.0   53.209   33.209    283.0    953.8
     1     1    14     1    14     1     0     0    25.0   52.949   33.450    269.6    956.7
     1     1    14     1    14     2     0     0    26.0   52.696   33.686    256.7    959.4
     1     1    14     1    14     3     0     0    27.0   52.449   33.918    244.2    962.0
     1     1    14     1    14     4     0     0    28.0   52.205   34.154    232.2    964.2
     1     1    14     1    14     5     0     0    29.0   51.964   34.398    220.6    966.3
     1     1    14     1    14     6     0     0    30.0   51.725   34.654    209.5    968.3
     1     1    14     1    14     7     0     0    31.0   51.504   34.920    198.7    970.1
     1     1    14     1    14     8     0     0    32.0   51.315   35.194    188.1    971.7
     1     1    14     1    14     9     0     0    33.0   51.157   35.470    177.3    973.5
     1     1    14     1    14    10     0     0    34.0   51.028   35.747    166.0    975.5
     1     1    14     1    14    11     0     0    35.0   50.925   36.023    153.4    977.6
     1     1    14     1    14    12     0     0    36.0   50.843   36.294    139.1    980.1
     1     1    14     1    14    13     0     0    37.0   50.775   36.553    123.6    983.1
     1     1    14     1    14    14     0     0    38.0   50.712   36.797    107.6    986.2
     1     1    14     1    14    15     0     0    39.0   50.654   37.026     91.2    989.7
     1     1    14     1    14    16     0     0    40.0   50.599   37.243     74.7    993.5
     1     1    14     1    14    17     0     0    41.0   50.547   37.452     59.0    996.2
     1     1    14     1    14    18     0     0    42.0   50.494   37.657     45.5    998.8
     1     1    14     1    14    19     0     0    43.0   50.445   37.856     35.5   1000.5
     1     1    14     1    14    20     0     0    44.0   50.406   38.045     28.8   1001.7
     1     1    14     1    14    21     0     0    45.0   50.377   38.225     24.6   1002.7
     1     1    14     1    14    22     0     0    46.0   50.358   38.396     22.2   1003.3
     1     1    14     1    14    23     0     0    47.0   50.350   38.558     21.1   1003.8
     1     1    14     1    15     0     0     0    48.0   50.352   38.711     21.2   1004.0
