     1     1
    CDC1    14     1     1     0     0
     1 FORWARD  OMEGA   
    14     1    11     0   60.000   30.000   500.0
     1 PRESSURE
     1     1    14     1    11     0     0     0     0.0   60.000   30.000    500.0    925.4
     1     1    14     1    11     1     0     0     1.0   59.682   29.915    506.5    924.8
     1     1    14     1    11     2     0     0     2.0   59.364   29.946    512.0    924.5
     1     1    14     1    11     3     0     0     3.0   59.045   30.090    517.3    923.9
     1     1    14     1    11     4     0     0     4.0   58.726   30.340    523.6    922.4
     1     1    14     1    11     5     0     0     5.0   58.407   30.693    532.2    919.9
     1     1    14     1    11     6     0     0     6.0   58.082   31.146    544.5    916.0
     1     1    14     1    11     7     0     0     7.0   57.766   31.696    558.2    910.7
     1     1    14     1    11     8     0     0     8.0   57.470   32.333    569.4    905.5
     1     1    14     1    11     9     0     0     9.0   57.192   33.025    578.0    901.9
     1     1    14     1    11    10     0     0    10.0   56.927   33.736    584.5    899.1
     1     1    14     1    11    11     0     0    11.0   56.664   34.455    588.8    897.1
     1     1    14     1    11    12     0     0    12.0   56.396   35.172    590.4    896.7
     1     1    14     1    11    13     0     0    13.0   56.123   35.886    594.1    899.0
     1     1    14     1    11    14     0     0    14.0   55.848   36.601    602.9    900.7
     1     1    14     1    11    15     0     0    15.0   55.562   37.314    616.0    902.2
     1     1    14     1    11    16     0     0    16.0   55.268   38.021    632.0    903.5
     1     1    14     1    11    17     0     0    17.0   54.971   38.717    649.3    904.3
     1     1    14     1    11    18     0     0    18.0   54.674   39.400    666.3    902.7
     1     1    14     1    11    19     0     0    19.0   54.389   40.070    680.4    900.5
     1     1    14     1    11    20     0     0    20.0   54.134   40.729    688.9    897.1
     1     1    14     1    11    21     0     0    21.0   53.912   41.383    691.7    894.5
     1     1    14     1    11    22     0     0    22.0   53.715   42.035    688.0    892.8
     1     1    14     1    11    23     0     0    23.0   53.539   42.691    677.5    892.5
     1     1    14     1    12     0     0     0    24.0   53.388   43.356    660.4    894.7
     1     1    14     1    12     1     0     0    25.0   53.262   44.032    639.9    897.8
     1     1    14     1    12     2     0     0    26.0   53.158   44.720    619.7    900.9
     1     1    14     1    12     3     0     0    27.0   53.075   45.414    602.6    905.2
     1     1    14     1    12     4     0     0    28.0   53.015   46.106    591.0    910.0
     1     1    14     1    12     5     0     0    29.0   52.981   46.789    586.2    914.1
     1     1    14     1    12     6     0     0    30.0   52.970   47.457    589.3    917.2
     1     1    14     1    12     7     0     0    31.0   52.986   48.105    598.1    918.3
     1     1    14     1    12     8     0     0    32.0   53.029   48.732    610.5    918.9
     1     1    14     1    12     9     0     0    33.0   53.091   49.337    626.0    918.9
     1     1    14     1    12    10     0     0    34.0   53.160   49.922    644.1    918.2
     1     1    14     1    12    11     0     0    35.0   53.232   50.481    663.0    914.7
     1     1    14     1    12    12     0     0    36.0   53.305   51.013    682.5    910.8
     1     1    14     1    12    13     0     0    37.0   53.387   51.524    702.3    907.0
     1     1    14     1    12    14     0     0    38.0   53.487   52.024    722.6    903.0
     1     1    14     1    12    15     0     0    39.0   53.599   52.513    742.8    898.9
     1     1    14     1    12    16     0     0    40.0   53.722   52.994    761.6    893.4
     1     1    14     1    12    17     0     0    41.0   53.856   53.466    778.9    888.3
     1     1    14     1    12    18     0     0    42.0   54.001   53.928    795.0    883.3
     1     1    14     1    12    19     0     0    43.0   54.156   54.369    809.7    878.8
     1     1    14     1    12    20     0     0    44.0   54.320   54.784    821.6    875.0
     1     1    14     1    12    21     0     0    45.0   54.485   55.178    829.8    872.2
     1     1    14     1    12    22     0     0    46.0   54.645   55.556    833.4    870.6
     1     1    14     1    12    23     0     0    47.0   54.799   55.924    831.7    869.6
     1     1    14     1    13     0     0     0    48.0   54.942   56.286    824.4    869.2
