     1     1
    CDC1    14     1     1     0     0
     1 FORWARD  OMEGA   
    14     1     2     6   60.000   30.000   500.0
     1 PRESSURE
     1     1    14     1     2     6     0     0     0.0   60.000   30.000    500.0    960.6
     1     1    14     1     2     7     0     0     1.0   60.142   30.000    510.8    958.1
     1     1    14     1     2     8     0     0     2.0   60.284   29.991    520.6    955.8
     1     1    14     1     2     9     0     0     3.0   60.427   29.972    529.2    953.7
     1     1    14     1     2    10     0     0     4.0   60.571   29.946    536.3    951.7
     1     1    14     1     2    11     0     0     5.0   60.717   29.913    541.6    950.1
     1     1    14     1     2    12     0     0     6.0   60.865   29.875    544.8    948.7
     1     1    14     1     2    13     0     0     7.0   61.017   29.834    547.0    947.3
     1     1    14     1     2    14     0     0     8.0   61.175   29.794    549.8    945.8
     1     1    14     1     2    15     0     0     9.0   61.339   29.758    553.4    944.1
     1     1    14     1     2    16     0     0    10.0   61.510   29.730    557.9    942.4
     1     1    14     1     2    17     0     0    11.0   61.687   29.712    563.3    940.4
     1     1    14     1     2    18     0     0    12.0   61.872   29.708    569.9    938.4
     1     1    14     1     2    19     0     0    13.0   62.061   29.722    576.2    936.1
     1     1    14     1     2    20     0     0    14.0   62.251   29.758    581.8    934.1
     1     1    14     1     2    21     0     0    15.0   62.442   29.813    586.2    932.1
     1     1    14     1     2    22     0     0    16.0   62.636   29.891    589.7    931.4
     1     1    14     1     2    23     0     0    17.0   62.836   29.999    592.1    931.3
     1     1    14     1     3     0     0     0    18.0   63.045   30.139    593.9    931.5
     1     1    14     1     3     1     0     0    19.0   63.265   30.303    597.3    931.9
     1     1    14     1     3     2     0     0    20.0   63.496   30.487    603.2    931.8
     1     1    14     1     3     3     0     0    21.0   63.735   30.697    611.3    931.3
     1     1    14     1     3     4     0     0    22.0   63.981   30.938    621.0    930.5
     1     1    14     1     3     5     0     0    23.0   64.230   31.216    631.5    929.3
     1     1    14     1     3     6     0     0    24.0   64.478   31.532    642.3    927.7
     1     1    14     1     3     7     0     0    25.0   64.721   31.891    652.1    925.8
     1     1    14     1     3     8     0     0    26.0   64.956   32.298    659.9    923.9
     1     1    14     1     3     9     0     0    27.0   65.183   32.755    665.8    921.7
     1     1    14     1     3    10     0     0    28.0   65.402   33.258    670.1    920.3
     1     1    14     1     3    11     0     0    29.0   65.611   33.806    672.6    919.4
     1     1    14     1     3    12     0     0    30.0   65.808   34.399    673.5    919.0
     1     1    14     1     3    13     0     0    31.0   65.995   35.029    673.0    918.9
     1     1    14     1     3    14     0     0    32.0   66.178   35.688    671.2    919.4
     1     1    14     1     3    15     0     0    33.0   66.360   36.371    667.8    920.4
     1     1    14     1     3    16     0     0    34.0   66.539   37.077    663.1    921.6
     1     1    14     1     3    17     0     0    35.0   66.716   37.800    657.2    923.3
     1     1    14     1     3    18     0     0    36.0   66.896   38.535    650.7    925.4
     1     1    14     1     3    19     0     0    37.0   67.080   39.270    642.7    927.5
     1     1    14     1     3    20     0     0    38.0   67.263   39.997    632.6    930.1
     1     1    14     1     3    21     0     0    39.0   67.444   40.709    620.1    932.5
     1     1    14     1     3    22     0     0    40.0   67.626   41.384    605.8    935.2
     1     1    14     1     3    23     0     0    41.0   67.807   41.998    590.1    938.0
     1     1    14     1     4     0     0     0    42.0   67.985   42.545    573.0    940.7
     1     1    14     1     4     1     0     0    43.0   68.164   43.028    556.8    943.2
     1     1    14     1     4     2     0     0    44.0   68.345   43.455    543.9    945.0
     1     1    14     1     4     3     0     0    45.0   68.527   43.831    534.0    946.5
     1     1    14     1     4     4     0     0    46.0   68.707   44.161    526.9    947.7
     1     1    14     1     4     5     0     0    47.0   68.882   44.451    522.3    948.5
     1     1    14     1     4     6     0     0    48.0   69.051   44.704    520.0    949.1
