     1     1
    CDC1    14     1     1     0     0
     1 FORWARD  OMEGA   
    14     1    15     0   60.000   30.000   500.0
     1 PRESSURE
     1     1    14     1    15     0     0     0     0.0   60.000   30.000    500.0    953.4
     1     1    14     1    15     1     0     0     1.0   59.903   29.938    506.2    952.6
     1     1    14     1    15     2     0     0     2.0   59.811   29.849    512.6    951.6
     1     1    14     1    15     3     0     0     3.0   59.722   29.729    519.1    950.6
     1     1    14     1    15     4     0     0     4.0   59.638   29.576    525.5    949.6
     1     1    14     1    15     5     0     0     5.0   59.558   29.388    531.6    948.6
     1     1    14     1    15     6     0     0     6.0   59.481   29.163    537.5    947.6
     1     1    14     1    15     7     0     0     7.0   59.410   28.909    540.7    946.5
     1     1    14     1    15     8     0     0     8.0   59.345   28.635    539.2    946.2
     1     1    14     1    15     9     0     0     9.0   59.288   28.342    533.2    946.4
     1     1    14     1    15    10     0     0    10.0   59.238   28.030    522.7    947.2
     1     1    14     1    15    11     0     0    11.0   59.197   27.698    507.9    948.4
     1     1    14     1    15    12     0     0    12.0   59.165   27.350    489.0    950.0
     1     1    14     1    15    13     0     0    13.0   59.134   26.980    468.7    952.4
     1     1    14     1    15    14     0     0    14.0   59.096   26.586    449.0    954.3
     1     1    14     1    15    15     0     0    15.0   59.048   26.168    429.9    956.2
     1     1    14     1    15    16     0     0    16.0   58.989   25.728    411.2    958.0
     1     1    14     1    15    17     0     0    17.0   58.915   25.270    392.9    959.8
     1     1    14     1    15    18     0     0    18.0   58.824   24.796    375.3    961.7
     1     1    14     1    15    19     0     0    19.0   58.717   24.323    360.3    963.7
     1     1    14     1    15    20     0     0    20.0   58.600   23.865    349.7    965.0
     1     1    14     1    15    21     0     0    21.0   58.472   23.418    343.5    965.7
     1     1    14     1    15    22     0     0    22.0   58.336   22.981    341.7    965.8
     1     1    14     1    15    23     0     0    23.0   58.194   22.552    344.2    965.3
     1     1    14     1    16     0     0     0    24.0   58.050   22.130    351.3    965.1
     1     1    14     1    16     1     0     0    25.0   57.907   21.712    359.7    964.5
     1     1    14     1    16     2     0     0    26.0   57.767   21.292    366.6    964.5
     1     1    14     1    16     3     0     0    27.0   57.631   20.864    372.3    964.5
     1     1    14     1    16     4     0     0    28.0   57.501   20.420    377.4    964.6
     1     1    14     1    16     5     0     0    29.0   57.383   19.957    382.5    965.2
     1     1    14     1    16     6     0     0    30.0   57.282   19.469    388.0    965.4
     1     1    14     1    16     7     0     0    31.0   57.208   18.958    395.7    965.5
     1     1    14     1    16     8     0     0    32.0   57.162   18.431    406.3    964.9
     1     1    14     1    16     9     0     0    33.0   57.146   17.883    419.7    964.1
     1     1    14     1    16    10     0     0    34.0   57.158   17.306    435.6    962.6
     1     1    14     1    16    11     0     0    35.0   57.200   16.698    453.6    960.0
     1     1    14     1    16    12     0     0    36.0   57.270   16.053    473.6    957.4
     1     1    14     1    16    13     0     0    37.0   57.364   15.351    498.0    954.4
     1     1    14     1    16    14     0     0    38.0   57.480   14.575    529.8    949.9
     1     1    14     1    16    15     0     0    39.0   57.628   13.741    568.6    941.6
     1     1    14     1    16    16     0     0    40.0   57.819   12.866    612.8    930.5
     1     1    14     1    16    17     0     0    41.0   58.065   11.980    660.5    916.6
     1     1    14     1    16    18     0     0    42.0   58.371   11.129    708.7    900.6
     1     1    14     1    16    19     0     0    43.0   58.734   10.359    753.3    883.2
     1     1    14     1    16    20     0     0    44.0   59.143    9.689    791.9    867.0
     1     1    14     1    16    21     0     0    45.0   59.580    9.100    825.1    853.0
     1     1    14     1    16    22     0     0    46.0   60.035    8.571    853.5    840.5
     1     1    14     1    16    23     0     0    47.0   60.496    8.083    879.8    840.1
     1     1    14     1    17     0     0     0    48.0   60.960    7.621    900.2    841.9
