     1     1
    CDC1    14     1     1     0     0
     1 FORWARD  OMEGA   
    14     1     4     6   50.000   -5.000  1000.0
     1 PRESSURE
     1     1    14     1     4     6     0     0     0.0   50.000   -5.000   1000.0    863.8
     1     1    14     1     4     7     0     0     1.0   50.418   -4.544   1066.8    855.7
     1     1    14     1     4     8     0     0     2.0   50.801   -4.086   1127.6    848.6
     1     1    14     1     4     9     0     0     3.0   51.155   -3.640   1181.4    842.4
     1     1    14     1     4    10     0     0     4.0   51.486   -3.217   1227.2    837.2
     1     1    14     1     4    11     0     0     5.0   51.798   -2.832   1264.1    833.1
     1     1    14     1     4    12     0     0     6.0   52.095   -2.499   1291.1    830.0
     1     1    14     1     4    13     0     0     7.0   52.370   -2.191   1310.6    829.1
     1     1    14     1     4    14     0     0     8.0   52.617   -1.870   1320.8    828.7
     1     1    14     1     4    15     0     0     9.0   52.833   -1.528   1325.0    828.6
     1     1    14     1     4    16     0     0    10.0   53.021   -1.162   1325.4    828.8
     1     1    14     1     4    17     0     0    11.0   53.180   -0.774   1323.4    829.2
     1     1    14     1     4    18     0     0    12.0   53.311   -0.363   1320.3    829.7
     1     1    14     1     4    19     0     0    13.0   53.471    0.031   1323.5    834.8
     1     1    14     1     4    20     0     0    14.0   53.679    0.388   1326.0    834.6
     1     1    14     1     4    21     0     0    15.0   53.891    0.744   1323.6    835.6
     1     1    14     1     4    22     0     0    16.0   54.112    1.097   1316.2    837.2
     1     1    14     1     4    23     0     0    17.0   54.344    1.441   1303.6    839.3
     1     1    14     1     5     0     0     0    18.0   54.591    1.770   1285.9    841.9
     1     1    14     1     5     1     0     0    19.0   54.845    2.094   1265.7    845.2
     1     1    14     1     5     2     0     0    20.0   55.090    2.430   1245.8    848.4
     1     1    14     1     5     3     0     0    21.0   55.320    2.789   1226.3    851.6
     1     1    14     1     5     4     0     0    22.0   55.531    3.170   1207.6    854.7
     1     1    14     1     5     5     0     0    23.0   55.723    3.572   1190.7    857.6
     1     1    14     1     5     6     0     0    24.0   55.898    3.991   1176.3    860.2
     1     1    14     1     5     7     0     0    25.0   56.076    4.405   1162.3    862.4
     1     1    14     1     5     8     0     0    26.0   56.272    4.796   1146.9    864.8
     1     1    14     1     5     9     0     0    27.0   56.476    5.170   1128.5    867.2
     1     1    14     1     5    10     0     0    28.0   56.679    5.534   1106.2    869.8
     1     1    14     1     5    11     0     0    29.0   56.876    5.896   1079.7    872.9
     1     1    14     1     5    12     0     0    30.0   57.058    6.263   1048.8    876.6
     1     1    14     1     5    13     0     0    31.0   57.250    6.621   1020.9    880.7
     1     1    14     1     5    14     0     0    32.0   57.474    6.944   1002.2    882.8
     1     1    14     1     5    15     0     0    33.0   57.730    7.237    989.1    879.0
     1     1    14     1     5    16     0     0    34.0   58.014    7.504    981.3    872.7
     1     1    14     1     5    17     0     0    35.0   58.324    7.742    977.7    865.2
     1     1    14     1     5    18     0     0    36.0   58.660    7.948    977.7    856.6
     1     1    14     1     5    19     0     0    37.0   59.030    8.114    980.4    846.6
     1     1    14     1     5    20     0     0    38.0   59.441    8.236    983.1    835.5
     1     1    14     1     5    21     0     0    39.0   59.893    8.319    986.1    823.3
     1     1    14     1     5    22     0     0    40.0   60.377    8.382    992.6    820.9
     1     1    14     1     5    23     0     0    41.0   60.882    8.456    998.8    821.7
     1     1    14     1     6     0     0     0    42.0   61.403    8.545   1004.2    822.4
     1     1    14     1     6     1     0     0    43.0   61.939    8.629   1013.4    822.4
     1     1    14     1     6     2     0     0    44.0   62.496    8.674   1027.0    821.4
     1     1    14     1     6     3     0     0    45.0   63.061    8.666   1043.6    828.8
     1     1    14     1     6     4     0     0    46.0   63.621    8.601   1055.8    837.2
     1     1    14     1     6     5     0     0    47.0   64.174    8.470   1059.8    847.0
     1     1    14     1     6     6     0     0    48.0   64.718    8.259   1051.5    858.7
