     1     1
    CDC1    14     1     1     0     0
     1 FORWARD  OMEGA   
    14     1    14     0   50.000   -5.000  1000.0
     1 PRESSURE
     1     1    14     1    14     0     0     0     0.0   50.000   -5.000   1000.0    875.5
     1     1    14     1    14     1     0     0     1.0   49.974   -4.582   1016.6    872.4
     1     1    14     1    14     2     0     0     2.0   49.946   -4.178   1021.7    871.2
     1     1    14     1    14     3     0     0     3.0   49.912   -3.788   1013.8    871.7
     1     1    14     1    14     4     0     0     4.0   49.868   -3.409    992.3    874.0
     1     1    14     1    14     5     0     0     5.0   49.809   -3.040    957.1    878.2
     1     1    14     1    14     6     0     0     6.0   49.733   -2.678    908.8    884.0
     1     1    14     1    14     7     0     0     7.0   49.649   -2.311    857.7    891.1
     1     1    14     1    14     8     0     0     8.0   49.568   -1.929    813.3    896.9
     1     1    14     1    14     9     0     0     9.0   49.492   -1.538    774.4    902.2
     1     1    14     1    14    10     0     0    10.0   49.420   -1.138    739.6    907.2
     1     1    14     1    14    11     0     0    11.0   49.355   -0.732    707.9    911.8
     1     1    14     1    14    12     0     0    12.0   49.297   -0.320    678.3    916.2
     1     1    14     1    14    13     0     0    13.0   49.242    0.080    652.2    920.8
     1     1    14     1    14    14     0     0    14.0   49.201    0.479    631.1    924.4
     1     1    14     1    14    15     0     0    15.0   49.186    0.897    616.8    926.6
     1     1    14     1    14    16     0     0    16.0   49.192    1.332    608.6    928.2
     1     1    14     1    14    17     0     0    17.0   49.216    1.781    605.4    929.5
     1     1    14     1    14    18     0     0    18.0   49.254    2.243    606.3    930.6
     1     1    14     1    14    19     0     0    19.0   49.301    2.700    608.4    929.7
     1     1    14     1    14    20     0     0    20.0   49.355    3.136    609.6    928.0
     1     1    14     1    14    21     0     0    21.0   49.416    3.556    610.5    926.7
     1     1    14     1    14    22     0     0    22.0   49.488    3.964    611.2    926.0
     1     1    14     1    14    23     0     0    23.0   49.571    4.363    611.6    926.0
     1     1    14     1    15     0     0     0    24.0   49.667    4.759    611.9    926.6
     1     1    14     1    15     1     0     0    25.0   49.782    5.158    612.4    926.4
     1     1    14     1    15     2     0     0    26.0   49.920    5.568    614.5    925.5
     1     1    14     1    15     3     0     0    27.0   50.080    5.987    617.3    923.6
     1     1    14     1    15     4     0     0    28.0   50.256    6.409    619.0    920.5
     1     1    14     1    15     5     0     0    29.0   50.445    6.828    619.5    918.1
     1     1    14     1    15     6     0     0    30.0   50.644    7.243    618.6    916.5
     1     1    14     1    15     7     0     0    31.0   50.846    7.643    615.8    915.5
     1     1    14     1    15     8     0     0    32.0   51.044    8.012    610.7    915.8
     1     1    14     1    15     9     0     0    33.0   51.242    8.349    603.0    916.8
     1     1    14     1    15    10     0     0    34.0   51.441    8.652    592.4    918.6
     1     1    14     1    15    11     0     0    35.0   51.646    8.918    578.5    921.1
     1     1    14     1    15    12     0     0    36.0   51.857    9.143    561.0    924.4
     1     1    14     1    15    13     0     0    37.0   52.081    9.331    542.2    928.5
     1     1    14     1    15    14     0     0    38.0   52.324    9.486    524.2    932.6
     1     1    14     1    15    15     0     0    39.0   52.588    9.602    507.9    936.5
     1     1    14     1    15    16     0     0    40.0   52.874    9.668    494.5    938.9
     1     1    14     1    15    17     0     0    41.0   53.186    9.676    485.7    940.7
     1     1    14     1    15    18     0     0    42.0   53.524    9.627    482.9    941.8
     1     1    14     1    15    19     0     0    43.0   53.875    9.532    485.0    941.8
     1     1    14     1    15    20     0     0    44.0   54.221    9.404    489.4    941.7
     1     1    14     1    15    21     0     0    45.0   54.563    9.246    495.9    941.5
     1     1    14     1    15    22     0     0    46.0   54.904    9.060    503.8    941.2
     1     1    14     1    15    23     0     0    47.0   55.244    8.851    512.1    940.6
     1     1    14     1    16     0     0     0    48.0   55.587    8.626    519.5    939.9
