     1     1
    CDC1    14     1     1     0     0
     1 FORWARD  OMEGA   
    14     1     1    12   50.000   -5.000  1000.0
     1 PRESSURE
     1     1    14     1     1    12     0     0     0.0   50.000   -5.000   1000.0    857.9
     1     1    14     1     1    13     0     0     1.0   50.620   -4.303   1179.6    836.9
     1     1    14     1     1    14     0     0     2.0   51.215   -3.673   1335.8    820.5
     1     1    14     1     1    15     0     0     3.0   51.796   -3.085   1472.6    806.1
     1     1    14     1     1    16     0     0     4.0   52.372   -2.526   1596.3    794.0
     1     1    14     1     1    17     0     0     5.0   52.929   -2.000   1708.7    781.5
     1     1    14     1     1    18     0     0     6.0   53.449   -1.517   1812.2    769.3
     1     1    14     1     1    19     0     0     7.0   53.929   -1.081   1904.4    758.9
     1     1    14     1     1    20     0     0     8.0   54.367   -0.689   1976.5    751.1
     1     1    14     1     1    21     0     0     9.0   54.772   -0.332   2029.6    745.2
     1     1    14     1     1    22     0     0    10.0   55.243   -0.018   2077.1    741.4
     1     1    14     1     1    23     0     0    11.0   55.702    0.232   2115.4    748.3
     1     1    14     1     2     0     0     0    12.0   56.253    0.373   2149.3    744.5
     1     1    14     1     2     1     0     0    13.0   56.801    0.442   2180.9    742.9
     1     1    14     1     2     2     0     0    14.0   57.342    0.483   2216.6    740.2
     1     1    14     1     2     3     0     0    15.0   57.872    0.507   2259.0    736.7
     1     1    14     1     2     4     0     0    16.0   58.384    0.521   2309.9    732.2
     1     1    14     1     2     5     0     0    17.0   58.877    0.517   2372.0    726.4
     1     1    14     1     2     6     0     0    18.0   59.352    0.491   2448.3    719.2
     1     1    14     1     2     7     0     0    19.0   59.823    0.423   2537.4    711.2
     1     1    14     1     2     8     0     0    20.0   60.297    0.295   2622.7    704.6
     1     1    14     1     2     9     0     0    21.0   60.771    0.101   2699.7    699.1
     1     1    14     1     2    10     0     0    22.0   61.197   -0.205   2765.6    688.2
     1     1    14     1     2    11     0     0    23.0   61.590   -0.619   2834.1    681.2
     1     1    14     1     2    12     0     0    24.0   62.008   -1.129   2901.3    674.5
     1     1    14     1     2    13     0     0    25.0   62.441   -1.693   2969.0    668.2
     1     1    14     1     2    14     0     0    26.0   62.870   -2.236   3028.1    662.6
     1     1    14     1     2    15     0     0    27.0   63.282   -2.743   3080.4    657.7
     1     1    14     1     2    16     0     0    28.0   63.669   -3.240   3130.8    652.9
     1     1    14     1     2    17     0     0    29.0   64.029   -3.755   3182.5    648.3
     1     1    14     1     2    18     0     0    30.0   64.363   -4.311   3237.5    643.7
     1     1    14     1     2    19     0     0    31.0   64.677   -4.914   3296.6    639.6
     1     1    14     1     2    20     0     0    32.0   64.977   -5.554   3361.9    635.8
     1     1    14     1     2    21     0     0    33.0   65.261   -6.217   3432.8    632.3
     1     1    14     1     2    22     0     0    34.0   65.525   -6.901   3508.5    628.5
     1     1    14     1     2    23     0     0    35.0   65.771   -7.615   3592.7    623.2
     1     1    14     1     3     0     0     0    36.0   65.994   -8.365   3687.2    614.8
     1     1    14     1     3     1     0     0    37.0   66.191   -9.175   3790.1    605.4
     1     1    14     1     3     2     0     0    38.0   66.363  -10.062   3886.1    596.6
     1     1    14     1     3     3     0     0    39.0   66.511  -11.010   3969.5    586.0
     1     1    14     1     3     4     0     0    40.0   66.640  -12.007   4042.6    575.9
     1     1    14     1     3     5     0     0    41.0   66.750  -13.046   4103.5    566.9
     1     1    14     1     3     6     0     0    42.0   66.841  -14.116   4149.2    559.7
     1     1    14     1     3     7     0     0    43.0   66.897  -15.204   4190.9    554.8
     1     1    14     1     3     8     0     0    44.0   66.907  -16.281   4246.6    550.6
     1     1    14     1     3     9     0     0    45.0   66.873  -17.336   4310.0    545.4
     1     1    14     1     3    10     0     0    46.0   66.798  -18.361   4386.0    541.7
     1     1    14     1     3    11     0     0    47.0   66.681  -19.353   4466.2    537.9
     1     1    14     1     3    12     0     0    48.0   66.525  -20.319   4546.8    533.7
