     1     1
    CDC1    14     1     1     0     0
     1 FORWARD  OMEGA   
    14     1    13    12   50.000   -5.000  1000.0
     1 PRESSURE
     1     1    14     1    13    12     0     0     0.0   50.000   -5.000   1000.0    875.8
     1     1    14     1    13    13     0     0     1.0   50.331   -4.533   1035.3    870.1
     1     1    14     1    13    14     0     0     2.0   50.628   -4.059   1066.8    865.5
     1     1    14     1    13    15     0     0     3.0   50.905   -3.585   1097.0    861.4
     1     1    14     1    13    16     0     0     4.0   51.169   -3.121   1128.6    857.3
     1     1    14     1    13    17     0     0     5.0   51.433   -2.677   1163.9    853.0
     1     1    14     1    13    18     0     0     6.0   51.697   -2.266   1204.8    848.1
     1     1    14     1    13    19     0     0     7.0   51.947   -1.894   1244.8    843.5
     1     1    14     1    13    20     0     0     8.0   52.170   -1.563   1275.8    840.6
     1     1    14     1    13    21     0     0     9.0   52.365   -1.271   1297.7    838.6
     1     1    14     1    13    22     0     0    10.0   52.535   -1.016   1310.1    837.4
     1     1    14     1    13    23     0     0    11.0   52.678   -0.793   1313.7    837.0
     1     1    14     1    14     0     0     0    12.0   52.796   -0.601   1309.6    837.5
     1     1    14     1    14     1     0     0    13.0   52.899   -0.421   1296.7    839.2
     1     1    14     1    14     2     0     0    14.0   52.996   -0.239   1271.9    842.3
     1     1    14     1    14     3     0     0    15.0   53.090   -0.053   1237.6    846.2
     1     1    14     1    14     4     0     0    16.0   53.205    0.132   1204.9    855.4
     1     1    14     1    14     5     0     0    17.0   53.340    0.308   1175.0    858.1
     1     1    14     1    14     6     0     0    18.0   53.468    0.482   1143.9    861.7
     1     1    14     1    14     7     0     0    19.0   53.594    0.647   1115.0    865.7
     1     1    14     1    14     8     0     0    20.0   53.724    0.793   1088.9    869.1
     1     1    14     1    14     9     0     0    21.0   53.859    0.919   1064.7    872.2
     1     1    14     1    14    10     0     0    22.0   53.998    1.023   1041.3    875.2
     1     1    14     1    14    11     0     0    23.0   54.142    1.105   1017.4    878.2
     1     1    14     1    14    12     0     0    24.0   54.291    1.162    992.2    881.4
     1     1    14     1    14    13     0     0    25.0   54.457    1.210    966.8    884.8
     1     1    14     1    14    14     0     0    26.0   54.655    1.260    941.4    888.0
     1     1    14     1    14    15     0     0    27.0   54.886    1.302    915.5    891.0
     1     1    14     1    14    16     0     0    28.0   55.150    1.329    888.5    894.3
     1     1    14     1    14    17     0     0    29.0   55.448    1.334    860.2    898.0
     1     1    14     1    14    18     0     0    30.0   55.780    1.308    830.0    901.9
     1     1    14     1    14    19     0     0    31.0   56.137    1.240    799.5    905.4
     1     1    14     1    14    20     0     0    32.0   56.513    1.129    770.9    908.6
     1     1    14     1    14    21     0     0    33.0   56.908    0.972    744.3    911.4
     1     1    14     1    14    22     0     0    34.0   57.320    0.766    719.8    913.9
     1     1    14     1    14    23     0     0    35.0   57.746    0.515    697.6    916.2
     1     1    14     1    15     0     0     0    36.0   58.175    0.231    678.0    918.7
     1     1    14     1    15     1     0     0    37.0   58.594   -0.071    664.3    913.1
     1     1    14     1    15     2     0     0    38.0   59.009   -0.406    657.8    915.3
     1     1    14     1    15     3     0     0    39.0   59.438   -0.807    650.4    918.4
     1     1    14     1    15     4     0     0    40.0   59.882   -1.280    641.6    921.8
     1     1    14     1    15     5     0     0    41.0   60.338   -1.825    630.4    923.6
     1     1    14     1    15     6     0     0    42.0   60.801   -2.435    617.1    924.9
     1     1    14     1    15     7     0     0    43.0   61.260   -3.114    605.1    924.6
     1     1    14     1    15     8     0     0    44.0   61.704   -3.869    598.5    923.3
     1     1    14     1    15     9     0     0    45.0   62.134   -4.701    597.4    921.6
     1     1    14     1    15    10     0     0    46.0   62.544   -5.612    602.3    921.2
     1     1    14     1    15    11     0     0    47.0   62.928   -6.583    613.8    921.7
     1     1    14     1    15    12     0     0    48.0   63.282   -7.594    631.3    922.1
