     1     1
    CDC1    14     1     1     0     0
     1 FORWARD  OMEGA   
    14     1    13     0   50.000   -5.000  1000.0
     1 PRESSURE
     1     1    14     1    13     0     0     0     0.0   50.000   -5.000   1000.0    882.2
     1     1    14     1    13     1     0     0     1.0   50.161   -4.139    965.1    884.6
     1     1    14     1    13     2     0     0     2.0   50.341   -3.301    940.6    885.4
     1     1    14     1    13     3     0     0     3.0   50.529   -2.481    923.3    885.7
     1     1    14     1    13     4     0     0     4.0   50.715   -1.678    910.7    886.9
     1     1    14     1    13     5     0     0     5.0   50.898   -0.894    900.3    888.0
     1     1    14     1    13     6     0     0     6.0   51.075   -0.126    891.4    889.0
     1     1    14     1    13     7     0     0     7.0   51.236    0.651    895.0    899.0
     1     1    14     1    13     8     0     0     8.0   51.388    1.431    906.4    898.5
     1     1    14     1    13     9     0     0     9.0   51.544    2.190    917.0    898.6
     1     1    14     1    13    10     0     0    10.0   51.694    2.929    923.1    897.4
     1     1    14     1    13    11     0     0    11.0   51.832    3.646    922.1    895.8
     1     1    14     1    13    12     0     0    12.0   51.951    4.343    912.4    895.4
     1     1    14     1    13    13     0     0    13.0   52.063    5.005    899.4    895.8
     1     1    14     1    13    14     0     0    14.0   52.193    5.613    889.1    895.4
     1     1    14     1    13    15     0     0    15.0   52.339    6.164    881.0    895.3
     1     1    14     1    13    16     0     0    16.0   52.496    6.665    873.9    895.4
     1     1    14     1    13    17     0     0    17.0   52.659    7.112    867.4    896.1
     1     1    14     1    13    18     0     0    18.0   52.825    7.501    861.6    896.8
     1     1    14     1    13    19     0     0    19.0   52.996    7.848    857.5    898.2
     1     1    14     1    13    20     0     0    20.0   53.174    8.163    855.3    899.3
     1     1    14     1    13    21     0     0    21.0   53.359    8.450    855.2    900.0
     1     1    14     1    13    22     0     0    22.0   53.551    8.711    856.8    900.5
     1     1    14     1    13    23     0     0    23.0   53.750    8.949    859.9    900.8
     1     1    14     1    14     0     0     0    24.0   53.953    9.170    864.2    900.9
     1     1    14     1    14     1     0     0    25.0   54.157    9.352    869.6    900.6
     1     1    14     1    14     2     0     0    26.0   54.359    9.472    875.3    900.2
     1     1    14     1    14     3     0     0    27.0   54.561    9.531    881.5    899.8
     1     1    14     1    14     4     0     0    28.0   54.765    9.526    888.3    899.5
     1     1    14     1    14     5     0     0    29.0   54.973    9.458    896.1    899.3
     1     1    14     1    14     6     0     0    30.0   55.184    9.326    905.6    898.7
     1     1    14     1    14     7     0     0    31.0   55.388    9.161    917.2    897.8
     1     1    14     1    14     8     0     0    32.0   55.576    8.991    929.8    896.9
     1     1    14     1    14     9     0     0    33.0   55.750    8.817    942.6    895.8
     1     1    14     1    14    10     0     0    34.0   55.909    8.641    954.8    894.7
     1     1    14     1    14    11     0     0    35.0   56.055    8.464    965.6    893.8
     1     1    14     1    14    12     0     0    36.0   56.187    8.285    974.3    893.1
     1     1    14     1    14    13     0     0    37.0   56.317    8.099    979.0    892.8
     1     1    14     1    14    14     0     0    38.0   56.459    7.896    978.4    893.2
     1     1    14     1    14    15     0     0    39.0   56.615    7.676    972.3    894.2
     1     1    14     1    14    16     0     0    40.0   56.789    7.437    960.3    895.8
     1     1    14     1    14    17     0     0    41.0   56.984    7.177    942.3    898.1
     1     1    14     1    14    18     0     0    42.0   57.204    6.891    918.0    900.9
     1     1    14     1    14    19     0     0    43.0   57.455    6.591    891.5    904.2
     1     1    14     1    14    20     0     0    44.0   57.737    6.302    865.2    902.2
     1     1    14     1    14    21     0     0    45.0   58.046    6.032    840.6    899.2
     1     1    14     1    14    22     0     0    46.0   58.378    5.776    818.3    896.2
     1     1    14     1    14    23     0     0    47.0   58.729    5.528    798.8    893.1
     1     1    14     1    15     0     0     0    48.0   59.099    5.275    782.1    890.1
