     1     1
    CDC1    14     1     1     0     0
     1 FORWARD  OMEGA   
    14     1    18     6   50.000   -5.000  1000.0
     1 PRESSURE
     1     1    14     1    18     6     0     0     0.0   50.000   -5.000   1000.0    858.5
     1     1    14     1    18     7     0     0     1.0   50.223   -4.904   1018.3    856.9
     1     1    14     1    18     8     0     0     2.0   50.455   -4.794   1036.8    855.1
     1     1    14     1    18     9     0     0     3.0   50.697   -4.676   1055.3    853.2
     1     1    14     1    18    10     0     0     4.0   50.948   -4.557   1073.6    851.3
     1     1    14     1    18    11     0     0     5.0   51.207   -4.444   1091.8    849.3
     1     1    14     1    18    12     0     0     6.0   51.474   -4.344   1109.5    847.4
     1     1    14     1    18    13     0     0     7.0   51.744   -4.258   1127.6    845.8
     1     1    14     1    18    14     0     0     8.0   52.015   -4.186   1145.8    844.3
     1     1    14     1    18    15     0     0     9.0   52.286   -4.126   1164.8    842.6
     1     1    14     1    18    16     0     0    10.0   52.559   -4.078   1184.8    840.8
     1     1    14     1    18    17     0     0    11.0   52.836   -4.049   1205.2    838.6
     1     1    14     1    18    18     0     0    12.0   53.121   -4.048   1225.8    836.3
     1     1    14     1    18    19     0     0    13.0   53.412   -4.076   1245.2    834.1
     1     1    14     1    18    20     0     0    14.0   53.707   -4.127   1262.4    832.2
     1     1    14     1    18    21     0     0    15.0   54.005   -4.201   1278.2    830.5
     1     1    14     1    18    22     0     0    16.0   54.307   -4.293   1293.4    828.7
     1     1    14     1    18    23     0     0    17.0   54.612   -4.400   1308.9    826.6
     1     1    14     1    19     0     0     0    18.0   54.920   -4.521   1325.8    824.4
     1     1    14     1    19     1     0     0    19.0   55.236   -4.660   1342.4    822.1
     1     1    14     1    19     2     0     0    20.0   55.564   -4.827   1355.8    820.4
     1     1    14     1    19     3     0     0    21.0   55.907   -5.025   1366.8    819.1
     1     1    14     1    19     4     0     0    22.0   56.265   -5.255   1376.9    818.5
     1     1    14     1    19     5     0     0    23.0   56.639   -5.518   1387.4    817.7
     1     1    14     1    19     6     0     0    24.0   57.032   -5.814   1399.3    816.9
     1     1    14     1    19     7     0     0    25.0   57.428   -6.149   1415.4    815.9
     1     1    14     1    19     8     0     0    26.0   57.806   -6.515   1437.9    815.5
     1     1    14     1    19     9     0     0    27.0   58.162   -6.906   1465.2    814.8
     1     1    14     1    19    10     0     0    28.0   58.494   -7.323   1497.5    813.5
     1     1    14     1    19    11     0     0    29.0   58.801   -7.763   1535.9    811.9
     1     1    14     1    19    12     0     0    30.0   59.085   -8.219   1581.0    809.6
     1     1    14     1    19    13     0     0    31.0   59.356   -8.675   1630.0    805.8
     1     1    14     1    19    14     0     0    32.0   59.627   -9.122   1679.2    802.2
     1     1    14     1    19    15     0     0    33.0   59.895   -9.567   1727.2    798.6
     1     1    14     1    19    16     0     0    34.0   60.161  -10.012   1772.3    794.6
     1     1    14     1    19    17     0     0    35.0   60.423  -10.450   1812.9    790.5
     1     1    14     1    19    18     0     0    36.0   60.679  -10.882   1848.3    786.6
     1     1    14     1    19    19     0     0    37.0   60.925  -11.301   1881.0    783.0
     1     1    14     1    19    20     0     0    38.0   61.160  -11.697   1915.0    778.6
     1     1    14     1    19    21     0     0    39.0   61.387  -12.072   1950.0    774.0
     1     1    14     1    19    22     0     0    40.0   61.607  -12.430   1986.0    769.0
     1     1    14     1    19    23     0     0    41.0   61.821  -12.771   2022.2    763.8
     1     1    14     1    20     0     0     0    42.0   62.032  -13.096   2058.0    758.6
     1     1    14     1    20     1     0     0    43.0   62.244  -13.404   2090.4    753.5
     1     1    14     1    20     2     0     0    44.0   62.462  -13.693   2116.9    749.0
     1     1    14     1    20     3     0     0    45.0   62.685  -13.968   2138.6    745.4
     1     1    14     1    20     4     0     0    46.0   62.913  -14.232   2156.5    742.2
     1     1    14     1    20     5     0     0    47.0   63.143  -14.494   2171.1    739.0
     1     1    14     1    20     6     0     0    48.0   63.377  -14.762   2183.0    735.9
