     1     1
    CDC1    14     1     1     0     0
     1 FORWARD  OMEGA   
    14     1    21    12   50.000   -5.000  1000.0
     1 PRESSURE
     1     1    14     1    21    12     0     0     0.0   50.000   -5.000   1000.0    877.9
     1     1    14     1    21    13     0     0     1.0   50.366   -4.756   1020.2    875.3
     1     1    14     1    21    14     0     0     2.0   50.716   -4.477   1042.5    872.3
     1     1    14     1    21    15     0     0     3.0   51.055   -4.169   1067.0    869.2
     1     1    14     1    21    16     0     0     4.0   51.389   -3.836   1093.9    866.1
     1     1    14     1    21    17     0     0     5.0   51.721   -3.481   1123.4    862.8
     1     1    14     1    21    18     0     0     6.0   52.058   -3.106   1155.9    859.6
     1     1    14     1    21    19     0     0     7.0   52.401   -2.724   1188.1    856.5
     1     1    14     1    21    20     0     0     8.0   52.752   -2.359   1216.1    853.3
     1     1    14     1    21    21     0     0     9.0   53.116   -2.021   1239.6    849.9
     1     1    14     1    21    22     0     0    10.0   53.494   -1.715   1258.9    847.1
     1     1    14     1    21    23     0     0    11.0   53.890   -1.448   1274.1    844.6
     1     1    14     1    22     0     0     0    12.0   54.307   -1.225   1285.7    842.4
     1     1    14     1    22     1     0     0    13.0   54.737   -1.044   1294.5    840.7
     1     1    14     1    22     2     0     0    14.0   55.172   -0.900   1301.7    839.4
     1     1    14     1    22     3     0     0    15.0   55.615   -0.801   1307.5    838.8
     1     1    14     1    22     4     0     0    16.0   56.071   -0.748   1311.9    838.4
     1     1    14     1    22     5     0     0    17.0   56.544   -0.742   1315.1    838.1
     1     1    14     1    22     6     0     0    18.0   57.039   -0.784   1317.1    837.9
     1     1    14     1    22     7     0     0    19.0   57.554   -0.858   1321.8    838.6
     1     1    14     1    22     8     0     0    20.0   58.076   -0.938   1336.2    840.4
     1     1    14     1    22     9     0     0    21.0   58.598   -1.021   1361.7    840.7
     1     1    14     1    22    10     0     0    22.0   59.119   -1.111   1398.9    839.7
     1     1    14     1    22    11     0     0    23.0   59.639   -1.217   1448.4    837.5
     1     1    14     1    22    12     0     0    24.0   60.155   -1.342   1509.1    832.9
     1     1    14     1    22    13     0     0    25.0   60.668   -1.487   1568.4    824.6
     1     1    14     1    22    14     0     0    26.0   61.186   -1.650   1620.5    818.3
     1     1    14     1    22    15     0     0    27.0   61.713   -1.832   1663.2    813.2
     1     1    14     1    22    16     0     0    28.0   62.256   -2.037   1696.1    809.2
     1     1    14     1    22    17     0     0    29.0   62.815   -2.264   1717.3    805.6
     1     1    14     1    22    18     0     0    30.0   63.385   -2.516   1725.2    802.7
     1     1    14     1    22    19     0     0    31.0   63.963   -2.810   1723.0    801.0
     1     1    14     1    22    20     0     0    32.0   64.550   -3.168   1716.0    800.2
     1     1    14     1    22    21     0     0    33.0   65.147   -3.598   1706.3    801.2
     1     1    14     1    22    22     0     0    34.0   65.750   -4.101   1698.8    805.2
     1     1    14     1    22    23     0     0    35.0   66.355   -4.679   1695.9    808.9
     1     1    14     1    23     0     0     0    36.0   66.967   -5.349   1699.2    812.0
     1     1    14     1    23     1     0     0    37.0   67.581   -6.116   1712.1    813.7
     1     1    14     1    23     2     0     0    38.0   68.185   -6.959   1735.3    810.2
     1     1    14     1    23     3     0     0    39.0   68.769   -7.861   1773.1    803.2
     1     1    14     1    23     4     0     0    40.0   69.328   -8.833   1826.0    793.7
     1     1    14     1    23     5     0     0    41.0   69.860   -9.891   1894.2    783.5
     1     1    14     1    23     6     0     0    42.0   70.355  -10.995   1973.5    775.4
     1     1    14     1    23     7     0     0    43.0   70.802  -12.067   2051.1    769.6
     1     1    14     1    23     8     0     0    44.0   71.199  -13.081   2120.7    766.0
     1     1    14     1    23     9     0     0    45.0   71.549  -14.051   2183.0    763.2
     1     1    14     1    23    10     0     0    46.0   71.854  -14.992   2239.4    760.4
     1     1    14     1    23    11     0     0    47.0   72.118  -15.910   2289.2    755.8
     1     1    14     1    23    12     0     0    48.0   72.339  -16.809   2334.6    750.9
