     1     1
    CDC1    14     1     1     0     0
     1 FORWARD  OMEGA   
    14     1    11     6   50.000   -5.000  1000.0
     1 PRESSURE
     1     1    14     1    11     6     0     0     0.0   50.000   -5.000   1000.0    889.7
     1     1    14     1    11     7     0     0     1.0   49.866   -4.700    981.6    892.4
     1     1    14     1    11     8     0     0     2.0   49.747   -4.458    960.9    895.5
     1     1    14     1    11     9     0     0     3.0   49.639   -4.274    937.6    899.1
     1     1    14     1    11    10     0     0     4.0   49.541   -4.148    911.5    902.8
     1     1    14     1    11    11     0     0     5.0   49.449   -4.079    882.7    906.9
     1     1    14     1    11    12     0     0     6.0   49.365   -4.071    851.4    911.5
     1     1    14     1    11    13     0     0     7.0   49.304   -4.112    821.3    915.9
     1     1    14     1    11    14     0     0     8.0   49.284   -4.184    794.7    919.2
     1     1    14     1    11    15     0     0     9.0   49.303   -4.283    771.2    922.1
     1     1    14     1    11    16     0     0    10.0   49.365   -4.405    750.0    924.4
     1     1    14     1    11    17     0     0    11.0   49.468   -4.548    730.4    926.3
     1     1    14     1    11    18     0     0    12.0   49.615   -4.709    711.7    927.8
     1     1    14     1    11    19     0     0    13.0   49.800   -4.884    695.9    928.9
     1     1    14     1    11    20     0     0    14.0   50.020   -5.073    686.0    928.9
     1     1    14     1    11    21     0     0    15.0   50.277   -5.271    682.7    929.5
     1     1    14     1    11    22     0     0    16.0   50.575   -5.475    685.2    929.4
     1     1    14     1    11    23     0     0    17.0   50.919   -5.687    694.1    928.5
     1     1    14     1    12     0     0     0    18.0   51.317   -5.910    709.8    926.6
     1     1    14     1    12     1     0     0    19.0   51.777   -6.140    731.5    922.9
     1     1    14     1    12     2     0     0    20.0   52.302   -6.371    757.7    918.7
     1     1    14     1    12     3     0     0    21.0   52.882   -6.598    787.8    913.2
     1     1    14     1    12     4     0     0    22.0   53.502   -6.809    820.7    906.8
     1     1    14     1    12     5     0     0    23.0   54.158   -7.001    855.5    900.2
     1     1    14     1    12     6     0     0    24.0   54.853   -7.173    891.7    893.4
     1     1    14     1    12     7     0     0    25.0   55.543   -7.318    925.2    887.9
     1     1    14     1    12     8     0     0    26.0   56.187   -7.440    954.0    883.7
     1     1    14     1    12     9     0     0    27.0   56.801   -7.556    980.1    880.1
     1     1    14     1    12    10     0     0    28.0   57.401   -7.683   1006.0    877.0
     1     1    14     1    12    11     0     0    29.0   57.990   -7.836   1036.0    875.7
     1     1    14     1    12    12     0     0    30.0   58.567   -8.027   1073.7    873.7
     1     1    14     1    12    13     0     0    31.0   59.123   -8.275   1120.4    870.0
     1     1    14     1    12    14     0     0    32.0   59.653   -8.594   1176.8    865.1
     1     1    14     1    12    15     0     0    33.0   60.163   -8.996   1240.2    858.8
     1     1    14     1    12    16     0     0    34.0   60.654   -9.486   1306.2    851.3
     1     1    14     1    12    17     0     0    35.0   61.128  -10.080   1371.4    843.2
     1     1    14     1    12    18     0     0    36.0   61.595  -10.809   1434.1    833.6
     1     1    14     1    12    19     0     0    37.0   62.058  -11.681   1492.0    823.6
     1     1    14     1    12    20     0     0    38.0   62.521  -12.700   1544.6    813.1
     1     1    14     1    12    21     0     0    39.0   62.989  -13.854   1591.4    802.0
     1     1    14     1    12    22     0     0    40.0   63.463  -15.115   1632.7    790.1
     1     1    14     1    12    23     0     0    41.0   63.940  -16.490   1673.9    780.4
     1     1    14     1    13     0     0     0    42.0   64.415  -17.997   1718.1    772.5
     1     1    14     1    13     1     0     0    43.0   64.850  -19.674   1770.5    769.2
     1     1    14     1    13     2     0     0    44.0   65.192  -21.512   1834.5    772.4
     1     1    14     1    13     3     0     0    45.0   65.426  -23.467   1905.7    775.2
     1     1    14     1    13     4     0     0    46.0   65.549  -25.476   1985.5    773.0
     1     1    14     1    13     5     0     0    47.0   65.578  -27.508   2079.8    765.0
     1     1    14     1    13     6     0     0    48.0   65.543  -29.532   2195.4    754.0
