     1     1
    CDC1    14     1     1     0     0
     1 FORWARD  OMEGA   
    14     1    10    12   50.000   -5.000  1000.0
     1 PRESSURE
     1     1    14     1    10    12     0     0     0.0   50.000   -5.000   1000.0    887.3
     1     1    14     1    10    13     0     0     1.0   50.204   -4.635   1032.4    882.3
     1     1    14     1    10    14     0     0     2.0   50.395   -4.249   1060.3    878.2
     1     1    14     1    10    15     0     0     3.0   50.575   -3.841   1085.7    874.7
     1     1    14     1    10    16     0     0     4.0   50.747   -3.413   1111.0    871.2
     1     1    14     1    10    17     0     0     5.0   50.912   -2.962   1138.5    867.7
     1     1    14     1    10    18     0     0     6.0   51.075   -2.487   1170.5    863.8
     1     1    14     1    10    19     0     0     7.0   51.226   -1.995   1202.4    859.8
     1     1    14     1    10    20     0     0     8.0   51.356   -1.497   1228.4    857.1
     1     1    14     1    10    21     0     0     9.0   51.468   -0.997   1247.5    855.1
     1     1    14     1    10    22     0     0    10.0   51.561   -0.499   1259.6    853.8
     1     1    14     1    10    23     0     0    11.0   51.637   -0.006   1264.1    853.3
     1     1    14     1    11     0     0     0    12.0   51.724    0.482   1273.8    860.8
     1     1    14     1    11     1     0     0    13.0   51.819    0.983   1285.0    859.8
     1     1    14     1    11     2     0     0    14.0   51.892    1.510   1295.9    859.3
     1     1    14     1    11     3     0     0    15.0   51.948    2.066   1306.8    858.6
     1     1    14     1    11     4     0     0    16.0   51.991    2.652   1317.8    857.2
     1     1    14     1    11     5     0     0    17.0   52.023    3.267   1328.3    854.5
     1     1    14     1    11     6     0     0    18.0   52.050    3.913   1339.0    851.9
     1     1    14     1    11     7     0     0    19.0   52.070    4.584   1347.4    849.8
     1     1    14     1    11     8     0     0    20.0   52.077    5.278   1351.6    848.3
     1     1    14     1    11     9     0     0    21.0   52.070    5.996   1353.0    846.8
     1     1    14     1    11    10     0     0    22.0   52.052    6.740   1354.0    845.0
     1     1    14     1    11    11     0     0    23.0   52.027    7.518   1357.1    842.7
     1     1    14     1    11    12     0     0    24.0   52.004    8.329   1366.0    841.6
     1     1    14     1    11    13     0     0    25.0   51.966    9.160   1380.3    840.0
     1     1    14     1    11    14     0     0    26.0   51.892   10.004   1399.7    836.9
     1     1    14     1    11    15     0     0    27.0   51.786   10.866   1423.1    832.7
     1     1    14     1    11    16     0     0    28.0   51.655   11.751   1450.3    827.6
     1     1    14     1    11    17     0     0    29.0   51.510   12.671   1482.6    821.3
     1     1    14     1    11    18     0     0    30.0   51.368   13.630   1521.2    814.5
     1     1    14     1    11    19     0     0    31.0   51.237   14.615   1562.9    807.8
     1     1    14     1    11    20     0     0    32.0   51.111   15.617   1602.9    802.2
     1     1    14     1    11    21     0     0    33.0   50.985   16.632   1641.2    797.4
     1     1    14     1    11    22     0     0    34.0   50.860   17.667   1680.2    792.4
     1     1    14     1    11    23     0     0    35.0   50.738   18.721   1721.4    786.7
     1     1    14     1    12     0     0     0    36.0   50.626   19.794   1768.3    780.6
     1     1    14     1    12     1     0     0    37.0   50.518   20.865   1817.6    773.0
     1     1    14     1    12     2     0     0    38.0   50.399   21.913   1861.5    765.8
     1     1    14     1    12     3     0     0    39.0   50.266   22.950   1901.1    759.7
     1     1    14     1    12     4     0     0    40.0   50.125   23.983   1937.0    755.1
     1     1    14     1    12     5     0     0    41.0   49.988   25.025   1971.6    751.1
     1     1    14     1    12     6     0     0    42.0   49.873   26.070   2011.9    751.7
     1     1    14     1    12     7     0     0    43.0   49.777   27.080   2052.2    752.5
     1     1    14     1    12     8     0     0    44.0   49.691   28.038   2090.5    753.1
     1     1    14     1    12     9     0     0    45.0   49.617   28.956   2129.3    753.2
     1     1    14     1    12    10     0     0    46.0   49.561   29.850   2173.2    752.8
     1     1    14     1    12    11     0     0    47.0   49.530   30.732   2222.8    747.8
     1     1    14     1    12    12     0     0    48.0   49.534   31.612   2284.7    740.9
