     1     1
    CDC1    14     1     1     0     0
     1 FORWARD  OMEGA   
    14     1    26    18   50.000   -5.000  1000.0
     1 PRESSURE
     1     1    14     1    26    18     0     0     0.0   50.000   -5.000   1000.0    872.5
     1     1    14     1    26    19     0     0     1.0   49.668   -3.763    986.1    875.2
     1     1    14     1    26    20     0     0     2.0   49.398   -2.584    991.1    873.0
     1     1    14     1    26    21     0     0     3.0   49.162   -1.444   1003.3    872.3
     1     1    14     1    26    22     0     0     4.0   48.941   -0.333   1013.3    873.0
     1     1    14     1    26    23     0     0     5.0   48.768    0.717   1036.8    871.0
     1     1    14     1    27     0     0     0     6.0   48.634    1.717   1075.8    863.7
     1     1    14     1    27     1     0     0     7.0   48.518    2.692   1123.7    854.8
     1     1    14     1    27     2     0     0     8.0   48.430    3.637   1183.8    839.0
     1     1    14     1    27     3     0     0     9.0   48.365    4.543   1253.8    822.6
     1     1    14     1    27     4     0     0    10.0   48.312    5.407   1326.9    804.6
     1     1    14     1    27     5     0     0    11.0   48.262    6.226   1396.5    786.0
     1     1    14     1    27     6     0     0    12.0   48.211    7.001   1458.1    768.8
     1     1    14     1    27     7     0     0    13.0   48.171    7.731   1509.3    754.5
     1     1    14     1    27     8     0     0    14.0   48.153    8.416   1551.5    744.7
     1     1    14     1    27     9     0     0    15.0   48.146    9.059   1582.5    736.9
     1     1    14     1    27    10     0     0    16.0   48.147    9.661   1602.3    730.7
     1     1    14     1    27    11     0     0    17.0   48.151   10.221   1612.0    727.9
     1     1    14     1    27    12     0     0    18.0   48.156   10.738   1612.8    728.9
     1     1    14     1    27    13     0     0    19.0   48.156   11.204   1612.3    730.6
     1     1    14     1    27    14     0     0    20.0   48.151   11.609   1617.3    730.6
     1     1    14     1    27    15     0     0    21.0   48.141   11.954   1629.5    729.9
     1     1    14     1    27    16     0     0    22.0   48.128   12.241   1649.5    728.3
     1     1    14     1    27    17     0     0    23.0   48.115   12.469   1678.1    725.7
     1     1    14     1    27    18     0     0    24.0   48.103   12.642   1715.6    723.0
     1     1    14     1    27    19     0     0    25.0   48.096   12.777   1751.1    719.6
     1     1    14     1    27    20     0     0    26.0   48.096   12.889   1777.0    718.0
     1     1    14     1    27    21     0     0    27.0   48.103   12.979   1792.4    717.5
     1     1    14     1    27    22     0     0    28.0   48.115   13.048   1797.0    717.9
     1     1    14     1    27    23     0     0    29.0   48.133   13.096   1790.9    719.3
     1     1    14     1    28     0     0     0    30.0   48.156   13.125   1773.9    721.7
     1     1    14     1    28     1     0     0    31.0   48.174   13.134   1753.5    724.9
     1     1    14     1    28     2     0     0    32.0   48.179   13.117   1735.7    726.6
     1     1    14     1    28     3     0     0    33.0   48.171   13.076   1721.0    727.5
     1     1    14     1    28     4     0     0    34.0   48.151   13.009   1709.1    727.7
     1     1    14     1    28     5     0     0    35.0   48.118   12.916   1699.9    727.1
     1     1    14     1    28     6     0     0    36.0   48.073   12.797   1693.0    725.7
     1     1    14     1    28     7     0     0    37.0   48.025   12.664   1685.3    723.9
     1     1    14     1    28     8     0     0    38.0   47.985   12.531   1674.1    722.8
     1     1    14     1    28     9     0     0    39.0   47.950   12.400   1659.9    722.9
     1     1    14     1    28    10     0     0    40.0   47.922   12.272   1642.4    723.6
     1     1    14     1    28    11     0     0    41.0   47.901   12.150   1621.6    724.8
     1     1    14     1    28    12     0     0    42.0   47.887   12.034   1597.4    726.4
     1     1    14     1    28    13     0     0    43.0   47.872   11.920   1567.8    728.0
     1     1    14     1    28    14     0     0    44.0   47.845   11.801   1532.3    730.1
     1     1    14     1    28    15     0     0    45.0   47.809   11.677   1490.2    732.5
     1     1    14     1    28    16     0     0    46.0   47.765   11.549   1441.5    735.3
     1     1    14     1    28    17     0     0    47.0   47.713   11.414   1386.0    738.5
     1     1    14     1    28    18     0     0    48.0   47.655   11.273   1323.4    742.2
