     1     1
    CDC1    14     1     1     0     0
     1 FORWARD  OMEGA   
    14     1    25     6   50.000   -5.000  1000.0
     1 PRESSURE
     1     1    14     1    25     6     0     0     0.0   50.000   -5.000   1000.0    891.6
     1     1    14     1    25     7     0     0     1.0   49.848   -4.360    988.7    892.5
     1     1    14     1    25     8     0     0     2.0   49.698   -3.705    982.6    892.5
     1     1    14     1    25     9     0     0     3.0   49.557   -3.038    981.6    892.0
     1     1    14     1    25    10     0     0     4.0   49.430   -2.354    985.6    891.2
     1     1    14     1    25    11     0     0     5.0   49.320   -1.633    994.1    891.4
     1     1    14     1    25    12     0     0     6.0   49.228   -0.857   1005.8    891.0
     1     1    14     1    25    13     0     0     7.0   49.119   -0.026   1016.8    890.1
     1     1    14     1    25    14     0     0     8.0   48.995    0.737   1024.9    887.4
     1     1    14     1    25    15     0     0     9.0   48.873    1.431   1034.3    885.5
     1     1    14     1    25    16     0     0    10.0   48.741    2.150   1048.9    882.0
     1     1    14     1    25    17     0     0    11.0   48.602    2.892   1069.7    874.5
     1     1    14     1    25    18     0     0    12.0   48.450    3.646   1097.8    863.2
     1     1    14     1    25    19     0     0    13.0   48.271    4.376   1133.6    850.3
     1     1    14     1    25    20     0     0    14.0   48.053    5.075   1176.1    835.2
     1     1    14     1    25    21     0     0    15.0   47.792    5.784   1226.0    814.7
     1     1    14     1    25    22     0     0    16.0   47.485    6.537   1287.8    790.3
     1     1    14     1    25    23     0     0    17.0   47.139    7.335   1368.8    769.4
     1     1    14     1    26     0     0     0    18.0   46.760    8.150   1466.2    753.7
     1     1    14     1    26     1     0     0    19.0   46.339    8.909   1556.6    742.1
     1     1    14     1    26     2     0     0    20.0   45.870    9.564   1619.5    737.6
     1     1    14     1    26     3     0     0    21.0   45.363   10.138   1657.8    739.1
     1     1    14     1    26     4     0     0    22.0   44.833   10.651   1678.6    748.8
     1     1    14     1    26     5     0     0    23.0   44.301   11.114   1687.2    763.9
     1     1    14     1    26     6     0     0    24.0   43.776   11.537   1686.9    778.3
     1     1    14     1    26     7     0     0    25.0   43.272   11.902   1672.1    791.7
     1     1    14     1    26     8     0     0    26.0   42.801   12.186   1638.8    806.3
     1     1    14     1    26     9     0     0    27.0   42.357   12.411   1591.8    817.9
     1     1    14     1    26    10     0     0    28.0   41.933   12.608   1536.9    823.1
     1     1    14     1    26    11     0     0    29.0   41.526   12.802   1484.8    827.7
     1     1    14     1    26    12     0     0    30.0   41.137   13.006   1440.0    832.0
     1     1    14     1    26    13     0     0    31.0   40.754   13.207   1396.7    835.4
     1     1    14     1    26    14     0     0    32.0   40.364   13.388   1348.0    840.5
     1     1    14     1    26    15     0     0    33.0   39.958   13.556   1293.3    846.8
     1     1    14     1    26    16     0     0    34.0   39.531   13.729   1235.9    853.3
     1     1    14     1    26    17     0     0    35.0   39.078   13.930   1180.3    859.6
     1     1    14     1    26    18     0     0    36.0   38.596   14.174   1129.3    865.7
     1     1    14     1    26    19     0     0    37.0   38.097   14.478   1087.6    872.5
     1     1    14     1    26    20     0     0    38.0   37.595   14.833   1054.0    878.3
     1     1    14     1    26    21     0     0    39.0   37.089   15.213   1025.1    883.1
     1     1    14     1    26    22     0     0    40.0   36.589   15.597   1000.2    886.5
     1     1    14     1    26    23     0     0    41.0   36.096   15.987    980.7    888.4
     1     1    14     1    27     0     0     0    42.0   35.608   16.389    967.7    888.6
     1     1    14     1    27     1     0     0    43.0   35.130   16.799    962.0    887.6
     1     1    14     1    27     2     0     0    44.0   34.665   17.205    960.2    888.5
     1     1    14     1    27     3     0     0    45.0   34.212   17.600    959.7    891.3
     1     1    14     1    27     4     0     0    46.0   33.770   17.989    960.9    893.8
     1     1    14     1    27     5     0     0    47.0   33.338   18.380    965.9    895.1
     1     1    14     1    27     6     0     0    48.0   32.912   18.781    976.3    895.3
