     1     1
    CDC1    14     1     1     0     0
     1 FORWARD  OMEGA   
    14     1    11    12   50.000   -5.000  1000.0
     1 PRESSURE
     1     1    14     1    11    12     0     0     0.0   50.000   -5.000   1000.0    892.9
     1     1    14     1    11    13     0     0     1.0   49.961   -5.020    963.9    897.8
     1     1    14     1    11    14     0     0     2.0   49.960   -5.072    932.4    901.6
     1     1    14     1    11    15     0     0     3.0   50.001   -5.151    904.9    904.4
     1     1    14     1    11    16     0     0     4.0   50.084   -5.251    880.3    907.2
     1     1    14     1    11    17     0     0     5.0   50.208   -5.367    857.2    909.9
     1     1    14     1    11    18     0     0     6.0   50.374   -5.498    833.7    912.5
     1     1    14     1    11    19     0     0     7.0   50.577   -5.642    812.4    915.3
     1     1    14     1    11    20     0     0     8.0   50.818   -5.795    796.0    917.3
     1     1    14     1    11    21     0     0     9.0   51.101   -5.960    785.3    918.5
     1     1    14     1    11    22     0     0    10.0   51.431   -6.139    780.8    918.9
     1     1    14     1    11    23     0     0    11.0   51.817   -6.336    783.1    918.4
     1     1    14     1    12     0     0     0    12.0   52.268   -6.557    792.7    916.9
     1     1    14     1    12     1     0     0    13.0   52.781   -6.789    808.3    913.2
     1     1    14     1    12     2     0     0    14.0   53.337   -7.013    827.5    908.6
     1     1    14     1    12     3     0     0    15.0   53.929   -7.225    849.6    903.5
     1     1    14     1    12     4     0     0    16.0   54.559   -7.425    873.9    897.9
     1     1    14     1    12     5     0     0    17.0   55.222   -7.611    900.1    892.9
     1     1    14     1    12     6     0     0    18.0   55.896   -7.785    927.7    889.2
     1     1    14     1    12     7     0     0    19.0   56.548   -7.950    953.1    885.3
     1     1    14     1    12     8     0     0    20.0   57.166   -8.115    974.8    882.6
     1     1    14     1    12     9     0     0    21.0   57.762   -8.295    996.5    881.2
     1     1    14     1    12    10     0     0    22.0   58.336   -8.505   1022.2    880.5
     1     1    14     1    12    11     0     0    23.0   58.896   -8.757   1055.1    878.7
     1     1    14     1    12    12     0     0    24.0   59.457   -9.070   1098.4    875.6
     1     1    14     1    12    13     0     0    25.0   60.013   -9.463   1152.2    870.6
     1     1    14     1    12    14     0     0    26.0   60.542   -9.941   1210.7    863.4
     1     1    14     1    12    15     0     0    27.0   61.040  -10.507   1269.1    855.5
     1     1    14     1    12    16     0     0    28.0   61.521  -11.190   1325.8    846.5
     1     1    14     1    12    17     0     0    29.0   61.997  -12.023   1380.8    836.2
     1     1    14     1    12    18     0     0    30.0   62.480  -13.045   1435.6    823.7
     1     1    14     1    12    19     0     0    31.0   62.964  -14.236   1488.0    811.2
     1     1    14     1    12    20     0     0    32.0   63.438  -15.543   1535.7    799.1
     1     1    14     1    12    21     0     0    33.0   63.901  -16.968   1582.1    788.5
     1     1    14     1    12    22     0     0    34.0   64.346  -18.525   1631.8    782.4
     1     1    14     1    12    23     0     0    35.0   64.762  -20.236   1687.5    779.8
     1     1    14     1    13     0     0     0    36.0   65.121  -22.103   1755.8    782.5
     1     1    14     1    13     1     0     0    37.0   65.373  -24.083   1833.9    783.5
     1     1    14     1    13     2     0     0    38.0   65.491  -26.111   1919.9    779.3
     1     1    14     1    13     3     0     0    39.0   65.498  -28.151   2020.9    771.0
     1     1    14     1    13     4     0     0    40.0   65.425  -30.174   2142.4    761.7
     1     1    14     1    13     5     0     0    41.0   65.304  -32.146   2282.9    752.1
     1     1    14     1    13     6     0     0    42.0   65.170  -34.033   2431.1    735.2
     1     1    14     1    13     7     0     0    43.0   65.064  -35.806   2582.6    707.6
     1     1    14     1    13     8     0     0    44.0   65.041  -37.437   2732.0    667.5
     1     1    14     1    13     9     0     0    45.0   65.131  -38.893   2860.8    614.4
     1     1    14     1    13    10     0     0    46.0   65.345  -40.195   2979.9    564.9
     1     1    14     1    13    11     0     0    47.0   65.673  -41.419   3090.0    521.9
     1     1    14     1    13    12     0     0    48.0   66.098  -42.620   3195.0    486.9
