     1     1
    CDC1    14     1     1     0     0
     1 FORWARD  OMEGA   
    14     1    12    18   50.000   -5.000  1000.0
     1 PRESSURE
     1     1    14     1    12    18     0     0     0.0   50.000   -5.000   1000.0    878.9
     1     1    14     1    12    19     0     0     1.0   50.312   -4.217   1031.6    874.6
     1     1    14     1    12    20     0     0     2.0   50.643   -3.465   1062.1    870.5
     1     1    14     1    12    21     0     0     3.0   50.981   -2.727   1089.0    867.0
     1     1    14     1    12    22     0     0     4.0   51.307   -1.982   1108.5    864.5
     1     1    14     1    12    23     0     0     5.0   51.603   -1.210   1115.8    863.5
     1     1    14     1    13     0     0     0     6.0   51.862   -0.401   1109.3    864.0
     1     1    14     1    13     1     0     0     7.0   52.148    0.373   1121.6    873.1
     1     1    14     1    13     2     0     0     8.0   52.473    1.078   1158.7    867.9
     1     1    14     1    13     3     0     0     9.0   52.777    1.761   1204.7    863.5
     1     1    14     1    13     4     0     0    10.0   53.054    2.426   1260.3    858.2
     1     1    14     1    13     5     0     0    11.0   53.299    3.083   1323.7    850.6
     1     1    14     1    13     6     0     0    12.0   53.518    3.740   1394.4    842.1
     1     1    14     1    13     7     0     0    13.0   53.729    4.387   1467.6    833.9
     1     1    14     1    13     8     0     0    14.0   53.940    5.017   1535.5    827.1
     1     1    14     1    13     9     0     0    15.0   54.146    5.637   1596.1    820.9
     1     1    14     1    13    10     0     0    16.0   54.345    6.251   1647.9    815.8
     1     1    14     1    13    11     0     0    17.0   54.539    6.866   1692.7    811.4
     1     1    14     1    13    12     0     0    18.0   54.731    7.485   1732.6    807.2
     1     1    14     1    13    13     0     0    19.0   54.931    8.075   1773.7    803.7
     1     1    14     1    13    14     0     0    20.0   55.140    8.605   1815.3    799.1
     1     1    14     1    13    15     0     0    21.0   55.354    9.080   1856.9    794.4
     1     1    14     1    13    16     0     0    22.0   55.565    9.515   1897.2    789.8
     1     1    14     1    13    17     0     0    23.0   55.769    9.922   1935.3    785.3
     1     1    14     1    13    18     0     0    24.0   55.961   10.314   1970.3    781.3
     1     1    14     1    13    19     0     0    25.0   56.147   10.696   2004.6    778.2
     1     1    14     1    13    20     0     0    26.0   56.329   11.075   2041.2    774.8
     1     1    14     1    13    21     0     0    27.0   56.503   11.457   2080.3    771.2
     1     1    14     1    13    22     0     0    28.0   56.661   11.847   2122.3    767.4
     1     1    14     1    13    23     0     0    29.0   56.800   12.249   2167.4    763.5
     1     1    14     1    14     0     0     0    30.0   56.914   12.670   2215.9    759.3
     1     1    14     1    14     1     0     0    31.0   57.007   13.086   2265.2    754.5
     1     1    14     1    14     2     0     0    32.0   57.088   13.474   2310.3    750.4
     1     1    14     1    14     3     0     0    33.0   57.155   13.835   2350.3    746.7
     1     1    14     1    14     4     0     0    34.0   57.211   14.168   2383.7    743.7
     1     1    14     1    14     5     0     0    35.0   57.255   14.474   2409.3    741.5
     1     1    14     1    14     6     0     0    36.0   57.287   14.751   2425.8    740.1
     1     1    14     1    14     7     0     0    37.0   57.309   15.011   2438.6    739.9
     1     1    14     1    14     8     0     0    38.0   57.321   15.270   2452.5    738.9
     1     1    14     1    14     9     0     0    39.0   57.323   15.527   2467.7    737.7
     1     1    14     1    14    10     0     0    40.0   57.318   15.785   2483.7    736.4
     1     1    14     1    14    11     0     0    41.0   57.307   16.043   2500.2    735.1
     1     1    14     1    14    12     0     0    42.0   57.290   16.301   2516.6    733.7
     1     1    14     1    14    13     0     0    43.0   57.264   16.556   2528.6    732.4
     1     1    14     1    14    14     0     0    44.0   57.227   16.801   2529.8    732.4
     1     1    14     1    14    15     0     0    45.0   57.179   17.031   2521.7    733.2
     1     1    14     1    14    16     0     0    46.0   57.119   17.242   2505.1    734.8
     1     1    14     1    14    17     0     0    47.0   57.048   17.430   2480.6    737.1
     1     1    14     1    14    18     0     0    48.0   56.967   17.591   2449.1    740.0
