     1     1
    CDC1    14     1     1     0     0
     1 FORWARD  OMEGA   
    14     1    10     6   50.000   -5.000  1000.0
     1 PRESSURE
     1     1    14     1    10     6     0     0     0.0   50.000   -5.000   1000.0    887.4
     1     1    14     1    10     7     0     0     1.0   50.194   -4.520    997.8    886.6
     1     1    14     1    10     8     0     0     2.0   50.382   -4.040    999.3    885.4
     1     1    14     1    10     9     0     0     3.0   50.566   -3.562   1003.0    884.2
     1     1    14     1    10    10     0     0     4.0   50.750   -3.088   1008.2    883.2
     1     1    14     1    10    11     0     0     5.0   50.935   -2.620   1013.8    882.3
     1     1    14     1    10    12     0     0     6.0   51.125   -2.159   1020.1    881.9
     1     1    14     1    10    13     0     0     7.0   51.316   -1.689   1028.2    880.9
     1     1    14     1    10    14     0     0     8.0   51.501   -1.197   1039.7    879.3
     1     1    14     1    10    15     0     0     9.0   51.679   -0.684   1055.1    877.4
     1     1    14     1    10    16     0     0    10.0   51.850   -0.151   1074.9    875.0
     1     1    14     1    10    17     0     0    11.0   52.012    0.410   1099.7    878.3
     1     1    14     1    10    18     0     0    12.0   52.165    1.002   1124.4    876.4
     1     1    14     1    10    19     0     0    13.0   52.307    1.604   1148.7    873.9
     1     1    14     1    10    20     0     0    14.0   52.434    2.205   1168.7    872.4
     1     1    14     1    10    21     0     0    15.0   52.550    2.800   1185.2    870.5
     1     1    14     1    10    22     0     0    16.0   52.657    3.389   1199.0    868.3
     1     1    14     1    10    23     0     0    17.0   52.758    3.972   1211.6    866.4
     1     1    14     1    11     0     0     0    18.0   52.859    4.549   1224.8    864.6
     1     1    14     1    11     1     0     0    19.0   52.954    5.141   1238.7    862.3
     1     1    14     1    11     2     0     0    20.0   53.035    5.760   1253.7    860.1
     1     1    14     1    11     3     0     0    21.0   53.105    6.404   1269.5    857.8
     1     1    14     1    11     4     0     0    22.0   53.172    7.068   1287.2    855.4
     1     1    14     1    11     5     0     0    23.0   53.241    7.747   1307.4    852.8
     1     1    14     1    11     6     0     0    24.0   53.313    8.436   1330.1    850.1
     1     1    14     1    11     7     0     0    25.0   53.377    9.137   1354.8    847.4
     1     1    14     1    11     8     0     0    26.0   53.430    9.858   1382.6    844.6
     1     1    14     1    11     9     0     0    27.0   53.476   10.600   1415.3    841.0
     1     1    14     1    11    10     0     0    28.0   53.520   11.361   1454.9    836.5
     1     1    14     1    11    11     0     0    29.0   53.573   12.145   1504.5    830.9
     1     1    14     1    11    12     0     0    30.0   53.642   12.951   1566.1    823.6
     1     1    14     1    11    13     0     0    31.0   53.698   13.772   1633.6    814.7
     1     1    14     1    11    14     0     0    32.0   53.723   14.596   1704.3    806.4
     1     1    14     1    11    15     0     0    33.0   53.733   15.424   1778.2    798.0
     1     1    14     1    11    16     0     0    34.0   53.741   16.254   1854.5    790.0
     1     1    14     1    11    17     0     0    35.0   53.767   17.084   1933.5    782.1
     1     1    14     1    11    18     0     0    36.0   53.827   17.912   2015.2    773.8
     1     1    14     1    11    19     0     0    37.0   53.901   18.738   2093.1    765.6
     1     1    14     1    11    20     0     0    38.0   53.968   19.562   2166.2    758.7
     1     1    14     1    11    21     0     0    39.0   54.033   20.383   2236.7    751.2
     1     1    14     1    11    22     0     0    40.0   54.095   21.199   2306.1    743.1
     1     1    14     1    11    23     0     0    41.0   54.157   22.009   2378.6    735.0
     1     1    14     1    12     0     0     0    42.0   54.225   22.809   2458.7    726.2
     1     1    14     1    12     1     0     0    43.0   54.281   23.585   2542.7    716.6
     1     1    14     1    12     2     0     0    44.0   54.307   24.324   2629.6    707.2
     1     1    14     1    12     3     0     0    45.0   54.317   25.026   2721.6    697.3
     1     1    14     1    12     4     0     0    46.0   54.317   25.694   2820.2    686.7
     1     1    14     1    12     5     0     0    47.0   54.318   26.337   2925.1    675.8
     1     1    14     1    12     6     0     0    48.0   54.332   26.955   3038.1    664.3
