     1     1
    CDC1    14     1     1     0     0
     1 FORWARD  OMEGA   
    14     1     8    12   50.000   -5.000  1000.0
     1 PRESSURE
     1     1    14     1     8    12     0     0     0.0   50.000   -5.000   1000.0    884.8
     1     1    14     1     8    13     0     0     1.0   50.399   -4.795   1059.8    876.9
     1     1    14     1     8    14     0     0     2.0   50.762   -4.530   1114.2    870.2
     1     1    14     1     8    15     0     0     3.0   51.099   -4.221   1165.9    863.9
     1     1    14     1     8    16     0     0     4.0   51.419   -3.883   1217.3    858.0
     1     1    14     1     8    17     0     0     5.0   51.732   -3.527   1270.6    852.1
     1     1    14     1     8    18     0     0     6.0   52.048   -3.166   1327.6    845.7
     1     1    14     1     8    19     0     0     7.0   52.368   -2.793   1384.0    838.7
     1     1    14     1     8    20     0     0     8.0   52.691   -2.387   1435.0    832.6
     1     1    14     1     8    21     0     0     9.0   53.009   -1.950   1481.2    826.5
     1     1    14     1     8    22     0     0    10.0   53.315   -1.493   1524.3    821.0
     1     1    14     1     8    23     0     0    11.0   53.610   -1.027   1566.8    815.6
     1     1    14     1     9     0     0     0    12.0   53.895   -0.561   1611.2    810.1
     1     1    14     1     9     1     0     0    13.0   54.134   -0.093   1657.1    804.5
     1     1    14     1     9     2     0     0    14.0   54.342    0.435   1715.3    805.4
     1     1    14     1     9     3     0     0    15.0   54.542    1.022   1787.9    797.0
     1     1    14     1     9     4     0     0    16.0   54.721    1.612   1874.2    788.0
     1     1    14     1     9     5     0     0    17.0   54.897    2.191   1979.4    777.1
     1     1    14     1     9     6     0     0    18.0   55.081    2.748   2107.4    764.3
     1     1    14     1     9     7     0     0    19.0   55.262    3.297   2241.9    750.7
     1     1    14     1     9     8     0     0    20.0   55.428    3.864   2364.3    739.2
     1     1    14     1     9     9     0     0    21.0   55.588    4.447   2475.0    728.6
     1     1    14     1     9    10     0     0    22.0   55.750    5.041   2574.1    718.9
     1     1    14     1     9    11     0     0    23.0   55.917    5.642   2660.8    710.1
     1     1    14     1     9    12     0     0    24.0   56.093    6.248   2737.1    702.4
     1     1    14     1     9    13     0     0    25.0   56.265    6.851   2808.5    696.1
     1     1    14     1     9    14     0     0    26.0   56.410    7.452   2873.6    689.5
     1     1    14     1     9    15     0     0    27.0   56.524    8.050   2933.7    683.0
     1     1    14     1     9    16     0     0    28.0   56.606    8.646   2990.0    676.6
     1     1    14     1     9    17     0     0    29.0   56.659    9.236   3043.5    670.3
     1     1    14     1     9    18     0     0    30.0   56.686    9.820   3095.0    663.9
     1     1    14     1     9    19     0     0    31.0   56.691   10.411   3151.5    659.4
     1     1    14     1     9    20     0     0    32.0   56.674   11.025   3206.9    654.4
     1     1    14     1     9    21     0     0    33.0   56.636   11.668   3262.4    649.0
     1     1    14     1     9    22     0     0    34.0   56.578   12.344   3315.0    643.4
     1     1    14     1     9    23     0     0    35.0   56.505   13.057   3362.8    638.7
     1     1    14     1    10     0     0     0    36.0   56.429   13.813   3402.8    634.5
     1     1    14     1    10     1     0     0    37.0   56.350   14.597   3440.9    632.0
     1     1    14     1    10     2     0     0    38.0   56.259   15.398   3478.0    629.3
     1     1    14     1    10     3     0     0    39.0   56.144   16.216   3516.7    626.7
     1     1    14     1    10     4     0     0    40.0   55.997   17.055   3556.0    623.8
     1     1    14     1    10     5     0     0    41.0   55.813   17.917   3594.9    620.4
     1     1    14     1    10     6     0     0    42.0   55.599   18.814   3633.8    616.7
     1     1    14     1    10     7     0     0    43.0   55.386   19.768   3673.1    613.9
     1     1    14     1    10     8     0     0    44.0   55.201   20.781   3711.1    610.6
     1     1    14     1    10     9     0     0    45.0   55.045   21.836   3745.7    607.0
     1     1    14     1    10    10     0     0    46.0   54.913   22.908   3772.9    603.4
     1     1    14     1    10    11     0     0    47.0   54.813   23.982   3790.0    600.0
     1     1    14     1    10    12     0     0    48.0   54.751   25.046   3795.3    597.3
