     1     1
    CDC1    14     1     1     0     0
     1 FORWARD  OMEGA   
    14     1    28     0   50.000   -5.000  1000.0
     1 PRESSURE
     1     1    14     1    28     0     0     0     0.0   50.000   -5.000   1000.0    863.7
     1     1    14     1    28     1     0     0     1.0   49.916   -3.859   1069.4    854.9
     1     1    14     1    28     2     0     0     2.0   49.910   -2.798   1151.7    843.1
     1     1    14     1    28     3     0     0     3.0   49.955   -1.782   1242.3    831.8
     1     1    14     1    28     4     0     0     4.0   50.022   -0.788   1335.3    821.1
     1     1    14     1    28     5     0     0     5.0   50.186    0.112   1423.1    819.3
     1     1    14     1    28     6     0     0     6.0   50.472    0.875   1490.6    814.9
     1     1    14     1    28     7     0     0     7.0   50.813    1.522   1540.3    811.5
     1     1    14     1    28     8     0     0     8.0   51.201    2.044   1576.8    808.8
     1     1    14     1    28     9     0     0     9.0   51.635    2.457   1604.8    806.2
     1     1    14     1    28    10     0     0    10.0   52.102    2.767   1627.7    802.7
     1     1    14     1    28    11     0     0    11.0   52.594    2.976   1650.0    799.8
     1     1    14     1    28    12     0     0    12.0   53.103    3.071   1675.6    798.4
     1     1    14     1    28    13     0     0    13.0   53.619    3.044   1702.7    796.9
     1     1    14     1    28    14     0     0    14.0   54.138    2.900   1728.3    795.5
     1     1    14     1    28    15     0     0    15.0   54.660    2.642   1753.0    793.8
     1     1    14     1    28    16     0     0    16.0   55.185    2.275   1776.1    791.9
     1     1    14     1    28    17     0     0    17.0   55.704    1.812   1797.9    790.3
     1     1    14     1    28    18     0     0    18.0   56.216    1.270   1820.5    788.6
     1     1    14     1    28    19     0     0    19.0   56.720    0.653   1847.0    786.5
     1     1    14     1    28    20     0     0    20.0   57.136   -0.009   1870.1    773.5
     1     1    14     1    28    21     0     0    21.0   57.479   -0.699   1895.9    771.9
     1     1    14     1    28    22     0     0    22.0   57.843   -1.429   1911.0    773.6
     1     1    14     1    28    23     0     0    23.0   58.226   -2.180   1913.8    776.9
     1     1    14     1    29     0     0     0    24.0   58.618   -2.940   1903.2    780.4
     1     1    14     1    29     1     0     0    25.0   58.995   -3.679   1886.0    783.9
     1     1    14     1    29     2     0     0    26.0   59.346   -4.376   1871.0    786.5
     1     1    14     1    29     3     0     0    27.0   59.684   -5.038   1860.8    788.6
     1     1    14     1    29     4     0     0    28.0   60.010   -5.663   1858.0    791.3
     1     1    14     1    29     5     0     0    29.0   60.319   -6.247   1862.0    792.0
     1     1    14     1    29     6     0     0    30.0   60.612   -6.792   1873.9    791.7
     1     1    14     1    29     7     0     0    31.0   60.894   -7.322   1893.9    790.6
     1     1    14     1    29     8     0     0    32.0   61.163   -7.853   1918.4    789.0
     1     1    14     1    29     9     0     0    33.0   61.414   -8.384   1947.2    787.0
     1     1    14     1    29    10     0     0    34.0   61.647   -8.917   1979.6    784.4
     1     1    14     1    29    11     0     0    35.0   61.863   -9.451   2015.7    781.2
     1     1    14     1    29    12     0     0    36.0   62.063   -9.986   2055.5    777.5
     1     1    14     1    29    13     0     0    37.0   62.253  -10.498   2088.9    771.9
     1     1    14     1    29    14     0     0    38.0   62.447  -10.972   2107.7    768.2
     1     1    14     1    29    15     0     0    39.0   62.651  -11.414   2112.3    766.1
     1     1    14     1    29    16     0     0    40.0   62.871  -11.830   2102.4    765.2
     1     1    14     1    29    17     0     0    41.0   63.113  -12.228   2078.1    765.5
     1     1    14     1    29    18     0     0    42.0   63.383  -12.620   2039.8    766.6
     1     1    14     1    29    19     0     0    43.0   63.686  -13.034   1999.8    768.9
     1     1    14     1    29    20     0     0    44.0   64.020  -13.495   1966.0    768.6
     1     1    14     1    29    21     0     0    45.0   64.382  -14.006   1938.9    766.8
     1     1    14     1    29    22     0     0    46.0   64.770  -14.570   1917.8    763.3
     1     1    14     1    29    23     0     0    47.0   65.179  -15.176   1905.4    760.6
     1     1    14     1    30     0     0     0    48.0   65.599  -15.790   1907.3    760.7
