     1     1
    CDC1    14     1     1     0     0
     1 FORWARD  OMEGA   
    14     1    18    12   50.000   -5.000  1000.0
     1 PRESSURE
     1     1    14     1    18    12     0     0     0.0   50.000   -5.000   1000.0    859.5
     1     1    14     1    18    13     0     0     1.0   50.190   -4.795   1020.7    857.2
     1     1    14     1    18    14     0     0     2.0   50.386   -4.604   1041.4    854.9
     1     1    14     1    18    15     0     0     3.0   50.587   -4.428   1062.1    852.6
     1     1    14     1    18    16     0     0     4.0   50.791   -4.265   1083.2    850.4
     1     1    14     1    18    17     0     0     5.0   50.998   -4.113   1104.8    848.2
     1     1    14     1    18    18     0     0     6.0   51.207   -3.971   1127.1    846.0
     1     1    14     1    18    19     0     0     7.0   51.417   -3.841   1148.5    844.1
     1     1    14     1    18    20     0     0     8.0   51.629   -3.720   1167.4    842.7
     1     1    14     1    18    21     0     0     9.0   51.843   -3.611   1184.4    841.5
     1     1    14     1    18    22     0     0    10.0   52.060   -3.513   1200.0    840.4
     1     1    14     1    18    23     0     0    11.0   52.280   -3.426   1214.7    839.5
     1     1    14     1    19     0     0     0    12.0   52.504   -3.351   1229.0    838.7
     1     1    14     1    19     1     0     0    13.0   52.737   -3.285   1241.7    837.4
     1     1    14     1    19     2     0     0    14.0   52.984   -3.228   1250.6    836.5
     1     1    14     1    19     3     0     0    15.0   53.247   -3.183   1256.8    835.9
     1     1    14     1    19     4     0     0    16.0   53.527   -3.153   1261.1    835.5
     1     1    14     1    19     5     0     0    17.0   53.825   -3.143   1264.3    835.1
     1     1    14     1    19     6     0     0    18.0   54.144   -3.157   1267.1    834.6
     1     1    14     1    19     7     0     0    19.0   54.478   -3.202   1273.1    834.2
     1     1    14     1    19     8     0     0    20.0   54.822   -3.282   1284.7    832.6
     1     1    14     1    19     9     0     0    21.0   55.173   -3.396   1301.5    830.7
     1     1    14     1    19    10     0     0    22.0   55.527   -3.548   1322.4    828.7
     1     1    14     1    19    11     0     0    23.0   55.883   -3.738   1347.0    826.2
     1     1    14     1    19    12     0     0    24.0   56.238   -3.967   1375.1    823.2
     1     1    14     1    19    13     0     0    25.0   56.600   -4.216   1406.3    819.5
     1     1    14     1    19    14     0     0    26.0   56.981   -4.471   1441.2    815.3
     1     1    14     1    19    15     0     0    27.0   57.381   -4.735   1481.3    810.5
     1     1    14     1    19    16     0     0    28.0   57.797   -5.015   1528.0    806.7
     1     1    14     1    19    17     0     0    29.0   58.220   -5.321   1580.6    803.9
     1     1    14     1    19    18     0     0    30.0   58.643   -5.659   1637.9    800.5
     1     1    14     1    19    19     0     0    31.0   59.057   -6.036   1696.5    796.4
     1     1    14     1    19    20     0     0    32.0   59.457   -6.450   1752.8    792.4
     1     1    14     1    19    21     0     0    33.0   59.843   -6.896   1807.7    788.1
     1     1    14     1    19    22     0     0    34.0   60.215   -7.367   1859.7    783.4
     1     1    14     1    19    23     0     0    35.0   60.573   -7.848   1907.0    779.4
     1     1    14     1    20     0     0     0    36.0   60.919   -8.335   1948.0    776.0
     1     1    14     1    20     1     0     0    37.0   61.259   -8.811   1985.6    773.1
     1     1    14     1    20     2     0     0    38.0   61.599   -9.271   2023.3    769.6
     1     1    14     1    20     3     0     0    39.0   61.946   -9.725   2060.7    765.9
     1     1    14     1    20     4     0     0    40.0   62.303  -10.182   2097.5    761.5
     1     1    14     1    20     5     0     0    41.0   62.670  -10.642   2133.6    756.9
     1     1    14     1    20     6     0     0    42.0   63.044  -11.107   2169.6    752.9
     1     1    14     1    20     7     0     0    43.0   63.424  -11.587   2202.2    748.5
     1     1    14     1    20     8     0     0    44.0   63.804  -12.091   2229.9    744.1
     1     1    14     1    20     9     0     0    45.0   64.182  -12.626   2254.5    739.0
     1     1    14     1    20    10     0     0    46.0   64.548  -13.192   2277.1    733.2
     1     1    14     1    20    11     0     0    47.0   64.896  -13.790   2298.9    726.8
     1     1    14     1    20    12     0     0    48.0   65.213  -14.419   2322.1    721.3
