     1     1
    CDC1    14     1     1     0     0
     1 FORWARD  OMEGA   
    14     1     6    12   50.000   -5.000  1000.0
     1 PRESSURE
     1     1    14     1     6    12     0     0     0.0   50.000   -5.000   1000.0    866.7
     1     1    14     1     6    13     0     0     1.0   50.666   -3.943   1038.8    860.3
     1     1    14     1     6    14     0     0     2.0   51.332   -2.859   1071.3    856.1
     1     1    14     1     6    15     0     0     3.0   51.999   -1.726   1099.3    853.1
     1     1    14     1     6    16     0     0     4.0   52.661   -0.544   1126.3    849.6
     1     1    14     1     6    17     0     0     5.0   53.294    0.630   1151.1    854.8
     1     1    14     1     6    18     0     0     6.0   53.892    1.754   1173.5    855.3
     1     1    14     1     6    19     0     0     7.0   54.458    2.850   1195.7    854.3
     1     1    14     1     6    20     0     0     8.0   54.983    3.920   1212.6    854.4
     1     1    14     1     6    21     0     0     9.0   55.475    4.936   1226.4    855.0
     1     1    14     1     6    22     0     0    10.0   55.946    5.878   1239.0    854.5
     1     1    14     1     6    23     0     0    11.0   56.405    6.751   1252.6    853.2
     1     1    14     1     7     0     0     0    12.0   56.857    7.559   1268.0    851.1
     1     1    14     1     7     1     0     0    13.0   57.303    8.330   1288.8    849.0
     1     1    14     1     7     2     0     0    14.0   57.739    9.088   1313.0    840.6
     1     1    14     1     7     3     0     0    15.0   58.165    9.827   1337.8    827.0
     1     1    14     1     7     4     0     0    16.0   58.577   10.542   1365.1    815.2
     1     1    14     1     7     5     0     0    17.0   58.976   11.225   1394.9    805.1
     1     1    14     1     7     6     0     0    18.0   59.364   11.868   1426.4    796.1
     1     1    14     1     7     7     0     0    19.0   59.734   12.490   1456.0    788.5
     1     1    14     1     7     8     0     0    20.0   60.073   13.117   1482.6    786.9
     1     1    14     1     7     9     0     0    21.0   60.375   13.756   1502.7    789.1
     1     1    14     1     7    10     0     0    22.0   60.639   14.411   1513.0    792.5
     1     1    14     1     7    11     0     0    23.0   60.866   15.077   1513.9    796.8
     1     1    14     1     7    12     0     0    24.0   61.061   15.747   1506.7    802.0
     1     1    14     1     7    13     0     0    25.0   61.238   16.408   1496.9    807.9
     1     1    14     1     7    14     0     0    26.0   61.406   17.057   1489.2    813.2
     1     1    14     1     7    15     0     0    27.0   61.565   17.690   1483.2    817.6
     1     1    14     1     7    16     0     0    28.0   61.714   18.304   1479.5    820.1
     1     1    14     1     7    17     0     0    29.0   61.854   18.895   1479.5    822.4
     1     1    14     1     7    18     0     0    30.0   61.982   19.458   1482.9    824.5
     1     1    14     1     7    19     0     0    31.0   62.097   20.008   1488.8    826.9
     1     1    14     1     7    20     0     0    32.0   62.201   20.560   1494.5    826.9
     1     1    14     1     7    21     0     0    33.0   62.294   21.116   1501.2    826.9
     1     1    14     1     7    22     0     0    34.0   62.374   21.680   1508.1    827.1
     1     1    14     1     7    23     0     0    35.0   62.437   22.257   1514.0    827.4
     1     1    14     1     8     0     0     0    36.0   62.482   22.852   1517.0    826.5
     1     1    14     1     8     1     0     0    37.0   62.513   23.441   1519.9    825.2
     1     1    14     1     8     2     0     0    38.0   62.537   23.999   1526.6    823.4
     1     1    14     1     8     3     0     0    39.0   62.556   24.528   1539.2    821.3
     1     1    14     1     8     4     0     0    40.0   62.571   25.031   1559.0    818.6
     1     1    14     1     8     5     0     0    41.0   62.586   25.509   1586.1    814.7
     1     1    14     1     8     6     0     0    42.0   62.600   25.963   1620.9    810.1
     1     1    14     1     8     7     0     0    43.0   62.613   26.405   1655.8    804.5
     1     1    14     1     8     8     0     0    44.0   62.626   26.843   1684.9    800.5
     1     1    14     1     8     9     0     0    45.0   62.640   27.277   1708.2    797.2
     1     1    14     1     8    10     0     0    46.0   62.657   27.704   1726.1    794.5
     1     1    14     1     8    11     0     0    47.0   62.677   28.125   1739.1    792.6
     1     1    14     1     8    12     0     0    48.0   62.701   28.538   1747.5    791.1
