     1     1
    CDC1    14     1     1     0     0
     1 FORWARD  OMEGA   
    14     1     8     6   50.000   -5.000  1000.0
     1 PRESSURE
     1     1    14     1     8     6     0     0     0.0   50.000   -5.000   1000.0    886.6
     1     1    14     1     8     7     0     0     1.0   50.219   -4.538    994.4    886.7
     1     1    14     1     8     8     0     0     2.0   50.455   -4.077    997.9    885.3
     1     1    14     1     8     9     0     0     3.0   50.706   -3.617   1008.8    883.5
     1     1    14     1     8    10     0     0     4.0   50.966   -3.161   1025.5    881.4
     1     1    14     1     8    11     0     0     5.0   51.232   -2.709   1046.1    879.1
     1     1    14     1     8    12     0     0     6.0   51.500   -2.270   1068.7    877.0
     1     1    14     1     8    13     0     0     7.0   51.764   -1.837   1091.7    873.9
     1     1    14     1     8    14     0     0     8.0   52.024   -1.404   1116.3    870.8
     1     1    14     1     8    15     0     0     9.0   52.282   -0.982   1143.3    867.6
     1     1    14     1     8    16     0     0    10.0   52.544   -0.578   1173.5    863.9
     1     1    14     1     8    17     0     0    11.0   52.810   -0.185   1206.5    859.4
     1     1    14     1     8    18     0     0    12.0   53.069    0.266   1239.8    862.3
     1     1    14     1     8    19     0     0    13.0   53.316    0.806   1265.4    859.6
     1     1    14     1     8    20     0     0    14.0   53.558    1.388   1289.7    857.3
     1     1    14     1     8    21     0     0    15.0   53.794    2.001   1314.8    855.0
     1     1    14     1     8    22     0     0    16.0   54.027    2.632   1342.8    852.2
     1     1    14     1     8    23     0     0    17.0   54.254    3.266   1375.0    848.5
     1     1    14     1     9     0     0     0    18.0   54.473    3.893   1412.4    844.8
     1     1    14     1     9     1     0     0    19.0   54.682    4.515   1457.1    840.0
     1     1    14     1     9     2     0     0    20.0   54.885    5.137   1514.5    834.0
     1     1    14     1     9     3     0     0    21.0   55.093    5.747   1585.1    825.8
     1     1    14     1     9     4     0     0    22.0   55.316    6.335   1669.2    816.2
     1     1    14     1     9     5     0     0    23.0   55.562    6.889   1767.7    805.2
     1     1    14     1     9     6     0     0    24.0   55.835    7.396   1882.4    792.3
     1     1    14     1     9     7     0     0    25.0   56.114    7.885   2000.2    777.6
     1     1    14     1     9     8     0     0    26.0   56.379    8.385   2110.5    765.3
     1     1    14     1     9     9     0     0    27.0   56.638    8.888   2214.6    754.0
     1     1    14     1     9    10     0     0    28.0   56.902    9.383   2316.3    742.6
     1     1    14     1     9    11     0     0    29.0   57.179    9.856   2419.9    731.2
     1     1    14     1     9    12     0     0    30.0   57.475   10.294   2529.7    719.8
     1     1    14     1     9    13     0     0    31.0   57.756   10.695   2632.9    704.1
     1     1    14     1     9    14     0     0    32.0   57.993   11.066   2734.0    690.5
     1     1    14     1     9    15     0     0    33.0   58.191   11.394   2835.5    677.5
     1     1    14     1     9    16     0     0    34.0   58.355   11.673   2940.8    665.0
     1     1    14     1     9    17     0     0    35.0   58.492   11.897   3052.5    652.7
     1     1    14     1     9    18     0     0    36.0   58.605   12.065   3172.9    640.2
     1     1    14     1     9    19     0     0    37.0   58.690   12.205   3297.1    628.3
     1     1    14     1     9    20     0     0    38.0   58.743   12.354   3413.3    618.0
     1     1    14     1     9    21     0     0    39.0   58.764   12.514   3521.2    608.8
     1     1    14     1     9    22     0     0    40.0   58.756   12.692   3619.4    601.4
     1     1    14     1     9    23     0     0    41.0   58.721   12.891   3705.7    595.3
     1     1    14     1    10     0     0     0    42.0   58.660   13.114   3778.8    590.7
     1     1    14     1    10     1     0     0    43.0   58.571   13.377   3843.6    588.4
     1     1    14     1    10     2     0     0    44.0   58.448   13.687   3896.5    587.0
     1     1    14     1    10     3     0     0    45.0   58.284   14.037   3940.1    586.6
     1     1    14     1    10     4     0     0    46.0   58.069   14.416   3973.5    587.0
     1     1    14     1    10     5     0     0    47.0   57.789   14.811   3995.5    588.1
     1     1    14     1    10     6     0     0    48.0   57.434   15.211   4003.1    589.5
