     1     1
    CDC1    14     1     1     0     0
     1 FORWARD  OMEGA   
    14     1    10     0   50.000   -5.000  1000.0
     1 PRESSURE
     1     1    14     1    10     0     0     0     0.0   50.000   -5.000   1000.0    888.4
     1     1    14     1    10     1     0     0     1.0   50.160   -4.542    967.5    891.0
     1     1    14     1    10     2     0     0     2.0   50.315   -4.058    940.4    892.8
     1     1    14     1    10     3     0     0     3.0   50.463   -3.550    917.9    894.0
     1     1    14     1    10     4     0     0     4.0   50.605   -3.018    899.4    894.8
     1     1    14     1    10     5     0     0     5.0   50.744   -2.462    884.1    895.5
     1     1    14     1    10     6     0     0     6.0   50.887   -1.888    872.3    896.9
     1     1    14     1    10     7     0     0     7.0   51.040   -1.313    863.7    898.2
     1     1    14     1    10     8     0     0     8.0   51.204   -0.750    857.1    899.3
     1     1    14     1    10     9     0     0     9.0   51.377   -0.197    852.5    900.1
     1     1    14     1    10    10     0     0    10.0   51.530    0.356    848.0    907.3
     1     1    14     1    10    11     0     0    11.0   51.659    0.907    839.3    909.4
     1     1    14     1    10    12     0     0    12.0   51.788    1.452    829.4    911.3
     1     1    14     1    10    13     0     0    13.0   51.916    2.007    821.3    913.0
     1     1    14     1    10    14     0     0    14.0   52.038    2.584    816.6    913.7
     1     1    14     1    10    15     0     0    15.0   52.155    3.185    814.5    912.4
     1     1    14     1    10    16     0     0    16.0   52.262    3.809    814.4    910.9
     1     1    14     1    10    17     0     0    17.0   52.362    4.455    814.6    909.4
     1     1    14     1    10    18     0     0    18.0   52.453    5.117    813.5    908.2
     1     1    14     1    10    19     0     0    19.0   52.532    5.791    811.5    908.0
     1     1    14     1    10    20     0     0    20.0   52.600    6.471    809.6    907.9
     1     1    14     1    10    21     0     0    21.0   52.662    7.155    808.9    907.7
     1     1    14     1    10    22     0     0    22.0   52.720    7.845    810.9    907.7
     1     1    14     1    10    23     0     0    23.0   52.774    8.541    816.4    907.6
     1     1    14     1    11     0     0     0    24.0   52.823    9.242    825.9    906.9
     1     1    14     1    11     1     0     0    25.0   52.865    9.947    836.3    905.4
     1     1    14     1    11     2     0     0    26.0   52.900   10.652    844.7    904.3
     1     1    14     1    11     3     0     0    27.0   52.928   11.351    850.6    903.6
     1     1    14     1    11     4     0     0    28.0   52.955   12.041    853.6    903.4
     1     1    14     1    11     5     0     0    29.0   52.983   12.717    853.4    903.3
     1     1    14     1    11     6     0     0    30.0   53.012   13.378    850.4    903.0
     1     1    14     1    11     7     0     0    31.0   53.043   14.043    849.2    902.7
     1     1    14     1    11     8     0     0    32.0   53.078   14.728    853.8    901.4
     1     1    14     1    11     9     0     0    33.0   53.123   15.428    864.9    899.7
     1     1    14     1    11    10     0     0    34.0   53.178   16.141    881.8    897.8
     1     1    14     1    11    11     0     0    35.0   53.244   16.863    903.6    895.6
     1     1    14     1    11    12     0     0    36.0   53.325   17.592    929.4    893.2
     1     1    14     1    11    13     0     0    37.0   53.405   18.333    956.6    889.1
     1     1    14     1    11    14     0     0    38.0   53.475   19.086    982.9    885.6
     1     1    14     1    11    15     0     0    39.0   53.552   19.846   1007.7    882.4
     1     1    14     1    11    16     0     0    40.0   53.643   20.609   1030.1    878.8
     1     1    14     1    11    17     0     0    41.0   53.754   21.372   1049.1    875.6
     1     1    14     1    11    18     0     0    42.0   53.891   22.134   1064.0    872.9
     1     1    14     1    11    19     0     0    43.0   54.032   22.897   1076.0    870.0
     1     1    14     1    11    20     0     0    44.0   54.147   23.663   1087.2    866.9
     1     1    14     1    11    21     0     0    45.0   54.245   24.426   1098.2    863.9
     1     1    14     1    11    22     0     0    46.0   54.337   25.182   1110.1    861.1
     1     1    14     1    11    23     0     0    47.0   54.423   25.929   1124.5    858.4
     1     1    14     1    12     0     0     0    48.0   54.506   26.664   1142.3    855.1
