     1     1
    CDC1    14     1     1     0     0
     1 FORWARD  OMEGA   
    14     1    14    18   50.000   -5.000  1000.0
     1 PRESSURE
     1     1    14     1    14    18     0     0     0.0   50.000   -5.000   1000.0    878.1
     1     1    14     1    14    19     0     0     1.0   50.126   -4.167   1034.8    872.6
     1     1    14     1    14    20     0     0     2.0   50.264   -3.375   1069.3    867.2
     1     1    14     1    14    21     0     0     3.0   50.414   -2.621   1103.8    862.0
     1     1    14     1    14    22     0     0     4.0   50.574   -1.892   1141.1    857.9
     1     1    14     1    14    23     0     0     5.0   50.744   -1.175   1183.2    853.4
     1     1    14     1    15     0     0     0     6.0   50.925   -0.466   1230.9    848.3
     1     1    14     1    15     1     0     0     7.0   51.113    0.182   1273.8    851.0
     1     1    14     1    15     2     0     0     8.0   51.312    0.773   1304.1    850.0
     1     1    14     1    15     3     0     0     9.0   51.520    1.356   1337.0    847.1
     1     1    14     1    15     4     0     0    10.0   51.738    1.931   1374.6    843.5
     1     1    14     1    15     5     0     0    11.0   51.966    2.500   1419.7    838.8
     1     1    14     1    15     6     0     0    12.0   52.198    3.058   1473.6    831.7
     1     1    14     1    15     7     0     0    13.0   52.435    3.581   1530.2    823.8
     1     1    14     1    15     8     0     0    14.0   52.682    4.043   1581.4    818.0
     1     1    14     1    15     9     0     0    15.0   52.944    4.439   1624.4    813.7
     1     1    14     1    15    10     0     0    16.0   53.226    4.772   1658.3    810.8
     1     1    14     1    15    11     0     0    17.0   53.530    5.047   1683.0    808.9
     1     1    14     1    15    12     0     0    18.0   53.860    5.265   1699.0    808.1
     1     1    14     1    15    13     0     0    19.0   54.206    5.434   1715.6    808.2
     1     1    14     1    15    14     0     0    20.0   54.553    5.565   1742.2    806.5
     1     1    14     1    15    15     0     0    21.0   54.903    5.658   1781.4    803.4
     1     1    14     1    15    16     0     0    22.0   55.253    5.719   1833.7    798.3
     1     1    14     1    15    17     0     0    23.0   55.603    5.756   1899.3    791.7
     1     1    14     1    15    18     0     0    24.0   55.952    5.768   1978.9    783.8
     1     1    14     1    15    19     0     0    25.0   56.302    5.770   2061.5    774.6
     1     1    14     1    15    20     0     0    26.0   56.655    5.777   2136.6    767.3
     1     1    14     1    15    21     0     0    27.0   57.011    5.789   2203.9    760.9
     1     1    14     1    15    22     0     0    28.0   57.369    5.809   2263.5    755.0
     1     1    14     1    15    23     0     0    29.0   57.722    5.845   2312.2    746.6
     1     1    14     1    16     0     0     0    30.0   58.058    5.908   2353.0    737.3
     1     1    14     1    16     1     0     0    31.0   58.376    5.979   2397.5    728.4
     1     1    14     1    16     2     0     0    32.0   58.675    6.040   2455.8    717.7
     1     1    14     1    16     3     0     0    33.0   58.954    6.094   2525.7    706.3
     1     1    14     1    16     4     0     0    34.0   59.213    6.143   2605.7    694.4
     1     1    14     1    16     5     0     0    35.0   59.450    6.188   2694.5    682.3
     1     1    14     1    16     6     0     0    36.0   59.669    6.229   2790.3    669.7
     1     1    14     1    16     7     0     0    37.0   59.875    6.272   2883.7    657.1
     1     1    14     1    16     8     0     0    38.0   60.074    6.321   2970.1    647.6
     1     1    14     1    16     9     0     0    39.0   60.272    6.371   3047.9    641.6
     1     1    14     1    16    10     0     0    40.0   60.472    6.418   3112.8    636.9
     1     1    14     1    16    11     0     0    41.0   60.676    6.458   3165.4    633.4
     1     1    14     1    16    12     0     0    42.0   60.886    6.490   3206.6    630.9
     1     1    14     1    16    13     0     0    43.0   61.096    6.525   3240.5    629.4
     1     1    14     1    16    14     0     0    44.0   61.298    6.576   3269.5    627.7
     1     1    14     1    16    15     0     0    45.0   61.491    6.648   3292.9    626.2
     1     1    14     1    16    16     0     0    46.0   61.673    6.744   3309.7    624.9
     1     1    14     1    16    17     0     0    47.0   61.843    6.866   3319.2    623.8
     1     1    14     1    16    18     0     0    48.0   61.999    7.017   3320.8    623.0
