     1     1
    CDC1    14     1     1     0     0
     1 FORWARD  OMEGA   
    14     1    15    18   50.000   -5.000  1000.0
     1 PRESSURE
     1     1    14     1    15    18     0     0     0.0   50.000   -5.000   1000.0    866.8
     1     1    14     1    15    19     0     0     1.0   50.431   -4.400   1007.9    866.2
     1     1    14     1    15    20     0     0     2.0   50.861   -3.801   1033.3    862.7
     1     1    14     1    15    21     0     0     3.0   51.286   -3.207   1073.8    857.7
     1     1    14     1    15    22     0     0     4.0   51.703   -2.619   1127.1    851.6
     1     1    14     1    15    23     0     0     5.0   52.117   -2.042   1189.0    844.7
     1     1    14     1    16     0     0     0     6.0   52.532   -1.483   1253.4    837.8
     1     1    14     1    16     1     0     0     7.0   52.950   -0.974   1307.0    830.5
     1     1    14     1    16     2     0     0     8.0   53.369   -0.542   1340.5    826.4
     1     1    14     1    16     3     0     0     9.0   53.789   -0.186   1358.9    823.9
     1     1    14     1    16     4     0     0    10.0   54.190    0.126   1374.7    830.2
     1     1    14     1    16     5     0     0    11.0   54.576    0.406   1389.5    828.6
     1     1    14     1    16     6     0     0    12.0   54.973    0.627   1406.3    827.1
     1     1    14     1    16     7     0     0    13.0   55.384    0.788   1431.9    825.6
     1     1    14     1    16     8     0     0    14.0   55.809    0.886   1466.5    822.5
     1     1    14     1    16     9     0     0    15.0   56.250    0.915   1509.3    818.5
     1     1    14     1    16    10     0     0    16.0   56.706    0.874   1558.8    813.6
     1     1    14     1    16    11     0     0    17.0   57.176    0.757   1613.4    808.0
     1     1    14     1    16    12     0     0    18.0   57.658    0.563   1670.9    802.0
     1     1    14     1    16    13     0     0    19.0   58.144    0.295   1732.6    796.9
     1     1    14     1    16    14     0     0    20.0   58.599   -0.056   1785.1    784.9
     1     1    14     1    16    15     0     0    21.0   59.021   -0.465   1834.8    783.2
     1     1    14     1    16    16     0     0    22.0   59.434   -0.898   1888.1    779.9
     1     1    14     1    16    17     0     0    23.0   59.842   -1.343   1942.7    776.5
     1     1    14     1    16    18     0     0    24.0   60.244   -1.786   1994.1    772.4
     1     1    14     1    16    19     0     0    25.0   60.639   -2.223   2038.4    768.1
     1     1    14     1    16    20     0     0    26.0   61.021   -2.657   2072.7    764.7
     1     1    14     1    16    21     0     0    27.0   61.391   -3.089   2099.7    761.2
     1     1    14     1    16    22     0     0    28.0   61.752   -3.517   2122.9    758.3
     1     1    14     1    16    23     0     0    29.0   62.108   -3.940   2145.6    755.5
     1     1    14     1    17     0     0     0    30.0   62.466   -4.356   2171.2    752.5
     1     1    14     1    17     1     0     0    31.0   62.823   -4.782   2200.2    749.6
     1     1    14     1    17     2     0     0    32.0   63.176   -5.233   2228.5    747.5
     1     1    14     1    17     3     0     0    33.0   63.525   -5.696   2256.1    746.1
     1     1    14     1    17     4     0     0    34.0   63.872   -6.163   2282.1    745.1
     1     1    14     1    17     5     0     0    35.0   64.219   -6.625   2305.3    744.5
     1     1    14     1    17     6     0     0    36.0   64.572   -7.073   2324.8    744.5
     1     1    14     1    17     7     0     0    37.0   64.926   -7.530   2340.4    744.9
     1     1    14     1    17     8     0     0    38.0   65.276   -8.034   2349.2    744.5
     1     1    14     1    17     9     0     0    39.0   65.622   -8.597   2352.3    744.2
     1     1    14     1    17    10     0     0    40.0   65.964   -9.227   2349.3    744.2
     1     1    14     1    17    11     0     0    41.0   66.306   -9.925   2339.8    744.3
     1     1    14     1    17    12     0     0    42.0   66.645  -10.695   2323.1    742.3
     1     1    14     1    17    13     0     0    43.0   66.975  -11.528   2309.6    740.4
     1     1    14     1    17    14     0     0    44.0   67.293  -12.408   2304.1    737.2
     1     1    14     1    17    15     0     0    45.0   67.601  -13.318   2310.8    734.4
     1     1    14     1    17    16     0     0    46.0   67.894  -14.224   2331.4    731.0
     1     1    14     1    17    17     0     0    47.0   68.178  -15.104   2364.2    727.8
     1     1    14     1    17    18     0     0    48.0   68.454  -15.952   2410.2    726.6
