     1     1
    CDC1    14     1     1     0     0
     1 FORWARD  OMEGA   
    14     1    13    18   50.000   -5.000  1000.0
     1 PRESSURE
     1     1    14     1    13    18     0     0     0.0   50.000   -5.000   1000.0    872.2
     1     1    14     1    13    19     0     0     1.0   50.140   -4.491   1046.6    866.5
     1     1    14     1    13    20     0     0     2.0   50.275   -4.010   1089.4    861.3
     1     1    14     1    13    21     0     0     3.0   50.401   -3.555   1128.7    856.5
     1     1    14     1    13    22     0     0     4.0   50.517   -3.129   1164.5    852.0
     1     1    14     1    13    23     0     0     5.0   50.619   -2.732   1196.6    848.0
     1     1    14     1    14     0     0     0     6.0   50.703   -2.364   1224.8    844.6
     1     1    14     1    14     1     0     0     7.0   50.768   -2.014   1242.7    842.8
     1     1    14     1    14     2     0     0     8.0   50.816   -1.673   1241.3    843.6
     1     1    14     1    14     3     0     0     9.0   50.847   -1.338   1222.2    846.2
     1     1    14     1    14     4     0     0    10.0   50.859   -1.008   1186.6    850.5
     1     1    14     1    14     5     0     0    11.0   50.853   -0.681   1135.8    856.5
     1     1    14     1    14     6     0     0    12.0   50.827   -0.355   1071.6    864.2
     1     1    14     1    14     7     0     0    13.0   50.790   -0.021   1006.4    873.1
     1     1    14     1    14     8     0     0    14.0   50.764    0.319    958.5    884.5
     1     1    14     1    14     9     0     0    15.0   50.749    0.648    921.7    889.3
     1     1    14     1    14    10     0     0    16.0   50.728    0.967    890.0    894.0
     1     1    14     1    14    11     0     0    17.0   50.701    1.274    862.0    898.4
     1     1    14     1    14    12     0     0    18.0   50.665    1.567    836.9    902.6
     1     1    14     1    14    13     0     0    19.0   50.636    1.867    815.6    906.6
     1     1    14     1    14    14     0     0    20.0   50.629    2.193    798.1    910.1
     1     1    14     1    14    15     0     0    21.0   50.643    2.540    784.0    912.9
     1     1    14     1    14    16     0     0    22.0   50.676    2.904    772.5    913.8
     1     1    14     1    14    17     0     0    23.0   50.722    3.279    763.9    914.2
     1     1    14     1    14    18     0     0    24.0   50.778    3.662    757.4    914.4
     1     1    14     1    14    19     0     0    25.0   50.841    4.037    752.0    914.0
     1     1    14     1    14    20     0     0    26.0   50.914    4.395    746.4    913.8
     1     1    14     1    14    21     0     0    27.0   51.000    4.738    740.7    913.8
     1     1    14     1    14    22     0     0    28.0   51.100    5.071    734.5    913.7
     1     1    14     1    14    23     0     0    29.0   51.213    5.398    728.2    913.1
     1     1    14     1    15     0     0     0    30.0   51.338    5.721    722.3    912.5
     1     1    14     1    15     1     0     0    31.0   51.476    6.047    718.2    911.7
     1     1    14     1    15     2     0     0    32.0   51.627    6.375    717.5    910.6
     1     1    14     1    15     3     0     0    33.0   51.791    6.706    720.1    909.5
     1     1    14     1    15     4     0     0    34.0   51.965    7.039    726.1    908.2
     1     1    14     1    15     5     0     0    35.0   52.149    7.373    735.9    906.8
     1     1    14     1    15     6     0     0    36.0   52.339    7.709    750.2    905.7
     1     1    14     1    15     7     0     0    37.0   52.534    8.025    764.3    904.7
     1     1    14     1    15     8     0     0    38.0   52.736    8.292    772.5    904.8
     1     1    14     1    15     9     0     0    39.0   52.948    8.502    774.4    905.6
     1     1    14     1    15    10     0     0    40.0   53.174    8.659    770.3    907.1
     1     1    14     1    15    11     0     0    41.0   53.420    8.760    760.6    909.2
     1     1    14     1    15    12     0     0    42.0   53.688    8.804    745.6    911.9
     1     1    14     1    15    13     0     0    43.0   53.983    8.799    731.3    915.1
     1     1    14     1    15    14     0     0    44.0   54.305    8.747    724.1    916.8
     1     1    14     1    15    15     0     0    45.0   54.654    8.647    725.8    917.7
     1     1    14     1    15    16     0     0    46.0   55.031    8.495    738.5    917.3
     1     1    14     1    15    17     0     0    47.0   55.433    8.298    763.2    914.4
     1     1    14     1    15    18     0     0    48.0   55.853    8.060    801.0    910.2
