     1     1
    CDC1    14     1     1     0     0
     1 FORWARD  OMEGA   
    14     1     9    12   50.000   -5.000  1000.0
     1 PRESSURE
     1     1    14     1     9    12     0     0     0.0   50.000   -5.000   1000.0    884.6
     1     1    14     1     9    13     0     0     1.0   49.889   -4.383    970.2    888.2
     1     1    14     1     9    14     0     0     2.0   49.797   -3.767    946.7    890.5
     1     1    14     1     9    15     0     0     3.0   49.715   -3.152    929.3    891.8
     1     1    14     1     9    16     0     0     4.0   49.634   -2.542    917.9    892.4
     1     1    14     1     9    17     0     0     5.0   49.553   -1.953    910.3    893.6
     1     1    14     1     9    18     0     0     6.0   49.474   -1.399    903.4    895.0
     1     1    14     1     9    19     0     0     7.0   49.410   -0.871    895.3    896.6
     1     1    14     1     9    20     0     0     8.0   49.374   -0.359    882.9    898.6
     1     1    14     1     9    21     0     0     9.0   49.350    0.170    882.6    903.5
     1     1    14     1     9    22     0     0    10.0   49.333    0.717    894.3    901.9
     1     1    14     1     9    23     0     0    11.0   49.329    1.246    903.8    901.8
     1     1    14     1    10     0     0     0    12.0   49.330    1.755    910.0    902.2
     1     1    14     1    10     1     0     0    13.0   49.335    2.253    915.0    902.6
     1     1    14     1    10     2     0     0    14.0   49.343    2.751    919.9    901.1
     1     1    14     1    10     3     0     0    15.0   49.355    3.254    923.4    898.4
     1     1    14     1    10     4     0     0    16.0   49.369    3.763    925.2    895.9
     1     1    14     1    10     5     0     0    17.0   49.382    4.274    924.9    893.6
     1     1    14     1    10     6     0     0    18.0   49.391    4.784    922.1    891.6
     1     1    14     1    10     7     0     0    19.0   49.400    5.286    916.3    889.1
     1     1    14     1    10     8     0     0    20.0   49.413    5.778    907.4    886.1
     1     1    14     1    10     9     0     0    21.0   49.432    6.260    895.6    883.6
     1     1    14     1    10    10     0     0    22.0   49.457    6.736    880.7    881.7
     1     1    14     1    10    11     0     0    23.0   49.488    7.205    862.8    880.3
     1     1    14     1    10    12     0     0    24.0   49.526    7.670    841.6    880.0
     1     1    14     1    10    13     0     0    25.0   49.564    8.139    817.6    880.8
     1     1    14     1    10    14     0     0    26.0   49.595    8.618    791.9    881.6
     1     1    14     1    10    15     0     0    27.0   49.617    9.103    764.8    882.3
     1     1    14     1    10    16     0     0    28.0   49.629    9.594    736.8    882.8
     1     1    14     1    10    17     0     0    29.0   49.628   10.087    708.3    883.4
     1     1    14     1    10    18     0     0    30.0   49.616   10.583    681.2    885.5
     1     1    14     1    10    19     0     0    31.0   49.600   11.083    657.5    887.2
     1     1    14     1    10    20     0     0    32.0   49.583   11.590    638.2    888.2
     1     1    14     1    10    21     0     0    33.0   49.560   12.101    622.0    888.7
     1     1    14     1    10    22     0     0    34.0   49.529   12.612    607.8    889.0
     1     1    14     1    10    23     0     0    35.0   49.489   13.119    595.2    890.2
     1     1    14     1    11     0     0     0    36.0   49.439   13.618    583.4    891.3
     1     1    14     1    11     1     0     0    37.0   49.390   14.104    570.4    892.6
     1     1    14     1    11     2     0     0    38.0   49.352   14.571    555.2    894.7
     1     1    14     1    11     3     0     0    39.0   49.326   15.016    537.4    897.6
     1     1    14     1    11     4     0     0    40.0   49.312   15.437    517.5    901.8
     1     1    14     1    11     5     0     0    41.0   49.310   15.835    496.0    906.3
     1     1    14     1    11     6     0     0    42.0   49.321   16.209    473.2    910.9
     1     1    14     1    11     7     0     0    43.0   49.346   16.574    450.7    915.6
     1     1    14     1    11     8     0     0    44.0   49.386   16.944    430.3    920.0
     1     1    14     1    11     9     0     0    45.0   49.443   17.312    411.4    924.0
     1     1    14     1    11    10     0     0    46.0   49.516   17.674    393.8    927.3
     1     1    14     1    11    11     0     0    47.0   49.605   18.029    377.6    929.8
     1     1    14     1    11    12     0     0    48.0   49.708   18.375    363.2    931.6
