     1     1
    CDC1    14     1     1     0     0
     1 FORWARD  OMEGA   
    14     1     5     0   50.000   -5.000  1000.0
     1 PRESSURE
     1     1    14     1     5     0     0     0     0.0   50.000   -5.000   1000.0    873.5
     1     1    14     1     5     1     0     0     1.0   49.967   -4.181    983.7    873.6
     1     1    14     1     5     2     0     0     2.0   49.978   -3.412    965.2    873.8
     1     1    14     1     5     3     0     0     3.0   50.021   -2.697    942.0    874.7
     1     1    14     1     5     4     0     0     4.0   50.098   -2.044    915.9    878.0
     1     1    14     1     5     5     0     0     5.0   50.221   -1.459    888.8    881.8
     1     1    14     1     5     6     0     0     6.0   50.390   -0.939    861.0    885.5
     1     1    14     1     5     7     0     0     7.0   50.613   -0.449    842.4    888.8
     1     1    14     1     5     8     0     0     8.0   50.831    0.055    828.9    897.6
     1     1    14     1     5     9     0     0     9.0   51.032    0.550    813.9    901.9
     1     1    14     1     5    10     0     0    10.0   51.272    1.011    807.4    903.8
     1     1    14     1     5    11     0     0    11.0   51.544    1.442    807.6    904.7
     1     1    14     1     5    12     0     0    12.0   51.847    1.846    813.0    904.7
     1     1    14     1     5    13     0     0    13.0   52.186    2.269    818.1    903.2
     1     1    14     1     5    14     0     0    14.0   52.570    2.748    817.6    902.1
     1     1    14     1     5    15     0     0    15.0   52.994    3.267    812.4    902.1
     1     1    14     1     5    16     0     0    16.0   53.452    3.797    803.1    903.4
     1     1    14     1     5    17     0     0    17.0   53.945    4.323    791.2    905.8
     1     1    14     1     5    18     0     0    18.0   54.472    4.832    778.1    909.1
     1     1    14     1     5    19     0     0    19.0   55.011    5.323    766.0    911.6
     1     1    14     1     5    20     0     0    20.0   55.538    5.780    756.8    912.0
     1     1    14     1     5    21     0     0    21.0   56.062    6.171    752.3    912.0
     1     1    14     1     5    22     0     0    22.0   56.598    6.489    753.2    911.4
     1     1    14     1     5    23     0     0    23.0   57.155    6.726    759.7    910.2
     1     1    14     1     6     0     0     0    24.0   57.743    6.885    769.7    903.0
     1     1    14     1     6     1     0     0    25.0   58.348    7.008    786.6    886.3
     1     1    14     1     6     2     0     0    26.0   58.958    7.127    818.5    866.8
     1     1    14     1     6     3     0     0    27.0   59.585    7.238    865.9    844.9
     1     1    14     1     6     4     0     0    28.0   60.234    7.333    930.4    827.8
     1     1    14     1     6     5     0     0    29.0   60.898    7.392   1007.3    821.5
     1     1    14     1     6     6     0     0    30.0   61.570    7.379   1083.6    816.6
     1     1    14     1     6     7     0     0    31.0   62.230    7.306   1146.2    813.1
     1     1    14     1     6     8     0     0    32.0   62.852    7.223   1190.6    816.5
     1     1    14     1     6     9     0     0    33.0   63.431    7.151   1219.4    823.4
     1     1    14     1     6    10     0     0    34.0   63.971    7.091   1235.0    830.6
     1     1    14     1     6    11     0     0    35.0   64.480    7.032   1241.2    838.1
     1     1    14     1     6    12     0     0    36.0   64.965    6.963   1241.3    845.5
     1     1    14     1     6    13     0     0    37.0   65.423    6.857   1239.4    848.5
     1     1    14     1     6    14     0     0    38.0   65.847    6.692   1242.0    849.6
     1     1    14     1     6    15     0     0    39.0   66.240    6.462   1248.3    849.9
     1     1    14     1     6    16     0     0    40.0   66.602    6.163   1256.8    849.5
     1     1    14     1     6    17     0     0    41.0   66.934    5.792   1266.0    848.3
     1     1    14     1     6    18     0     0    42.0   67.236    5.348   1274.4    846.5
     1     1    14     1     6    19     0     0    43.0   67.514    4.847   1281.5    844.6
     1     1    14     1     6    20     0     0    44.0   67.780    4.292   1287.1    842.5
     1     1    14     1     6    21     0     0    45.0   68.033    3.670   1294.0    840.0
     1     1    14     1     6    22     0     0    46.0   68.271    2.980   1303.3    837.0
     1     1    14     1     6    23     0     0    47.0   68.488    2.221   1316.4    833.8
     1     1    14     1     7     0     0     0    48.0   68.678    1.395   1335.3    830.8
