     1     1
    CDC1    14     1     1     0     0
     1 FORWARD  OMEGA   
    14     1    10    18   50.000   -5.000  1000.0
     1 PRESSURE
     1     1    14     1    10    18     0     0     0.0   50.000   -5.000   1000.0    885.2
     1     1    14     1    10    19     0     0     1.0   50.127   -4.631   1022.7    881.9
     1     1    14     1    10    20     0     0     2.0   50.234   -4.244   1041.1    879.4
     1     1    14     1    10    21     0     0     3.0   50.325   -3.842   1055.5    877.3
     1     1    14     1    10    22     0     0     4.0   50.402   -3.426   1066.1    875.5
     1     1    14     1    10    23     0     0     5.0   50.466   -3.001   1073.4    874.1
     1     1    14     1    11     0     0     0     6.0   50.519   -2.569   1077.7    872.9
     1     1    14     1    11     1     0     0     7.0   50.553   -2.130   1079.5    872.8
     1     1    14     1    11     2     0     0     8.0   50.558   -1.685   1079.0    873.1
     1     1    14     1    11     3     0     0     9.0   50.533   -1.238   1076.1    873.7
     1     1    14     1    11     4     0     0    10.0   50.478   -0.788   1070.9    874.5
     1     1    14     1    11     5     0     0    11.0   50.394   -0.340   1063.2    875.5
     1     1    14     1    11     6     0     0    12.0   50.314    0.133   1060.1    883.6
     1     1    14     1    11     7     0     0    13.0   50.251    0.627   1054.6    885.8
     1     1    14     1    11     8     0     0    14.0   50.179    1.110   1044.6    889.1
     1     1    14     1    11     9     0     0    15.0   50.093    1.586   1030.8    893.0
     1     1    14     1    11    10     0     0    16.0   49.986    2.061   1013.9    897.4
     1     1    14     1    11    11     0     0    17.0   49.856    2.540    995.1    900.5
     1     1    14     1    11    12     0     0    18.0   49.703    3.026    974.6    900.1
     1     1    14     1    11    13     0     0    19.0   49.549    3.502    956.5    899.1
     1     1    14     1    11    14     0     0    20.0   49.405    3.947    942.1    897.0
     1     1    14     1    11    15     0     0    21.0   49.263    4.366    929.8    894.4
     1     1    14     1    11    16     0     0    22.0   49.115    4.757    917.9    891.1
     1     1    14     1    11    17     0     0    23.0   48.956    5.122    904.6    887.0
     1     1    14     1    11    18     0     0    24.0   48.784    5.459    887.7    881.6
     1     1    14     1    11    19     0     0    25.0   48.616    5.761    866.8    876.9
     1     1    14     1    11    20     0     0    26.0   48.467    6.017    843.0    873.2
     1     1    14     1    11    21     0     0    27.0   48.334    6.225    816.3    870.6
     1     1    14     1    11    22     0     0    28.0   48.216    6.381    786.9    869.2
     1     1    14     1    11    23     0     0    29.0   48.113    6.483    755.2    869.1
     1     1    14     1    12     0     0     0    30.0   48.026    6.525    721.9    870.5
     1     1    14     1    12     1     0     0    31.0   47.959    6.524    689.7    872.5
     1     1    14     1    12     2     0     0    32.0   47.917    6.502    660.8    874.9
     1     1    14     1    12     3     0     0    33.0   47.898    6.462    635.4    877.7
     1     1    14     1    12     4     0     0    34.0   47.902    6.404    613.5    881.0
     1     1    14     1    12     5     0     0    35.0   47.930    6.332    594.9    884.4
     1     1    14     1    12     6     0     0    36.0   47.980    6.248    579.2    888.1
     1     1    14     1    12     7     0     0    37.0   48.047    6.163    562.6    892.1
     1     1    14     1    12     8     0     0    38.0   48.128    6.088    542.4    897.0
     1     1    14     1    12     9     0     0    39.0   48.220    6.024    518.8    902.5
     1     1    14     1    12    10     0     0    40.0   48.324    5.968    492.4    908.4
     1     1    14     1    12    11     0     0    41.0   48.440    5.921    463.7    914.9
     1     1    14     1    12    12     0     0    42.0   48.568    5.879    433.2    921.9
     1     1    14     1    12    13     0     0    43.0   48.710    5.844    407.3    929.2
     1     1    14     1    12    14     0     0    44.0   48.873    5.816    391.4    934.8
     1     1    14     1    12    15     0     0    45.0   49.057    5.795    384.3    939.6
     1     1    14     1    12    16     0     0    46.0   49.261    5.778    385.3    943.8
     1     1    14     1    12    17     0     0    47.0   49.486    5.763    393.6    947.5
     1     1    14     1    12    18     0     0    48.0   49.734    5.747    408.5    950.8
