     1     1
    CDC1    14     1     1     0     0
     1 FORWARD  OMEGA   
    14     1    16     0   50.000   -5.000  1000.0
     1 PRESSURE
     1     1    14     1    16     0     0     0     0.0   50.000   -5.000   1000.0    866.2
     1     1    14     1    16     1     0     0     1.0   50.477   -4.386   1053.8    858.3
     1     1    14     1    16     2     0     0     2.0   50.933   -3.811   1095.9    852.7
     1     1    14     1    16     3     0     0     3.0   51.375   -3.276   1124.6    849.0
     1     1    14     1    16     4     0     0     4.0   51.811   -2.781   1138.4    847.5
     1     1    14     1    16     5     0     0     5.0   52.248   -2.331   1136.9    848.1
     1     1    14     1    16     6     0     0     6.0   52.691   -1.938   1121.9    849.8
     1     1    14     1    16     7     0     0     7.0   53.138   -1.603   1107.0    851.6
     1     1    14     1    16     8     0     0     8.0   53.588   -1.323   1103.2    850.9
     1     1    14     1    16     9     0     0     9.0   54.038   -1.099   1107.8    849.5
     1     1    14     1    16    10     0     0    10.0   54.491   -0.934   1118.4    847.5
     1     1    14     1    16    11     0     0    11.0   54.946   -0.830   1132.5    845.2
     1     1    14     1    16    12     0     0    12.0   55.404   -0.791   1149.3    843.5
     1     1    14     1    16    13     0     0    13.0   55.856   -0.827   1172.2    841.9
     1     1    14     1    16    14     0     0    14.0   56.297   -0.949   1202.7    839.3
     1     1    14     1    16    15     0     0    15.0   56.727   -1.154   1242.1    836.0
     1     1    14     1    16    16     0     0    16.0   57.150   -1.441   1291.2    831.8
     1     1    14     1    16    17     0     0    17.0   57.565   -1.805   1350.5    826.5
     1     1    14     1    16    18     0     0    18.0   57.973   -2.225   1417.5    821.3
     1     1    14     1    16    19     0     0    19.0   58.365   -2.670   1481.1    815.2
     1     1    14     1    16    20     0     0    20.0   58.731   -3.125   1533.4    810.3
     1     1    14     1    16    21     0     0    21.0   59.071   -3.587   1574.9    806.8
     1     1    14     1    16    22     0     0    22.0   59.392   -4.057   1607.4    804.2
     1     1    14     1    16    23     0     0    23.0   59.700   -4.535   1632.6    802.5
     1     1    14     1    17     0     0     0    24.0   60.004   -5.020   1652.0    801.4
     1     1    14     1    17     1     0     0    25.0   60.306   -5.510   1668.1    799.9
     1     1    14     1    17     2     0     0    26.0   60.609   -6.004   1683.8    798.4
     1     1    14     1    17     3     0     0    27.0   60.916   -6.501   1699.1    797.1
     1     1    14     1    17     4     0     0    28.0   61.231   -6.999   1714.2    796.0
     1     1    14     1    17     5     0     0    29.0   61.558   -7.501   1729.3    795.1
     1     1    14     1    17     6     0     0    30.0   61.900   -8.008   1744.5    794.2
     1     1    14     1    17     7     0     0    31.0   62.252   -8.516   1760.1    792.7
     1     1    14     1    17     8     0     0    32.0   62.609   -9.028   1775.7    791.3
     1     1    14     1    17     9     0     0    33.0   62.966   -9.558   1789.2    790.6
     1     1    14     1    17    10     0     0    34.0   63.320  -10.116   1797.9    790.0
     1     1    14     1    17    11     0     0    35.0   63.670  -10.710   1800.1    788.1
     1     1    14     1    17    12     0     0    36.0   64.015  -11.347   1796.6    785.9
     1     1    14     1    17    13     0     0    37.0   64.360  -12.046   1788.6    783.6
     1     1    14     1    17    14     0     0    38.0   64.706  -12.825   1778.0    780.4
     1     1    14     1    17    15     0     0    39.0   65.049  -13.680   1769.0    776.0
     1     1    14     1    17    16     0     0    40.0   65.385  -14.597   1767.3    771.8
     1     1    14     1    17    17     0     0    41.0   65.707  -15.555   1776.7    768.9
     1     1    14     1    17    18     0     0    42.0   66.016  -16.545   1798.9    766.8
     1     1    14     1    17    19     0     0    43.0   66.305  -17.551   1832.6    764.3
     1     1    14     1    17    20     0     0    44.0   66.572  -18.567   1879.9    764.9
     1     1    14     1    17    21     0     0    45.0   66.817  -19.597   1936.1    764.9
     1     1    14     1    17    22     0     0    46.0   67.045  -20.645   2000.3    764.2
     1     1    14     1    17    23     0     0    47.0   67.257  -21.711   2071.8    762.3
     1     1    14     1    18     0     0     0    48.0   67.457  -22.799   2150.1    758.0
