     1     1
    CDC1    14     1     1     0     0
     1 FORWARD  OMEGA   
    14     1    14     6   50.000   -5.000  1000.0
     1 PRESSURE
     1     1    14     1    14     6     0     0     0.0   50.000   -5.000   1000.0    877.5
     1     1    14     1    14     7     0     0     1.0   49.906   -4.652    950.8    884.2
     1     1    14     1    14     8     0     0     2.0   49.823   -4.272    909.1    888.8
     1     1    14     1    14     9     0     0     3.0   49.750   -3.865    872.5    892.7
     1     1    14     1    14    10     0     0     4.0   49.684   -3.440    839.4    896.1
     1     1    14     1    14    11     0     0     5.0   49.624   -3.005    808.5    899.3
     1     1    14     1    14    12     0     0     6.0   49.566   -2.567    778.9    902.3
     1     1    14     1    14    13     0     0     7.0   49.525   -2.112    753.7    905.7
     1     1    14     1    14    14     0     0     8.0   49.516   -1.615    737.3    907.6
     1     1    14     1    14    15     0     0     9.0   49.539   -1.072    729.2    908.2
     1     1    14     1    14    16     0     0    10.0   49.596   -0.481    729.4    907.6
     1     1    14     1    14    17     0     0    11.0   49.670    0.109    734.0    913.2
     1     1    14     1    14    18     0     0    12.0   49.758    0.682    738.0    915.4
     1     1    14     1    14    19     0     0    13.0   49.859    1.249    743.8    916.2
     1     1    14     1    14    20     0     0    14.0   49.969    1.788    749.2    917.8
     1     1    14     1    14    21     0     0    15.0   50.092    2.296    753.4    919.0
     1     1    14     1    14    22     0     0    16.0   50.227    2.770    755.7    918.3
     1     1    14     1    14    23     0     0    17.0   50.374    3.217    756.8    916.8
     1     1    14     1    15     0     0     0    18.0   50.533    3.642    757.1    915.6
     1     1    14     1    15     1     0     0    19.0   50.707    4.059    758.0    914.1
     1     1    14     1    15     2     0     0    20.0   50.899    4.479    761.5    912.2
     1     1    14     1    15     3     0     0    21.0   51.107    4.898    767.6    910.1
     1     1    14     1    15     4     0     0    22.0   51.330    5.316    776.8    907.1
     1     1    14     1    15     5     0     0    23.0   51.561    5.731    790.1    903.8
     1     1    14     1    15     6     0     0    24.0   51.798    6.145    808.4    900.5
     1     1    14     1    15     7     0     0    25.0   52.038    6.535    827.2    897.1
     1     1    14     1    15     8     0     0    26.0   52.286    6.883    841.7    895.2
     1     1    14     1    15     9     0     0    27.0   52.546    7.184    850.8    894.5
     1     1    14     1    15    10     0     0    28.0   52.822    7.427    853.3    895.2
     1     1    14     1    15    11     0     0    29.0   53.117    7.604    849.0    897.1
     1     1    14     1    15    12     0     0    30.0   53.434    7.714    838.8    899.6
     1     1    14     1    15    13     0     0    31.0   53.774    7.769    829.0    902.6
     1     1    14     1    15    14     0     0    32.0   54.133    7.777    826.7    904.2
     1     1    14     1    15    15     0     0    33.0   54.513    7.735    833.8    904.8
     1     1    14     1    15    16     0     0    34.0   54.915    7.642    852.6    904.3
     1     1    14     1    15    17     0     0    35.0   55.335    7.503    884.5    901.1
     1     1    14     1    15    18     0     0    36.0   55.768    7.324    930.3    896.1
     1     1    14     1    15    19     0     0    37.0   56.202    7.122    982.9    889.0
     1     1    14     1    15    20     0     0    38.0   56.631    6.907   1032.9    883.1
     1     1    14     1    15    21     0     0    39.0   57.064    6.682   1078.3    877.8
     1     1    14     1    15    22     0     0    40.0   57.507    6.448   1117.2    873.3
     1     1    14     1    15    23     0     0    41.0   57.956    6.228   1144.2    861.4
     1     1    14     1    16     0     0     0    42.0   58.403    6.034   1163.6    851.2
     1     1    14     1    16     1     0     0    43.0   58.856    5.833   1184.3    842.3
     1     1    14     1    16     2     0     0    44.0   59.319    5.598   1214.4    832.2
     1     1    14     1    16     3     0     0    45.0   59.791    5.325   1251.4    822.5
     1     1    14     1    16     4     0     0    46.0   60.265    5.006   1294.6    819.3
     1     1    14     1    16     5     0     0    47.0   60.735    4.640   1336.9    821.1
     1     1    14     1    16     6     0     0    48.0   61.195    4.230   1371.3    824.1
