     1     1
    CDC1    14     1     1     0     0
     1 FORWARD  OMEGA   
    14     1    25    18   50.000   -5.000  1000.0
     1 PRESSURE
     1     1    14     1    25    18     0     0     0.0   50.000   -5.000   1000.0    891.2
     1     1    14     1    25    19     0     0     1.0   49.600   -3.858    955.4    898.7
     1     1    14     1    25    20     0     0     2.0   49.272   -2.827    935.0    900.0
     1     1    14     1    25    21     0     0     3.0   48.980   -1.911    926.5    901.8
     1     1    14     1    25    22     0     0     4.0   48.713   -1.119    922.9    904.2
     1     1    14     1    25    23     0     0     5.0   48.473   -0.449    922.1    906.3
     1     1    14     1    26     0     0     0     6.0   48.192    0.197    928.3    900.3
     1     1    14     1    26     1     0     0     7.0   47.875    0.870    949.8    894.3
     1     1    14     1    26     2     0     0     8.0   47.579    1.536    982.5    885.6
     1     1    14     1    26     3     0     0     9.0   47.279    2.183   1020.3    874.9
     1     1    14     1    26     4     0     0    10.0   46.957    2.794   1055.3    862.4
     1     1    14     1    26     5     0     0    11.0   46.603    3.364   1082.1    849.6
     1     1    14     1    26     6     0     0    12.0   46.208    3.900   1095.9    838.8
     1     1    14     1    26     7     0     0    13.0   45.791    4.418   1090.3    830.1
     1     1    14     1    26     8     0     0    14.0   45.377    4.922   1064.0    824.5
     1     1    14     1    26     9     0     0    15.0   44.968    5.390   1017.9    823.5
     1     1    14     1    26    10     0     0    16.0   44.578    5.795    961.5    835.0
     1     1    14     1    26    11     0     0    17.0   44.214    6.123    897.8    848.5
     1     1    14     1    26    12     0     0    18.0   43.873    6.371    830.6    862.9
     1     1    14     1    26    13     0     0    19.0   43.563    6.555    769.8    876.9
     1     1    14     1    26    14     0     0    20.0   43.294    6.698    720.0    888.5
     1     1    14     1    26    15     0     0    21.0   43.066    6.805    676.1    899.0
     1     1    14     1    26    16     0     0    22.0   42.880    6.882    634.3    908.5
     1     1    14     1    26    17     0     0    23.0   42.737    6.938    592.8    916.6
     1     1    14     1    26    18     0     0    24.0   42.639    6.987    550.8    923.6
     1     1    14     1    26    19     0     0    25.0   42.571    7.063    516.1    929.7
     1     1    14     1    26    20     0     0    26.0   42.514    7.187    494.8    933.5
     1     1    14     1    26    21     0     0    27.0   42.467    7.356    486.1    935.2
     1     1    14     1    26    22     0     0    28.0   42.432    7.564    489.9    935.3
     1     1    14     1    26    23     0     0    29.0   42.408    7.804    506.2    933.7
     1     1    14     1    27     0     0     0    30.0   42.394    8.069    535.9    930.7
     1     1    14     1    27     1     0     0    31.0   42.367    8.333    571.1    926.0
     1     1    14     1    27     2     0     0    32.0   42.306    8.580    603.0    922.8
     1     1    14     1    27     3     0     0    33.0   42.216    8.822    631.4    919.9
     1     1    14     1    27     4     0     0    34.0   42.106    9.066    656.7    916.9
     1     1    14     1    27     5     0     0    35.0   41.984    9.323    679.5    914.2
     1     1    14     1    27     6     0     0    36.0   41.857    9.597    701.2    911.5
     1     1    14     1    27     7     0     0    37.0   41.738    9.869    722.0    909.1
     1     1    14     1    27     8     0     0    38.0   41.632   10.117    741.3    906.6
     1     1    14     1    27     9     0     0    39.0   41.536   10.340    758.7    904.2
     1     1    14     1    27    10     0     0    40.0   41.451   10.543    774.6    902.0
     1     1    14     1    27    11     0     0    41.0   41.377   10.725    790.1    899.9
     1     1    14     1    27    12     0     0    42.0   41.313   10.891    806.0    897.6
     1     1    14     1    27    13     0     0    43.0   41.248   11.060    823.1    895.2
     1     1    14     1    27    14     0     0    44.0   41.168   11.256    843.0    892.4
     1     1    14     1    27    15     0     0    45.0   41.077   11.478    867.0    889.0
     1     1    14     1    27    16     0     0    46.0   40.976   11.726    896.5    884.9
     1     1    14     1    27    17     0     0    47.0   40.869   12.000    933.3    879.9
     1     1    14     1    27    18     0     0    48.0   40.758   12.298    980.0    873.1
