     1     1
    CDC1    14     1     1     0     0
     1 FORWARD  OMEGA   
    14     1    15    12   50.000   -5.000  1000.0
     1 PRESSURE
     1     1    14     1    15    12     0     0     0.0   50.000   -5.000   1000.0    871.3
     1     1    14     1    15    13     0     0     1.0   50.349   -4.229   1042.4    864.5
     1     1    14     1    15    14     0     0     2.0   50.703   -3.504   1083.5    858.9
     1     1    14     1    15    15     0     0     3.0   51.060   -2.820   1126.0    853.8
     1     1    14     1    15    16     0     0     4.0   51.420   -2.168   1171.6    848.8
     1     1    14     1    15    17     0     0     5.0   51.784   -1.541   1220.3    843.6
     1     1    14     1    15    18     0     0     6.0   52.153   -0.933   1272.1    838.2
     1     1    14     1    15    19     0     0     7.0   52.528   -0.341   1329.5    832.2
     1     1    14     1    15    20     0     0     8.0   52.878    0.214   1400.5    831.8
     1     1    14     1    15    21     0     0     9.0   53.199    0.723   1475.1    823.2
     1     1    14     1    15    22     0     0    10.0   53.523    1.187   1545.2    816.2
     1     1    14     1    15    23     0     0    11.0   53.849    1.613   1607.9    810.3
     1     1    14     1    16     0     0     0    12.0   54.175    2.008   1660.5    805.8
     1     1    14     1    16     1     0     0    13.0   54.506    2.368   1703.7    802.5
     1     1    14     1    16     2     0     0    14.0   54.846    2.682   1742.0    799.3
     1     1    14     1    16     3     0     0    15.0   55.198    2.947   1780.1    796.0
     1     1    14     1    16     4     0     0    16.0   55.562    3.160   1822.1    792.3
     1     1    14     1    16     5     0     0    17.0   55.936    3.318   1871.6    787.8
     1     1    14     1    16     6     0     0    18.0   56.317    3.422   1931.7    782.1
     1     1    14     1    16     7     0     0    19.0   56.707    3.472   2001.9    775.3
     1     1    14     1    16     8     0     0    20.0   57.107    3.464   2079.3    768.0
     1     1    14     1    16     9     0     0    21.0   57.515    3.399   2162.2    760.2
     1     1    14     1    16    10     0     0    22.0   57.927    3.285   2242.8    749.4
     1     1    14     1    16    11     0     0    23.0   58.339    3.126   2320.8    739.7
     1     1    14     1    16    12     0     0    24.0   58.754    2.919   2397.0    730.9
     1     1    14     1    16    13     0     0    25.0   59.170    2.673   2475.3    723.3
     1     1    14     1    16    14     0     0    26.0   59.581    2.408   2555.8    715.9
     1     1    14     1    16    15     0     0    27.0   59.987    2.142   2636.3    708.6
     1     1    14     1    16    16     0     0    28.0   60.388    1.889   2714.7    704.0
     1     1    14     1    16    17     0     0    29.0   60.785    1.659   2781.6    700.2
     1     1    14     1    16    18     0     0    30.0   61.181    1.457   2833.7    697.3
     1     1    14     1    16    19     0     0    31.0   61.566    1.264   2869.4    695.3
     1     1    14     1    16    20     0     0    32.0   61.937    1.058   2891.6    694.6
     1     1    14     1    16    21     0     0    33.0   62.298    0.836   2903.9    694.6
     1     1    14     1    16    22     0     0    34.0   62.654    0.594   2910.3    694.2
     1     1    14     1    16    23     0     0    35.0   63.011    0.322   2916.0    692.6
     1     1    14     1    17     0     0     0    36.0   63.375    0.014   2925.9    690.1
     1     1    14     1    17     1     0     0    37.0   63.743   -0.346   2939.0    682.4
     1     1    14     1    17     2     0     0    38.0   64.105   -0.727   2961.2    679.5
     1     1    14     1    17     3     0     0    39.0   64.458   -1.074   2982.5    677.1
     1     1    14     1    17     4     0     0    40.0   64.800   -1.371   3001.9    674.8
     1     1    14     1    17     5     0     0    41.0   65.130   -1.613   3019.7    673.5
     1     1    14     1    17     6     0     0    42.0   65.448   -1.808   3036.7    673.3
     1     1    14     1    17     7     0     0    43.0   65.755   -2.006   3051.6    672.7
     1     1    14     1    17     8     0     0    44.0   66.055   -2.252   3065.8    672.2
     1     1    14     1    17     9     0     0    45.0   66.349   -2.546   3076.7    672.1
     1     1    14     1    17    10     0     0    46.0   66.642   -2.894   3083.1    673.2
     1     1    14     1    17    11     0     0    47.0   66.935   -3.304   3081.7    675.2
     1     1    14     1    17    12     0     0    48.0   67.232   -3.778   3071.1    678.2
