     1     1
    CDC1    14     1     1     0     0
     1 FORWARD  OMEGA   
    14     1     8    18   50.000   -5.000  1000.0
     1 PRESSURE
     1     1    14     1     8    18     0     0     0.0   50.000   -5.000   1000.0    878.9
     1     1    14     1     8    19     0     0     1.0   50.342   -4.599   1065.3    870.7
     1     1    14     1     8    20     0     0     2.0   50.683   -4.178   1117.1    864.9
     1     1    14     1     8    21     0     0     3.0   51.026   -3.736   1157.8    860.3
     1     1    14     1     8    22     0     0     4.0   51.376   -3.271   1190.8    856.5
     1     1    14     1     8    23     0     0     5.0   51.737   -2.786   1220.1    853.0
     1     1    14     1     9     0     0     0     6.0   52.106   -2.283   1250.0    849.5
     1     1    14     1     9     1     0     0     7.0   52.432   -1.765   1283.3    845.9
     1     1    14     1     9     2     0     0     8.0   52.670   -1.222   1317.0    841.5
     1     1    14     1     9     3     0     0     9.0   52.826   -0.650   1349.8    837.1
     1     1    14     1     9     4     0     0    10.0   52.904   -0.048   1381.3    833.0
     1     1    14     1     9     5     0     0    11.0   53.001    0.647   1428.7    833.3
     1     1    14     1     9     6     0     0    12.0   53.156    1.431   1497.1    825.0
     1     1    14     1     9     7     0     0    13.0   53.315    2.240   1573.4    817.6
     1     1    14     1     9     8     0     0    14.0   53.475    3.064   1650.5    809.7
     1     1    14     1     9     9     0     0    15.0   53.637    3.906   1727.1    801.7
     1     1    14     1     9    10     0     0    16.0   53.808    4.774   1803.3    793.2
     1     1    14     1     9    11     0     0    17.0   53.993    5.672   1878.6    784.8
     1     1    14     1     9    12     0     0    18.0   54.199    6.602   1953.3    776.7
     1     1    14     1     9    13     0     0    19.0   54.413    7.560   2030.8    769.6
     1     1    14     1     9    14     0     0    20.0   54.610    8.543   2106.2    761.6
     1     1    14     1     9    15     0     0    21.0   54.788    9.562   2179.0    753.2
     1     1    14     1     9    16     0     0    22.0   54.955   10.622   2249.5    744.2
     1     1    14     1     9    17     0     0    23.0   55.117   11.711   2319.5    735.1
     1     1    14     1     9    18     0     0    24.0   55.289   12.806   2394.1    726.2
     1     1    14     1     9    19     0     0    25.0   55.460   13.869   2478.7    718.8
     1     1    14     1     9    20     0     0    26.0   55.621   14.880   2571.5    710.1
     1     1    14     1     9    21     0     0    27.0   55.774   15.840   2670.6    702.0
     1     1    14     1     9    22     0     0    28.0   55.930   16.749   2770.5    693.6
     1     1    14     1     9    23     0     0    29.0   56.106   17.617   2868.3    684.6
     1     1    14     1    10     0     0     0    30.0   56.313   18.442   2961.1    675.2
     1     1    14     1    10     1     0     0    31.0   56.519   19.216   3053.1    666.9
     1     1    14     1    10     2     0     0    32.0   56.688   19.948   3149.2    657.2
     1     1    14     1    10     3     0     0    33.0   56.815   20.647   3247.0    647.2
     1     1    14     1    10     4     0     0    34.0   56.899   21.320   3344.9    637.3
     1     1    14     1    10     5     0     0    35.0   56.950   21.970   3443.5    627.2
     1     1    14     1    10     6     0     0    36.0   56.978   22.596   3543.6    617.1
     1     1    14     1    10     7     0     0    37.0   56.998   23.210   3640.8    609.0
     1     1    14     1    10     8     0     0    38.0   57.018   23.820   3728.4    601.9
     1     1    14     1    10     9     0     0    39.0   57.037   24.423   3803.6    595.7
     1     1    14     1    10    10     0     0    40.0   57.049   25.014   3863.9    590.6
     1     1    14     1    10    11     0     0    41.0   57.054   25.592   3909.0    587.4
     1     1    14     1    10    12     0     0    42.0   57.054   26.161   3936.9    585.5
     1     1    14     1    10    13     0     0    43.0   57.049   26.717   3951.3    585.2
     1     1    14     1    10    14     0     0    44.0   57.029   27.254   3961.5    584.8
     1     1    14     1    10    15     0     0    45.0   56.990   27.769   3966.4    584.5
     1     1    14     1    10    16     0     0    46.0   56.929   28.265   3968.4    584.0
     1     1    14     1    10    17     0     0    47.0   56.845   28.740   3969.2    583.3
     1     1    14     1    10    18     0     0    48.0   56.738   29.192   3969.7    582.4
