     1     1
    CDC1    14     1     1     0     0
     1 FORWARD  OMEGA   
    14     1    24    12   50.000   -5.000  1000.0
     1 PRESSURE
     1     1    14     1    24    12     0     0     0.0   50.000   -5.000   1000.0    885.9
     1     1    14     1    24    13     0     0     1.0   49.758   -4.391   1099.4    875.4
     1     1    14     1    24    14     0     0     2.0   49.525   -3.808   1195.1    865.8
     1     1    14     1    24    15     0     0     3.0   49.292   -3.251   1287.5    857.0
     1     1    14     1    24    16     0     0     4.0   49.048   -2.715   1376.9    847.9
     1     1    14     1    24    17     0     0     5.0   48.779   -2.187   1463.5    840.3
     1     1    14     1    24    18     0     0     6.0   48.473   -1.652   1546.0    834.3
     1     1    14     1    24    19     0     0     7.0   48.133   -1.113   1624.0    829.1
     1     1    14     1    24    20     0     0     8.0   47.771   -0.580   1700.5    824.4
     1     1    14     1    24    21     0     0     9.0   47.392   -0.056   1775.7    818.8
     1     1    14     1    24    22     0     0    10.0   47.033    0.346   1826.8    796.9
     1     1    14     1    24    23     0     0    11.0   46.700    0.631   1871.5    790.1
     1     1    14     1    25     0     0     0    12.0   46.360    0.900   1910.8    782.8
     1     1    14     1    25     1     0     0    13.0   45.994    1.154   1940.3    775.4
     1     1    14     1    25     2     0     0    14.0   45.586    1.399   1958.8    769.1
     1     1    14     1    25     3     0     0    15.0   45.141    1.639   1967.1    763.4
     1     1    14     1    25     4     0     0    16.0   44.668    1.877   1968.7    759.1
     1     1    14     1    25     5     0     0    17.0   44.176    2.112   1965.8    757.1
     1     1    14     1    25     6     0     0    18.0   43.676    2.343   1959.5    757.0
     1     1    14     1    25     7     0     0    19.0   43.168    2.555   1950.0    758.5
     1     1    14     1    25     8     0     0    20.0   42.649    2.738   1940.6    761.2
     1     1    14     1    25     9     0     0    21.0   42.132    2.902   1941.0    769.5
     1     1    14     1    25    10     0     0    22.0   41.632    3.067   1951.6    778.7
     1     1    14     1    25    11     0     0    23.0   41.160    3.253   1971.8    786.5
     1     1    14     1    25    12     0     0    24.0   40.726    3.478   2002.6    792.7
     1     1    14     1    25    13     0     0    25.0   40.308    3.724   2032.2    797.2
     1     1    14     1    25    14     0     0    26.0   39.880    3.973   2046.0    801.1
     1     1    14     1    25    15     0     0    27.0   39.440    4.218   2042.1    797.1
     1     1    14     1    25    16     0     0    28.0   38.992    4.461   2031.7    792.5
     1     1    14     1    25    17     0     0    29.0   38.543    4.715   2019.8    786.7
     1     1    14     1    25    18     0     0    30.0   38.102    4.991   2010.6    779.4
     1     1    14     1    25    19     0     0    31.0   37.668    5.277   2008.0    772.0
     1     1    14     1    25    20     0     0    32.0   37.232    5.552   2007.4    764.6
     1     1    14     1    25    21     0     0    33.0   36.784    5.810   2002.6    758.8
     1     1    14     1    25    22     0     0    34.0   36.321    6.058   1992.2    754.7
     1     1    14     1    25    23     0     0    35.0   35.843    6.310   1978.0    751.7
     1     1    14     1    26     0     0     0    36.0   35.352    6.578   1962.3    750.0
     1     1    14     1    26     1     0     0    37.0   34.856    6.858   1949.9    752.4
     1     1    14     1    26     2     0     0    38.0   34.368    7.128   1941.5    762.0
     1     1    14     1    26     3     0     0    39.0   33.892    7.378   1930.3    771.2
     1     1    14     1    26     4     0     0    40.0   33.430    7.616   1916.2    779.4
     1     1    14     1    26     5     0     0    41.0   32.981    7.848   1898.9    785.6
     1     1    14     1    26     6     0     0    42.0   32.546    8.080   1879.2    790.5
     1     1    14     1    26     7     0     0    43.0   32.139    8.292   1852.0    791.1
     1     1    14     1    26     8     0     0    44.0   31.768    8.468   1817.7    792.4
     1     1    14     1    26     9     0     0    45.0   31.432    8.611   1776.0    794.6
     1     1    14     1    26    10     0     0    46.0   31.129    8.723   1726.9    797.9
     1     1    14     1    26    11     0     0    47.0   30.858    8.807   1670.8    802.1
     1     1    14     1    26    12     0     0    48.0   30.617    8.868   1608.3    807.1
