     1     1
    CDC1    14     1     1     0     0
     1 FORWARD  OMEGA   
    14     1    14    12   50.000   -5.000  1000.0
     1 PRESSURE
     1     1    14     1    14    12     0     0     0.0   50.000   -5.000   1000.0    880.2
     1     1    14     1    14    13     0     0     1.0   49.976   -4.425    986.3    880.6
     1     1    14     1    14    14     0     0     2.0   49.973   -3.826    977.9    880.0
     1     1    14     1    14    15     0     0     3.0   49.992   -3.202    974.7    878.6
     1     1    14     1    14    16     0     0     4.0   50.037   -2.553    977.0    876.9
     1     1    14     1    14    17     0     0     5.0   50.110   -1.871    986.4    875.9
     1     1    14     1    14    18     0     0     6.0   50.215   -1.146   1004.2    874.0
     1     1    14     1    14    19     0     0     7.0   50.343   -0.403   1027.6    870.9
     1     1    14     1    14    20     0     0     8.0   50.475    0.258   1048.6    877.6
     1     1    14     1    14    21     0     0     9.0   50.610    0.826   1058.3    878.6
     1     1    14     1    14    22     0     0    10.0   50.758    1.355   1066.4    878.7
     1     1    14     1    14    23     0     0    11.0   50.919    1.848   1072.2    878.9
     1     1    14     1    15     0     0     0    12.0   51.099    2.308   1075.4    879.1
     1     1    14     1    15     1     0     0    13.0   51.295    2.753   1078.6    878.3
     1     1    14     1    15     2     0     0    14.0   51.504    3.199   1086.8    875.9
     1     1    14     1    15     3     0     0    15.0   51.723    3.645   1101.0    873.0
     1     1    14     1    15     4     0     0    16.0   51.950    4.089   1122.3    869.4
     1     1    14     1    15     5     0     0    17.0   52.186    4.531   1152.2    865.2
     1     1    14     1    15     6     0     0    18.0   52.426    4.970   1192.8    860.2
     1     1    14     1    15     7     0     0    19.0   52.672    5.375   1235.6    854.4
     1     1    14     1    15     8     0     0    20.0   52.929    5.713   1270.7    851.2
     1     1    14     1    15     9     0     0    21.0   53.201    5.987   1297.2    849.0
     1     1    14     1    15    10     0     0    22.0   53.494    6.199   1315.1    847.8
     1     1    14     1    15    11     0     0    23.0   53.812    6.352   1324.8    847.8
     1     1    14     1    15    12     0     0    24.0   54.160    6.446   1326.9    848.7
     1     1    14     1    15    13     0     0    25.0   54.529    6.489   1330.9    850.4
     1     1    14     1    15    14     0     0    26.0   54.907    6.493   1346.8    849.9
     1     1    14     1    15    15     0     0    27.0   55.292    6.465   1375.9    847.0
     1     1    14     1    15    16     0     0    28.0   55.680    6.416   1418.9    842.3
     1     1    14     1    15    17     0     0    29.0   56.071    6.345   1476.1    836.1
     1     1    14     1    15    18     0     0    30.0   56.464    6.252   1548.1    828.5
     1     1    14     1    15    19     0     0    31.0   56.860    6.146   1624.0    819.5
     1     1    14     1    15    20     0     0    32.0   57.261    6.036   1692.5    812.5
     1     1    14     1    15    21     0     0    33.0   57.664    5.930   1750.3    803.6
     1     1    14     1    15    22     0     0    34.0   58.060    5.842   1795.8    792.0
     1     1    14     1    15    23     0     0    35.0   58.441    5.779   1833.5    782.0
     1     1    14     1    16     0     0     0    36.0   58.809    5.735   1866.1    772.9
     1     1    14     1    16     1     0     0    37.0   59.166    5.688   1901.6    764.4
     1     1    14     1    16     2     0     0    38.0   59.514    5.615   1948.0    754.6
     1     1    14     1    16     3     0     0    39.0   59.850    5.516   2003.1    744.6
     1     1    14     1    16     4     0     0    40.0   60.174    5.387   2066.8    738.2
     1     1    14     1    16     5     0     0    41.0   60.489    5.223   2133.5    735.2
     1     1    14     1    16     6     0     0    42.0   60.796    5.021   2196.9    732.9
     1     1    14     1    16     7     0     0    43.0   61.099    4.785   2252.0    731.3
     1     1    14     1    16     8     0     0    44.0   61.403    4.517   2298.5    731.1
     1     1    14     1    16     9     0     0    45.0   61.711    4.217   2337.7    731.7
     1     1    14     1    16    10     0     0    46.0   62.024    3.884   2371.7    733.0
     1     1    14     1    16    11     0     0    47.0   62.345    3.519   2403.2    734.6
     1     1    14     1    16    12     0     0    48.0   62.674    3.126   2433.9    735.6
