     1     1
    CDC1    14     1     1     0     0
     1 FORWARD  OMEGA   
    14     1    16     6   50.000   -5.000  1000.0
     1 PRESSURE
     1     1    14     1    16     6     0     0     0.0   50.000   -5.000   1000.0    863.8
     1     1    14     1    16     7     0     0     1.0   50.401   -4.441    991.5    863.8
     1     1    14     1    16     8     0     0     2.0   50.809   -3.915    989.8    863.2
     1     1    14     1    16     9     0     0     3.0   51.229   -3.420    995.0    862.2
     1     1    14     1    16    10     0     0     4.0   51.664   -2.954   1007.2    860.7
     1     1    14     1    16    11     0     0     5.0   52.121   -2.519   1026.7    858.6
     1     1    14     1    16    12     0     0     6.0   52.591   -2.120   1052.8    855.4
     1     1    14     1    16    13     0     0     7.0   53.057   -1.777   1081.3    851.4
     1     1    14     1    16    14     0     0     8.0   53.505   -1.505   1110.6    847.9
     1     1    14     1    16    15     0     0     9.0   53.939   -1.311   1142.7    844.3
     1     1    14     1    16    16     0     0    10.0   54.358   -1.201   1179.7    840.3
     1     1    14     1    16    17     0     0    11.0   54.766   -1.183   1223.8    835.8
     1     1    14     1    16    18     0     0    12.0   55.163   -1.258   1277.1    830.8
     1     1    14     1    16    19     0     0    13.0   55.547   -1.400   1333.2    824.2
     1     1    14     1    16    20     0     0    14.0   55.915   -1.590   1387.3    818.5
     1     1    14     1    16    21     0     0    15.0   56.269   -1.829   1437.3    813.3
     1     1    14     1    16    22     0     0    16.0   56.610   -2.118   1482.1    808.8
     1     1    14     1    16    23     0     0    17.0   56.937   -2.459   1520.5    805.1
     1     1    14     1    17     0     0     0    18.0   57.245   -2.854   1549.7    801.3
     1     1    14     1    17     1     0     0    19.0   57.530   -3.303   1570.7    798.9
     1     1    14     1    17     2     0     0    20.0   57.799   -3.788   1588.9    797.4
     1     1    14     1    17     3     0     0    21.0   58.053   -4.290   1604.1    796.1
     1     1    14     1    17     4     0     0    22.0   58.296   -4.806   1616.8    795.0
     1     1    14     1    17     5     0     0    23.0   58.531   -5.332   1628.5    795.0
     1     1    14     1    17     6     0     0    24.0   58.765   -5.859   1639.7    795.5
     1     1    14     1    17     7     0     0    25.0   59.000   -6.367   1651.4    795.8
     1     1    14     1    17     8     0     0    26.0   59.234   -6.847   1664.5    795.7
     1     1    14     1    17     9     0     0    27.0   59.469   -7.305   1679.1    795.4
     1     1    14     1    17    10     0     0    28.0   59.707   -7.745   1695.3    795.3
     1     1    14     1    17    11     0     0    29.0   59.948   -8.172   1712.8    795.0
     1     1    14     1    17    12     0     0    30.0   60.193   -8.586   1729.8    793.8
     1     1    14     1    17    13     0     0    31.0   60.444   -9.001   1740.8    792.5
     1     1    14     1    17    14     0     0    32.0   60.707   -9.439   1742.0    792.9
     1     1    14     1    17    15     0     0    33.0   60.982   -9.908   1733.6    794.3
     1     1    14     1    17    16     0     0    34.0   61.267  -10.413   1716.2    795.8
     1     1    14     1    17    17     0     0    35.0   61.563  -10.959   1691.6    797.4
     1     1    14     1    17    18     0     0    36.0   61.872  -11.554   1660.8    798.9
     1     1    14     1    17    19     0     0    37.0   62.188  -12.197   1630.7    800.6
     1     1    14     1    17    20     0     0    38.0   62.505  -12.881   1606.3    800.2
     1     1    14     1    17    21     0     0    39.0   62.814  -13.596   1589.8    799.0
     1     1    14     1    17    22     0     0    40.0   63.113  -14.330   1581.2    796.2
     1     1    14     1    17    23     0     0    41.0   63.404  -15.082   1579.1    792.5
     1     1    14     1    18     0     0     0    42.0   63.693  -15.843   1583.9    789.8
     1     1    14     1    18     1     0     0    43.0   63.971  -16.624   1589.6    785.8
     1     1    14     1    18     2     0     0    44.0   64.230  -17.443   1593.0    782.2
     1     1    14     1    18     3     0     0    45.0   64.468  -18.307   1598.1    782.1
     1     1    14     1    18     4     0     0    46.0   64.681  -19.225   1605.3    782.4
     1     1    14     1    18     5     0     0    47.0   64.869  -20.202   1616.1    783.2
     1     1    14     1    18     6     0     0    48.0   65.030  -21.242   1635.3    786.9
