     1     1
    CDC1    14     1     1     0     0
     1 FORWARD  OMEGA   
    14     1    26     6   50.000   -5.000  1000.0
     1 PRESSURE
     1     1    14     1    26     6     0     0     0.0   50.000   -5.000   1000.0    883.4
     1     1    14     1    26     7     0     0     1.0   50.388   -4.022   1091.2    868.7
     1     1    14     1    26     8     0     0     2.0   50.725   -3.064   1177.8    856.2
     1     1    14     1    26     9     0     0     3.0   51.048   -2.102   1266.0    844.6
     1     1    14     1    26    10     0     0     4.0   51.382   -1.087   1360.8    832.2
     1     1    14     1    26    11     0     0     5.0   51.731    0.005   1468.2    827.0
     1     1    14     1    26    12     0     0     6.0   52.118    0.856   1584.4    814.8
     1     1    14     1    26    13     0     0     7.0   52.486    1.650   1706.6    801.1
     1     1    14     1    26    14     0     0     8.0   52.800    2.363   1831.1    787.8
     1     1    14     1    26    15     0     0     9.0   53.081    2.997   1957.1    773.5
     1     1    14     1    26    16     0     0    10.0   53.343    3.561   2083.2    759.9
     1     1    14     1    26    17     0     0    11.0   53.606    4.059   2209.8    747.1
     1     1    14     1    26    18     0     0    12.0   53.884    4.493   2338.0    734.2
     1     1    14     1    26    19     0     0    13.0   54.173    4.865   2461.1    722.2
     1     1    14     1    26    20     0     0    14.0   54.458    5.185   2572.5    711.9
     1     1    14     1    26    21     0     0    15.0   54.737    5.468   2670.0    703.1
     1     1    14     1    26    22     0     0    16.0   55.012    5.723   2754.0    695.6
     1     1    14     1    26    23     0     0    17.0   55.287    5.951   2825.4    688.6
     1     1    14     1    27     0     0     0    18.0   55.565    6.147   2887.2    682.6
     1     1    14     1    27     1     0     0    19.0   55.845    6.290   2945.5    677.9
     1     1    14     1    27     2     0     0    20.0   56.126    6.364   3006.9    672.4
     1     1    14     1    27     3     0     0    21.0   56.407    6.371   3069.7    666.7
     1     1    14     1    27     4     0     0    22.0   56.686    6.310   3132.7    661.0
     1     1    14     1    27     5     0     0    23.0   56.961    6.185   3195.2    655.5
     1     1    14     1    27     6     0     0    24.0   57.232    5.999   3256.5    650.2
     1     1    14     1    27     7     0     0    25.0   57.506    5.773   3311.7    645.6
     1     1    14     1    27     8     0     0    26.0   57.787    5.532   3349.7    639.3
     1     1    14     1    27     9     0     0    27.0   58.072    5.282   3378.1    634.1
     1     1    14     1    27    10     0     0    28.0   58.356    5.025   3398.8    630.1
     1     1    14     1    27    11     0     0    29.0   58.634    4.762   3413.1    627.0
     1     1    14     1    27    12     0     0    30.0   58.901    4.494   3422.9    624.8
     1     1    14     1    27    13     0     0    31.0   59.162    4.200   3434.4    623.5
     1     1    14     1    27    14     0     0    32.0   59.417    3.862   3456.6    621.7
     1     1    14     1    27    15     0     0    33.0   59.664    3.482   3488.7    619.9
     1     1    14     1    27    16     0     0    34.0   59.899    3.063   3530.9    618.1
     1     1    14     1    27    17     0     0    35.0   60.117    2.611   3583.4    617.3
     1     1    14     1    27    18     0     0    36.0   60.316    2.130   3639.5    615.7
     1     1    14     1    27    19     0     0    37.0   60.503    1.624   3688.7    613.7
     1     1    14     1    27    20     0     0    38.0   60.683    1.102   3726.6    613.1
     1     1    14     1    27    21     0     0    39.0   60.854    0.576   3754.0    613.2
     1     1    14     1    27    22     0     0    40.0   61.015    0.053   3772.9    613.7
     1     1    14     1    27    23     0     0    41.0   61.118   -0.482   3775.6    611.2
     1     1    14     1    28     0     0     0    42.0   61.173   -1.025   3776.3    611.8
     1     1    14     1    28     1     0     0    43.0   61.239   -1.561   3772.7    611.8
     1     1    14     1    28     2     0     0    44.0   61.313   -2.112   3764.8    612.5
     1     1    14     1    28     3     0     0    45.0   61.393   -2.679   3750.6    613.4
     1     1    14     1    28     4     0     0    46.0   61.462   -3.266   3727.7    614.3
     1     1    14     1    28     5     0     0    47.0   61.507   -3.876   3696.0    616.1
     1     1    14     1    28     6     0     0    48.0   61.525   -4.509   3655.0    618.6
