     1     1
    CDC1    14     1     1     0     0
     1 FORWARD  OMEGA   
    14     1     6     0   50.000   -5.000  1000.0
     1 PRESSURE
     1     1    14     1     6     0     0     0     0.0   50.000   -5.000   1000.0    867.9
     1     1    14     1     6     1     0     0     1.0   50.588   -3.883   1026.2    862.0
     1     1    14     1     6     2     0     0     2.0   51.167   -2.758   1042.9    859.2
     1     1    14     1     6     3     0     0     3.0   51.753   -1.625   1051.3    858.0
     1     1    14     1     6     4     0     0     4.0   52.372   -0.475   1051.1    857.5
     1     1    14     1     6     5     0     0     5.0   52.967    0.663   1054.6    866.2
     1     1    14     1     6     6     0     0     6.0   53.505    1.779   1069.9    866.3
     1     1    14     1     6     7     0     0     7.0   54.033    2.873   1097.5    864.8
     1     1    14     1     6     8     0     0     8.0   54.560    3.931   1133.5    862.0
     1     1    14     1     6     9     0     0     9.0   55.074    4.956   1174.9    859.9
     1     1    14     1     6    10     0     0    10.0   55.569    5.936   1217.0    856.2
     1     1    14     1     6    11     0     0    11.0   56.038    6.863   1258.5    852.4
     1     1    14     1     6    12     0     0    12.0   56.482    7.759   1300.6    847.7
     1     1    14     1     6    13     0     0    13.0   56.916    8.611   1349.8    842.3
     1     1    14     1     6    14     0     0    14.0   57.359    9.411   1408.1    835.4
     1     1    14     1     6    15     0     0    15.0   57.806   10.187   1465.6    821.4
     1     1    14     1     6    16     0     0    16.0   58.250   10.960   1517.1    806.8
     1     1    14     1     6    17     0     0    17.0   58.690   11.742   1560.2    795.1
     1     1    14     1     6    18     0     0    18.0   59.125   12.550   1594.1    786.0
     1     1    14     1     6    19     0     0    19.0   59.555   13.367   1623.8    782.9
     1     1    14     1     6    20     0     0    20.0   59.971   14.178   1649.8    782.9
     1     1    14     1     6    21     0     0    21.0   60.365   14.986   1673.4    785.8
     1     1    14     1     6    22     0     0    22.0   60.729   15.788   1692.4    787.2
     1     1    14     1     6    23     0     0    23.0   61.061   16.591   1708.6    789.4
     1     1    14     1     7     0     0     0    24.0   61.357   17.404   1722.5    792.3
     1     1    14     1     7     1     0     0    25.0   61.633   18.200   1732.3    793.7
     1     1    14     1     7     2     0     0    26.0   61.904   18.955   1738.3    795.8
     1     1    14     1     7     3     0     0    27.0   62.167   19.682   1739.5    799.3
     1     1    14     1     7     4     0     0    28.0   62.419   20.397   1733.3    802.1
     1     1    14     1     7     5     0     0    29.0   62.664   21.111   1720.9    803.2
     1     1    14     1     7     6     0     0    30.0   62.902   21.833   1707.2    804.3
     1     1    14     1     7     7     0     0    31.0   63.137   22.543   1698.1    806.2
     1     1    14     1     7     8     0     0    32.0   63.373   23.218   1694.7    805.8
     1     1    14     1     7     9     0     0    33.0   63.611   23.859   1700.2    805.1
     1     1    14     1     7    10     0     0    34.0   63.848   24.471   1714.6    804.3
     1     1    14     1     7    11     0     0    35.0   64.080   25.061   1738.5    802.9
     1     1    14     1     7    12     0     0    36.0   64.303   25.636   1771.0    799.6
     1     1    14     1     7    13     0     0    37.0   64.520   26.189   1811.1    795.3
     1     1    14     1     7    14     0     0    38.0   64.733   26.712   1855.9    790.9
     1     1    14     1     7    15     0     0    39.0   64.942   27.204   1904.5    786.4
     1     1    14     1     7    16     0     0    40.0   65.147   27.661   1954.0    779.6
     1     1    14     1     7    17     0     0    41.0   65.348   28.076   2003.6    771.7
     1     1    14     1     7    18     0     0    42.0   65.545   28.452   2053.3    764.3
     1     1    14     1     7    19     0     0    43.0   65.732   28.802   2102.3    757.5
     1     1    14     1     7    20     0     0    44.0   65.899   29.135   2148.4    751.5
     1     1    14     1     7    21     0     0    45.0   66.046   29.451   2191.8    746.1
     1     1    14     1     7    22     0     0    46.0   66.173   29.751   2231.9    741.2
     1     1    14     1     7    23     0     0    47.0   66.279   30.034   2268.4    736.9
     1     1    14     1     8     0     0     0    48.0   66.363   30.304   2300.7    733.2
