     1     1
    CDC1    14     1     1     0     0
     1 FORWARD  OMEGA   
    14     1    27    18   50.000   -5.000  1000.0
     1 PRESSURE
     1     1    14     1    27    18     0     0     0.0   50.000   -5.000   1000.0    866.2
     1     1    14     1    27    19     0     0     1.0   49.857   -3.866   1028.1    861.8
     1     1    14     1    27    20     0     0     2.0   49.796   -2.800   1064.1    855.8
     1     1    14     1    27    21     0     0     3.0   49.783   -1.769   1112.5    849.7
     1     1    14     1    27    22     0     0     4.0   49.781   -0.746   1174.4    842.9
     1     1    14     1    27    23     0     0     5.0   49.852    0.183   1250.5    841.8
     1     1    14     1    28     0     0     0     6.0   50.016    0.990   1337.0    836.1
     1     1    14     1    28     1     0     0     7.0   50.226    1.718   1422.8    827.6
     1     1    14     1    28     2     0     0     8.0   50.491    2.363   1495.4    821.4
     1     1    14     1    28     3     0     0     9.0   50.802    2.936   1551.5    814.2
     1     1    14     1    28     4     0     0    10.0   51.154    3.444   1591.2    808.5
     1     1    14     1    28     5     0     0    11.0   51.544    3.896   1615.4    804.7
     1     1    14     1    28     6     0     0    12.0   51.978    4.299   1624.9    802.4
     1     1    14     1    28     7     0     0    13.0   52.449    4.641   1625.5    801.7
     1     1    14     1    28     8     0     0    14.0   52.941    4.885   1627.4    803.5
     1     1    14     1    28     9     0     0    15.0   53.445    5.009   1634.4    805.1
     1     1    14     1    28    10     0     0    16.0   53.962    5.016   1647.9    806.2
     1     1    14     1    28    11     0     0    17.0   54.495    4.906   1668.8    806.4
     1     1    14     1    28    12     0     0    18.0   55.045    4.680   1697.5    805.3
     1     1    14     1    28    13     0     0    19.0   55.601    4.346   1727.2    802.1
     1     1    14     1    28    14     0     0    20.0   56.156    3.913   1754.6    799.8
     1     1    14     1    28    15     0     0    21.0   56.717    3.383   1780.8    797.9
     1     1    14     1    28    16     0     0    22.0   57.287    2.761   1807.7    796.2
     1     1    14     1    28    17     0     0    23.0   57.860    2.079   1834.5    792.5
     1     1    14     1    28    18     0     0    24.0   58.417    1.388   1863.9    789.0
     1     1    14     1    28    19     0     0    25.0   58.947    0.700   1896.4    786.9
     1     1    14     1    28    20     0     0    26.0   59.451    0.004   1926.1    786.9
     1     1    14     1    28    21     0     0    27.0   59.899   -0.718   1949.6    783.3
     1     1    14     1    28    22     0     0    28.0   60.302   -1.447   1965.6    783.3
     1     1    14     1    28    23     0     0    29.0   60.709   -2.144   1971.2    784.1
     1     1    14     1    29     0     0     0    30.0   61.114   -2.802   1969.4    784.7
     1     1    14     1    29     1     0     0    31.0   61.499   -3.418   1968.0    784.7
     1     1    14     1    29     2     0     0    32.0   61.856   -3.995   1973.2    783.8
     1     1    14     1    29     3     0     0    33.0   62.193   -4.548   1984.8    782.5
     1     1    14     1    29     4     0     0    34.0   62.518   -5.086   2002.6    780.9
     1     1    14     1    29     5     0     0    35.0   62.831   -5.604   2025.4    779.8
     1     1    14     1    29     6     0     0    36.0   63.131   -6.097   2050.4    778.8
     1     1    14     1    29     7     0     0    37.0   63.425   -6.579   2081.6    777.5
     1     1    14     1    29     8     0     0    38.0   63.715   -7.067   2121.9    775.1
     1     1    14     1    29     9     0     0    39.0   64.003   -7.563   2172.1    771.9
     1     1    14     1    29    10     0     0    40.0   64.287   -8.064   2229.7    766.7
     1     1    14     1    29    11     0     0    41.0   64.565   -8.567   2294.4    760.5
     1     1    14     1    29    12     0     0    42.0   64.841   -9.073   2366.3    753.4
     1     1    14     1    29    13     0     0    43.0   65.121   -9.564   2433.0    745.3
     1     1    14     1    29    14     0     0    44.0   65.407  -10.021   2478.9    740.1
     1     1    14     1    29    15     0     0    45.0   65.701  -10.439   2502.6    735.4
     1     1    14     1    29    16     0     0    46.0   66.001  -10.818   2508.2    732.8
     1     1    14     1    29    17     0     0    47.0   66.312  -11.163   2498.8    731.8
     1     1    14     1    29    18     0     0    48.0   66.634  -11.475   2477.1    732.3
