     1     1
    CDC1    14     1     1     0     0
     1 FORWARD  OMEGA   
    14     1    21     0   50.000   -5.000  1000.0
     1 PRESSURE
     1     1    14     1    21     0     0     0     0.0   50.000   -5.000   1000.0    883.9
     1     1    14     1    21     1     0     0     1.0   50.249   -4.804    988.3    884.4
     1     1    14     1    21     2     0     0     2.0   50.498   -4.585    979.6    884.5
     1     1    14     1    21     3     0     0     3.0   50.748   -4.343    973.3    884.4
     1     1    14     1    21     4     0     0     4.0   50.999   -4.082    969.2    884.2
     1     1    14     1    21     5     0     0     5.0   51.250   -3.805    966.8    884.0
     1     1    14     1    21     6     0     0     6.0   51.503   -3.516    965.5    883.9
     1     1    14     1    21     7     0     0     7.0   51.763   -3.231    963.4    884.0
     1     1    14     1    21     8     0     0     8.0   52.039   -2.966    958.8    884.8
     1     1    14     1    21     9     0     0     9.0   52.331   -2.722    952.4    886.1
     1     1    14     1    21    10     0     0    10.0   52.643   -2.502    945.4    887.2
     1     1    14     1    21    11     0     0    11.0   52.983   -2.306    939.6    887.3
     1     1    14     1    21    12     0     0    12.0   53.355   -2.134    936.9    887.0
     1     1    14     1    21    13     0     0    13.0   53.753   -1.970    937.5    885.7
     1     1    14     1    21    14     0     0    14.0   54.171   -1.805    941.2    884.0
     1     1    14     1    21    15     0     0    15.0   54.610   -1.647    946.4    882.1
     1     1    14     1    21    16     0     0    16.0   55.074   -1.506    951.6    880.3
     1     1    14     1    21    17     0     0    17.0   55.568   -1.405    956.4    879.5
     1     1    14     1    21    18     0     0    18.0   56.098   -1.365    960.2    878.9
     1     1    14     1    21    19     0     0    19.0   56.660   -1.400    961.2    878.7
     1     1    14     1    21    20     0     0    20.0   57.250   -1.520    958.8    879.0
     1     1    14     1    21    21     0     0    21.0   57.866   -1.726    954.3    881.5
     1     1    14     1    21    22     0     0    22.0   58.502   -2.005    949.4    885.5
     1     1    14     1    21    23     0     0    23.0   59.155   -2.354    944.7    889.7
     1     1    14     1    22     0     0     0    24.0   59.823   -2.768    941.0    893.1
     1     1    14     1    22     1     0     0    25.0   60.498   -3.218    941.4    892.8
     1     1    14     1    22     2     0     0    26.0   61.169   -3.671    949.4    890.1
     1     1    14     1    22     3     0     0    27.0   61.838   -4.128    964.0    886.9
     1     1    14     1    22     4     0     0    28.0   62.510   -4.598    983.2    883.3
     1     1    14     1    22     5     0     0    29.0   63.175   -5.086   1003.0    880.2
     1     1    14     1    22     6     0     0    30.0   63.823   -5.601   1018.9    879.4
     1     1    14     1    22     7     0     0    31.0   64.449   -6.155   1031.2    880.4
     1     1    14     1    22     8     0     0    32.0   65.056   -6.758   1042.3    882.0
     1     1    14     1    22     9     0     0    33.0   65.645   -7.396   1052.8    884.3
     1     1    14     1    22    10     0     0    34.0   66.212   -8.046   1063.3    883.8
     1     1    14     1    22    11     0     0    35.0   66.759   -8.708   1075.0    882.1
     1     1    14     1    22    12     0     0    36.0   67.293   -9.390   1089.5    879.5
     1     1    14     1    22    13     0     0    37.0   67.818  -10.112   1105.2    874.4
     1     1    14     1    22    14     0     0    38.0   68.325  -10.882   1120.1    867.8
     1     1    14     1    22    15     0     0    39.0   68.804  -11.700   1137.2    862.5
     1     1    14     1    22    16     0     0    40.0   69.254  -12.591   1157.5    858.5
     1     1    14     1    22    17     0     0    41.0   69.663  -13.571   1181.8    856.8
     1     1    14     1    22    18     0     0    42.0   70.021  -14.646   1209.2    856.1
     1     1    14     1    22    19     0     0    43.0   70.307  -15.743   1242.1    856.0
     1     1    14     1    22    20     0     0    44.0   70.510  -16.787   1283.5    853.9
     1     1    14     1    22    21     0     0    45.0   70.639  -17.787   1333.1    849.0
     1     1    14     1    22    22     0     0    46.0   70.700  -18.743   1390.4    840.4
     1     1    14     1    22    23     0     0    47.0   70.701  -19.664   1457.1    830.8
     1     1    14     1    23     0     0     0    48.0   70.644  -20.564   1531.9    817.1
