     1     1
    CDC1    14     1     1     0     0
     1 FORWARD  OMEGA   
    14     1    24     6   50.000   -5.000  1000.0
     1 PRESSURE
     1     1    14     1    24     6     0     0     0.0   50.000   -5.000   1000.0    885.0
     1     1    14     1    24     7     0     0     1.0   49.823   -4.182   1096.3    875.1
     1     1    14     1    24     8     0     0     2.0   49.635   -3.447   1200.5    863.8
     1     1    14     1    24     9     0     0     3.0   49.439   -2.791   1311.5    851.9
     1     1    14     1    24    10     0     0     4.0   49.226   -2.194   1428.8    839.6
     1     1    14     1    24    11     0     0     5.0   48.981   -1.629   1551.8    828.4
     1     1    14     1    24    12     0     0     6.0   48.696   -1.081   1680.7    817.6
     1     1    14     1    24    13     0     0     7.0   48.366   -0.526   1812.4    806.8
     1     1    14     1    24    14     0     0     8.0   48.024   -0.037   1921.9    796.7
     1     1    14     1    24    15     0     0     9.0   47.634    0.443   2011.4    777.6
     1     1    14     1    24    16     0     0    10.0   47.234    0.796   2067.7    770.4
     1     1    14     1    24    17     0     0    11.0   46.782    1.107   2101.3    762.7
     1     1    14     1    24    18     0     0    12.0   46.269    1.377   2113.0    756.5
     1     1    14     1    24    19     0     0    13.0   45.710    1.626   2111.0    751.9
     1     1    14     1    24    20     0     0    14.0   45.121    1.870   2099.1    747.0
     1     1    14     1    24    21     0     0    15.0   44.510    2.108   2081.9    745.2
     1     1    14     1    24    22     0     0    16.0   43.883    2.342   2062.0    745.9
     1     1    14     1    24    23     0     0    17.0   43.235    2.566   2039.1    748.5
     1     1    14     1    25     0     0     0    18.0   42.560    2.775   2011.9    753.0
     1     1    14     1    25     1     0     0    19.0   41.887    2.984   1994.2    767.5
     1     1    14     1    25     2     0     0    20.0   41.244    3.204   1984.9    781.1
     1     1    14     1    25     3     0     0    21.0   40.620    3.417   1982.0    793.6
     1     1    14     1    25     4     0     0    22.0   40.001    3.606   1984.5    805.5
     1     1    14     1    25     5     0     0    23.0   39.383    3.764   1975.7    800.6
     1     1    14     1    25     6     0     0    24.0   38.762    3.891   1967.0    794.6
     1     1    14     1    25     7     0     0    25.0   38.154    4.027   1963.9    788.0
     1     1    14     1    25     8     0     0    26.0   37.576    4.209   1969.4    779.4
     1     1    14     1    25     9     0     0    27.0   37.030    4.430   1974.6    767.1
     1     1    14     1    25    10     0     0    28.0   36.513    4.671   1978.1    756.2
     1     1    14     1    25    11     0     0    29.0   36.013    4.916   1979.4    746.7
     1     1    14     1    25    12     0     0    30.0   35.520    5.147   1977.6    739.4
     1     1    14     1    25    13     0     0    31.0   35.027    5.365   1970.7    733.8
     1     1    14     1    25    14     0     0    32.0   34.550    5.575   1971.2    741.7
     1     1    14     1    25    15     0     0    33.0   34.105    5.769   1968.3    749.8
     1     1    14     1    25    16     0     0    34.0   33.689    5.946   1960.3    757.8
     1     1    14     1    25    17     0     0    35.0   33.300    6.105   1946.3    765.7
     1     1    14     1    25    18     0     0    36.0   32.938    6.244   1925.5    773.8
     1     1    14     1    25    19     0     0    37.0   32.587    6.369   1900.4    782.6
     1     1    14     1    25    20     0     0    38.0   32.238    6.489   1871.1    788.3
     1     1    14     1    25    21     0     0    39.0   31.889    6.606   1843.1    792.4
     1     1    14     1    25    22     0     0    40.0   31.540    6.714   1818.1    796.0
     1     1    14     1    25    23     0     0    41.0   31.192    6.808   1796.3    798.9
     1     1    14     1    26     0     0     0    42.0   30.843    6.880   1777.8    801.3
     1     1    14     1    26     1     0     0    43.0   30.502    6.931   1758.7    802.5
     1     1    14     1    26     2     0     0    44.0   30.176    6.965   1736.8    804.3
     1     1    14     1    26     3     0     0    45.0   29.866    6.987   1710.3    804.7
     1     1    14     1    26     4     0     0    46.0   29.571    7.005   1679.2    803.1
     1     1    14     1    26     5     0     0    47.0   29.290    7.018   1645.2    801.9
     1     1    14     1    26     6     0     0    48.0   29.022    7.024   1607.9    801.3
