     1     1
    CDC1    14     1     1     0     0
     1 FORWARD  OMEGA   
    14     1    26     0   50.000   -5.000  1000.0
     1 PRESSURE
     1     1    14     1    26     0     0     0     0.0   50.000   -5.000   1000.0    891.1
     1     1    14     1    26     1     0     0     1.0   49.969   -4.418   1020.0    887.2
     1     1    14     1    26     2     0     0     2.0   49.961   -3.756   1048.4    881.5
     1     1    14     1    26     3     0     0     3.0   49.974   -3.043   1085.7    874.7
     1     1    14     1    26     4     0     0     4.0   50.021   -2.307   1133.9    867.3
     1     1    14     1    26     5     0     0     5.0   50.136   -1.557   1197.4    859.9
     1     1    14     1    26     6     0     0     6.0   50.348   -0.784   1278.3    850.8
     1     1    14     1    26     7     0     0     7.0   50.621    0.043   1373.0    845.8
     1     1    14     1    26     8     0     0     8.0   50.749    0.698   1454.2    837.3
     1     1    14     1    26     9     0     0     9.0   50.898    1.375   1538.5    828.8
     1     1    14     1    26    10     0     0    10.0   51.078    2.057   1625.5    820.2
     1     1    14     1    26    11     0     0    11.0   51.298    2.734   1715.1    810.3
     1     1    14     1    26    12     0     0    12.0   51.552    3.399   1808.3    797.6
     1     1    14     1    26    13     0     0    13.0   51.797    4.038   1906.4    784.1
     1     1    14     1    26    14     0     0    14.0   52.004    4.642   2012.3    770.9
     1     1    14     1    26    15     0     0    15.0   52.197    5.217   2125.4    757.3
     1     1    14     1    26    16     0     0    16.0   52.388    5.772   2244.3    743.7
     1     1    14     1    26    17     0     0    17.0   52.593    6.310   2367.6    730.6
     1     1    14     1    26    18     0     0    18.0   52.823    6.821   2494.8    718.5
     1     1    14     1    26    19     0     0    19.0   53.064    7.292   2616.6    706.6
     1     1    14     1    26    20     0     0    20.0   53.296    7.724   2730.8    696.4
     1     1    14     1    26    21     0     0    21.0   53.520    8.124   2835.6    686.9
     1     1    14     1    26    22     0     0    22.0   53.743    8.496   2932.6    678.1
     1     1    14     1    26    23     0     0    23.0   53.969    8.840   3025.0    669.8
     1     1    14     1    27     0     0     0    24.0   54.205    9.155   3115.5    661.8
     1     1    14     1    27     1     0     0    25.0   54.448    9.426   3203.7    654.1
     1     1    14     1    27     2     0     0    26.0   54.695    9.638   3294.7    646.3
     1     1    14     1    27     3     0     0    27.0   54.945    9.792   3387.3    638.3
     1     1    14     1    27     4     0     0    28.0   55.198    9.885   3481.1    630.0
     1     1    14     1    27     5     0     0    29.0   55.456    9.916   3575.2    621.8
     1     1    14     1    27     6     0     0    30.0   55.717    9.882   3668.4    613.8
     1     1    14     1    27     7     0     0    31.0   55.987    9.795   3753.4    606.9
     1     1    14     1    27     8     0     0    32.0   56.273    9.664   3824.5    601.6
     1     1    14     1    27     9     0     0    33.0   56.576    9.497   3883.0    597.4
     1     1    14     1    27    10     0     0    34.0   56.896    9.300   3930.4    594.1
     1     1    14     1    27    11     0     0    35.0   57.233    9.081   3968.5    591.5
     1     1    14     1    27    12     0     0    36.0   57.587    8.847   3996.3    588.0
     1     1    14     1    27    13     0     0    37.0   57.951    8.588   4012.7    581.1
     1     1    14     1    27    14     0     0    38.0   58.318    8.292   4030.0    573.7
     1     1    14     1    27    15     0     0    39.0   58.688    7.962   4050.7    566.0
     1     1    14     1    27    16     0     0    40.0   59.064    7.607   4075.4    558.1
     1     1    14     1    27    17     0     0    41.0   59.448    7.233   4107.4    550.7
     1     1    14     1    27    18     0     0    42.0   59.841    6.845   4146.8    544.0
     1     1    14     1    27    19     0     0    43.0   60.241    6.433   4195.4    541.8
     1     1    14     1    27    20     0     0    44.0   60.643    5.992   4239.9    544.0
     1     1    14     1    27    21     0     0    45.0   61.042    5.531   4272.9    547.4
     1     1    14     1    27    22     0     0    46.0   61.435    5.061   4295.4    551.9
     1     1    14     1    27    23     0     0    47.0   61.820    4.590   4306.6    556.8
     1     1    14     1    28     0     0     0    48.0   62.196    4.128   4308.3    562.2
