     1     1
    CDC1    14     1     1     0     0
     1 FORWARD  OMEGA   
    14     1    20    18   50.000   -5.000  1000.0
     1 PRESSURE
     1     1    14     1    20    18     0     0     0.0   50.000   -5.000   1000.0    884.7
     1     1    14     1    20    19     0     0     1.0   50.026   -4.820    958.1    889.2
     1     1    14     1    20    20     0     0     2.0   50.081   -4.640    922.7    892.6
     1     1    14     1    20    21     0     0     3.0   50.167   -4.461    892.8    895.1
     1     1    14     1    20    22     0     0     4.0   50.285   -4.285    867.3    897.4
     1     1    14     1    20    23     0     0     5.0   50.436   -4.112    845.3    899.3
     1     1    14     1    21     0     0     0     6.0   50.622   -3.942    826.2    901.2
     1     1    14     1    21     1     0     0     7.0   50.829   -3.762    809.4    902.5
     1     1    14     1    21     2     0     0     8.0   51.044   -3.564    794.8    903.7
     1     1    14     1    21     3     0     0     9.0   51.266   -3.349    782.1    904.8
     1     1    14     1    21     4     0     0    10.0   51.496   -3.120    770.7    905.9
     1     1    14     1    21     5     0     0    11.0   51.734   -2.883    759.9    907.1
     1     1    14     1    21     6     0     0    12.0   51.982   -2.641    749.3    908.4
     1     1    14     1    21     7     0     0    13.0   52.244   -2.406    737.6    910.0
     1     1    14     1    21     8     0     0    14.0   52.529   -2.187    724.3    911.8
     1     1    14     1    21     9     0     0    15.0   52.846   -1.988    710.9    912.8
     1     1    14     1    21    10     0     0    16.0   53.199   -1.814    698.9    913.5
     1     1    14     1    21    11     0     0    17.0   53.587   -1.666    689.3    913.9
     1     1    14     1    21    12     0     0    18.0   54.008   -1.542    682.8    913.9
     1     1    14     1    21    13     0     0    19.0   54.458   -1.436    679.3    912.9
     1     1    14     1    21    14     0     0    20.0   54.931   -1.349    678.2    911.6
     1     1    14     1    21    15     0     0    21.0   55.433   -1.299    679.3    911.0
     1     1    14     1    21    16     0     0    22.0   55.970   -1.311    682.4    910.4
     1     1    14     1    21    17     0     0    23.0   56.546   -1.398    686.3    909.7
     1     1    14     1    21    18     0     0    24.0   57.162   -1.574    689.7    909.3
     1     1    14     1    21    19     0     0    25.0   57.809   -1.840    691.1    910.7
     1     1    14     1    21    20     0     0    26.0   58.472   -2.180    691.3    914.2
     1     1    14     1    21    21     0     0    27.0   59.146   -2.585    690.5    917.6
     1     1    14     1    21    22     0     0    28.0   59.830   -3.053    690.1    920.0
     1     1    14     1    21    23     0     0    29.0   60.514   -3.557    692.0    919.3
     1     1    14     1    22     0     0     0    30.0   61.190   -4.072    699.3    917.2
     1     1    14     1    22     1     0     0    31.0   61.866   -4.598    713.8    913.9
     1     1    14     1    22     2     0     0    32.0   62.552   -5.146    734.5    910.3
     1     1    14     1    22     3     0     0    33.0   63.229   -5.716    757.7    908.2
     1     1    14     1    22     4     0     0    34.0   63.886   -6.316    779.0    907.5
     1     1    14     1    22     5     0     0    35.0   64.530   -6.974    796.2    908.2
     1     1    14     1    22     6     0     0    36.0   65.165   -7.714    807.7    909.8
     1     1    14     1    22     7     0     0    37.0   65.774   -8.496    815.8    909.6
     1     1    14     1    22     8     0     0    38.0   66.347   -9.282    825.4    907.9
     1     1    14     1    22     9     0     0    39.0   66.893  -10.085    836.9    905.0
     1     1    14     1    22    10     0     0    40.0   67.416  -10.911    850.4    898.6
     1     1    14     1    22    11     0     0    41.0   67.901  -11.727    867.6    892.0
     1     1    14     1    22    12     0     0    42.0   68.338  -12.499    888.5    887.0
     1     1    14     1    22    13     0     0    43.0   68.733  -13.274    911.5    883.7
     1     1    14     1    22    14     0     0    44.0   69.087  -14.107    935.4    881.4
     1     1    14     1    22    15     0     0    45.0   69.398  -15.011    960.1    879.6
     1     1    14     1    22    16     0     0    46.0   69.657  -15.988    985.7    880.2
     1     1    14     1    22    17     0     0    47.0   69.855  -17.035   1010.6    880.7
     1     1    14     1    22    18     0     0    48.0   69.987  -18.141   1033.8    880.1
