     1     1
    CDC1    14     1     1     0     0
     1 FORWARD  OMEGA   
    14     1     5     6   50.000   -5.000  1000.0
     1 PRESSURE
     1     1    14     1     5     6     0     0     0.0   50.000   -5.000   1000.0    875.8
     1     1    14     1     5     7     0     0     1.0   50.362   -4.530   1015.3    872.5
     1     1    14     1     5     8     0     0     2.0   50.737   -4.015   1039.9    868.2
     1     1    14     1     5     9     0     0     3.0   51.136   -3.469   1073.5    863.6
     1     1    14     1     5    10     0     0     4.0   51.575   -2.910   1115.3    858.8
     1     1    14     1     5    11     0     0     5.0   52.070   -2.348   1165.6    853.9
     1     1    14     1     5    12     0     0     6.0   52.646   -1.782   1226.0    847.5
     1     1    14     1     5    13     0     0     7.0   53.276   -1.190   1284.7    837.9
     1     1    14     1     5    14     0     0     8.0   53.923   -0.564   1336.1    830.2
     1     1    14     1     5    15     0     0     9.0   54.545    0.084   1371.9    832.0
     1     1    14     1     5    16     0     0    10.0   55.142    0.742   1391.1    833.0
     1     1    14     1     5    17     0     0    11.0   55.753    1.374   1417.4    832.7
     1     1    14     1     5    18     0     0    12.0   56.379    1.941   1454.0    831.5
     1     1    14     1     5    19     0     0    13.0   57.004    2.426   1492.7    827.3
     1     1    14     1     5    20     0     0    14.0   57.615    2.819   1529.6    822.4
     1     1    14     1     5    21     0     0    15.0   58.220    3.119   1562.1    813.7
     1     1    14     1     5    22     0     0    16.0   58.827    3.324   1593.4    804.5
     1     1    14     1     5    23     0     0    17.0   59.449    3.433   1626.4    794.9
     1     1    14     1     6     0     0     0    18.0   60.089    3.444   1664.3    786.4
     1     1    14     1     6     1     0     0    19.0   60.730    3.415   1714.1    784.6
     1     1    14     1     6     2     0     0    20.0   61.353    3.385   1775.3    780.9
     1     1    14     1     6     3     0     0    21.0   61.958    3.322   1842.6    776.9
     1     1    14     1     6     4     0     0    22.0   62.544    3.197   1912.0    772.9
     1     1    14     1     6     5     0     0    23.0   63.108    3.001   1977.9    768.1
     1     1    14     1     6     6     0     0    24.0   63.651    2.727   2036.2    763.8
     1     1    14     1     6     7     0     0    25.0   64.161    2.397   2077.0    759.6
     1     1    14     1     6     8     0     0    26.0   64.630    2.053   2099.3    756.2
     1     1    14     1     6     9     0     0    27.0   65.059    1.699   2108.4    753.4
     1     1    14     1     6    10     0     0    28.0   65.453    1.335   2111.2    751.4
     1     1    14     1     6    11     0     0    29.0   65.815    0.951   2112.3    749.5
     1     1    14     1     6    12     0     0    30.0   66.147    0.533   2113.2    747.7
     1     1    14     1     6    13     0     0    31.0   66.457    0.055   2114.3    746.3
     1     1    14     1     6    14     0     0    32.0   66.734   -0.550   2122.9    746.6
     1     1    14     1     6    15     0     0    33.0   66.982   -1.265   2132.9    746.2
     1     1    14     1     6    16     0     0    34.0   67.216   -2.036   2139.7    746.5
     1     1    14     1     6    17     0     0    35.0   67.433   -2.864   2144.7    748.1
     1     1    14     1     6    18     0     0    36.0   67.627   -3.768   2150.1    750.8
     1     1    14     1     6    19     0     0    37.0   67.791   -4.736   2160.7    752.9
     1     1    14     1     6    20     0     0    38.0   67.922   -5.738   2182.2    752.5
     1     1    14     1     6    21     0     0    39.0   68.016   -6.766   2213.6    750.6
     1     1    14     1     6    22     0     0    40.0   68.076   -7.812   2252.5    746.9
     1     1    14     1     6    23     0     0    41.0   68.101   -8.861   2296.0    740.4
     1     1    14     1     7     0     0     0    42.0   68.096   -9.903   2344.7    733.8
     1     1    14     1     7     1     0     0    43.0   68.061  -10.954   2394.1    725.4
     1     1    14     1     7     2     0     0    44.0   67.998  -12.033   2444.4    716.9
     1     1    14     1     7     3     0     0    45.0   67.905  -13.128   2495.3    708.8
     1     1    14     1     7     4     0     0    46.0   67.780  -14.224   2545.8    700.8
     1     1    14     1     7     5     0     0    47.0   67.623  -15.306   2595.5    693.2
     1     1    14     1     7     6     0     0    48.0   67.433  -16.365   2645.0    687.9
