     1     1
    CDC1    14     1     1     0     0
     1 FORWARD  OMEGA   
    14     1    21     6   50.000   -5.000  1000.0
     1 PRESSURE
     1     1    14     1    21     6     0     0     0.0   50.000   -5.000   1000.0    880.6
     1     1    14     1    21     7     0     0     1.0   50.274   -4.706   1018.5    877.5
     1     1    14     1    21     8     0     0     2.0   50.562   -4.420   1033.5    875.2
     1     1    14     1    21     9     0     0     3.0   50.864   -4.147   1045.1    873.5
     1     1    14     1    21    10     0     0     4.0   51.182   -3.887   1053.7    872.4
     1     1    14     1    21    11     0     0     5.0   51.519   -3.644   1060.0    871.8
     1     1    14     1    21    12     0     0     6.0   51.874   -3.418   1065.2    871.6
     1     1    14     1    21    13     0     0     7.0   52.239   -3.190   1071.7    871.3
     1     1    14     1    21    14     0     0     8.0   52.604   -2.941   1081.6    870.2
     1     1    14     1    21    15     0     0     9.0   52.975   -2.682   1094.1    868.0
     1     1    14     1    21    16     0     0    10.0   53.358   -2.424   1108.7    865.6
     1     1    14     1    21    17     0     0    11.0   53.759   -2.169   1124.5    862.7
     1     1    14     1    21    18     0     0    12.0   54.182   -1.921   1139.7    859.8
     1     1    14     1    21    19     0     0    13.0   54.626   -1.698   1151.6    857.3
     1     1    14     1    21    20     0     0    14.0   55.090   -1.520   1158.9    855.7
     1     1    14     1    21    21     0     0    15.0   55.578   -1.402   1162.9    855.3
     1     1    14     1    21    22     0     0    16.0   56.093   -1.358   1163.7    855.2
     1     1    14     1    21    23     0     0    17.0   56.636   -1.395   1161.0    855.4
     1     1    14     1    22     0     0     0    18.0   57.210   -1.519   1154.3    856.1
     1     1    14     1    22     1     0     0    19.0   57.809   -1.718   1146.6    858.9
     1     1    14     1    22     2     0     0    20.0   58.424   -1.966   1142.1    862.8
     1     1    14     1    22     3     0     0    21.0   59.058   -2.254   1141.7    866.3
     1     1    14     1    22     4     0     0    22.0   59.718   -2.583   1145.6    869.1
     1     1    14     1    22     5     0     0    23.0   60.391   -2.935   1153.6    868.5
     1     1    14     1    22     6     0     0    24.0   61.060   -3.287   1166.2    865.8
     1     1    14     1    22     7     0     0    25.0   61.708   -3.634   1184.6    863.1
     1     1    14     1    22     8     0     0    26.0   62.327   -3.987   1209.8    859.4
     1     1    14     1    22     9     0     0    27.0   62.918   -4.361   1238.2    855.2
     1     1    14     1    22    10     0     0    28.0   63.478   -4.764   1266.5    851.9
     1     1    14     1    22    11     0     0    29.0   64.016   -5.208   1293.1    849.8
     1     1    14     1    22    12     0     0    30.0   64.539   -5.698   1316.7    848.8
     1     1    14     1    22    13     0     0    31.0   65.069   -6.235   1333.6    848.6
     1     1    14     1    22    14     0     0    32.0   65.623   -6.806   1343.4    850.7
     1     1    14     1    22    15     0     0    33.0   66.196   -7.421   1348.8    852.9
     1     1    14     1    22    16     0     0    34.0   66.788   -8.113   1350.0    852.8
     1     1    14     1    22    17     0     0    35.0   67.394   -8.920   1349.2    851.7
     1     1    14     1    22    18     0     0    36.0   68.000   -9.846   1348.6    847.5
     1     1    14     1    22    19     0     0    37.0   68.571  -10.834   1356.8    841.3
     1     1    14     1    22    20     0     0    38.0   69.080  -11.856   1380.6    834.9
     1     1    14     1    22    21     0     0    39.0   69.524  -12.918   1421.0    829.4
     1     1    14     1    22    22     0     0    40.0   69.894  -14.018   1479.0    824.7
     1     1    14     1    22    23     0     0    41.0   70.184  -15.121   1552.1    819.2
     1     1    14     1    23     0     0     0    42.0   70.395  -16.187   1637.0    813.1
     1     1    14     1    23     1     0     0    43.0   70.541  -17.215   1724.4    805.7
     1     1    14     1    23     2     0     0    44.0   70.639  -18.219   1804.8    796.0
     1     1    14     1    23     3     0     0    45.0   70.694  -19.208   1877.1    786.0
     1     1    14     1    23     4     0     0    46.0   70.711  -20.194   1939.9    776.0
     1     1    14     1    23     5     0     0    47.0   70.694  -21.190   1990.1    762.7
     1     1    14     1    23     6     0     0    48.0   70.648  -22.207   2031.6    750.6
