     1     1
    CDC1    14     1     1     0     0
     1 FORWARD  OMEGA   
    14     1     3     0   50.000   -5.000  1000.0
     1 PRESSURE
     1     1    14     1     3     0     0     0     0.0   50.000   -5.000   1000.0    865.5
     1     1    14     1     3     1     0     0     1.0   50.550   -3.928   1044.7    858.6
     1     1    14     1     3     2     0     0     2.0   51.130   -2.883   1088.9    852.6
     1     1    14     1     3     3     0     0     3.0   51.740   -1.827   1128.6    847.9
     1     1    14     1     3     4     0     0     4.0   52.385   -0.720   1160.1    844.1
     1     1    14     1     3     5     0     0     5.0   53.053    0.350   1183.6    848.8
     1     1    14     1     3     6     0     0     6.0   53.740    1.323   1202.7    847.8
     1     1    14     1     3     7     0     0     7.0   54.454    2.223   1225.9    847.1
     1     1    14     1     3     8     0     0     8.0   55.180    3.044   1253.1    845.8
     1     1    14     1     3     9     0     0     9.0   55.898    3.768   1285.3    844.3
     1     1    14     1     3    10     0     0    10.0   56.605    4.382   1324.7    841.0
     1     1    14     1     3    11     0     0    11.0   57.317    4.898   1373.8    835.9
     1     1    14     1     3    12     0     0    12.0   58.036    5.319   1427.1    820.9
     1     1    14     1     3    13     0     0    13.0   58.749    5.651   1482.8    802.0
     1     1    14     1     3    14     0     0    14.0   59.460    5.905   1536.4    782.4
     1     1    14     1     3    15     0     0    15.0   60.172    6.085   1586.9    766.9
     1     1    14     1     3    16     0     0    16.0   60.874    6.181   1632.2    765.6
     1     1    14     1     3    17     0     0    17.0   61.562    6.178   1660.9    767.1
     1     1    14     1     3    18     0     0    18.0   62.244    6.067   1676.7    770.8
     1     1    14     1     3    19     0     0    19.0   62.909    5.858   1689.4    778.8
     1     1    14     1     3    20     0     0    20.0   63.539    5.578   1703.7    786.8
     1     1    14     1     3    21     0     0    21.0   64.129    5.228   1719.7    793.4
     1     1    14     1     3    22     0     0    22.0   64.682    4.797   1737.8    797.5
     1     1    14     1     3    23     0     0    23.0   65.193    4.291   1758.2    796.8
     1     1    14     1     4     0     0     0    24.0   65.660    3.743   1783.5    792.6
     1     1    14     1     4     1     0     0    25.0   66.083    3.173   1807.2    787.3
     1     1    14     1     4     2     0     0    26.0   66.464    2.567   1820.7    783.7
     1     1    14     1     4     3     0     0    27.0   66.805    1.905   1824.4    780.9
     1     1    14     1     4     4     0     0    28.0   67.109    1.162   1819.8    779.1
     1     1    14     1     4     5     0     0    29.0   67.380    0.313   1808.2    778.4
     1     1    14     1     4     6     0     0    30.0   67.599   -0.727   1804.4    784.0
     1     1    14     1     4     7     0     0    31.0   67.779   -1.865   1806.7    783.4
     1     1    14     1     4     8     0     0    32.0   67.943   -2.959   1825.0    782.7
     1     1    14     1     4     9     0     0    33.0   68.077   -4.044   1859.7    781.8
     1     1    14     1     4    10     0     0    34.0   68.171   -5.140   1909.4    778.7
     1     1    14     1     4    11     0     0    35.0   68.219   -6.233   1970.5    773.4
     1     1    14     1     4    12     0     0    36.0   68.219   -7.309   2041.1    767.5
     1     1    14     1     4    13     0     0    37.0   68.168   -8.360   2107.8    759.3
     1     1    14     1     4    14     0     0    38.0   68.064   -9.380   2161.5    753.1
     1     1    14     1     4    15     0     0    39.0   67.909  -10.364   2201.1    747.3
     1     1    14     1     4    16     0     0    40.0   67.710  -11.306   2225.3    741.3
     1     1    14     1     4    17     0     0    41.0   67.471  -12.202   2235.4    736.2
     1     1    14     1     4    18     0     0    42.0   67.206  -13.035   2234.9    733.0
     1     1    14     1     4    19     0     0    43.0   66.940  -13.787   2230.9    730.7
     1     1    14     1     4    20     0     0    44.0   66.688  -14.459   2230.0    727.5
     1     1    14     1     4    21     0     0    45.0   66.455  -15.071   2231.8    724.5
     1     1    14     1     4    22     0     0    46.0   66.244  -15.638   2236.6    723.0
     1     1    14     1     4    23     0     0    47.0   66.056  -16.177   2241.4    721.4
     1     1    14     1     5     0     0     0    48.0   65.890  -16.700   2244.8    719.9
