     1     1
    CDC1    14     1     1     0     0
     1 FORWARD  OMEGA   
    14     1    24     0   50.000   -5.000  1000.0
     1 PRESSURE
     1     1    14     1    24     0     0     0     0.0   50.000   -5.000   1000.0    890.2
     1     1    14     1    24     1     0     0     1.0   49.839   -4.301   1043.5    884.5
     1     1    14     1    24     2     0     0     2.0   49.654   -3.598   1098.9    877.4
     1     1    14     1    24     3     0     0     3.0   49.457   -2.894   1167.6    869.3
     1     1    14     1    24     4     0     0     4.0   49.256   -2.183   1251.1    860.8
     1     1    14     1    24     5     0     0     5.0   49.053   -1.448   1350.5    851.6
     1     1    14     1    24     6     0     0     6.0   48.847   -0.678   1466.0    840.5
     1     1    14     1    24     7     0     0     7.0   48.627    0.018   1579.3    825.2
     1     1    14     1    24     8     0     0     8.0   48.387    0.595   1678.3    814.2
     1     1    14     1    24     9     0     0     9.0   48.125    1.114   1766.3    802.6
     1     1    14     1    24    10     0     0    10.0   47.841    1.584   1841.7    791.4
     1     1    14     1    24    11     0     0    11.0   47.537    2.013   1903.1    780.9
     1     1    14     1    24    12     0     0    12.0   47.214    2.404   1946.8    771.5
     1     1    14     1    24    13     0     0    13.0   46.864    2.754   1968.3    763.6
     1     1    14     1    24    14     0     0    14.0   46.471    3.058   1968.3    757.5
     1     1    14     1    24    15     0     0    15.0   46.035    3.316   1949.6    753.5
     1     1    14     1    24    16     0     0    16.0   45.550    3.528   1914.6    751.0
     1     1    14     1    24    17     0     0    17.0   45.011    3.698   1865.6    749.9
     1     1    14     1    24    18     0     0    18.0   44.427    3.841   1816.8    758.6
     1     1    14     1    24    19     0     0    19.0   43.828    3.992   1771.8    768.8
     1     1    14     1    24    20     0     0    20.0   43.230    4.164   1731.5    779.2
     1     1    14     1    24    21     0     0    21.0   42.630    4.348   1695.4    790.6
     1     1    14     1    24    22     0     0    22.0   42.041    4.549   1666.9    804.8
     1     1    14     1    24    23     0     0    23.0   41.475    4.771   1648.3    818.1
     1     1    14     1    25     0     0     0    24.0   40.929    5.019   1642.6    829.3
     1     1    14     1    25     1     0     0    25.0   40.387    5.287   1648.7    837.2
     1     1    14     1    25     2     0     0    26.0   39.838    5.559   1660.7    838.6
     1     1    14     1    25     3     0     0    27.0   39.285    5.827   1669.7    827.2
     1     1    14     1    25     4     0     0    28.0   38.724    6.090   1680.4    815.7
     1     1    14     1    25     5     0     0    29.0   38.145    6.349   1690.5    803.9
     1     1    14     1    25     6     0     0    30.0   37.538    6.609   1697.7    792.0
     1     1    14     1    25     7     0     0    31.0   36.940    6.899   1705.2    785.9
     1     1    14     1    25     8     0     0    32.0   36.382    7.237   1710.3    782.0
     1     1    14     1    25     9     0     0    33.0   35.851    7.603   1711.6    781.0
     1     1    14     1    25    10     0     0    34.0   35.335    7.979   1708.5    782.8
     1     1    14     1    25    11     0     0    35.0   34.823    8.350   1700.1    787.9
     1     1    14     1    25    12     0     0    36.0   34.317    8.699   1685.3    795.6
     1     1    14     1    25    13     0     0    37.0   33.830    9.042   1663.2    801.5
     1     1    14     1    25    14     0     0    38.0   33.368    9.401   1635.2    805.5
     1     1    14     1    25    15     0     0    39.0   32.925    9.770   1599.4    807.9
     1     1    14     1    25    16     0     0    40.0   32.496   10.145   1555.4    809.9
     1     1    14     1    25    17     0     0    41.0   32.087   10.517   1508.0    812.2
     1     1    14     1    25    18     0     0    42.0   31.699   10.884   1459.9    813.7
     1     1    14     1    25    19     0     0    43.0   31.324   11.248   1413.7    815.1
     1     1    14     1    25    20     0     0    44.0   30.958   11.611   1369.9    815.2
     1     1    14     1    25    21     0     0    45.0   30.597   11.967   1327.2    814.6
     1     1    14     1    25    22     0     0    46.0   30.237   12.311   1283.6    813.5
     1     1    14     1    25    23     0     0    47.0   29.877   12.641   1240.1    815.1
     1     1    14     1    26     0     0     0    48.0   29.513   12.955   1198.6    821.5
