     1     1
    CDC1    14     1     1     0     0
     1 FORWARD  OMEGA   
    14     1    17     6   50.000   -5.000  1000.0
     1 PRESSURE
     1     1    14     1    17     6     0     0     0.0   50.000   -5.000   1000.0    862.6
     1     1    14     1    17     7     0     0     1.0   50.162   -4.348    998.1    862.2
     1     1    14     1    17     8     0     0     2.0   50.355   -3.700    997.7    861.5
     1     1    14     1    17     9     0     0     3.0   50.576   -3.054    998.3    860.7
     1     1    14     1    17    10     0     0     4.0   50.823   -2.408    999.6    860.1
     1     1    14     1    17    11     0     0     5.0   51.080   -1.770   1001.9    860.3
     1     1    14     1    17    12     0     0     6.0   51.335   -1.144   1004.5    860.4
     1     1    14     1    17    13     0     0     7.0   51.588   -0.531   1005.7    860.7
     1     1    14     1    17    14     0     0     8.0   51.883    0.091   1006.6    869.2
     1     1    14     1    17    15     0     0     9.0   52.226    0.727   1006.7    870.8
     1     1    14     1    17    16     0     0    10.0   52.574    1.355   1010.7    871.4
     1     1    14     1    17    17     0     0    11.0   52.929    1.939   1022.2    871.3
     1     1    14     1    17    18     0     0    12.0   53.289    2.451   1044.3    870.0
     1     1    14     1    17    19     0     0    13.0   53.649    2.882   1074.4    867.1
     1     1    14     1    17    20     0     0    14.0   54.007    3.234   1109.1    864.4
     1     1    14     1    17    21     0     0    15.0   54.365    3.524   1148.0    861.4
     1     1    14     1    17    22     0     0    16.0   54.723    3.763   1190.8    858.2
     1     1    14     1    17    23     0     0    17.0   55.084    3.962   1236.5    854.8
     1     1    14     1    18     0     0     0    18.0   55.452    4.115   1283.7    850.9
     1     1    14     1    18     1     0     0    19.0   55.838    4.195   1331.8    846.4
     1     1    14     1    18     2     0     0    20.0   56.245    4.183   1380.9    841.5
     1     1    14     1    18     3     0     0    21.0   56.672    4.087   1430.4    836.6
     1     1    14     1    18     4     0     0    22.0   57.120    3.915   1479.7    831.8
     1     1    14     1    18     5     0     0    23.0   57.587    3.683   1527.7    826.4
     1     1    14     1    18     6     0     0    24.0   58.068    3.425   1569.7    818.3
     1     1    14     1    18     7     0     0    25.0   58.558    3.164   1606.6    812.1
     1     1    14     1    18     8     0     0    26.0   59.057    2.905   1639.1    807.3
     1     1    14     1    18     9     0     0    27.0   59.567    2.653   1668.4    803.8
     1     1    14     1    18    10     0     0    28.0   60.088    2.416   1695.4    801.7
     1     1    14     1    18    11     0     0    29.0   60.612    2.210   1722.8    802.8
     1     1    14     1    18    12     0     0    30.0   61.138    2.050   1750.3    803.4
     1     1    14     1    18    13     0     0    31.0   61.657    1.920   1774.0    803.2
     1     1    14     1    18    14     0     0    32.0   62.162    1.794   1788.8    804.3
     1     1    14     1    18    15     0     0    33.0   62.648    1.666   1793.9    805.4
     1     1    14     1    18    16     0     0    34.0   63.111    1.525   1789.6    805.7
     1     1    14     1    18    17     0     0    35.0   63.551    1.371   1778.1    806.5
     1     1    14     1    18    18     0     0    36.0   63.967    1.214   1759.3    807.9
     1     1    14     1    18    19     0     0    37.0   64.368    1.062   1737.8    809.6
     1     1    14     1    18    20     0     0    38.0   64.757    0.920   1719.6    810.3
     1     1    14     1    18    21     0     0    39.0   65.137    0.786   1705.1    810.9
     1     1    14     1    18    22     0     0    40.0   65.516    0.655   1695.1    811.8
     1     1    14     1    18    23     0     0    41.0   65.896    0.529   1689.3    812.4
     1     1    14     1    19     0     0     0    42.0   66.279    0.423   1687.7    812.8
     1     1    14     1    19     1     0     0    43.0   66.665    0.334   1687.8    812.8
     1     1    14     1    19     2     0     0    44.0   67.051    0.251   1687.6    813.2
     1     1    14     1    19     3     0     0    45.0   67.434    0.171   1687.7    813.7
     1     1    14     1    19     4     0     0    46.0   67.818    0.076   1689.3    814.2
     1     1    14     1    19     5     0     0    47.0   68.225   -0.077   1704.7    815.4
     1     1    14     1    19     6     0     0    48.0   68.655   -0.283   1731.9    812.3
