     1     1
    CDC1    14     1     1     0     0
     1 FORWARD  OMEGA   
    14     1    16    18   50.000   -5.000  1000.0
     1 PRESSURE
     1     1    14     1    16    18     0     0     0.0   50.000   -5.000   1000.0    859.0
     1     1    14     1    16    19     0     0     1.0   50.223   -4.249   1023.0    855.6
     1     1    14     1    16    20     0     0     2.0   50.489   -3.528   1051.1    851.8
     1     1    14     1    16    21     0     0     3.0   50.792   -2.830   1084.2    847.7
     1     1    14     1    16    22     0     0     4.0   51.115   -2.155   1121.6    843.7
     1     1    14     1    16    23     0     0     5.0   51.436   -1.504   1161.3    839.6
     1     1    14     1    17     0     0     0     6.0   51.743   -0.878   1201.6    835.5
     1     1    14     1    17     1     0     0     7.0   52.034   -0.277   1238.3    831.8
     1     1    14     1    17     2     0     0     8.0   52.382    0.339   1269.6    837.4
     1     1    14     1    17     3     0     0     9.0   52.801    0.946   1292.1    836.6
     1     1    14     1    17     4     0     0    10.0   53.228    1.476   1312.7    835.8
     1     1    14     1    17     5     0     0    11.0   53.667    1.915   1335.3    834.6
     1     1    14     1    17     6     0     0    12.0   54.117    2.260   1363.0    832.6
     1     1    14     1    17     7     0     0    13.0   54.575    2.520   1396.8    829.8
     1     1    14     1    17     8     0     0    14.0   55.037    2.710   1435.3    826.2
     1     1    14     1    17     9     0     0    15.0   55.497    2.824   1475.0    823.0
     1     1    14     1    17    10     0     0    16.0   55.956    2.856   1513.8    819.9
     1     1    14     1    17    11     0     0    17.0   56.414    2.807   1552.2    816.6
     1     1    14     1    17    12     0     0    18.0   56.869    2.680   1591.4    813.1
     1     1    14     1    17    13     0     0    19.0   57.320    2.465   1635.3    809.4
     1     1    14     1    17    14     0     0    20.0   57.760    2.171   1685.9    802.8
     1     1    14     1    17    15     0     0    21.0   58.182    1.832   1739.1    796.1
     1     1    14     1    17    16     0     0    22.0   58.586    1.462   1792.5    790.1
     1     1    14     1    17    17     0     0    23.0   58.976    1.061   1843.9    785.3
     1     1    14     1    17    18     0     0    24.0   59.354    0.626   1890.8    781.9
     1     1    14     1    17    19     0     0    25.0   59.726    0.159   1932.4    780.2
     1     1    14     1    17    20     0     0    26.0   60.075   -0.348   1960.9    774.3
     1     1    14     1    17    21     0     0    27.0   60.404   -0.879   1981.7    773.4
     1     1    14     1    17    22     0     0    28.0   60.734   -1.408   2003.2    771.7
     1     1    14     1    17    23     0     0    29.0   61.063   -1.936   2026.2    769.8
     1     1    14     1    18     0     0     0    30.0   61.388   -2.467   2051.3    767.8
     1     1    14     1    18     1     0     0    31.0   61.711   -2.993   2076.0    764.6
     1     1    14     1    18     2     0     0    32.0   62.033   -3.506   2100.2    761.5
     1     1    14     1    18     3     0     0    33.0   62.351   -4.008   2124.0    758.5
     1     1    14     1    18     4     0     0    34.0   62.662   -4.500   2147.1    755.5
     1     1    14     1    18     5     0     0    35.0   62.964   -4.986   2169.4    753.2
     1     1    14     1    18     6     0     0    36.0   63.253   -5.474   2190.5    752.0
     1     1    14     1    18     7     0     0    37.0   63.531   -5.969   2210.8    751.6
     1     1    14     1    18     8     0     0    38.0   63.804   -6.469   2233.7    751.0
     1     1    14     1    18     9     0     0    39.0   64.070   -6.973   2259.5    750.2
     1     1    14     1    18    10     0     0    40.0   64.331   -7.477   2288.7    749.3
     1     1    14     1    18    11     0     0    41.0   64.583   -7.978   2320.4    746.9
     1     1    14     1    18    12     0     0    42.0   64.828   -8.471   2355.7    744.0
     1     1    14     1    18    13     0     0    43.0   65.066   -8.964   2391.0    741.0
     1     1    14     1    18    14     0     0    44.0   65.299   -9.467   2424.1    737.8
     1     1    14     1    18    15     0     0    45.0   65.528   -9.974   2454.5    734.8
     1     1    14     1    18    16     0     0    46.0   65.753  -10.474   2479.5    730.1
     1     1    14     1    18    17     0     0    47.0   65.976  -10.955   2500.6    725.8
     1     1    14     1    18    18     0     0    48.0   66.195  -11.413   2517.3    722.1
