     1     1
    CDC1    14     1     1     0     0
     1 FORWARD  OMEGA   
    14     1     3     6   50.000   -5.000  1000.0
     1 PRESSURE
     1     1    14     1     3     6     0     0     0.0   50.000   -5.000   1000.0    866.9
     1     1    14     1     3     7     0     0     1.0   50.468   -3.699    994.6    865.5
     1     1    14     1     3     8     0     0     2.0   50.965   -2.443    992.5    864.5
     1     1    14     1     3     9     0     0     3.0   51.499   -1.198    992.3    864.1
     1     1    14     1     3    10     0     0     4.0   52.071   -0.003    991.0    863.5
     1     1    14     1     3    11     0     0     5.0   52.670    1.175    988.0    873.9
     1     1    14     1     3    12     0     0     6.0   53.276    2.217    978.5    876.2
     1     1    14     1     3    13     0     0     7.0   53.887    3.195    972.0    877.8
     1     1    14     1     3    14     0     0     8.0   54.498    4.126    973.8    878.7
     1     1    14     1     3    15     0     0     9.0   55.112    4.999    984.4    879.8
     1     1    14     1     3    16     0     0    10.0   55.721    5.788   1003.3    878.0
     1     1    14     1     3    17     0     0    11.0   56.319    6.486   1031.5    874.5
     1     1    14     1     3    18     0     0    12.0   56.913    7.107   1067.6    869.6
     1     1    14     1     3    19     0     0    13.0   57.504    7.660   1112.9    863.8
     1     1    14     1     3    20     0     0    14.0   58.091    8.158   1161.3    843.7
     1     1    14     1     3    21     0     0    15.0   58.685    8.604   1214.3    823.3
     1     1    14     1     3    22     0     0    16.0   59.294    8.996   1271.9    802.1
     1     1    14     1     3    23     0     0    17.0   59.929    9.331   1334.1    779.2
     1     1    14     1     4     0     0     0    18.0   60.577    9.608   1406.4    769.5
     1     1    14     1     4     1     0     0    19.0   61.206    9.838   1471.9    761.6
     1     1    14     1     4     2     0     0    20.0   61.808   10.030   1521.6    755.9
     1     1    14     1     4     3     0     0    21.0   62.393   10.165   1558.5    752.0
     1     1    14     1     4     4     0     0    22.0   62.961   10.246   1586.7    756.0
     1     1    14     1     4     5     0     0    23.0   63.503   10.289   1600.7    762.8
     1     1    14     1     4     6     0     0    24.0   64.024   10.301   1599.6    770.6
     1     1    14     1     4     7     0     0    25.0   64.525   10.290   1590.3    780.3
     1     1    14     1     4     8     0     0    26.0   65.006   10.259   1576.1    789.9
     1     1    14     1     4     9     0     0    27.0   65.459   10.221   1556.8    796.4
     1     1    14     1     4    10     0     0    28.0   65.877   10.189   1536.4    802.4
     1     1    14     1     4    11     0     0    29.0   66.265   10.150   1514.2    808.3
     1     1    14     1     4    12     0     0    30.0   66.631   10.088   1489.7    814.5
     1     1    14     1     4    13     0     0    31.0   66.981   10.026   1461.8    820.2
     1     1    14     1     4    14     0     0    32.0   67.325    9.994   1431.6    826.0
     1     1    14     1     4    15     0     0    33.0   67.664    9.984   1401.5    830.8
     1     1    14     1     4    16     0     0    34.0   67.997    9.982   1374.3    834.4
     1     1    14     1     4    17     0     0    35.0   68.323    9.972   1352.2    837.6
     1     1    14     1     4    18     0     0    36.0   68.646    9.940   1336.5    840.1
     1     1    14     1     4    19     0     0    37.0   68.956    9.868   1329.5    842.5
     1     1    14     1     4    20     0     0    38.0   69.249    9.751   1331.9    843.4
     1     1    14     1     4    21     0     0    39.0   69.529    9.584   1344.0    843.1
     1     1    14     1     4    22     0     0    40.0   69.802    9.367   1365.7    841.6
     1     1    14     1     4    23     0     0    41.0   70.074    9.096   1396.7    838.9
     1     1    14     1     5     0     0     0    42.0   70.346    8.757   1435.5    835.3
     1     1    14     1     5     1     0     0    43.0   70.614    8.347   1474.9    831.0
     1     1    14     1     5     2     0     0    44.0   70.874    7.874   1510.4    827.7
     1     1    14     1     5     3     0     0    45.0   71.125    7.333   1543.2    824.3
     1     1    14     1     5     4     0     0    46.0   71.366    6.722   1574.4    820.4
     1     1    14     1     5     5     0     0    47.0   71.597    6.038   1605.5    816.4
     1     1    14     1     5     6     0     0    48.0   71.819    5.280   1637.5    812.3
