     1     1
    CDC1    14     1     1     0     0
     1 FORWARD  OMEGA   
    14     1    18    18   50.000   -5.000  1000.0
     1 PRESSURE
     1     1    14     1    18    18     0     0     0.0   50.000   -5.000   1000.0    860.7
     1     1    14     1    18    19     0     0     1.0   50.107   -4.779   1018.9    858.6
     1     1    14     1    18    20     0     0     2.0   50.213   -4.563   1033.0    857.2
     1     1    14     1    18    21     0     0     3.0   50.318   -4.353   1042.9    856.3
     1     1    14     1    18    22     0     0     4.0   50.423   -4.148   1049.1    855.7
     1     1    14     1    18    23     0     0     5.0   50.527   -3.949   1052.0    855.6
     1     1    14     1    19     0     0     0     6.0   50.630   -3.757   1052.2    855.7
     1     1    14     1    19     1     0     0     7.0   50.739   -3.561   1050.5    856.2
     1     1    14     1    19     2     0     0     8.0   50.860   -3.352   1045.9    856.9
     1     1    14     1    19     3     0     0     9.0   50.994   -3.130   1038.8    857.9
     1     1    14     1    19     4     0     0    10.0   51.142   -2.897   1029.4    859.1
     1     1    14     1    19     5     0     0    11.0   51.303   -2.653   1017.7    860.7
     1     1    14     1    19     6     0     0    12.0   51.478   -2.398   1003.8    862.6
     1     1    14     1    19     7     0     0    13.0   51.659   -2.138    992.2    865.5
     1     1    14     1    19     8     0     0    14.0   51.843   -1.882    984.8    867.3
     1     1    14     1    19     9     0     0    15.0   52.027   -1.631    982.1    868.6
     1     1    14     1    19    10     0     0    16.0   52.211   -1.387    983.9    869.4
     1     1    14     1    19    11     0     0    17.0   52.392   -1.149    990.1    869.8
     1     1    14     1    19    12     0     0    18.0   52.571   -0.922   1000.4    869.3
     1     1    14     1    19    13     0     0    19.0   52.758   -0.705   1010.9    867.7
     1     1    14     1    19    14     0     0    20.0   52.964   -0.495   1019.2    866.7
     1     1    14     1    19    15     0     0    21.0   53.190   -0.290   1025.7    865.9
     1     1    14     1    19    16     0     0    22.0   53.440   -0.087   1031.2    865.2
     1     1    14     1    19    17     0     0    23.0   53.729    0.044   1038.3    871.3
     1     1    14     1    19    18     0     0    24.0   54.062    0.102   1044.7    871.2
     1     1    14     1    19    19     0     0    25.0   54.416    0.142   1052.3    870.6
     1     1    14     1    19    20     0     0    26.0   54.789    0.159   1058.9    870.0
     1     1    14     1    19    21     0     0    27.0   55.181    0.155   1063.4    870.1
     1     1    14     1    19    22     0     0    28.0   55.595    0.120   1064.9    871.0
     1     1    14     1    19    23     0     0    29.0   56.033    0.050   1062.8    872.2
     1     1    14     1    20     0     0     0    30.0   56.469    0.016   1060.0    873.7
     1     1    14     1    20     1     0     0    31.0   56.928   -0.047   1054.5    865.2
     1     1    14     1    20     2     0     0    32.0   57.375   -0.055   1060.2    864.9
     1     1    14     1    20     3     0     0    33.0   57.837   -0.074   1071.3    865.9
     1     1    14     1    20     4     0     0    34.0   58.305   -0.109   1087.2    867.0
     1     1    14     1    20     5     0     0    35.0   58.780   -0.152   1109.8    867.4
     1     1    14     1    20     6     0     0    36.0   59.263   -0.188   1142.3    866.7
     1     1    14     1    20     7     0     0    37.0   59.757   -0.231   1183.3    865.1
     1     1    14     1    20     8     0     0    38.0   60.265   -0.314   1226.2    862.2
     1     1    14     1    20     9     0     0    39.0   60.780   -0.443   1267.6    858.2
     1     1    14     1    20    10     0     0    40.0   61.304   -0.620   1308.1    854.4
     1     1    14     1    20    11     0     0    41.0   61.846   -0.842   1350.3    849.7
     1     1    14     1    20    12     0     0    42.0   62.417   -1.102   1397.1    844.4
     1     1    14     1    20    13     0     0    43.0   62.994   -1.392   1443.0    837.2
     1     1    14     1    20    14     0     0    44.0   63.550   -1.699   1482.0    831.3
     1     1    14     1    20    15     0     0    45.0   64.085   -2.017   1514.4    826.1
     1     1    14     1    20    16     0     0    46.0   64.603   -2.340   1540.4    821.6
     1     1    14     1    20    17     0     0    47.0   65.106   -2.665   1560.8    818.5
     1     1    14     1    20    18     0     0    48.0   65.595   -3.012   1577.5    819.2
