     1     1
    CDC1    14     1     1     0     0
     1 FORWARD  OMEGA   
    14     1     4    12   50.000   -5.000  1000.0
     1 PRESSURE
     1     1    14     1     4    12     0     0     0.0   50.000   -5.000   1000.0    865.2
     1     1    14     1     4    13     0     0     1.0   50.089   -4.354   1029.5    860.4
     1     1    14     1     4    14     0     0     2.0   50.181   -3.684   1051.1    857.0
     1     1    14     1     4    15     0     0     3.0   50.271   -2.994   1064.9    854.4
     1     1    14     1     4    16     0     0     4.0   50.351   -2.282   1071.1    853.3
     1     1    14     1     4    17     0     0     5.0   50.401   -1.542   1069.2    854.1
     1     1    14     1     4    18     0     0     6.0   50.411   -0.761   1058.5    855.9
     1     1    14     1     4    19     0     0     7.0   50.434    0.008   1044.5    865.6
     1     1    14     1     4    20     0     0     8.0   50.494    0.733   1024.7    871.0
     1     1    14     1     4    21     0     0     9.0   50.558    1.441   1000.3    876.6
     1     1    14     1     4    22     0     0    10.0   50.624    2.137    971.8    882.6
     1     1    14     1     4    23     0     0    11.0   50.691    2.825    939.0    887.3
     1     1    14     1     5     0     0     0    12.0   50.755    3.503    902.6    889.8
     1     1    14     1     5     1     0     0    13.0   50.820    4.155    863.0    892.7
     1     1    14     1     5     2     0     0    14.0   50.882    4.770    820.3    896.4
     1     1    14     1     5     3     0     0    15.0   50.933    5.364    774.0    899.9
     1     1    14     1     5     4     0     0    16.0   50.969    5.944    724.5    903.4
     1     1    14     1     5     5     0     0    17.0   50.985    6.516    672.2    907.5
     1     1    14     1     5     6     0     0    18.0   50.977    7.085    617.3    911.8
     1     1    14     1     5     7     0     0    19.0   50.961    7.637    567.4    916.3
     1     1    14     1     5     8     0     0    20.0   50.951    8.167    528.9    920.0
     1     1    14     1     5     9     0     0    21.0   50.942    8.687    501.2    922.4
     1     1    14     1     5    10     0     0    22.0   50.927    9.210    483.6    923.6
     1     1    14     1     5    11     0     0    23.0   50.895    9.749    476.2    923.3
     1     1    14     1     5    12     0     0    24.0   50.843   10.313    479.1    921.9
     1     1    14     1     5    13     0     0    25.0   50.787   10.876    483.0    919.5
     1     1    14     1     5    14     0     0    26.0   50.741   11.410    478.9    919.3
     1     1    14     1     5    15     0     0    27.0   50.697   11.919    467.0    920.2
     1     1    14     1     5    16     0     0    28.0   50.647   12.406    447.6    921.9
     1     1    14     1     5    17     0     0    29.0   50.590   12.873    422.0    924.8
     1     1    14     1     5    18     0     0    30.0   50.527   13.322    392.3    928.2
     1     1    14     1     5    19     0     0    31.0   50.465   13.760    362.7    930.9
     1     1    14     1     5    20     0     0    32.0   50.413   14.193    336.6    932.8
     1     1    14     1     5    21     0     0    33.0   50.362   14.619    313.2    934.6
     1     1    14     1     5    22     0     0    34.0   50.306   15.036    292.0    936.4
     1     1    14     1     5    23     0     0    35.0   50.244   15.440    273.3    938.9
     1     1    14     1     6     0     0     0    36.0   50.176   15.828    257.2    941.0
     1     1    14     1     6     1     0     0    37.0   50.114   16.187    242.6    942.7
     1     1    14     1     6     2     0     0    38.0   50.075   16.505    227.8    944.7
     1     1    14     1     6     3     0     0    39.0   50.059   16.781    212.4    947.2
     1     1    14     1     6     4     0     0    40.0   50.065   17.016    196.3    950.1
     1     1    14     1     6     5     0     0    41.0   50.094   17.209    179.1    952.6
     1     1    14     1     6     6     0     0    42.0   50.147   17.362    160.8    955.7
     1     1    14     1     6     7     0     0    43.0   50.220   17.493    142.8    958.8
     1     1    14     1     6     8     0     0    44.0   50.305   17.623    126.6    961.8
     1     1    14     1     6     9     0     0    45.0   50.404   17.751    112.0    964.9
     1     1    14     1     6    10     0     0    46.0   50.515   17.876     98.9    968.1
     1     1    14     1     6    11     0     0    47.0   50.639   17.996     87.1    971.4
     1     1    14     1     6    12     0     0    48.0   50.777   18.109     76.5    974.8
