     1     1
    CDC1    14     1     1     0     0
     1 FORWARD  OMEGA   
    14     1     9    18   50.000   -5.000  1000.0
     1 PRESSURE
     1     1    14     1     9    18     0     0     0.0   50.000   -5.000   1000.0    885.5
     1     1    14     1     9    19     0     0     1.0   50.004   -4.545    971.7    888.4
     1     1    14     1     9    20     0     0     2.0   50.020   -4.073    946.2    890.6
     1     1    14     1     9    21     0     0     3.0   50.049   -3.588    922.3    892.6
     1     1    14     1     9    22     0     0     4.0   50.090   -3.093    898.5    894.4
     1     1    14     1     9    23     0     0     5.0   50.143   -2.589    873.5    896.3
     1     1    14     1    10     0     0     0     6.0   50.214   -2.085    846.1    899.5
     1     1    14     1    10     1     0     0     7.0   50.303   -1.578    818.4    902.8
     1     1    14     1    10     2     0     0     8.0   50.403   -1.062    794.1    905.4
     1     1    14     1    10     3     0     0     9.0   50.515   -0.535    773.0    907.7
     1     1    14     1    10     4     0     0    10.0   50.640    0.004    757.0    917.0
     1     1    14     1    10     5     0     0    11.0   50.709    0.563    748.2    919.5
     1     1    14     1    10     6     0     0    12.0   50.782    1.127    741.3    921.6
     1     1    14     1    10     7     0     0    13.0   50.858    1.682    735.3    923.6
     1     1    14     1    10     8     0     0    14.0   50.936    2.219    728.9    925.7
     1     1    14     1    10     9     0     0    15.0   51.015    2.742    721.4    926.8
     1     1    14     1    10    10     0     0    16.0   51.097    3.256    712.5    926.9
     1     1    14     1    10    11     0     0    17.0   51.179    3.766    702.3    927.2
     1     1    14     1    10    12     0     0    18.0   51.260    4.273    690.3    927.8
     1     1    14     1    10    13     0     0    19.0   51.340    4.788    678.4    928.2
     1     1    14     1    10    14     0     0    20.0   51.416    5.321    667.6    927.5
     1     1    14     1    10    15     0     0    21.0   51.487    5.875    657.2    926.5
     1     1    14     1    10    16     0     0    22.0   51.551    6.449    646.1    925.7
     1     1    14     1    10    17     0     0    23.0   51.603    7.039    633.2    925.4
     1     1    14     1    10    18     0     0    24.0   51.642    7.640    617.5    925.7
     1     1    14     1    10    19     0     0    25.0   51.675    8.247    602.4    927.0
     1     1    14     1    10    20     0     0    26.0   51.707    8.861    590.9    927.6
     1     1    14     1    10    21     0     0    27.0   51.737    9.482    583.1    927.9
     1     1    14     1    10    22     0     0    28.0   51.764   10.107    579.0    928.0
     1     1    14     1    10    23     0     0    29.0   51.788   10.737    578.9    928.1
     1     1    14     1    11     0     0     0    30.0   51.806   11.371    582.4    927.8
     1     1    14     1    11     1     0     0    31.0   51.817   12.004    585.5    927.0
     1     1    14     1    11     2     0     0    32.0   51.827   12.626    584.1    926.9
     1     1    14     1    11     3     0     0    33.0   51.839   13.234    578.6    927.1
     1     1    14     1    11     4     0     0    34.0   51.855   13.827    569.4    927.8
     1     1    14     1    11     5     0     0    35.0   51.876   14.400    556.6    929.0
     1     1    14     1    11     6     0     0    36.0   51.903   14.949    540.4    930.7
     1     1    14     1    11     7     0     0    37.0   51.942   15.490    525.4    933.0
     1     1    14     1    11     8     0     0    38.0   51.997   16.043    515.3    934.6
     1     1    14     1    11     9     0     0    39.0   52.068   16.604    510.0    935.9
     1     1    14     1    11    10     0     0    40.0   52.156   17.169    509.1    937.0
     1     1    14     1    11    11     0     0    41.0   52.260   17.737    512.4    937.6
     1     1    14     1    11    12     0     0    42.0   52.375   18.312    519.3    937.8
     1     1    14     1    11    13     0     0    43.0   52.493   18.911    528.9    937.0
     1     1    14     1    11    14     0     0    44.0   52.612   19.545    538.9    935.3
     1     1    14     1    11    15     0     0    45.0   52.741   20.203    549.2    933.5
     1     1    14     1    11    16     0     0    46.0   52.887   20.878    558.6    931.6
     1     1    14     1    11    17     0     0    47.0   53.052   21.560    566.1    929.8
     1     1    14     1    11    18     0     0    48.0   53.246   22.240    570.9    928.3
