     1     1
    CDC1    14     1     1     0     0
     1 FORWARD  OMEGA   
    14     1    13     6   50.000   -5.000  1000.0
     1 PRESSURE
     1     1    14     1    13     6     0     0     0.0   50.000   -5.000   1000.0    879.7
     1     1    14     1    13     7     0     0     1.0   50.257   -4.347   1006.4    877.1
     1     1    14     1    13     8     0     0     2.0   50.512   -3.711   1011.7    875.1
     1     1    14     1    13     9     0     0     3.0   50.770   -3.092   1015.8    873.6
     1     1    14     1    13    10     0     0     4.0   51.035   -2.490   1018.5    872.7
     1     1    14     1    13    11     0     0     5.0   51.313   -1.915   1020.1    872.5
     1     1    14     1    13    12     0     0     6.0   51.602   -1.375   1020.1    872.4
     1     1    14     1    13    13     0     0     7.0   51.889   -0.865   1019.6    872.2
     1     1    14     1    13    14     0     0     8.0   52.164   -0.379   1022.8    871.3
     1     1    14     1    13    15     0     0     9.0   52.430    0.111   1030.3    877.8
     1     1    14     1    13    16     0     0    10.0   52.698    0.597   1038.3    877.3
     1     1    14     1    13    17     0     0    11.0   52.981    1.030   1051.9    876.0
     1     1    14     1    13    18     0     0    12.0   53.286    1.402   1071.1    874.3
     1     1    14     1    13    19     0     0    13.0   53.594    1.718   1090.1    872.2
     1     1    14     1    13    20     0     0    14.0   53.891    1.992   1104.7    871.2
     1     1    14     1    13    21     0     0    15.0   54.181    2.224   1115.1    870.5
     1     1    14     1    13    22     0     0    16.0   54.469    2.412   1121.6    870.2
     1     1    14     1    13    23     0     0    17.0   54.755    2.558   1124.4    870.1
     1     1    14     1    14     0     0     0    18.0   55.043    2.663   1123.9    870.3
     1     1    14     1    14     1     0     0    19.0   55.325    2.742   1124.5    871.3
     1     1    14     1    14     2     0     0    20.0   55.599    2.806   1131.2    871.2
     1     1    14     1    14     3     0     0    21.0   55.868    2.852   1144.3    870.4
     1     1    14     1    14     4     0     0    22.0   56.132    2.878   1164.6    868.8
     1     1    14     1    14     5     0     0    23.0   56.394    2.883   1192.6    866.3
     1     1    14     1    14     6     0     0    24.0   56.656    2.865   1229.2    863.1
     1     1    14     1    14     7     0     0    25.0   56.920    2.828   1267.3    858.8
     1     1    14     1    14     8     0     0    26.0   57.187    2.779   1300.6    855.8
     1     1    14     1    14     9     0     0    27.0   57.458    2.717   1327.3    853.1
     1     1    14     1    14    10     0     0    28.0   57.730    2.648   1345.0    849.9
     1     1    14     1    14    11     0     0    29.0   57.999    2.581   1353.5    847.9
     1     1    14     1    14    12     0     0    30.0   58.265    2.518   1353.8    847.0
     1     1    14     1    14    13     0     0    31.0   58.540    2.452   1348.4    846.9
     1     1    14     1    14    14     0     0    32.0   58.835    2.372   1338.9    847.0
     1     1    14     1    14    15     0     0    33.0   59.150    2.273   1325.0    847.7
     1     1    14     1    14    16     0     0    34.0   59.486    2.147   1306.2    849.1
     1     1    14     1    14    17     0     0    35.0   59.844    1.983   1281.9    851.3
     1     1    14     1    14    18     0     0    36.0   60.221    1.771   1252.0    855.5
     1     1    14     1    14    19     0     0    37.0   60.601    1.521   1220.7    861.4
     1     1    14     1    14    20     0     0    38.0   60.973    1.243   1191.0    866.4
     1     1    14     1    14    21     0     0    39.0   61.338    0.934   1162.7    871.1
     1     1    14     1    14    22     0     0    40.0   61.697    0.592   1134.9    875.5
     1     1    14     1    14    23     0     0    41.0   62.051    0.214   1106.9    879.4
     1     1    14     1    15     0     0     0    42.0   62.405   -0.243   1081.9    874.9
     1     1    14     1    15     1     0     0    43.0   62.762   -0.774   1063.1    875.2
     1     1    14     1    15     2     0     0    44.0   63.120   -1.337   1040.5    876.7
     1     1    14     1    15     3     0     0    45.0   63.478   -1.931   1015.8    878.5
     1     1    14     1    15     4     0     0    46.0   63.836   -2.562    990.6    880.5
     1     1    14     1    15     5     0     0    47.0   64.195   -3.253    969.2    883.0
     1     1    14     1    15     6     0     0    48.0   64.554   -4.032    955.8    885.4
