     1     1
    CDC1    14     1     1     0     0
     1 FORWARD  OMEGA   
    14     1     8     0   50.000   -5.000  1000.0
     1 PRESSURE
     1     1    14     1     8     0     0     0     0.0   50.000   -5.000   1000.0    883.4
     1     1    14     1     8     1     0     0     1.0   50.226   -4.318    993.6    883.3
     1     1    14     1     8     2     0     0     2.0   50.447   -3.623    985.8    883.7
     1     1    14     1     8     3     0     0     3.0   50.660   -2.906    977.4    884.2
     1     1    14     1     8     4     0     0     4.0   50.858   -2.166    969.4    885.2
     1     1    14     1     8     5     0     0     5.0   51.038   -1.417    961.4    886.4
     1     1    14     1     8     6     0     0     6.0   51.197   -0.668    952.5    887.9
     1     1    14     1     8     7     0     0     7.0   51.360    0.106    950.8    896.5
     1     1    14     1     8     8     0     0     8.0   51.541    0.902    954.3    897.5
     1     1    14     1     8     9     0     0     9.0   51.723    1.689    958.6    898.7
     1     1    14     1     8    10     0     0    10.0   51.898    2.484    962.6    899.9
     1     1    14     1     8    11     0     0    11.0   52.061    3.296    964.0    898.2
     1     1    14     1     8    12     0     0    12.0   52.206    4.139    962.7    897.2
     1     1    14     1     8    13     0     0    13.0   52.343    5.010    960.8    896.0
     1     1    14     1     8    14     0     0    14.0   52.475    5.890    959.4    894.6
     1     1    14     1     8    15     0     0    15.0   52.600    6.772    956.9    894.1
     1     1    14     1     8    16     0     0    16.0   52.714    7.656    951.7    894.5
     1     1    14     1     8    17     0     0    17.0   52.809    8.538    943.5    896.2
     1     1    14     1     8    18     0     0    18.0   52.879    9.421    931.7    898.2
     1     1    14     1     8    19     0     0    19.0   52.936   10.298    918.1    900.0
     1     1    14     1     8    20     0     0    20.0   52.991   11.157    905.2    901.4
     1     1    14     1     8    21     0     0    21.0   53.044   11.993    893.5    902.8
     1     1    14     1     8    22     0     0    22.0   53.098   12.806    882.7    903.8
     1     1    14     1     8    23     0     0    23.0   53.151   13.599    873.6    904.1
     1     1    14     1     9     0     0     0    24.0   53.204   14.376    866.5    904.0
     1     1    14     1     9     1     0     0    25.0   53.263   15.148    862.1    903.5
     1     1    14     1     9     2     0     0    26.0   53.330   15.922    861.7    903.4
     1     1    14     1     9     3     0     0    27.0   53.401   16.699    865.7    902.9
     1     1    14     1     9     4     0     0    28.0   53.473   17.480    873.5    902.2
     1     1    14     1     9     5     0     0    29.0   53.541   18.267    885.3    900.6
     1     1    14     1     9     6     0     0    30.0   53.598   19.067    901.8    898.6
     1     1    14     1     9     7     0     0    31.0   53.648   19.881    922.8    896.2
     1     1    14     1     9     8     0     0    32.0   53.700   20.699    945.8    892.7
     1     1    14     1     9     9     0     0    33.0   53.750   21.505    969.6    888.8
     1     1    14     1     9    10     0     0    34.0   53.799   22.290    992.1    885.1
     1     1    14     1     9    11     0     0    35.0   53.848   23.042   1011.1    881.4
     1     1    14     1     9    12     0     0    36.0   53.894   23.755   1024.6    878.2
     1     1    14     1     9    13     0     0    37.0   53.947   24.446   1036.1    875.6
     1     1    14     1     9    14     0     0    38.0   54.017   25.129   1049.5    872.5
     1     1    14     1     9    15     0     0    39.0   54.108   25.795   1063.9    869.8
     1     1    14     1     9    16     0     0    40.0   54.220   26.438   1077.4    867.0
     1     1    14     1     9    17     0     0    41.0   54.355   27.055   1088.6    864.3
     1     1    14     1     9    18     0     0    42.0   54.514   27.645   1096.1    861.9
     1     1    14     1     9    19     0     0    43.0   54.691   28.239   1101.9    859.2
     1     1    14     1     9    20     0     0    44.0   54.880   28.867   1108.0    856.1
     1     1    14     1     9    21     0     0    45.0   55.085   29.525   1115.0    853.7
     1     1    14     1     9    22     0     0    46.0   55.309   30.204   1123.4    852.9
     1     1    14     1     9    23     0     0    47.0   55.549   30.895   1133.2    851.8
     1     1    14     1    10     0     0     0    48.0   55.803   31.596   1144.1    850.5
