     1     1
    CDC1    14     1     1     0     0
     1 FORWARD  OMEGA   
    14     1    22     6   50.000   -5.000  1000.0
     1 PRESSURE
     1     1    14     1    22     6     0     0     0.0   50.000   -5.000   1000.0    878.5
     1     1    14     1    22     7     0     0     1.0   49.923   -4.418   1022.9    875.1
     1     1    14     1    22     8     0     0     2.0   49.848   -3.875   1041.0    872.7
     1     1    14     1    22     9     0     0     3.0   49.775   -3.366   1054.4    871.0
     1     1    14     1    22    10     0     0     4.0   49.702   -2.887   1062.8    870.0
     1     1    14     1    22    11     0     0     5.0   49.626   -2.433   1066.2    869.8
     1     1    14     1    22    12     0     0     6.0   49.537   -1.995   1065.0    871.3
     1     1    14     1    22    13     0     0     7.0   49.422   -1.559   1061.4    873.2
     1     1    14     1    22    14     0     0     8.0   49.282   -1.117   1058.8    874.9
     1     1    14     1    22    15     0     0     9.0   49.115   -0.672   1057.5    876.8
     1     1    14     1    22    16     0     0    10.0   48.923   -0.224   1057.8    878.7
     1     1    14     1    22    17     0     0    11.0   48.747    0.199   1061.7    877.7
     1     1    14     1    22    18     0     0    12.0   48.589    0.597   1070.7    876.2
     1     1    14     1    22    19     0     0    13.0   48.430    0.986   1083.0    873.8
     1     1    14     1    22    20     0     0    14.0   48.287    1.361   1098.5    870.8
     1     1    14     1    22    21     0     0    15.0   48.160    1.725   1117.6    867.2
     1     1    14     1    22    22     0     0    16.0   48.048    2.081   1140.9    862.9
     1     1    14     1    22    23     0     0    17.0   47.951    2.431   1168.9    858.1
     1     1    14     1    23     0     0     0    18.0   47.872    2.775   1201.4    851.0
     1     1    14     1    23     1     0     0    19.0   47.804    3.112   1235.5    843.1
     1     1    14     1    23     2     0     0    20.0   47.740    3.439   1267.1    835.7
     1     1    14     1    23     3     0     0    21.0   47.678    3.752   1295.2    828.6
     1     1    14     1    23     4     0     0    22.0   47.616    4.050   1318.9    821.8
     1     1    14     1    23     5     0     0    23.0   47.551    4.329   1337.5    815.6
     1     1    14     1    23     6     0     0    24.0   47.482    4.589   1350.2    810.4
     1     1    14     1    23     7     0     0    25.0   47.418    4.847   1359.4    806.3
     1     1    14     1    23     8     0     0    26.0   47.374    5.119   1367.7    801.7
     1     1    14     1    23     9     0     0    27.0   47.349    5.409   1375.5    796.7
     1     1    14     1    23    10     0     0    28.0   47.343    5.715   1383.0    791.5
     1     1    14     1    23    11     0     0    29.0   47.357    6.037   1390.4    786.1
     1     1    14     1    23    12     0     0    30.0   47.391    6.373   1397.6    780.5
     1     1    14     1    23    13     0     0    31.0   47.431    6.727   1407.8    774.4
     1     1    14     1    23    14     0     0    32.0   47.466    7.097   1424.5    766.9
     1     1    14     1    23    15     0     0    33.0   47.500    7.487   1446.8    758.5
     1     1    14     1    23    16     0     0    34.0   47.535    7.900   1476.1    752.8
     1     1    14     1    23    17     0     0    35.0   47.571    8.338   1509.7    746.8
     1     1    14     1    23    18     0     0    36.0   47.613    8.803   1546.7    740.5
     1     1    14     1    23    19     0     0    37.0   47.663    9.277   1590.0    734.0
     1     1    14     1    23    20     0     0    38.0   47.720    9.745   1643.9    726.9
     1     1    14     1    23    21     0     0    39.0   47.785   10.203   1712.6    720.4
     1     1    14     1    23    22     0     0    40.0   47.853   10.651   1797.4    714.7
     1     1    14     1    23    23     0     0    41.0   47.924   11.088   1896.9    707.8
     1     1    14     1    24     0     0     0    42.0   48.000   11.510   2012.3    699.6
     1     1    14     1    24     1     0     0    43.0   48.079   11.899   2128.6    690.1
     1     1    14     1    24     2     0     0    44.0   48.155   12.238   2230.8    682.5
     1     1    14     1    24     3     0     0    45.0   48.232   12.530   2319.0    676.3
     1     1    14     1    24     4     0     0    46.0   48.305   12.780   2394.1    672.6
     1     1    14     1    24     5     0     0    47.0   48.371   12.992   2454.4    669.9
     1     1    14     1    24     6     0     0    48.0   48.432   13.166   2501.5    667.9
