     1     1
    CDC1    14     1     1     0     0
     1 FORWARD  OMEGA   
    14     1    22    12   50.000   -5.000  1000.0
     1 PRESSURE
     1     1    14     1    22    12     0     0     0.0   50.000   -5.000   1000.0    880.9
     1     1    14     1    22    13     0     0     1.0   49.787   -4.476    994.2    882.7
     1     1    14     1    22    14     0     0     2.0   49.581   -3.972    987.9    884.5
     1     1    14     1    22    15     0     0     3.0   49.376   -3.484    982.3    886.1
     1     1    14     1    22    16     0     0     4.0   49.165   -3.007    978.3    887.4
     1     1    14     1    22    17     0     0     5.0   48.943   -2.537    977.4    888.3
     1     1    14     1    22    18     0     0     6.0   48.701   -2.069    980.4    890.3
     1     1    14     1    22    19     0     0     7.0   48.450   -1.607    987.3    892.1
     1     1    14     1    22    20     0     0     8.0   48.207   -1.153    998.0    893.2
     1     1    14     1    22    21     0     0     9.0   47.969   -0.704   1012.3    893.8
     1     1    14     1    22    22     0     0    10.0   47.736   -0.254   1030.0    893.9
     1     1    14     1    22    23     0     0    11.0   47.528    0.178   1049.5    880.4
     1     1    14     1    23     0     0     0    12.0   47.348    0.585   1077.6    874.0
     1     1    14     1    23     1     0     0    13.0   47.177    0.982   1107.6    867.5
     1     1    14     1    23     2     0     0    14.0   47.008    1.365   1137.0    861.0
     1     1    14     1    23     3     0     0    15.0   46.834    1.730   1164.4    854.6
     1     1    14     1    23     4     0     0    16.0   46.651    2.073   1187.7    848.5
     1     1    14     1    23     5     0     0    17.0   46.452    2.390   1205.0    842.9
     1     1    14     1    23     6     0     0    18.0   46.235    2.680   1214.3    837.5
     1     1    14     1    23     7     0     0    19.0   46.016    2.957   1217.1    833.0
     1     1    14     1    23     8     0     0    20.0   45.812    3.237   1215.6    829.0
     1     1    14     1    23     9     0     0    21.0   45.624    3.517   1210.5    825.5
     1     1    14     1    23    10     0     0    22.0   45.449    3.797   1202.5    822.5
     1     1    14     1    23    11     0     0    23.0   45.288    4.074   1191.9    820.0
     1     1    14     1    23    12     0     0    24.0   45.139    4.346   1179.4    817.8
     1     1    14     1    23    13     0     0    25.0   44.981    4.616   1167.4    816.2
     1     1    14     1    23    14     0     0    26.0   44.800    4.887   1158.1    817.6
     1     1    14     1    23    15     0     0    27.0   44.598    5.161   1148.9    820.2
     1     1    14     1    23    16     0     0    28.0   44.379    5.440   1137.3    824.0
     1     1    14     1    23    17     0     0    29.0   44.145    5.724   1120.6    829.1
     1     1    14     1    23    18     0     0    30.0   43.897    6.013   1096.2    835.8
     1     1    14     1    23    19     0     0    31.0   43.643    6.300   1067.2    844.2
     1     1    14     1    23    20     0     0    32.0   43.393    6.580   1038.6    852.9
     1     1    14     1    23    21     0     0    33.0   43.148    6.854   1011.7    862.0
     1     1    14     1    23    22     0     0    34.0   42.910    7.122    987.3    871.3
     1     1    14     1    23    23     0     0    35.0   42.684    7.387    966.0    880.6
     1     1    14     1    24     0     0     0    36.0   42.471    7.651    948.8    888.9
     1     1    14     1    24     1     0     0    37.0   42.258    7.925    931.9    892.4
     1     1    14     1    24     2     0     0    38.0   42.033    8.227    914.2    895.9
     1     1    14     1    24     3     0     0    39.0   41.803    8.564    896.5    898.9
     1     1    14     1    24     4     0     0    40.0   41.574    8.944    879.2    901.3
     1     1    14     1    24     5     0     0    41.0   41.352    9.374    863.2    902.8
     1     1    14     1    24     6     0     0    42.0   41.142    9.862    849.4    903.3
     1     1    14     1    24     7     0     0    43.0   40.956   10.373    841.5    903.4
     1     1    14     1    24     8     0     0    44.0   40.798   10.873    841.7    902.2
     1     1    14     1    24     9     0     0    45.0   40.663   11.363    850.4    899.7
     1     1    14     1    24    10     0     0    46.0   40.546   11.847    867.8    896.0
     1     1    14     1    24    11     0     0    47.0   40.441   12.329    893.6    891.2
     1     1    14     1    24    12     0     0    48.0   40.348   12.810    927.6    886.3
