     1     1
    CDC1    14     1     1     0     0
     1 FORWARD  OMEGA   
    14     1    25     0   50.000   -5.000  1000.0
     1 PRESSURE
     1     1    14     1    25     0     0     0     0.0   50.000   -5.000   1000.0    888.8
     1     1    14     1    25     1     0     0     1.0   49.742   -4.428    985.4    891.8
     1     1    14     1    25     2     0     0     2.0   49.505   -3.887    978.3    893.2
     1     1    14     1    25     3     0     0     3.0   49.275   -3.383    976.8    893.9
     1     1    14     1    25     4     0     0     4.0   49.045   -2.922    979.2    894.2
     1     1    14     1    25     5     0     0     5.0   48.806   -2.509    984.3    894.2
     1     1    14     1    25     6     0     0     6.0   48.553   -2.138    991.3    895.5
     1     1    14     1    25     7     0     0     7.0   48.296   -1.767   1001.0    896.9
     1     1    14     1    25     8     0     0     8.0   48.048   -1.367   1014.2    897.7
     1     1    14     1    25     9     0     0     9.0   47.806   -0.943   1029.8    898.2
     1     1    14     1    25    10     0     0    10.0   47.569   -0.503   1046.6    898.5
     1     1    14     1    25    11     0     0    11.0   47.336   -0.048   1063.0    897.5
     1     1    14     1    25    12     0     0    12.0   47.102    0.330   1065.0    880.2
     1     1    14     1    25    13     0     0    13.0   46.853    0.651   1062.5    877.6
     1     1    14     1    25    14     0     0    14.0   46.582    1.011   1058.0    873.7
     1     1    14     1    25    15     0     0    15.0   46.286    1.394   1048.7    869.7
     1     1    14     1    25    16     0     0    16.0   45.963    1.786   1031.8    865.8
     1     1    14     1    25    17     0     0    17.0   45.610    2.172   1003.5    862.7
     1     1    14     1    25    18     0     0    18.0   45.218    2.533    959.6    860.8
     1     1    14     1    25    19     0     0    19.0   44.794    2.853    909.0    863.2
     1     1    14     1    25    20     0     0    20.0   44.353    3.142    864.8    867.7
     1     1    14     1    25    21     0     0    21.0   43.909    3.414    828.3    873.2
     1     1    14     1    25    22     0     0    22.0   43.474    3.669    800.0    879.5
     1     1    14     1    25    23     0     0    23.0   43.057    3.902    779.6    886.3
     1     1    14     1    26     0     0     0    24.0   42.669    4.109    766.3    893.4
     1     1    14     1    26     1     0     0    25.0   42.295    4.305    750.1    901.0
     1     1    14     1    26     2     0     0    26.0   41.920    4.517    722.7    912.5
     1     1    14     1    26     3     0     0    27.0   41.540    4.756    686.7    925.1
     1     1    14     1    26     4     0     0    28.0   41.153    5.021    644.2    938.7
     1     1    14     1    26     5     0     0    29.0   40.760    5.312    597.2    950.3
     1     1    14     1    26     6     0     0    30.0   40.366    5.632    548.4    961.1
     1     1    14     1    26     7     0     0    31.0   39.991    5.969    504.8    971.2
     1     1    14     1    26     8     0     0    32.0   39.638    6.311    470.9    967.2
     1     1    14     1    26     9     0     0    33.0   39.295    6.665    449.9    962.0
     1     1    14     1    26    10     0     0    34.0   38.956    7.044    441.7    955.5
     1     1    14     1    26    11     0     0    35.0   38.618    7.462    447.0    947.5
     1     1    14     1    26    12     0     0    36.0   38.283    7.929    466.8    939.5
     1     1    14     1    26    13     0     0    37.0   37.955    8.435    491.9    931.3
     1     1    14     1    26    14     0     0    38.0   37.622    8.972    512.2    926.4
     1     1    14     1    26    15     0     0    39.0   37.272    9.533    526.9    925.5
     1     1    14     1    26    16     0     0    40.0   36.900   10.103    534.9    927.8
     1     1    14     1    26    17     0     0    41.0   36.506   10.677    536.9    930.6
     1     1    14     1    26    18     0     0    42.0   36.091   11.256    535.4    934.2
     1     1    14     1    26    19     0     0    43.0   35.669   11.828    535.3    939.1
     1     1    14     1    26    20     0     0    44.0   35.244   12.378    538.9    943.5
     1     1    14     1    26    21     0     0    45.0   34.811   12.904    543.0    942.6
     1     1    14     1    26    22     0     0    46.0   34.371   13.404    545.2    939.1
     1     1    14     1    26    23     0     0    47.0   33.930   13.888    545.2    937.7
     1     1    14     1    27     0     0     0    48.0   33.490   14.375    543.4    938.2
