     1     1
    CDC1    14     1     1     0     0
     1 FORWARD  OMEGA   
    14     1    22     0   50.000   -5.000  1000.0
     1 PRESSURE
     1     1    14     1    22     0     0     0     0.0   50.000   -5.000   1000.0    876.2
     1     1    14     1    22     1     0     0     1.0   50.110   -4.465   1022.8    872.7
     1     1    14     1    22     2     0     0     2.0   50.221   -3.950   1045.5    869.3
     1     1    14     1    22     3     0     0     3.0   50.330   -3.452   1068.8    865.9
     1     1    14     1    22     4     0     0     4.0   50.436   -2.967   1093.2    862.5
     1     1    14     1    22     5     0     0     5.0   50.540   -2.493   1119.1    859.1
     1     1    14     1    22     6     0     0     6.0   50.629   -2.017   1147.2    856.4
     1     1    14     1    22     7     0     0     7.0   50.694   -1.539   1173.3    854.0
     1     1    14     1    22     8     0     0     8.0   50.737   -1.068   1192.8    852.6
     1     1    14     1    22     9     0     0     9.0   50.758   -0.603   1206.3    851.8
     1     1    14     1    22    10     0     0    10.0   50.758   -0.144   1213.7    851.6
     1     1    14     1    22    11     0     0    11.0   50.800    0.247   1217.7    859.3
     1     1    14     1    22    12     0     0    12.0   50.897    0.561   1211.8    861.2
     1     1    14     1    22    13     0     0    13.0   50.986    0.864   1202.9    863.7
     1     1    14     1    22    14     0     0    14.0   51.058    1.165   1195.0    865.7
     1     1    14     1    22    15     0     0    15.0   51.113    1.466   1188.8    867.5
     1     1    14     1    22    16     0     0    16.0   51.151    1.768   1184.6    869.1
     1     1    14     1    22    17     0     0    17.0   51.173    2.072   1183.1    870.4
     1     1    14     1    22    18     0     0    18.0   51.179    2.379   1184.8    871.5
     1     1    14     1    22    19     0     0    19.0   51.184    2.678   1188.6    871.0
     1     1    14     1    22    20     0     0    20.0   51.203    2.953   1195.6    869.8
     1     1    14     1    22    21     0     0    21.0   51.232    3.205   1205.6    868.4
     1     1    14     1    22    22     0     0    22.0   51.272    3.436   1219.0    866.6
     1     1    14     1    22    23     0     0    23.0   51.322    3.646   1236.1    864.4
     1     1    14     1    23     0     0     0    24.0   51.380    3.838   1257.2    861.9
     1     1    14     1    23     1     0     0    25.0   51.445    4.027   1278.4    858.9
     1     1    14     1    23     2     0     0    26.0   51.515    4.228   1295.8    856.7
     1     1    14     1    23     3     0     0    27.0   51.591    4.439   1308.5    854.7
     1     1    14     1    23     4     0     0    28.0   51.673    4.657   1316.2    853.4
     1     1    14     1    23     5     0     0    29.0   51.763    4.881   1318.1    852.6
     1     1    14     1    23     6     0     0    30.0   51.858    5.111   1313.5    852.5
     1     1    14     1    23     7     0     0    31.0   51.960    5.349   1311.6    852.8
     1     1    14     1    23     8     0     0    32.0   52.072    5.597   1322.5    850.7
     1     1    14     1    23     9     0     0    33.0   52.196    5.851   1346.7    847.3
     1     1    14     1    23    10     0     0    34.0   52.333    6.107   1384.9    842.6
     1     1    14     1    23    11     0     0    35.0   52.486    6.362   1438.4    836.5
     1     1    14     1    23    12     0     0    36.0   52.660    6.608   1507.7    829.2
     1     1    14     1    23    13     0     0    37.0   52.845    6.823   1584.3    820.5
     1     1    14     1    23    14     0     0    38.0   53.030    6.999   1659.9    813.0
     1     1    14     1    23    15     0     0    39.0   53.215    7.136   1733.4    805.9
     1     1    14     1    23    16     0     0    40.0   53.400    7.235   1804.5    798.8
     1     1    14     1    23    17     0     0    41.0   53.585    7.298   1872.4    792.1
     1     1    14     1    23    18     0     0    42.0   53.770    7.323   1936.5    786.0
     1     1    14     1    23    19     0     0    43.0   53.948    7.312   1993.2    780.8
     1     1    14     1    23    20     0     0    44.0   54.115    7.269   2040.7    776.6
     1     1    14     1    23    21     0     0    45.0   54.267    7.199   2077.0    773.6
     1     1    14     1    23    22     0     0    46.0   54.405    7.104   2101.1    771.7
     1     1    14     1    23    23     0     0    47.0   54.525    6.990   2112.1    771.1
     1     1    14     1    24     0     0     0    48.0   54.627    6.860   2109.7    771.7
