     1     1
    CDC1    14     1     1     0     0
     1 FORWARD  OMEGA   
    14     1    19     0   50.000   -5.000  1000.0
     1 PRESSURE
     1     1    14     1    19     0     0     0     0.0   50.000   -5.000   1000.0    864.7
     1     1    14     1    19     1     0     0     1.0   50.009   -4.734    989.2    865.6
     1     1    14     1    19     2     0     0     2.0   50.031   -4.451    976.7    866.8
     1     1    14     1    19     3     0     0     3.0   50.067   -4.150    962.3    868.2
     1     1    14     1    19     4     0     0     4.0   50.117   -3.832    945.8    869.8
     1     1    14     1    19     5     0     0     5.0   50.180   -3.497    926.8    871.6
     1     1    14     1    19     6     0     0     6.0   50.257   -3.146    905.3    873.4
     1     1    14     1    19     7     0     0     7.0   50.348   -2.789    885.4    875.7
     1     1    14     1    19     8     0     0     8.0   50.454   -2.439    869.8    877.6
     1     1    14     1    19     9     0     0     9.0   50.567   -2.092    858.6    879.7
     1     1    14     1    19    10     0     0    10.0   50.681   -1.746    851.4    881.3
     1     1    14     1    19    11     0     0    11.0   50.795   -1.403    848.1    882.6
     1     1    14     1    19    12     0     0    12.0   50.908   -1.063    848.7    883.5
     1     1    14     1    19    13     0     0    13.0   51.021   -0.727    849.9    883.5
     1     1    14     1    19    14     0     0    14.0   51.138   -0.396    849.1    884.2
     1     1    14     1    19    15     0     0    15.0   51.260   -0.068    845.9    885.1
     1     1    14     1    19    16     0     0    16.0   51.395    0.207    837.9    892.8
     1     1    14     1    19    17     0     0    17.0   51.543    0.425    821.9    896.0
     1     1    14     1    19    18     0     0    18.0   51.690    0.633    803.5    898.9
     1     1    14     1    19    19     0     0    19.0   51.832    0.828    784.2    902.0
     1     1    14     1    19    20     0     0    20.0   51.966    1.006    765.1    904.9
     1     1    14     1    19    21     0     0    21.0   52.091    1.166    746.0    907.7
     1     1    14     1    19    22     0     0    22.0   52.206    1.311    726.4    910.6
     1     1    14     1    19    23     0     0    23.0   52.308    1.442    706.0    913.6
     1     1    14     1    20     0     0     0    24.0   52.396    1.560    684.7    916.8
     1     1    14     1    20     1     0     0    25.0   52.467    1.657    662.6    919.8
     1     1    14     1    20     2     0     0    26.0   52.519    1.726    640.4    922.8
     1     1    14     1    20     3     0     0    27.0   52.551    1.770    618.0    925.7
     1     1    14     1    20     4     0     0    28.0   52.563    1.792    595.6    928.3
     1     1    14     1    20     5     0     0    29.0   52.554    1.796    573.3    930.9
     1     1    14     1    20     6     0     0    30.0   52.522    1.786    551.2    933.6
     1     1    14     1    20     7     0     0    31.0   52.475    1.780    532.4    936.5
     1     1    14     1    20     8     0     0    32.0   52.420    1.791    520.1    938.3
     1     1    14     1    20     9     0     0    33.0   52.360    1.819    514.1    939.5
     1     1    14     1    20    10     0     0    34.0   52.296    1.861    513.9    940.1
     1     1    14     1    20    11     0     0    35.0   52.227    1.919    519.8    940.0
     1     1    14     1    20    12     0     0    36.0   52.154    1.992    531.9    939.2
     1     1    14     1    20    13     0     0    37.0   52.074    2.077    545.9    937.7
     1     1    14     1    20    14     0     0    38.0   51.980    2.168    557.1    937.1
     1     1    14     1    20    15     0     0    39.0   51.874    2.265    565.6    936.8
     1     1    14     1    20    16     0     0    40.0   51.752    2.371    571.6    936.9
     1     1    14     1    20    17     0     0    41.0   51.616    2.486    575.4    937.4
     1     1    14     1    20    18     0     0    42.0   51.463    2.612    577.0    937.7
     1     1    14     1    20    19     0     0    43.0   51.305    2.748    578.9    937.8
     1     1    14     1    20    20     0     0    44.0   51.151    2.892    583.5    937.4
     1     1    14     1    20    21     0     0    45.0   50.999    3.041    591.0    936.6
     1     1    14     1    20    22     0     0    46.0   50.848    3.196    601.3    935.4
     1     1    14     1    20    23     0     0    47.0   50.699    3.353    614.5    934.0
     1     1    14     1    21     0     0     0    48.0   50.549    3.513    630.5    932.2
