     1     1
    CDC1    14     1     1     0     0
     1 FORWARD  OMEGA   
    14     1    14     0   75.000 -150.000  3000.0
     1 PRESSURE
     1     1    14     1    14     0     0     0     0.0   75.000 -150.000   3000.0    651.9
     1     1    14     1    14     1     0     0     1.0   74.609 -149.673   2953.0    658.5
     1     1    14     1    14     2     0     0     2.0   74.267 -149.248   2917.2    663.3
     1     1    14     1    14     3     0     0     3.0   73.967 -148.734   2889.8    667.1
     1     1    14     1    14     4     0     0     4.0   73.700 -148.137   2868.8    670.2
     1     1    14     1    14     5     0     0     5.0   73.461 -147.463   2853.0    672.7
     1     1    14     1    14     6     0     0     6.0   73.242 -146.713   2841.4    674.6
     1     1    14     1    14     7     0     0     7.0   73.048 -145.866   2832.4    675.7
     1     1    14     1    14     8     0     0     8.0   72.880 -144.902   2824.2    676.6
     1     1    14     1    14     9     0     0     9.0   72.735 -143.823   2817.6    677.7
     1     1    14     1    14    10     0     0    10.0   72.609 -142.633   2811.7    678.7
     1     1    14     1    14    11     0     0    11.0   72.497 -141.331   2806.7    679.8
     1     1    14     1    14    12     0     0    12.0   72.395 -139.923   2801.5    679.2
     1     1    14     1    14    13     0     0    13.0   72.304 -138.474   2802.6    679.8
     1     1    14     1    14    14     0     0    14.0   72.225 -137.047   2807.7    679.5
     1     1    14     1    14    15     0     0    15.0   72.154 -135.647   2813.9    679.0
     1     1    14     1    14    16     0     0    16.0   72.088 -134.289   2817.9    678.4
     1     1    14     1    14    17     0     0    17.0   72.028 -132.982   2817.6    678.1
     1     1    14     1    14    18     0     0    18.0   71.971 -131.734   2810.9    677.8
     1     1    14     1    14    19     0     0    19.0   71.920 -130.521   2803.5    677.3
     1     1    14     1    14    20     0     0    20.0   71.871 -129.312   2801.7    675.4
     1     1    14     1    14    21     0     0    21.0   71.820 -128.114   2805.0    672.7
     1     1    14     1    14    22     0     0    22.0   71.766 -126.931   2812.8    669.2
     1     1    14     1    14    23     0     0    23.0   71.707 -125.768   2824.3    665.1
     1     1    14     1    15     0     0     0    24.0   71.644 -124.631   2839.6    661.0
     1     1    14     1    15     1     0     0    25.0   71.580 -123.530   2852.2    657.2
     1     1    14     1    15     2     0     0    26.0   71.518 -122.478   2854.8    654.9
     1     1    14     1    15     3     0     0    27.0   71.459 -121.489   2847.8    654.6
     1     1    14     1    15     4     0     0    28.0   71.405 -120.575   2829.3    655.4
     1     1    14     1    15     5     0     0    29.0   71.356 -119.748   2798.7    657.6
     1     1    14     1    15     6     0     0    30.0   71.313 -119.017   2755.8    661.6
     1     1    14     1    15     7     0     0    31.0   71.277 -118.315   2707.8    667.4
     1     1    14     1    15     8     0     0    32.0   71.245 -117.566   2661.7    672.4
     1     1    14     1    15     9     0     0    33.0   71.213 -116.770   2618.2    677.9
     1     1    14     1    15    10     0     0    34.0   71.180 -115.929   2577.0    683.3
     1     1    14     1    15    11     0     0    35.0   71.139 -115.049   2537.0    688.5
     1     1    14     1    15    12     0     0    36.0   71.089 -114.136   2498.3    694.2
     1     1    14     1    15    13     0     0    37.0   71.039 -113.240   2465.4    699.9
     1     1    14     1    15    14     0     0    38.0   71.000 -112.402   2442.9    703.9
     1     1    14     1    15    15     0     0    39.0   70.971 -111.618   2430.5    706.7
     1     1    14     1    15    16     0     0    40.0   70.950 -110.882   2428.3    708.2
     1     1    14     1    15    17     0     0    41.0   70.938 -110.193   2435.9    708.7
     1     1    14     1    15    18     0     0    42.0   70.933 -109.544   2452.6    707.9
     1     1    14     1    15    19     0     0    43.0   70.923 -108.913   2472.0    706.3
     1     1    14     1    15    20     0     0    44.0   70.894 -108.278   2487.3    705.7
     1     1    14     1    15    21     0     0    45.0   70.845 -107.643   2499.4    705.4
     1     1    14     1    15    22     0     0    46.0   70.774 -107.010   2508.5    705.2
     1     1    14     1    15    23     0     0    47.0   70.678 -106.376   2515.5    705.0
     1     1    14     1    16     0     0     0    48.0   70.557 -105.739   2521.3    705.1
     1     1    14     1    16     1     0     0    49.0   70.421 -105.102   2527.9    705.1
     1     1    14     1    16     2     0     0    50.0   70.284 -104.470   2534.5    704.5
     1     1    14     1    16     3     0     0    51.0   70.147 -103.845   2540.1    704.1
     1     1    14     1    16     4     0     0    52.0   70.010 -103.231   2543.3    704.0
     1     1    14     1    16     5     0     0    53.0   69.874 -102.636   2542.0    703.8
     1     1    14     1    16     6     0     0    54.0   69.739 -102.064   2535.7    703.6
     1     1    14     1    16     7     0     0    55.0   69.606 -101.501   2526.5    703.7
     1     1    14     1    16     8     0     0    56.0   69.473 -100.934   2515.9    703.8
     1     1    14     1    16     9     0     0    57.0   69.337 -100.364   2503.8    704.3
     1     1    14     1    16    10     0     0    58.0   69.196  -99.792   2490.4    705.0
     1     1    14     1    16    11     0     0    59.0   69.046  -99.217   2475.8    705.9
     1     1    14     1    16    12     0     0    60.0   68.885  -98.639   2460.0    706.8
     1     1    14     1    16    13     0     0    61.0   68.724  -98.061   2445.5    707.7
     1     1    14     1    16    14     0     0    62.0   68.579  -97.491   2433.7    708.2
     1     1    14     1    16    15     0     0    63.0   68.452  -96.929   2425.9    707.9
     1     1    14     1    16    16     0     0    64.0   68.345  -96.374   2422.9    707.0
     1     1    14     1    16    17     0     0    65.0   68.261  -95.829   2425.1    705.6
     1     1    14     1    16    18     0     0    66.0   68.202  -95.296   2432.9    703.7
     1     1    14     1    16    19     0     0    67.0   68.153  -94.780   2443.1    701.4
     1     1    14     1    16    20     0     0    68.0   68.095  -94.284   2453.5    699.5
     1     1    14     1    16    21     0     0    69.0   68.030  -93.807   2463.7    697.6
     1     1    14     1    16    22     0     0    70.0   67.961  -93.349   2474.0    695.7
     1     1    14     1    16    23     0     0    71.0   67.889  -92.912   2484.6    693.8
     1     1    14     1    17     0     0     0    72.0   67.816  -92.495   2496.0    691.8
     1     1    14     1    17     1     0     0    73.0   67.752  -92.095   2507.8    689.5
     1     1    14     1    17     2     0     0    74.0   67.705  -91.710   2521.0    687.3
     1     1    14     1    17     3     0     0    75.0   67.678  -91.339   2535.1    685.3
     1     1    14     1    17     4     0     0    76.0   67.670  -90.983   2550.4    683.4
     1     1    14     1    17     5     0     0    77.0   67.685  -90.641   2567.2    681.6
     1     1    14     1    17     6     0     0    78.0   67.722  -90.312   2585.7    679.9
     1     1    14     1    17     7     0     0    79.0   67.764  -89.983   2605.2    678.3
     1     1    14     1    17     8     0     0    80.0   67.791  -89.639   2627.3    676.9
     1     1    14     1    17     9     0     0    81.0   67.804  -89.279   2651.2    675.2
     1     1    14     1    17    10     0     0    82.0   67.807  -88.906   2677.2    673.3
     1     1    14     1    17    11     0     0    83.0   67.801  -88.522   2705.9    671.0
     1     1    14     1    17    12     0     0    84.0   67.792  -88.129   2737.8    668.4
     1     1    14     1    17    13     0     0    85.0   67.790  -87.735   2769.8    665.0
     1     1    14     1    17    14     0     0    86.0   67.804  -87.352   2796.8    662.7
     1     1    14     1    17    15     0     0    87.0   67.832  -86.977   2818.1    661.3
     1     1    14     1    17    16     0     0    88.0   67.873  -86.613   2832.8    660.6
     1     1    14     1    17    17     0     0    89.0   67.927  -86.263   2840.7    660.6
     1     1    14     1    17    18     0     0    90.0   67.993  -85.931   2841.5    661.3
     1     1    14     1    17    19     0     0    91.0   68.077  -85.632   2836.7    662.8
     1     1    14     1    17    20     0     0    92.0   68.183  -85.381   2831.9    664.2
     1     1    14     1    17    21     0     0    93.0   68.310  -85.182   2825.5    665.7
     1     1    14     1    17    22     0     0    94.0   68.455  -85.035   2817.6    667.3
     1     1    14     1    17    23     0     0    95.0   68.618  -84.942   2808.3    669.1
     1     1    14     1    18     0     0     0    96.0   68.796  -84.904   2798.3    671.0
     1     1    14     1    18     1     0     0    97.0   68.981  -84.920   2790.3    672.9
     1     1    14     1    18     2     0     0    98.0   69.168  -84.991   2785.6    674.3
     1     1    14     1    18     3     0     0    99.0   69.354  -85.116   2783.6    675.4
     1     1    14     1    18     4     0     0   100.0   69.540  -85.296   2783.9    676.4
     1     1    14     1    18     5     0     0   101.0   69.725  -85.531   2785.5    677.4
     1     1    14     1    18     6     0     0   102.0   69.910  -85.824   2787.5    678.4
     1     1    14     1    18     7     0     0   103.0   70.098  -86.179   2785.3    679.0
     1     1    14     1    18     8     0     0   104.0   70.293  -86.599   2775.2    679.7
     1     1    14     1    18     9     0     0   105.0   70.488  -87.084   2758.9    681.3
     1     1    14     1    18    10     0     0   106.0   70.682  -87.631   2735.6    683.8
     1     1    14     1    18    11     0     0   107.0   70.868  -88.239   2704.4    686.7
     1     1    14     1    18    12     0     0   108.0   71.043  -88.910   2666.1    690.5
     1     1    14     1    18    13     0     0   109.0   71.190  -89.643   2626.4    695.4
     1     1    14     1    18    14     0     0   110.0   71.300  -90.431   2588.9    699.7
     1     1    14     1    18    15     0     0   111.0   71.371  -91.265   2554.9    703.5
     1     1    14     1    18    16     0     0   112.0   71.405  -92.135   2525.1    707.0
     1     1    14     1    18    17     0     0   113.0   71.404  -93.032   2499.0    710.1
     1     1    14     1    18    18     0     0   114.0   71.368  -93.945   2475.8    712.7
     1     1    14     1    18    19     0     0   115.0   71.308  -94.840   2451.3    715.2
     1     1    14     1    18    20     0     0   116.0   71.237  -95.681   2421.6    718.6
     1     1    14     1    18    21     0     0   117.0   71.159  -96.469   2387.4    722.5
     1     1    14     1    18    22     0     0   118.0   71.073  -97.205   2349.7    726.8
     1     1    14     1    18    23     0     0   119.0   70.983  -97.891   2309.5    731.7
     1     1    14     1    19     0     0     0   120.0   70.890  -98.529   2267.5    736.9
