     1     1
    CDC1    14     1     1     0     0
     1 FORWARD  OMEGA   
    14     1    17    18   75.000 -150.000  3000.0
     1 PRESSURE
     1     1    14     1    17    18     0     0     0.0   75.000 -150.000   3000.0    666.5
     1     1    14     1    17    19     0     0     1.0   74.677 -149.513   2959.4    671.8
     1     1    14     1    17    20     0     0     2.0   74.378 -149.047   2909.5    678.5
     1     1    14     1    17    21     0     0     3.0   74.098 -148.618   2851.6    685.8
     1     1    14     1    17    22     0     0     4.0   73.835 -148.244   2787.4    693.7
     1     1    14     1    17    23     0     0     5.0   73.588 -147.941   2717.9    702.0
     1     1    14     1    18     0     0     0     6.0   73.357 -147.725   2644.3    710.6
     1     1    14     1    18     1     0     0     7.0   73.146 -147.631   2574.6    719.4
     1     1    14     1    18     2     0     0     8.0   72.960 -147.688   2513.3    726.7
     1     1    14     1    18     3     0     0     9.0   72.796 -147.904   2459.8    733.4
     1     1    14     1    18     4     0     0    10.0   72.654 -148.288   2413.4    739.5
     1     1    14     1    18     5     0     0    11.0   72.531 -148.850   2373.5    745.2
     1     1    14     1    18     6     0     0    12.0   72.424 -149.583   2338.5    748.7
     1     1    14     1    18     7     0     0    13.0   72.329 -150.454   2311.5    750.2
     1     1    14     1    18     8     0     0    14.0   72.239 -151.420   2295.8    750.3
     1     1    14     1    18     9     0     0    15.0   72.151 -152.466   2289.9    749.6
     1     1    14     1    18    10     0     0    16.0   72.066 -153.575   2291.5    747.6
     1     1    14     1    18    11     0     0    17.0   71.982 -154.730   2300.5    744.8
     1     1    14     1    18    12     0     0    18.0   71.900 -155.918   2316.1    741.0
     1     1    14     1    18    13     0     0    19.0   71.813 -157.123   2332.1    736.9
     1     1    14     1    18    14     0     0    20.0   71.715 -158.336   2343.1    733.5
     1     1    14     1    18    15     0     0    21.0   71.608 -159.558   2350.2    730.6
     1     1    14     1    18    16     0     0    22.0   71.493 -160.790   2354.4    728.4
     1     1    14     1    18    17     0     0    23.0   71.371 -162.030   2356.5    727.0
     1     1    14     1    18    18     0     0    24.0   71.245 -163.278   2356.7    726.4
     1     1    14     1    18    19     0     0    25.0   71.115 -164.506   2358.6    727.3
     1     1    14     1    18    20     0     0    26.0   70.987 -165.695   2364.1    728.3
     1     1    14     1    18    21     0     0    27.0   70.860 -166.857   2374.8    729.4
     1     1    14     1    18    22     0     0    28.0   70.735 -168.001   2391.1    730.1
     1     1    14     1    18    23     0     0    29.0   70.615 -169.133   2413.0    729.9
     1     1    14     1    19     0     0     0    30.0   70.502 -170.257   2441.1    728.9
     1     1    14     1    19     1     0     0    31.0   70.388 -171.355   2467.1    726.4
     1     1    14     1    19     2     0     0    32.0   70.262 -172.416   2482.5    725.6
     1     1    14     1    19     3     0     0    33.0   70.122 -173.441   2487.2    724.6
     1     1    14     1    19     4     0     0    34.0   69.968 -174.428   2483.0    723.8
     1     1    14     1    19     5     0     0    35.0   69.801 -175.381   2470.4    722.1
     1     1    14     1    19     6     0     0    36.0   69.625 -176.301   2452.2    720.1
     1     1    14     1    19     7     0     0    37.0   69.444 -177.207   2437.3    718.1
     1     1    14     1    19     8     0     0    38.0   69.258 -178.114   2435.6    713.8
     1     1    14     1    19     9     0     0    39.0   69.066 -179.012   2445.8    708.3
     1     1    14     1    19    10     0     0    40.0   68.869 -179.898   2467.2    701.6
     1     1    14     1    19    11     0     0    41.0   68.667  179.227   2498.7    694.2
     1     1    14     1    19    12     0     0    42.0   68.464  178.360   2537.9    686.3
     1     1    14     1    19    13     0     0    43.0   68.259  177.512   2576.0    678.0
     1     1    14     1    19    14     0     0    44.0   68.054  176.686   2602.5    672.9
     1     1    14     1    19    15     0     0    45.0   67.847  175.875   2616.0    668.9
     1     1    14     1    19    16     0     0    46.0   67.637  175.077   2616.5    666.0
     1     1    14     1    19    17     0     0    47.0   67.426  174.288   2606.5    665.6
     1     1    14     1    19    18     0     0    48.0   67.212  173.504   2586.9    668.6
     1     1    14     1    19    19     0     0    49.0   66.990  172.723   2561.0    672.5
     1     1    14     1    19    20     0     0    50.0   66.759  171.937   2533.6    675.5
     1     1    14     1    19    21     0     0    51.0   66.519  171.142   2507.1    677.7
     1     1    14     1    19    22     0     0    52.0   66.273  170.337   2482.4    679.1
     1     1    14     1    19    23     0     0    53.0   66.021  169.522   2460.2    679.5
     1     1    14     1    20     0     0     0    54.0   65.767  168.698   2440.8    678.8
     1     1    14     1    20     1     0     0    55.0   65.524  167.873   2422.0    677.2
     1     1    14     1    20     2     0     0    56.0   65.306  167.052   2399.4    676.2
     1     1    14     1    20     3     0     0    57.0   65.112  166.232   2374.2    675.4
     1     1    14     1    20     4     0     0    58.0   64.945  165.415   2346.7    674.9
     1     1    14     1    20     5     0     0    59.0   64.802  164.602   2319.0    676.6
     1     1    14     1    20     6     0     0    60.0   64.684  163.790   2290.6    679.3
     1     1    14     1    20     7     0     0    61.0   64.578  162.975   2265.3    682.5
     1     1    14     1    20     8     0     0    62.0   64.474  162.157   2246.7    685.2
     1     1    14     1    20     9     0     0    63.0   64.369  161.330   2235.7    687.7
     1     1    14     1    20    10     0     0    64.0   64.263  160.492   2230.9    689.4
     1     1    14     1    20    11     0     0    65.0   64.152  159.645   2231.3    690.4
     1     1    14     1    20    12     0     0    66.0   64.033  158.790   2236.2    690.5
     1     1    14     1    20    13     0     0    67.0   63.914  157.936   2244.7    689.6
     1     1    14     1    20    14     0     0    68.0   63.803  157.090   2255.6    688.1
     1     1    14     1    20    15     0     0    69.0   63.698  156.257   2268.0    686.0
     1     1    14     1    20    16     0     0    70.0   63.598  155.441   2280.4    683.4
     1     1    14     1    20    17     0     0    71.0   63.506  154.641   2292.0    680.3
     1     1    14     1    20    18     0     0    72.0   63.423  153.865   2302.0    677.2
     1     1    14     1    20    19     0     0    73.0   63.340  153.123   2311.0    674.1
     1     1    14     1    20    20     0     0    74.0   63.247  152.426   2317.9    670.8
     1     1    14     1    20    21     0     0    75.0   63.147  151.772   2323.7    666.8
     1     1    14     1    20    22     0     0    76.0   63.042  151.157   2329.5    662.9
     1     1    14     1    20    23     0     0    77.0   62.932  150.578   2335.6    658.9
     1     1    14     1    21     0     0     0    78.0   62.817  150.030   2342.1    655.0
     1     1    14     1    21     1     0     0    79.0   62.710  149.517   2348.3    650.1
     1     1    14     1    21     2     0     0    80.0   62.619  149.042   2356.9    645.3
     1     1    14     1    21     3     0     0    81.0   62.544  148.609   2368.1    640.9
     1     1    14     1    21     4     0     0    82.0   62.481  148.219   2382.6    637.2
     1     1    14     1    21     5     0     0    83.0   62.428  147.871   2401.1    634.6
     1     1    14     1    21     6     0     0    84.0   62.385  147.567   2422.3    631.9
     1     1    14     1    21     7     0     0    85.0   62.343  147.291   2443.2    628.6
     1     1    14     1    21     8     0     0    86.0   62.297  147.026   2461.4    625.8
     1     1    14     1    21     9     0     0    87.0   62.247  146.768   2476.8    623.3
     1     1    14     1    21    10     0     0    88.0   62.192  146.513   2488.9    621.4
     1     1    14     1    21    11     0     0    89.0   62.133  146.257   2497.4    619.8
     1     1    14     1    21    12     0     0    90.0   62.068  145.999   2501.9    618.7
     1     1    14     1    21    13     0     0    91.0   61.999  145.757   2504.2    618.4
     1     1    14     1    21    14     0     0    92.0   61.929  145.550   2503.5    618.6
     1     1    14     1    21    15     0     0    93.0   61.854  145.379   2501.8    619.2
     1     1    14     1    21    16     0     0    94.0   61.776  145.245   2499.5    620.4
     1     1    14     1    21    17     0     0    95.0   61.692  145.146   2497.3    621.8
     1     1    14     1    21    18     0     0    96.0   61.603  145.084   2495.7    623.7
     1     1    14     1    21    19     0     0    97.0   61.505  145.040   2494.8    625.3
     1     1    14     1    21    20     0     0    98.0   61.396  145.002   2496.1    627.1
     1     1    14     1    21    21     0     0    99.0   61.277  144.972   2498.8    629.0
     1     1    14     1    21    22     0     0   100.0   61.147  144.953   2502.9    631.1
     1     1    14     1    21    23     0     0   101.0   61.009  144.949   2508.2    633.4
     1     1    14     1    22     0     0     0   102.0   60.861  144.964   2514.6    635.9
     1     1    14     1    22     1     0     0   103.0   60.707  144.996   2520.5    638.9
     1     1    14     1    22     2     0     0   104.0   60.550  145.044   2522.2    642.7
     1     1    14     1    22     3     0     0   105.0   60.391  145.105   2520.4    646.9
     1     1    14     1    22     4     0     0   106.0   60.229  145.180   2515.1    651.6
     1     1    14     1    22     5     0     0   107.0   60.066  145.266   2506.1    656.7
     1     1    14     1    22     6     0     0   108.0   59.901  145.358   2493.5    662.3
     1     1    14     1    22     7     0     0   109.0   59.739  145.454   2477.6    667.7
     1     1    14     1    22     8     0     0   110.0   59.585  145.553   2463.9    672.7
     1     1    14     1    22     9     0     0   111.0   59.439  145.659   2451.0    677.4
     1     1    14     1    22    10     0     0   112.0   59.303  145.771   2439.3    681.9
     1     1    14     1    22    11     0     0   113.0   59.177  145.891   2429.3    685.9
     1     1    14     1    22    12     0     0   114.0   59.062  146.020   2421.1    689.6
     1     1    14     1    22    13     0     0   115.0   58.953  146.170   2417.3    693.2
     1     1    14     1    22    14     0     0   116.0   58.844  146.351   2417.4    696.2
     1     1    14     1    22    15     0     0   117.0   58.736  146.563   2422.2    698.8
     1     1    14     1    22    16     0     0   118.0   58.630  146.806   2431.8    700.9
     1     1    14     1    22    17     0     0   119.0   58.526  147.080   2446.0    702.4
     1     1    14     1    22    18     0     0   120.0   58.427  147.385   2464.8    703.5
