     1     1
    CDC1    14     1     1     0     0
     1 FORWARD  OMEGA   
    14     1     9    12   75.000 -150.000  3000.0
     1 PRESSURE
     1     1    14     1     9    12     0     0     0.0   75.000 -150.000   3000.0    663.6
     1     1    14     1     9    13     0     0     1.0   74.432 -149.350   2976.9    668.4
     1     1    14     1     9    14     0     0     2.0   73.905 -148.799   2954.1    673.2
     1     1    14     1     9    15     0     0     3.0   73.418 -148.306   2934.6    677.5
     1     1    14     1     9    16     0     0     4.0   72.967 -147.831   2921.5    681.1
     1     1    14     1     9    17     0     0     5.0   72.549 -147.336   2917.8    683.6
     1     1    14     1     9    18     0     0     6.0   72.160 -146.792   2916.8    677.6
     1     1    14     1     9    19     0     0     7.0   71.789 -146.183   2918.8    669.4
     1     1    14     1     9    20     0     0     8.0   71.420 -145.505   2913.4    663.1
     1     1    14     1     9    21     0     0     9.0   71.052 -144.752   2899.4    658.2
     1     1    14     1     9    22     0     0    10.0   70.686 -143.919   2876.0    655.1
     1     1    14     1     9    23     0     0    11.0   70.322 -142.998   2842.2    653.6
     1     1    14     1    10     0     0     0    12.0   69.962 -141.981   2799.7    654.4
     1     1    14     1    10     1     0     0    13.0   69.613 -140.939   2759.9    657.9
     1     1    14     1    10     2     0     0    14.0   69.277 -139.940   2729.1    659.5
     1     1    14     1    10     3     0     0    15.0   68.960 -138.973   2704.6    660.9
     1     1    14     1    10     4     0     0    16.0   68.665 -138.020   2682.8    662.4
     1     1    14     1    10     5     0     0    17.0   68.393 -137.063   2660.3    664.3
     1     1    14     1    10     6     0     0    18.0   68.145 -136.088   2634.8    667.0
     1     1    14     1    10     7     0     0    19.0   67.916 -135.056   2606.3    670.5
     1     1    14     1    10     8     0     0    20.0   67.703 -133.929   2578.8    673.5
     1     1    14     1    10     9     0     0    21.0   67.505 -132.692   2554.9    676.8
     1     1    14     1    10    10     0     0    22.0   67.322 -131.344   2534.1    677.1
     1     1    14     1    10    11     0     0    23.0   67.155 -129.888   2523.5    676.6
     1     1    14     1    10    12     0     0    24.0   67.008 -128.332   2527.3    677.0
     1     1    14     1    10    13     0     0    25.0   66.884 -126.739   2539.9    676.9
     1     1    14     1    10    14     0     0    26.0   66.785 -125.163   2559.0    677.9
     1     1    14     1    10    15     0     0    27.0   66.711 -123.611   2575.1    678.6
     1     1    14     1    10    16     0     0    28.0   66.668 -122.084   2585.1    679.6
     1     1    14     1    10    17     0     0    29.0   66.663 -120.578   2585.4    679.5
     1     1    14     1    10    18     0     0    30.0   66.703 -119.088   2577.4    678.6
     1     1    14     1    10    19     0     0    31.0   66.784 -117.623   2568.6    677.5
     1     1    14     1    10    20     0     0    32.0   66.893 -116.190   2566.0    674.6
     1     1    14     1    10    21     0     0    33.0   67.027 -114.782   2571.0    671.1
     1     1    14     1    10    22     0     0    34.0   67.181 -113.390   2584.6    668.1
     1     1    14     1    10    23     0     0    35.0   67.352 -112.010   2606.8    665.4
     1     1    14     1    11     0     0     0    36.0   67.538 -110.645   2638.9    663.7
     1     1    14     1    11     1     0     0    37.0   67.738 -109.301   2678.0    662.3
     1     1    14     1    11     2     0     0    38.0   67.951 -107.982   2721.2    661.5
     1     1    14     1    11     3     0     0    39.0   68.183 -106.695   2764.5    660.7
     1     1    14     1    11     4     0     0    40.0   68.438 -105.452   2805.5    659.9
     1     1    14     1    11     5     0     0    41.0   68.719 -104.257   2841.5    658.7
     1     1    14     1    11     6     0     0    42.0   69.030 -103.117   2871.3    657.6
     1     1    14     1    11     7     0     0    43.0   69.358 -102.039   2895.7    656.1
     1     1    14     1    11     8     0     0    44.0   69.692 -101.034   2920.4    653.6
     1     1    14     1    11     9     0     0    45.0   70.036 -100.117   2946.2    650.7
     1     1    14     1    11    10     0     0    46.0   70.391  -99.302   2972.2    646.7
     1     1    14     1    11    11     0     0    47.0   70.753  -98.600   2999.6    643.1
     1     1    14     1    11    12     0     0    48.0   71.127  -98.014   3028.0    639.7
     1     1    14     1    11    13     0     0    49.0   71.507  -97.532   3050.6    636.1
     1     1    14     1    11    14     0     0    50.0   71.886  -97.143   3065.4    634.0
     1     1    14     1    11    15     0     0    51.0   72.264  -96.853   3071.4    632.6
     1     1    14     1    11    16     0     0    52.0   72.642  -96.674   3071.0    632.3
     1     1    14     1    11    17     0     0    53.0   73.023  -96.615   3067.0    633.0
     1     1    14     1    11    18     0     0    54.0   73.408  -96.687   3061.1    633.7
     1     1    14     1    11    19     0     0    55.0   73.791  -96.893   3055.5    634.9
     1     1    14     1    11    20     0     0    56.0   74.166  -97.232   3050.2    636.3
     1     1    14     1    11    21     0     0    57.0   74.532  -97.707   3044.7    637.9
     1     1    14     1    11    22     0     0    58.0   74.889  -98.320   3037.7    639.7
     1     1    14     1    11    23     0     0    59.0   75.238  -99.086   3028.8    641.5
     1     1    14     1    12     0     0     0    60.0   75.579 -100.024   3019.3    643.4
     1     1    14     1    12     1     0     0    61.0   75.915 -101.135   3012.1    645.7
     1     1    14     1    12     2     0     0    62.0   76.245 -102.428   3007.5    647.9
     1     1    14     1    12     3     0     0    63.0   76.567 -103.907   3004.0    649.6
     1     1    14     1    12     4     0     0    64.0   76.878 -105.575   3001.0    651.3
     1     1    14     1    12     5     0     0    65.0   77.174 -107.438   2996.8    652.7
     1     1    14     1    12     6     0     0    66.0   77.450 -109.494   2988.5    653.0
     1     1    14     1    12     7     0     0    67.0   77.695 -111.715   2976.0    652.5
     1     1    14     1    12     8     0     0    68.0   77.896 -114.059   2960.7    652.4
     1     1    14     1    12     9     0     0    69.0   78.051 -116.515   2945.8    652.1
     1     1    14     1    12    10     0     0    70.0   78.156 -119.065   2933.2    651.7
     1     1    14     1    12    11     0     0    71.0   78.213 -121.689   2923.7    651.8
     1     1    14     1    12    12     0     0    72.0   78.226 -124.360   2918.3    652.9
     1     1    14     1    12    13     0     0    73.0   78.186 -127.003   2915.1    654.1
     1     1    14     1    12    14     0     0    74.0   78.091 -129.531   2913.2    656.5
     1     1    14     1    12    15     0     0    75.0   77.944 -131.887   2912.0    659.1
     1     1    14     1    12    16     0     0    76.0   77.750 -134.025   2910.7    661.7
     1     1    14     1    12    17     0     0    77.0   77.517 -135.912   2909.9    663.8
     1     1    14     1    12    18     0     0    78.0   77.256 -137.548   2908.7    664.6
     1     1    14     1    12    19     0     0    79.0   76.974 -138.956   2906.2    663.5
     1     1    14     1    12    20     0     0    80.0   76.673 -140.131   2901.1    662.5
     1     1    14     1    12    21     0     0    81.0   76.356 -141.072   2893.3    661.5
     1     1    14     1    12    22     0     0    82.0   76.028 -141.781   2883.1    660.7
     1     1    14     1    12    23     0     0    83.0   75.690 -142.253   2870.7    659.9
     1     1    14     1    13     0     0     0    84.0   75.346 -142.488   2856.2    659.2
     1     1    14     1    13     1     0     0    85.0   75.006 -142.504   2838.5    658.6
     1     1    14     1    13     2     0     0    86.0   74.681 -142.396   2824.7    662.0
     1     1    14     1    13     3     0     0    87.0   74.373 -142.235   2810.3    665.4
     1     1    14     1    13     4     0     0    88.0   74.083 -142.024   2795.7    668.8
     1     1    14     1    13     5     0     0    89.0   73.812 -141.763   2781.3    672.0
     1     1    14     1    13     6     0     0    90.0   73.557 -141.454   2767.7    675.0
     1     1    14     1    13     7     0     0    91.0   73.314 -141.074   2756.9    677.5
     1     1    14     1    13     8     0     0    92.0   73.077 -140.590   2749.4    679.3
     1     1    14     1    13     9     0     0    93.0   72.847 -139.985   2743.6    680.8
     1     1    14     1    13    10     0     0    94.0   72.625 -139.248   2738.0    682.4
     1     1    14     1    13    11     0     0    95.0   72.410 -138.379   2729.1    683.1
     1     1    14     1    13    12     0     0    96.0   72.198 -137.391   2715.2    683.1
     1     1    14     1    13    13     0     0    97.0   71.990 -136.319   2700.1    684.4
     1     1    14     1    13    14     0     0    98.0   71.786 -135.191   2685.7    685.5
     1     1    14     1    13    15     0     0    99.0   71.588 -134.013   2672.4    686.2
     1     1    14     1    13    16     0     0   100.0   71.393 -132.790   2659.4    687.3
     1     1    14     1    13    17     0     0   101.0   71.200 -131.529   2643.6    687.8
     1     1    14     1    13    18     0     0   102.0   71.006 -130.234   2623.9    688.5
     1     1    14     1    13    19     0     0   103.0   70.822 -128.896   2597.9    688.7
     1     1    14     1    13    20     0     0   104.0   70.661 -127.497   2570.3    688.8
     1     1    14     1    13    21     0     0   105.0   70.520 -126.035   2539.2    689.2
     1     1    14     1    13    22     0     0   106.0   70.394 -124.513   2505.4    689.9
     1     1    14     1    13    23     0     0   107.0   70.272 -122.931   2469.7    691.6
     1     1    14     1    14     0     0     0   108.0   70.145 -121.302   2433.2    694.7
     1     1    14     1    14     1     0     0   109.0   70.010 -119.686   2398.1    697.7
     1     1    14     1    14     2     0     0   110.0   69.875 -118.157   2369.6    701.7
     1     1    14     1    14     3     0     0   111.0   69.750 -116.737   2344.4    706.2
     1     1    14     1    14     4     0     0   112.0   69.641 -115.426   2321.5    710.6
     1     1    14     1    14     5     0     0   113.0   69.550 -114.221   2300.4    714.6
     1     1    14     1    14     6     0     0   114.0   69.478 -113.113   2280.8    718.2
     1     1    14     1    14     7     0     0   115.0   69.428 -112.073   2263.9    721.5
     1     1    14     1    14     8     0     0   116.0   69.404 -111.074   2249.3    724.9
     1     1    14     1    14     9     0     0   117.0   69.407 -110.113   2235.7    728.3
     1     1    14     1    14    10     0     0   118.0   69.436 -109.183   2221.9    731.6
     1     1    14     1    14    11     0     0   119.0   69.493 -108.284   2207.6    735.4
     1     1    14     1    14    12     0     0   120.0   69.577 -107.417   2192.0    739.5
