     1     1
    CDC1    14     1     1     0     0
     1 FORWARD  OMEGA   
    14     1    18     0   75.000 -150.000  3000.0
     1 PRESSURE
     1     1    14     1    18     0     0     0     0.0   75.000 -150.000   3000.0    668.4
     1     1    14     1    18     1     0     0     1.0   74.766 -149.801   2905.6    679.5
     1     1    14     1    18     2     0     0     2.0   74.551 -149.753   2822.6    689.1
     1     1    14     1    18     3     0     0     3.0   74.355 -149.867   2750.1    697.7
     1     1    14     1    18     4     0     0     4.0   74.177 -150.144   2687.4    705.4
     1     1    14     1    18     5     0     0     5.0   74.017 -150.579   2633.7    712.1
     1     1    14     1    18     6     0     0     6.0   73.871 -151.176   2588.3    718.1
     1     1    14     1    18     7     0     0     7.0   73.735 -151.926   2551.8    722.9
     1     1    14     1    18     8     0     0     8.0   73.603 -152.813   2524.6    726.7
     1     1    14     1    18     9     0     0     9.0   73.475 -153.827   2506.0    729.5
     1     1    14     1    18    10     0     0    10.0   73.346 -154.955   2496.2    731.2
     1     1    14     1    18    11     0     0    11.0   73.217 -156.180   2494.2    731.0
     1     1    14     1    18    12     0     0    12.0   73.086 -157.486   2500.9    729.9
     1     1    14     1    18    13     0     0    13.0   72.947 -158.831   2508.2    726.9
     1     1    14     1    18    14     0     0    14.0   72.793 -160.183   2512.7    724.6
     1     1    14     1    18    15     0     0    15.0   72.626 -161.538   2514.4    722.1
     1     1    14     1    18    16     0     0    16.0   72.451 -162.888   2514.3    719.1
     1     1    14     1    18    17     0     0    17.0   72.274 -164.216   2513.0    716.0
     1     1    14     1    18    18     0     0    18.0   72.101 -165.516   2512.6    714.2
     1     1    14     1    18    19     0     0    19.0   71.937 -166.772   2516.1    714.3
     1     1    14     1    18    20     0     0    20.0   71.784 -167.976   2522.3    714.6
     1     1    14     1    18    21     0     0    21.0   71.641 -169.141   2532.5    714.8
     1     1    14     1    18    22     0     0    22.0   71.508 -170.278   2546.8    714.6
     1     1    14     1    18    23     0     0    23.0   71.386 -171.396   2564.8    713.9
     1     1    14     1    19     0     0     0    24.0   71.274 -172.500   2586.6    712.7
     1     1    14     1    19     1     0     0    25.0   71.159 -173.576   2605.4    710.4
     1     1    14     1    19     2     0     0    26.0   71.027 -174.607   2614.2    709.6
     1     1    14     1    19     3     0     0    27.0   70.878 -175.596   2614.6    709.0
     1     1    14     1    19     4     0     0    28.0   70.711 -176.543   2607.2    708.6
     1     1    14     1    19     5     0     0    29.0   70.532 -177.454   2593.1    708.6
     1     1    14     1    19     6     0     0    30.0   70.340 -178.330   2573.4    708.5
     1     1    14     1    19     7     0     0    31.0   70.139 -179.191   2556.7    708.4
     1     1    14     1    19     8     0     0    32.0   69.931  179.949   2552.6    705.5
     1     1    14     1    19     9     0     0    33.0   69.718  179.098   2559.8    700.4
     1     1    14     1    19    10     0     0    34.0   69.502  178.259   2577.7    694.4
     1     1    14     1    19    11     0     0    35.0   69.285  177.432   2605.4    687.7
     1     1    14     1    19    12     0     0    36.0   69.067  176.606   2642.3    681.4
     1     1    14     1    19    13     0     0    37.0   68.848  175.788   2675.7    674.7
     1     1    14     1    19    14     0     0    38.0   68.625  174.989   2694.6    670.2
     1     1    14     1    19    15     0     0    39.0   68.399  174.205   2700.2    667.1
     1     1    14     1    19    16     0     0    40.0   68.171  173.432   2692.6    665.1
     1     1    14     1    19    17     0     0    41.0   67.943  172.670   2672.3    664.2
     1     1    14     1    19    18     0     0    42.0   67.719  171.918   2640.6    664.4
     1     1    14     1    19    19     0     0    43.0   67.496  171.164   2603.5    665.4
     1     1    14     1    19    20     0     0    44.0   67.267  170.397   2570.8    668.7
     1     1    14     1    19    21     0     0    45.0   67.030  169.616   2539.8    671.4
     1     1    14     1    19    22     0     0    46.0   66.788  168.817   2511.5    673.2
     1     1    14     1    19    23     0     0    47.0   66.543  168.003   2486.1    673.9
     1     1    14     1    20     0     0     0    48.0   66.299  167.174   2463.8    674.1
     1     1    14     1    20     1     0     0    49.0   66.067  166.338   2442.8    674.0
     1     1    14     1    20     2     0     0    50.0   65.857  165.502   2417.6    673.9
     1     1    14     1    20     3     0     0    51.0   65.670  164.665   2389.9    674.3
     1     1    14     1    20     4     0     0    52.0   65.507  163.826   2361.1    675.6
     1     1    14     1    20     5     0     0    53.0   65.369  162.981   2330.2    676.9
     1     1    14     1    20     6     0     0    54.0   65.255  162.132   2298.0    679.0
     1     1    14     1    20     7     0     0    55.0   65.152  161.265   2270.7    682.4
     1     1    14     1    20     8     0     0    56.0   65.049  160.371   2250.1    684.5
     1     1    14     1    20     9     0     0    57.0   64.944  159.450   2237.8    687.3
     1     1    14     1    20    10     0     0    58.0   64.834  158.502   2233.0    690.3
     1     1    14     1    20    11     0     0    59.0   64.718  157.531   2233.4    692.1
     1     1    14     1    20    12     0     0    60.0   64.591  156.547   2237.9    693.6
     1     1    14     1    20    13     0     0    61.0   64.462  155.577   2244.6    694.1
     1     1    14     1    20    14     0     0    62.0   64.340  154.636   2253.2    693.1
     1     1    14     1    20    15     0     0    63.0   64.228  153.731   2262.5    690.9
     1     1    14     1    20    16     0     0    64.0   64.130  152.863   2271.7    688.5
     1     1    14     1    20    17     0     0    65.0   64.048  152.029   2278.6    684.9
     1     1    14     1    20    18     0     0    66.0   63.985  151.227   2283.1    681.0
     1     1    14     1    20    19     0     0    67.0   63.933  150.458   2286.5    677.5
     1     1    14     1    20    20     0     0    68.0   63.877  149.725   2287.1    673.1
     1     1    14     1    20    21     0     0    69.0   63.821  149.026   2285.6    667.4
     1     1    14     1    20    22     0     0    70.0   63.767  148.359   2284.5    661.9
     1     1    14     1    20    23     0     0    71.0   63.714  147.718   2283.7    656.6
     1     1    14     1    21     0     0     0    72.0   63.666  147.100   2282.8    650.8
     1     1    14     1    21     1     0     0    73.0   63.632  146.514   2283.9    644.9
     1     1    14     1    21     2     0     0    74.0   63.617  145.966   2287.1    639.4
     1     1    14     1    21     3     0     0    75.0   63.617  145.457   2292.1    634.2
     1     1    14     1    21     4     0     0    76.0   63.630  144.986   2298.2    629.4
     1     1    14     1    21     5     0     0    77.0   63.652  144.552   2305.3    626.0
     1     1    14     1    21     6     0     0    78.0   63.679  144.153   2311.0    623.0
     1     1    14     1    21     7     0     0    79.0   63.705  143.771   2313.6    620.3
     1     1    14     1    21     8     0     0    80.0   63.726  143.390   2311.9    618.1
     1     1    14     1    21     9     0     0    81.0   63.742  143.009   2305.9    616.4
     1     1    14     1    21    10     0     0    82.0   63.751  142.628   2295.6    614.9
     1     1    14     1    21    11     0     0    83.0   63.752  142.248   2283.3    615.7
     1     1    14     1    21    12     0     0    84.0   63.742  141.871   2267.9    617.7
     1     1    14     1    21    13     0     0    85.0   63.724  141.512   2250.5    619.8
     1     1    14     1    21    14     0     0    86.0   63.699  141.184   2234.7    621.5
     1     1    14     1    21    15     0     0    87.0   63.666  140.885   2220.7    622.9
     1     1    14     1    21    16     0     0    88.0   63.627  140.613   2209.1    624.1
     1     1    14     1    21    17     0     0    89.0   63.579  140.368   2200.2    625.0
     1     1    14     1    21    18     0     0    90.0   63.523  140.148   2194.4    625.6
     1     1    14     1    21    19     0     0    91.0   63.456  139.946   2189.2    626.2
     1     1    14     1    21    20     0     0    92.0   63.373  139.754   2183.6    628.3
     1     1    14     1    21    21     0     0    93.0   63.276  139.573   2176.2    630.5
     1     1    14     1    21    22     0     0    94.0   63.165  139.405   2167.4    632.8
     1     1    14     1    21    23     0     0    95.0   63.041  139.250   2157.6    635.1
     1     1    14     1    22     0     0     0    96.0   62.908  139.110   2147.3    637.4
     1     1    14     1    22     1     0     0    97.0   62.770  138.994   2136.4    639.7
     1     1    14     1    22     2     0     0    98.0   62.633  138.907   2124.9    641.8
     1     1    14     1    22     3     0     0    99.0   62.497  138.850   2112.0    643.8
     1     1    14     1    22     4     0     0   100.0   62.361  138.818   2099.2    647.5
     1     1    14     1    22     5     0     0   101.0   62.224  138.810   2084.1    651.1
     1     1    14     1    22     6     0     0   102.0   62.085  138.824   2066.7    654.7
     1     1    14     1    22     7     0     0   103.0   61.940  138.862   2046.9    658.2
     1     1    14     1    22     8     0     0   104.0   61.786  138.923   2023.3    661.9
     1     1    14     1    22     9     0     0   105.0   61.621  139.005   1996.4    666.0
     1     1    14     1    22    10     0     0   106.0   61.447  139.105   1966.4    670.4
     1     1    14     1    22    11     0     0   107.0   61.262  139.219   1933.5    675.3
     1     1    14     1    22    12     0     0   108.0   61.068  139.343   1898.0    680.7
     1     1    14     1    22    13     0     0   109.0   60.868  139.485   1860.5    686.4
     1     1    14     1    22    14     0     0   110.0   60.663  139.656   1821.9    692.2
     1     1    14     1    22    15     0     0   111.0   60.455  139.858   1782.2    698.2
     1     1    14     1    22    16     0     0   112.0   60.243  140.096   1742.3    705.2
     1     1    14     1    22    17     0     0   113.0   60.029  140.371   1703.7    713.7
     1     1    14     1    22    18     0     0   114.0   59.818  140.677   1666.8    723.0
     1     1    14     1    22    19     0     0   115.0   59.622  140.993   1633.7    732.1
     1     1    14     1    22    20     0     0   116.0   59.445  141.299   1604.3    740.4
     1     1    14     1    22    21     0     0   117.0   59.289  141.597   1578.7    747.9
     1     1    14     1    22    22     0     0   118.0   59.153  141.886   1556.8    754.7
     1     1    14     1    22    23     0     0   119.0   59.039  142.166   1538.2    760.7
     1     1    14     1    23     0     0     0   120.0   58.946  142.438   1522.4    765.9
