     1     1
    CDC1    14     1     1     0     0
     1 FORWARD  OMEGA   
    14     1    13     6   75.000 -150.000  3000.0
     1 PRESSURE
     1     1    14     1    13     6     0     0     0.0   75.000 -150.000   3000.0    649.9
     1     1    14     1    13     7     0     0     1.0   74.815 -150.271   2971.4    654.5
     1     1    14     1    13     8     0     0     2.0   74.626 -150.536   2952.0    657.8
     1     1    14     1    13     9     0     0     3.0   74.435 -150.789   2940.6    660.4
     1     1    14     1    13    10     0     0     4.0   74.243 -151.023   2935.9    662.2
     1     1    14     1    13    11     0     0     5.0   74.052 -151.231   2936.6    663.5
     1     1    14     1    13    12     0     0     6.0   73.864 -151.408   2941.6    664.3
     1     1    14     1    13    13     0     0     7.0   73.680 -151.547   2945.2    665.0
     1     1    14     1    13    14     0     0     8.0   73.501 -151.651   2942.4    666.6
     1     1    14     1    13    15     0     0     9.0   73.327 -151.727   2933.6    668.7
     1     1    14     1    13    16     0     0    10.0   73.158 -151.782   2919.1    671.3
     1     1    14     1    13    17     0     0    11.0   72.991 -151.824   2899.1    674.3
     1     1    14     1    13    18     0     0    12.0   72.828 -151.860   2873.9    677.8
     1     1    14     1    13    19     0     0    13.0   72.663 -151.870   2845.1    682.0
     1     1    14     1    13    20     0     0    14.0   72.496 -151.830   2816.6    685.9
     1     1    14     1    13    21     0     0    15.0   72.328 -151.721   2785.6    686.5
     1     1    14     1    13    22     0     0    16.0   72.164 -151.522   2759.2    686.5
     1     1    14     1    13    23     0     0    17.0   72.005 -151.227   2738.6    685.8
     1     1    14     1    14     0     0     0    18.0   71.853 -150.829   2725.1    684.4
     1     1    14     1    14     1     0     0    19.0   71.717 -150.313   2718.2    682.3
     1     1    14     1    14     2     0     0    20.0   71.603 -149.674   2710.3    680.7
     1     1    14     1    14     3     0     0    21.0   71.507 -148.925   2702.1    679.4
     1     1    14     1    14     4     0     0    22.0   71.424 -148.073   2693.1    678.4
     1     1    14     1    14     5     0     0    23.0   71.349 -147.128   2683.3    677.7
     1     1    14     1    14     6     0     0    24.0   71.278 -146.097   2672.7    677.5
     1     1    14     1    14     7     0     0    25.0   71.213 -144.986   2660.8    677.2
     1     1    14     1    14     8     0     0    26.0   71.157 -143.804   2650.0    678.1
     1     1    14     1    14     9     0     0    27.0   71.107 -142.565   2638.0    679.7
     1     1    14     1    14    10     0     0    28.0   71.061 -141.280   2625.0    682.4
     1     1    14     1    14    11     0     0    29.0   71.017 -139.958   2611.1    685.3
     1     1    14     1    14    12     0     0    30.0   70.976 -138.608   2597.0    688.9
     1     1    14     1    14    13     0     0    31.0   70.941 -137.272   2586.9    692.7
     1     1    14     1    14    14     0     0    32.0   70.917 -135.984   2580.7    695.1
     1     1    14     1    14    15     0     0    33.0   70.900 -134.756   2576.1    697.1
     1     1    14     1    14    16     0     0    34.0   70.890 -133.595   2570.0    698.3
     1     1    14     1    14    17     0     0    35.0   70.888 -132.507   2560.9    700.0
     1     1    14     1    14    18     0     0    36.0   70.894 -131.495   2545.8    700.6
     1     1    14     1    14    19     0     0    37.0   70.899 -130.519   2532.5    701.2
     1     1    14     1    14    20     0     0    38.0   70.895 -129.538   2528.5    700.1
     1     1    14     1    14    21     0     0    39.0   70.881 -128.556   2532.3    697.8
     1     1    14     1    14    22     0     0    40.0   70.854 -127.578   2543.4    694.8
     1     1    14     1    14    23     0     0    41.0   70.812 -126.608   2560.8    690.7
     1     1    14     1    15     0     0     0    42.0   70.756 -125.647   2584.2    686.0
     1     1    14     1    15     1     0     0    43.0   70.692 -124.705   2605.8    681.0
     1     1    14     1    15     2     0     0    44.0   70.630 -123.799   2617.5    678.0
     1     1    14     1    15     3     0     0    45.0   70.568 -122.940   2618.1    676.0
     1     1    14     1    15     4     0     0    46.0   70.508 -122.144   2606.8    675.7
     1     1    14     1    15     5     0     0    47.0   70.450 -121.426   2583.0    677.1
     1     1    14     1    15     6     0     0    48.0   70.395 -120.798   2545.7    679.8
     1     1    14     1    15     7     0     0    49.0   70.341 -120.186   2503.2    684.7
     1     1    14     1    15     8     0     0    50.0   70.290 -119.505   2462.3    689.1
     1     1    14     1    15     9     0     0    51.0   70.238 -118.753   2422.8    693.7
     1     1    14     1    15    10     0     0    52.0   70.183 -117.933   2383.5    698.3
     1     1    14     1    15    11     0     0    53.0   70.121 -117.047   2344.2    703.6
     1     1    14     1    15    12     0     0    54.0   70.048 -116.103   2304.6    709.4
     1     1    14     1    15    13     0     0    55.0   69.972 -115.153   2270.2    715.2
     1     1    14     1    15    14     0     0    56.0   69.905 -114.246   2247.0    719.6
     1     1    14     1    15    15     0     0    57.0   69.847 -113.381   2235.6    722.7
     1     1    14     1    15    16     0     0    58.0   69.800 -112.554   2236.0    724.4
     1     1    14     1    15    17     0     0    59.0   69.762 -111.755   2247.9    724.6
     1     1    14     1    15    18     0     0    60.0   69.733 -110.978   2271.4    723.5
     1     1    14     1    15    19     0     0    61.0   69.699 -110.202   2298.9    721.2
     1     1    14     1    15    20     0     0    62.0   69.648 -109.411   2321.1    720.0
     1     1    14     1    15    21     0     0    63.0   69.577 -108.609   2339.2    719.1
     1     1    14     1    15    22     0     0    64.0   69.483 -107.798   2354.0    718.2
     1     1    14     1    15    23     0     0    65.0   69.362 -106.979   2365.9    717.2
     1     1    14     1    16     0     0     0    66.0   69.213 -106.148   2375.5    716.1
     1     1    14     1    16     1     0     0    67.0   69.049 -105.313   2385.2    715.0
     1     1    14     1    16     2     0     0    68.0   68.883 -104.483   2393.2    713.8
     1     1    14     1    16     3     0     0    69.0   68.713 -103.658   2398.8    712.8
     1     1    14     1    16     4     0     0    70.0   68.540 -102.842   2401.2    712.4
     1     1    14     1    16     5     0     0    71.0   68.363 -102.037   2399.6    712.2
     1     1    14     1    16     6     0     0    72.0   68.185 -101.246   2394.5    712.1
     1     1    14     1    16     7     0     0    73.0   68.004 -100.457   2386.8    712.5
     1     1    14     1    16     8     0     0    74.0   67.818  -99.662   2376.7    712.9
     1     1    14     1    16     9     0     0    75.0   67.624  -98.863   2364.4    713.2
     1     1    14     1    16    10     0     0    76.0   67.418  -98.064   2350.7    713.8
     1     1    14     1    16    11     0     0    77.0   67.199  -97.275   2335.8    715.0
     1     1    14     1    16    12     0     0    78.0   66.965  -96.494   2320.1    715.7
     1     1    14     1    16    13     0     0    79.0   66.732  -95.724   2309.0    716.5
     1     1    14     1    16    14     0     0    80.0   66.519  -94.969   2305.1    716.6
     1     1    14     1    16    15     0     0    81.0   66.329  -94.228   2308.0    715.7
     1     1    14     1    16    16     0     0    82.0   66.165  -93.499   2317.9    714.1
     1     1    14     1    16    17     0     0    83.0   66.030  -92.780   2334.4    711.8
     1     1    14     1    16    18     0     0    84.0   65.926  -92.071   2357.1    709.0
     1     1    14     1    16    19     0     0    85.0   65.842  -91.384   2382.9    705.9
     1     1    14     1    16    20     0     0    86.0   65.769  -90.731   2409.3    703.0
     1     1    14     1    16    21     0     0    87.0   65.709  -90.111   2437.1    700.0
     1     1    14     1    16    22     0     0    88.0   65.663  -89.519   2466.8    697.7
     1     1    14     1    16    23     0     0    89.0   65.628  -88.953   2496.6    695.7
     1     1    14     1    17     0     0     0    90.0   65.605  -88.407   2526.1    693.6
     1     1    14     1    17     1     0     0    91.0   65.599  -87.880   2555.1    691.1
     1     1    14     1    17     2     0     0    92.0   65.617  -87.371   2585.3    688.7
     1     1    14     1    17     3     0     0    93.0   65.660  -86.877   2617.3    686.6
     1     1    14     1    17     4     0     0    94.0   65.727  -86.394   2650.7    684.5
     1     1    14     1    17     5     0     0    95.0   65.818  -85.920   2686.4    682.1
     1     1    14     1    17     6     0     0    96.0   65.933  -85.450   2724.9    679.4
     1     1    14     1    17     7     0     0    97.0   66.061  -84.979   2764.9    676.3
     1     1    14     1    17     8     0     0    98.0   66.186  -84.500   2805.4    673.2
     1     1    14     1    17     9     0     0    99.0   66.310  -84.011   2844.8    670.4
     1     1    14     1    17    10     0     0   100.0   66.436  -83.511   2883.6    667.9
     1     1    14     1    17    11     0     0   101.0   66.567  -82.999   2922.3    665.6
     1     1    14     1    17    12     0     0   102.0   66.706  -82.472   2961.3    663.2
     1     1    14     1    17    13     0     0   103.0   66.851  -81.938   2996.2    659.7
     1     1    14     1    17    14     0     0   104.0   67.000  -81.405   3023.1    657.5
     1     1    14     1    17    15     0     0   105.0   67.157  -80.875   3042.4    656.2
     1     1    14     1    17    16     0     0   106.0   67.325  -80.347   3054.5    655.7
     1     1    14     1    17    17     0     0   107.0   67.505  -79.820   3058.7    655.7
     1     1    14     1    17    18     0     0   108.0   67.697  -79.309   3054.0    655.0
     1     1    14     1    17    19     0     0   109.0   67.900  -78.839   3042.9    654.7
     1     1    14     1    17    20     0     0   110.0   68.111  -78.424   3028.1    654.3
     1     1    14     1    17    21     0     0   111.0   68.329  -78.062   3009.2    654.1
     1     1    14     1    17    22     0     0   112.0   68.553  -77.751   2986.2    653.9
     1     1    14     1    17    23     0     0   113.0   68.780  -77.486   2959.2    654.0
     1     1    14     1    18     0     0     0   114.0   69.010  -77.263   2928.5    654.3
     1     1    14     1    18     1     0     0   115.0   69.233  -77.099   2899.7    654.8
     1     1    14     1    18     2     0     0   116.0   69.447  -77.008   2876.6    654.6
     1     1    14     1    18     3     0     0   117.0   69.652  -76.988   2860.3    653.9
     1     1    14     1    18     4     0     0   118.0   69.852  -77.039   2850.7    652.9
     1     1    14     1    18     5     0     0   119.0   70.048  -77.160   2848.4    651.7
     1     1    14     1    18     6     0     0   120.0   70.242  -77.359   2854.2    650.9
