     1     1
    CDC1    14     1     1     0     0
     1 FORWARD  OMEGA   
    14     1    28    18   75.000 -150.000  3000.0
     1 PRESSURE
     1     1    14     1    28    18     0     0     0.0   75.000 -150.000   3000.0    694.2
     1     1    14     1    28    19     0     0     1.0   75.026 -149.374   2984.0    695.2
     1     1    14     1    28    20     0     0     2.0   75.040 -148.745   2974.9    695.4
     1     1    14     1    28    21     0     0     3.0   75.040 -148.111   2973.0    695.0
     1     1    14     1    28    22     0     0     4.0   75.026 -147.468   2978.9    694.0
     1     1    14     1    28    23     0     0     5.0   74.994 -146.823   2992.9    692.7
     1     1    14     1    29     0     0     0     6.0   74.941 -146.183   3015.1    691.0
     1     1    14     1    29     1     0     0     7.0   74.875 -145.558   3036.8    688.2
     1     1    14     1    29     2     0     0     8.0   74.806 -144.954   3048.1    687.2
     1     1    14     1    29     3     0     0     9.0   74.739 -144.368   3051.5    686.9
     1     1    14     1    29     4     0     0    10.0   74.675 -143.793   3048.2    687.2
     1     1    14     1    29     5     0     0    11.0   74.617 -143.223   3039.4    687.8
     1     1    14     1    29     6     0     0    12.0   74.567 -142.650   3026.2    688.7
     1     1    14     1    29     7     0     0    13.0   74.518 -142.069   3016.5    690.8
     1     1    14     1    29     8     0     0    14.0   74.463 -141.478   3013.3    691.9
     1     1    14     1    29     9     0     0    15.0   74.403 -140.876   3017.8    692.3
     1     1    14     1    29    10     0     0    16.0   74.338 -140.261   3030.4    691.8
     1     1    14     1    29    11     0     0    17.0   74.265 -139.636   3051.3    690.7
     1     1    14     1    29    12     0     0    18.0   74.184 -139.002   3080.3    689.0
     1     1    14     1    29    13     0     0    19.0   74.084 -138.317   3113.3    686.3
     1     1    14     1    29    14     0     0    20.0   73.956 -137.543   3147.2    684.2
     1     1    14     1    29    15     0     0    21.0   73.799 -136.686   3181.9    681.7
     1     1    14     1    29    16     0     0    22.0   73.612 -135.755   3219.2    679.1
     1     1    14     1    29    17     0     0    23.0   73.397 -134.757   3260.7    676.2
     1     1    14     1    29    18     0     0    24.0   73.153 -133.705   3308.2    672.5
     1     1    14     1    29    19     0     0    25.0   72.878 -132.649   3361.1    667.7
     1     1    14     1    29    20     0     0    26.0   72.576 -131.636   3415.9    661.9
     1     1    14     1    29    21     0     0    27.0   72.246 -130.638   3472.9    654.4
     1     1    14     1    29    22     0     0    28.0   71.886 -129.628   3532.0    646.3
     1     1    14     1    29    23     0     0    29.0   71.498 -128.602   3592.2    638.1
     1     1    14     1    30     0     0     0    30.0   71.085 -127.560   3653.7    630.2
     1     1    14     1    30     1     0     0    31.0   70.635 -126.522   3714.4    621.5
     1     1    14     1    30     2     0     0    32.0   70.136 -125.510   3777.4    613.2
     1     1    14     1    30     3     0     0    33.0   69.590 -124.517   3847.7    605.6
     1     1    14     1    30     4     0     0    34.0   69.000 -123.553   3926.0    598.8
     1     1    14     1    30     5     0     0    35.0   68.376 -122.634   4016.1    592.3
     1     1    14     1    30     6     0     0    36.0   67.725 -121.764   4122.1    584.8
     1     1    14     1    30     7     0     0    37.0   67.047 -120.974   4226.4    572.4
     1     1    14     1    30     8     0     0    38.0   66.350 -120.287   4324.5    561.6
     1     1    14     1    30     9     0     0    39.0   65.635 -119.669   4424.5    551.5
     1     1    14     1    30    10     0     0    40.0   64.903 -119.081   4533.9    541.3
     1     1    14     1    30    11     0     0    41.0   64.159 -118.517   4658.4    531.5
     1     1    14     1    30    12     0     0    42.0   63.408 -117.983   4796.0    522.1
     1     1    14     1    30    13     0     0    43.0   62.641 -117.518   4944.0    511.7
     1     1    14     1    30    14     0     0    44.0   61.856 -117.161   5075.0    499.2
     1     1    14     1    30    15     0     0    45.0   61.058 -116.890   5183.7    489.1
     1     1    14     1    30    16     0     0    46.0   60.252 -116.665   5273.2    481.1
     1     1    14     1    30    17     0     0    47.0   59.446 -116.450   5333.7    472.4
     1     1    14     1    30    18     0     0    48.0   58.651 -116.237   5359.8    465.9
     1     1    14     1    30    19     0     0    49.0   57.879 -116.047   5355.5    462.0
     1     1    14     1    30    20     0     0    50.0   57.145 -115.875   5333.7    459.7
     1     1    14     1    30    21     0     0    51.0   56.457 -115.701   5309.5    457.1
     1     1    14     1    30    22     0     0    52.0   55.816 -115.531   5289.3    454.8
     1     1    14     1    30    23     0     0    53.0   55.221 -115.380   5273.6    453.0
     1     1    14     1    31     0     0     0    54.0   54.670 -115.252   5255.1    448.8
     1     1    14     1    31     1     0     0    55.0   54.149 -115.129   5232.2    441.9
     1     1    14     1    31     2     0     0    56.0   53.644 -115.002   5216.6    435.9
     1     1    14     1    31     3     0     0    57.0   53.152 -114.881   5204.5    430.4
     1     1    14     1    31     4     0     0    58.0   52.671 -114.775   5194.5    425.4
     1     1    14     1    31     5     0     0    59.0   52.200 -114.663   5196.8    423.0
     1     1    14     1    31     6     0     0    60.0   51.742 -114.515   5203.9    422.3
     1     1    14     1    31     7     0     0    61.0   51.291 -114.308   5212.7    422.0
     1     1    14     1    31     8     0     0    62.0   50.843 -114.025   5227.4    421.6
     1     1    14     1    31     9     0     0    63.0   50.404 -113.657   5248.4    421.3
     1     1    14     1    31    10     0     0    64.0   49.979 -113.193   5276.6    421.3
     1     1    14     1    31    11     0     0    65.0   49.574 -112.613   5311.9    420.8
     1     1    14     1    31    12     0     0    66.0   49.193 -111.917   5355.6    420.5
     1     1    14     1    31    13     0     0    67.0   48.830 -111.143   5396.2    420.5
     1     1    14     1    31    14     0     0    68.0   48.488 -110.313   5425.4    421.9
     1     1    14     1    31    15     0     0    69.0   48.173 -109.424   5443.0    423.7
     1     1    14     1    31    16     0     0    70.0   47.891 -108.481   5454.8    427.0
     1     1    14     1    31    17     0     0    71.0   47.649 -107.482   5462.6    432.0
     1     1    14     1    31    18     0     0    72.0   47.455 -106.429   5448.6    434.2
