     1     1
    CDC1    14     1     1     0     0
     1 FORWARD  OMEGA   
    14     1     7    12   75.000 -150.000  3000.0
     1 PRESSURE
     1     1    14     1     7    12     0     0     0.0   75.000 -150.000   3000.0    679.0
     1     1    14     1     7    13     0     0     1.0   74.690 -150.464   2966.2    683.6
     1     1    14     1     7    14     0     0     2.0   74.381 -150.937   2933.2    688.2
     1     1    14     1     7    15     0     0     3.0   74.073 -151.412   2900.6    692.9
     1     1    14     1     7    16     0     0     4.0   73.764 -151.885   2868.2    697.6
     1     1    14     1     7    17     0     0     5.0   73.455 -152.348   2836.2    702.4
     1     1    14     1     7    18     0     0     6.0   73.145 -152.796   2804.8    707.1
     1     1    14     1     7    19     0     0     7.0   72.837 -153.237   2774.8    711.9
     1     1    14     1     7    20     0     0     8.0   72.528 -153.682   2747.0    716.5
     1     1    14     1     7    21     0     0     9.0   72.225 -154.095   2715.4    715.2
     1     1    14     1     7    22     0     0    10.0   71.930 -154.443   2687.4    713.1
     1     1    14     1     7    23     0     0    11.0   71.646 -154.737   2663.0    710.9
     1     1    14     1     8     0     0     0    12.0   71.371 -154.988   2641.6    708.7
     1     1    14     1     8     1     0     0    13.0   71.107 -155.212   2619.9    705.8
     1     1    14     1     8     2     0     0    14.0   70.856 -155.416   2597.8    703.6
     1     1    14     1     8     3     0     0    15.0   70.615 -155.600   2576.6    701.5
     1     1    14     1     8     4     0     0    16.0   70.384 -155.763   2557.9    699.3
     1     1    14     1     8     5     0     0    17.0   70.160 -155.903   2543.3    696.8
     1     1    14     1     8     6     0     0    18.0   69.943 -156.017   2534.8    694.2
     1     1    14     1     8     7     0     0    19.0   69.737 -156.100   2532.3    692.3
     1     1    14     1     8     8     0     0    20.0   69.552 -156.146   2529.5    690.7
     1     1    14     1     8     9     0     0    21.0   69.388 -156.155   2526.2    689.3
     1     1    14     1     8    10     0     0    22.0   69.247 -156.124   2521.4    688.1
     1     1    14     1     8    11     0     0    23.0   69.130 -156.052   2514.3    687.3
     1     1    14     1     8    12     0     0    24.0   69.037 -155.936   2504.5    686.9
     1     1    14     1     8    13     0     0    25.0   68.964 -155.820   2496.0    686.7
     1     1    14     1     8    14     0     0    26.0   68.906 -155.749   2494.6    685.6
     1     1    14     1     8    15     0     0    27.0   68.859 -155.722   2499.5    684.2
     1     1    14     1     8    16     0     0    28.0   68.824 -155.739   2510.7    682.3
     1     1    14     1     8    17     0     0    29.0   68.798 -155.799   2528.1    680.1
     1     1    14     1     8    18     0     0    30.0   68.782 -155.902   2551.4    677.5
     1     1    14     1     8    19     0     0    31.0   68.772 -156.022   2572.6    675.0
     1     1    14     1     8    20     0     0    32.0   68.764 -156.140   2581.9    674.4
     1     1    14     1     8    21     0     0    33.0   68.758 -156.261   2580.0    674.8
     1     1    14     1     8    22     0     0    34.0   68.753 -156.391   2567.2    676.2
     1     1    14     1     8    23     0     0    35.0   68.749 -156.536   2543.7    678.7
     1     1    14     1     9     0     0     0    36.0   68.746 -156.703   2510.1    682.3
     1     1    14     1     9     1     0     0    37.0   68.736 -156.919   2475.9    686.7
     1     1    14     1     9     2     0     0    38.0   68.713 -157.203   2451.7    689.3
     1     1    14     1     9     3     0     0    39.0   68.678 -157.550   2437.4    691.1
     1     1    14     1     9     4     0     0    40.0   68.631 -157.957   2433.7    692.2
     1     1    14     1     9     5     0     0    41.0   68.571 -158.421   2440.5    692.3
     1     1    14     1     9     6     0     0    42.0   68.501 -158.939   2458.1    691.5
     1     1    14     1     9     7     0     0    43.0   68.424 -159.487   2479.3    689.9
     1     1    14     1     9     8     0     0    44.0   68.343 -160.044   2494.6    689.6
     1     1    14     1     9     9     0     0    45.0   68.258 -160.615   2505.7    690.3
     1     1    14     1     9    10     0     0    46.0   68.168 -161.204   2512.8    691.4
     1     1    14     1     9    11     0     0    47.0   68.072 -161.812   2516.4    693.1
     1     1    14     1     9    12     0     0    48.0   67.972 -162.443   2517.5    695.1
     1     1    14     1     9    13     0     0    49.0   67.868 -163.092   2516.2    697.4
     1     1    14     1     9    14     0     0    50.0   67.761 -163.756   2514.0    699.9
     1     1    14     1     9    15     0     0    51.0   67.651 -164.438   2509.0    703.0
     1     1    14     1     9    16     0     0    52.0   67.535 -165.141   2500.1    706.6
     1     1    14     1     9    17     0     0    53.0   67.414 -165.866   2486.9    710.7
     1     1    14     1     9    18     0     0    54.0   67.285 -166.607   2469.8    715.3
     1     1    14     1     9    19     0     0    55.0   67.146 -167.362   2449.9    720.2
     1     1    14     1     9    20     0     0    56.0   66.997 -168.132   2428.2    723.6
     1     1    14     1     9    21     0     0    57.0   66.839 -168.917   2404.8    726.8
     1     1    14     1     9    22     0     0    58.0   66.673 -169.716   2379.3    730.2
     1     1    14     1     9    23     0     0    59.0   66.501 -170.529   2349.9    732.6
     1     1    14     1    10     0     0     0    60.0   66.324 -171.358   2317.5    734.9
     1     1    14     1    10     1     0     0    61.0   66.147 -172.208   2287.3    737.4
     1     1    14     1    10     2     0     0    62.0   65.976 -173.085   2265.6    738.1
     1     1    14     1    10     3     0     0    63.0   65.813 -173.992   2254.2    737.5
     1     1    14     1    10     4     0     0    64.0   65.661 -174.929   2255.0    736.0
     1     1    14     1    10     5     0     0    65.0   65.520 -175.897   2268.2    732.8
     1     1    14     1    10     6     0     0    66.0   65.391 -176.896   2295.0    728.5
     1     1    14     1    10     7     0     0    67.0   65.268 -177.936   2330.0    723.1
     1     1    14     1    10     8     0     0    68.0   65.147 -179.025   2368.2    718.4
     1     1    14     1    10     9     0     0    69.0   65.030  179.837   2408.2    714.1
     1     1    14     1    10    10     0     0    70.0   64.919  178.655   2447.6    710.0
     1     1    14     1    10    11     0     0    71.0   64.819  177.434   2484.5    705.8
     1     1    14     1    10    12     0     0    72.0   64.733  176.173   2517.5    701.4
     1     1    14     1    10    13     0     0    73.0   64.659  174.873   2541.7    697.1
     1     1    14     1    10    14     0     0    74.0   64.594  173.531   2552.9    692.0
     1     1    14     1    10    15     0     0    75.0   64.538  172.143   2550.9    687.8
     1     1    14     1    10    16     0     0    76.0   64.487  170.707   2536.2    683.4
     1     1    14     1    10    17     0     0    77.0   64.439  169.226   2511.5    679.6
     1     1    14     1    10    18     0     0    78.0   64.390  167.707   2478.8    676.7
     1     1    14     1    10    19     0     0    79.0   64.341  166.184   2445.7    676.3
     1     1    14     1    10    20     0     0    80.0   64.290  164.697   2417.2    676.2
     1     1    14     1    10    21     0     0    81.0   64.236  163.260   2395.0    677.9
     1     1    14     1    10    22     0     0    82.0   64.176  161.885   2377.9    680.1
     1     1    14     1    10    23     0     0    83.0   64.110  160.575   2365.4    682.6
     1     1    14     1    11     0     0     0    84.0   64.036  159.333   2355.4    684.6
     1     1    14     1    11     1     0     0    85.0   63.954  158.137   2344.4    685.3
     1     1    14     1    11     2     0     0    86.0   63.863  156.970   2330.7    686.2
     1     1    14     1    11     3     0     0    87.0   63.765  155.837   2316.3    686.4
     1     1    14     1    11     4     0     0    88.0   63.661  154.742   2302.9    685.4
     1     1    14     1    11     5     0     0    89.0   63.553  153.692   2291.5    683.5
     1     1    14     1    11     6     0     0    90.0   63.442  152.693   2282.7    680.9
     1     1    14     1    11     7     0     0    91.0   63.342  151.747   2280.2    677.8
     1     1    14     1    11     8     0     0    92.0   63.263  150.845   2286.8    673.6
     1     1    14     1    11     9     0     0    93.0   63.200  149.979   2301.4    668.8
     1     1    14     1    11    10     0     0    94.0   63.148  149.143   2318.5    660.8
     1     1    14     1    11    11     0     0    95.0   63.103  148.332   2339.6    652.9
     1     1    14     1    11    12     0     0    96.0   63.054  147.546   2363.1    644.9
     1     1    14     1    11    13     0     0    97.0   63.000  146.787   2383.9    635.6
     1     1    14     1    11    14     0     0    98.0   62.940  146.061   2404.2    627.0
     1     1    14     1    11    15     0     0    99.0   62.873  145.370   2424.8    618.7
     1     1    14     1    11    16     0     0   100.0   62.798  144.720   2447.5    611.5
     1     1    14     1    11    17     0     0   101.0   62.716  144.113   2473.2    605.4
     1     1    14     1    11    18     0     0   102.0   62.628  143.551   2501.0    599.4
     1     1    14     1    11    19     0     0   103.0   62.529  143.033   2527.8    593.1
     1     1    14     1    11    20     0     0   104.0   62.416  142.556   2554.5    589.7
     1     1    14     1    11    21     0     0   105.0   62.295  142.115   2582.7    590.9
     1     1    14     1    11    22     0     0   106.0   62.166  141.705   2606.4    592.9
     1     1    14     1    11    23     0     0   107.0   62.030  141.326   2625.3    595.1
     1     1    14     1    12     0     0     0   108.0   61.884  140.975   2639.7    597.6
     1     1    14     1    12     1     0     0   109.0   61.733  140.662   2647.8    600.6
     1     1    14     1    12     2     0     0   110.0   61.586  140.392   2648.3    604.0
     1     1    14     1    12     3     0     0   111.0   61.442  140.162   2640.6    607.9
     1     1    14     1    12     4     0     0   112.0   61.300  139.971   2624.8    612.4
     1     1    14     1    12     5     0     0   113.0   61.161  139.819   2601.3    618.3
     1     1    14     1    12     6     0     0   114.0   61.028  139.705   2568.2    624.6
     1     1    14     1    12     7     0     0   115.0   60.899  139.626   2527.6    631.3
     1     1    14     1    12     8     0     0   116.0   60.776  139.583   2480.2    637.9
     1     1    14     1    12     9     0     0   117.0   60.659  139.576   2426.5    644.8
     1     1    14     1    12    10     0     0   118.0   60.549  139.608   2366.3    652.0
     1     1    14     1    12    11     0     0   119.0   60.447  139.678   2299.5    659.4
     1     1    14     1    12    12     0     0   120.0   60.352  139.789   2225.8    667.3
