     1     1
    CDC1    14     1     1     0     0
     1 FORWARD  OMEGA   
    14     1    29    12   75.000 -150.000  3000.0
     1 PRESSURE
     1     1    14     1    29    12     0     0     0.0   75.000 -150.000   3000.0    693.4
     1     1    14     1    29    13     0     0     1.0   75.015 -149.320   3020.4    690.5
     1     1    14     1    29    14     0     0     2.0   75.010 -148.557   3041.9    687.5
     1     1    14     1    29    15     0     0     3.0   74.982 -147.705   3064.4    684.4
     1     1    14     1    29    16     0     0     4.0   74.931 -146.752   3087.9    681.8
     1     1    14     1    29    17     0     0     5.0   74.856 -145.688   3112.6    679.1
     1     1    14     1    29    18     0     0     6.0   74.755 -144.497   3139.2    676.4
     1     1    14     1    29    19     0     0     7.0   74.624 -143.230   3166.4    674.0
     1     1    14     1    29    20     0     0     8.0   74.464 -141.957   3190.0    672.7
     1     1    14     1    29    21     0     0     9.0   74.274 -140.687   3212.4    672.1
     1     1    14     1    29    22     0     0    10.0   74.057 -139.423   3236.0    671.7
     1     1    14     1    29    23     0     0    11.0   73.814 -138.166   3262.6    671.2
     1     1    14     1    30     0     0     0    12.0   73.547 -136.904   3294.3    669.9
     1     1    14     1    30     1     0     0    13.0   73.254 -135.632   3331.9    667.8
     1     1    14     1    30     2     0     0    14.0   72.927 -134.346   3373.7    664.8
     1     1    14     1    30     3     0     0    15.0   72.559 -133.028   3420.7    660.6
     1     1    14     1    30     4     0     0    16.0   72.141 -131.665   3468.4    653.1
     1     1    14     1    30     5     0     0    17.0   71.665 -130.264   3519.1    645.3
     1     1    14     1    30     6     0     0    18.0   71.130 -128.828   3577.6    636.3
     1     1    14     1    30     7     0     0    19.0   70.544 -127.432   3647.7    626.2
     1     1    14     1    30     8     0     0    20.0   69.919 -126.146   3725.4    615.2
     1     1    14     1    30     9     0     0    21.0   69.257 -124.976   3808.0    605.8
     1     1    14     1    30    10     0     0    22.0   68.568 -123.916   3890.1    598.8
     1     1    14     1    30    11     0     0    23.0   67.858 -122.905   3974.3    593.0
     1     1    14     1    30    12     0     0    24.0   67.125 -121.893   4056.7    584.1
     1     1    14     1    30    13     0     0    25.0   66.367 -120.916   4140.2    572.8
     1     1    14     1    30    14     0     0    26.0   65.583 -120.011   4235.6    563.4
     1     1    14     1    30    15     0     0    27.0   64.771 -119.165   4342.7    552.9
     1     1    14     1    30    16     0     0    28.0   63.939 -118.389   4468.4    543.0
     1     1    14     1    30    17     0     0    29.0   63.092 -117.664   4615.1    533.1
     1     1    14     1    30    18     0     0    30.0   62.231 -116.944   4777.8    519.8
     1     1    14     1    30    19     0     0    31.0   61.368 -116.262   4930.7    504.3
     1     1    14     1    30    20     0     0    32.0   60.514 -115.630   5064.1    492.8
     1     1    14     1    30    21     0     0    33.0   59.669 -114.991   5184.1    481.2
     1     1    14     1    30    22     0     0    34.0   58.837 -114.338   5286.5    469.5
     1     1    14     1    30    23     0     0    35.0   58.016 -113.648   5380.3    460.0
     1     1    14     1    31     0     0     0    36.0   57.197 -112.886   5479.4    451.0
     1     1    14     1    31     1     0     0    37.0   56.392 -112.132   5574.3    442.2
     1     1    14     1    31     2     0     0    38.0   55.614 -111.456   5649.8    436.4
     1     1    14     1    31     3     0     0    39.0   54.861 -110.829   5718.0    431.4
     1     1    14     1    31     4     0     0    40.0   54.135 -110.231   5781.7    426.1
     1     1    14     1    31     5     0     0    41.0   53.447 -109.660   5841.1    421.8
     1     1    14     1    31     6     0     0    42.0   52.802 -109.101   5895.5    417.8
     1     1    14     1    31     7     0     0    43.0   52.199 -108.505   5938.1    413.3
     1     1    14     1    31     8     0     0    44.0   51.639 -107.812   5966.4    410.6
     1     1    14     1    31     9     0     0    45.0   51.121 -107.005   5974.1    409.0
     1     1    14     1    31    10     0     0    46.0   50.638 -106.091   5962.6    408.0
     1     1    14     1    31    11     0     0    47.0   50.178 -105.085   5937.5    407.9
     1     1    14     1    31    12     0     0    48.0   49.739 -104.009   5912.7    410.3
     1     1    14     1    31    13     0     0    49.0   49.344 -102.893   5884.3    413.1
     1     1    14     1    31    14     0     0    50.0   49.018 -101.745   5876.0    417.9
     1     1    14     1    31    15     0     0    51.0   48.766 -100.552   5884.4    423.5
     1     1    14     1    31    16     0     0    52.0   48.579  -99.302   5901.2    427.4
     1     1    14     1    31    17     0     0    53.0   48.447  -97.986   5927.2    429.9
     1     1    14     1    31    18     0     0    54.0   48.353  -96.600   5946.3    428.8
