     1     1
    CDC1    14     1     1     0     0
     1 FORWARD  OMEGA   
    14     1    11    18   75.000 -150.000  3000.0
     1 PRESSURE
     1     1    14     1    11    18     0     0     0.0   75.000 -150.000   3000.0    651.7
     1     1    14     1    11    19     0     0     1.0   74.569 -149.359   3010.7    652.9
     1     1    14     1    11    20     0     0     2.0   74.151 -148.665   3022.0    653.5
     1     1    14     1    11    21     0     0     3.0   73.743 -147.911   3033.4    653.9
     1     1    14     1    11    22     0     0     4.0   73.345 -147.091   3044.5    654.1
     1     1    14     1    11    23     0     0     5.0   72.958 -146.198   3055.1    654.2
     1     1    14     1    12     0     0     0     6.0   72.580 -145.219   3065.0    654.2
     1     1    14     1    12     1     0     0     7.0   72.214 -144.194   3069.1    649.1
     1     1    14     1    12     2     0     0     8.0   71.862 -143.177   3081.4    642.3
     1     1    14     1    12     3     0     0     9.0   71.526 -142.166   3101.5    636.1
     1     1    14     1    12     4     0     0    10.0   71.208 -141.146   3128.6    630.9
     1     1    14     1    12     5     0     0    11.0   70.907 -140.099   3160.4    626.1
     1     1    14     1    12     6     0     0    12.0   70.622 -139.014   3194.9    622.0
     1     1    14     1    12     7     0     0    13.0   70.354 -137.926   3227.2    618.8
     1     1    14     1    12     8     0     0    14.0   70.105 -136.878   3253.7    616.9
     1     1    14     1    12     9     0     0    15.0   69.878 -135.874   3274.1    615.4
     1     1    14     1    12    10     0     0    16.0   69.675 -134.918   3287.8    614.3
     1     1    14     1    12    11     0     0    17.0   69.497 -133.999   3294.5    613.4
     1     1    14     1    12    12     0     0    18.0   69.346 -133.106   3296.9    613.1
     1     1    14     1    12    13     0     0    19.0   69.211 -132.222   3291.4    613.2
     1     1    14     1    12    14     0     0    20.0   69.082 -131.333   3280.8    613.6
     1     1    14     1    12    15     0     0    21.0   68.956 -130.439   3263.5    614.8
     1     1    14     1    12    16     0     0    22.0   68.832 -129.542   3239.0    616.7
     1     1    14     1    12    17     0     0    23.0   68.708 -128.645   3207.4    619.5
     1     1    14     1    12    18     0     0    24.0   68.585 -127.752   3168.8    623.1
     1     1    14     1    12    19     0     0    25.0   68.477 -126.865   3127.3    627.3
     1     1    14     1    12    20     0     0    26.0   68.400 -125.981   3092.8    630.6
     1     1    14     1    12    21     0     0    27.0   68.359 -125.100   3064.5    633.5
     1     1    14     1    12    22     0     0    28.0   68.355 -124.220   3042.5    635.6
     1     1    14     1    12    23     0     0    29.0   68.391 -123.342   3027.1    637.0
     1     1    14     1    13     0     0     0    30.0   68.469 -122.465   3018.2    637.5
     1     1    14     1    13     1     0     0    31.0   68.577 -121.591   3010.8    636.6
     1     1    14     1    13     2     0     0    32.0   68.701 -120.727   3004.8    635.9
     1     1    14     1    13     3     0     0    33.0   68.843 -119.878   2998.0    635.3
     1     1    14     1    13     4     0     0    34.0   69.002 -119.051   2989.7    635.3
     1     1    14     1    13     5     0     0    35.0   69.177 -118.251   2979.0    635.7
     1     1    14     1    13     6     0     0    36.0   69.370 -117.484   2965.2    636.6
     1     1    14     1    13     7     0     0    37.0   69.575 -116.726   2951.2    638.8
     1     1    14     1    13     8     0     0    38.0   69.785 -115.956   2941.0    640.9
     1     1    14     1    13     9     0     0    39.0   70.003 -115.182   2933.0    643.2
     1     1    14     1    13    10     0     0    40.0   70.226 -114.405   2927.1    645.6
     1     1    14     1    13    11     0     0    41.0   70.452 -113.628   2923.9    647.7
     1     1    14     1    13    12     0     0    42.0   70.685 -112.858   2923.7    649.5
     1     1    14     1    13    13     0     0    43.0   70.924 -112.106   2924.8    650.8
     1     1    14     1    13    14     0     0    44.0   71.168 -111.382   2925.3    651.8
     1     1    14     1    13    15     0     0    45.0   71.418 -110.692   2925.0    652.6
     1     1    14     1    13    16     0     0    46.0   71.678 -110.048   2922.9    653.3
     1     1    14     1    13    17     0     0    47.0   71.948 -109.458   2917.5    654.0
     1     1    14     1    13    18     0     0    48.0   72.227 -108.928   2907.4    655.0
     1     1    14     1    13    19     0     0    49.0   72.515 -108.417   2895.9    656.8
     1     1    14     1    13    20     0     0    50.0   72.818 -107.891   2888.0    658.6
     1     1    14     1    13    21     0     0    51.0   73.142 -107.374   2885.2    659.7
     1     1    14     1    13    22     0     0    52.0   73.491 -106.877   2886.8    660.0
     1     1    14     1    13    23     0     0    53.0   73.872 -106.413   2892.9    660.0
     1     1    14     1    14     0     0     0    54.0   74.290 -105.993   2902.9    659.6
     1     1    14     1    14     1     0     0    55.0   74.744 -105.637   2914.9    658.8
     1     1    14     1    14     2     0     0    56.0   75.224 -105.372   2925.9    659.1
     1     1    14     1    14     3     0     0    57.0   75.721 -105.236   2937.6    660.1
     1     1    14     1    14     4     0     0    58.0   76.230 -105.260   2950.5    660.8
     1     1    14     1    14     5     0     0    59.0   76.752 -105.467   2965.6    661.1
     1     1    14     1    14     6     0     0    60.0   77.287 -105.886   2983.7    660.9
     1     1    14     1    14     7     0     0    61.0   77.833 -106.496   2998.8    659.4
     1     1    14     1    14     8     0     0    62.0   78.380 -107.271   3006.9    658.9
     1     1    14     1    14     9     0     0    63.0   78.921 -108.239   3009.4    659.1
     1     1    14     1    14    10     0     0    64.0   79.451 -109.421   3008.3    660.3
     1     1    14     1    14    11     0     0    65.0   79.965 -110.839   3003.9    661.7
     1     1    14     1    14    12     0     0    66.0   80.451 -112.536   2997.7    663.6
     1     1    14     1    14    13     0     0    67.0   80.904 -114.592   2989.5    665.0
     1     1    14     1    14    14     0     0    68.0   81.322 -117.081   2975.0    665.7
     1     1    14     1    14    15     0     0    69.0   81.704 -120.038   2958.4    666.0
     1     1    14     1    14    16     0     0    70.0   82.044 -123.485   2940.1    664.9
     1     1    14     1    14    17     0     0    71.0   82.338 -127.418   2920.4    662.0
     1     1    14     1    14    18     0     0    72.0   82.578 -131.816   2904.6    659.7
     1     1    14     1    14    19     0     0    73.0   82.750 -136.500   2892.5    657.4
     1     1    14     1    14    20     0     0    74.0   82.849 -141.306   2886.2    657.7
     1     1    14     1    14    21     0     0    75.0   82.874 -146.160   2882.5    659.0
     1     1    14     1    14    22     0     0    76.0   82.826 -150.955   2878.5    661.7
     1     1    14     1    14    23     0     0    77.0   82.703 -155.563   2873.4    665.2
     1     1    14     1    15     0     0     0    78.0   82.507 -159.829   2864.1    668.8
     1     1    14     1    15     1     0     0    79.0   82.245 -163.617   2846.8    671.8
     1     1    14     1    15     2     0     0    80.0   81.929 -166.838   2819.1    674.9
     1     1    14     1    15     3     0     0    81.0   81.567 -169.467   2781.2    677.9
     1     1    14     1    15     4     0     0    82.0   81.170 -171.503   2734.2    681.4
     1     1    14     1    15     5     0     0    83.0   80.748 -172.968   2679.5    685.3
     1     1    14     1    15     6     0     0    84.0   80.310 -173.902   2619.2    689.4
     1     1    14     1    15     7     0     0    85.0   79.869 -174.392   2560.7    695.5
     1     1    14     1    15     8     0     0    86.0   79.436 -174.579   2511.5    702.7
     1     1    14     1    15     9     0     0    87.0   79.016 -174.537   2471.4    708.6
     1     1    14     1    15    10     0     0    88.0   78.611 -174.271   2439.7    713.5
     1     1    14     1    15    11     0     0    89.0   78.223 -173.779   2415.5    717.4
     1     1    14     1    15    12     0     0    90.0   77.851 -173.056   2397.8    720.5
     1     1    14     1    15    13     0     0    91.0   77.489 -172.152   2382.6    722.0
     1     1    14     1    15    14     0     0    92.0   77.130 -171.172   2364.8    722.4
     1     1    14     1    15    15     0     0    93.0   76.774 -170.168   2344.9    723.2
     1     1    14     1    15    16     0     0    94.0   76.427 -169.128   2323.3    724.4
     1     1    14     1    15    17     0     0    95.0   76.093 -168.040   2300.7    725.8
     1     1    14     1    15    18     0     0    96.0   75.773 -166.893   2277.7    727.6
     1     1    14     1    15    19     0     0    97.0   75.466 -165.674   2255.7    730.4
     1     1    14     1    15    20     0     0    98.0   75.169 -164.373   2235.3    733.0
     1     1    14     1    15    21     0     0    99.0   74.883 -163.005   2217.1    735.8
     1     1    14     1    15    22     0     0   100.0   74.613 -161.608   2201.4    738.8
     1     1    14     1    15    23     0     0   101.0   74.360 -160.194   2188.1    741.9
     1     1    14     1    16     0     0     0   102.0   74.128 -158.744   2176.6    745.3
     1     1    14     1    16     1     0     0   103.0   73.919 -157.265   2166.5    748.7
     1     1    14     1    16     2     0     0   104.0   73.733 -155.778   2157.7    751.3
     1     1    14     1    16     3     0     0   105.0   73.566 -154.287   2148.7    753.4
     1     1    14     1    16     4     0     0   106.0   73.414 -152.795   2138.2    755.1
     1     1    14     1    16     5     0     0   107.0   73.274 -151.309   2124.2    756.3
     1     1    14     1    16     6     0     0   108.0   73.142 -149.834   2105.3    757.9
     1     1    14     1    16     7     0     0   109.0   73.018 -148.377   2083.1    759.9
     1     1    14     1    16     8     0     0   110.0   72.905 -146.933   2060.3    761.9
     1     1    14     1    16     9     0     0   111.0   72.807 -145.495   2038.5    763.7
     1     1    14     1    16    10     0     0   112.0   72.726 -144.053   2019.3    765.4
     1     1    14     1    16    11     0     0   113.0   72.663 -142.600   2003.5    766.8
     1     1    14     1    16    12     0     0   114.0   72.618 -141.135   1991.5    768.4
     1     1    14     1    16    13     0     0   115.0   72.583 -139.675   1981.3    770.0
     1     1    14     1    16    14     0     0   116.0   72.547 -138.239   1972.2    772.2
     1     1    14     1    16    15     0     0   117.0   72.514 -136.837   1965.0    774.1
     1     1    14     1    16    16     0     0   118.0   72.486 -135.475   1960.0    775.5
     1     1    14     1    16    17     0     0   119.0   72.463 -134.160   1956.9    775.9
     1     1    14     1    16    18     0     0   120.0   72.448 -132.900   1955.7    775.9
