     1     1
    CDC1    14     1     1     0     0
     1 FORWARD  OMEGA   
    14     1     9     0   75.000 -150.000  3000.0
     1 PRESSURE
     1     1    14     1     9     0     0     0     0.0   75.000 -150.000   3000.0    668.4
     1     1    14     1     9     1     0     0     1.0   74.668 -149.970   3001.2    669.8
     1     1    14     1     9     2     0     0     2.0   74.344 -149.931   3001.3    671.4
     1     1    14     1     9     3     0     0     3.0   74.027 -149.896   3000.6    673.1
     1     1    14     1     9     4     0     0     4.0   73.720 -149.877   2999.4    674.8
     1     1    14     1     9     5     0     0     5.0   73.420 -149.886   2998.0    676.7
     1     1    14     1     9     6     0     0     6.0   73.130 -149.937   2996.6    678.6
     1     1    14     1     9     7     0     0     7.0   72.841 -150.024   2990.1    680.5
     1     1    14     1     9     8     0     0     8.0   72.549 -150.143   2969.7    684.3
     1     1    14     1     9     9     0     0     9.0   72.254 -150.282   2929.2    684.2
     1     1    14     1     9    10     0     0    10.0   71.959 -150.421   2876.1    683.9
     1     1    14     1     9    11     0     0    11.0   71.665 -150.562   2811.9    684.6
     1     1    14     1     9    12     0     0    12.0   71.375 -150.713   2736.6    686.5
     1     1    14     1     9    13     0     0    13.0   71.100 -150.866   2663.1    689.7
     1     1    14     1     9    14     0     0    14.0   70.846 -151.006   2602.9    691.0
     1     1    14     1     9    15     0     0    15.0   70.613 -151.133   2556.2    691.4
     1     1    14     1     9    16     0     0    16.0   70.397 -151.249   2523.2    691.0
     1     1    14     1     9    17     0     0    17.0   70.200 -151.353   2503.7    689.7
     1     1    14     1     9    18     0     0    18.0   70.020 -151.444   2497.9    687.5
     1     1    14     1     9    19     0     0    19.0   69.843 -151.499   2494.3    684.6
     1     1    14     1     9    20     0     0    20.0   69.658 -151.496   2479.5    684.0
     1     1    14     1     9    21     0     0    21.0   69.464 -151.436   2453.8    684.1
     1     1    14     1     9    22     0     0    22.0   69.264 -151.318   2418.0    685.0
     1     1    14     1     9    23     0     0    23.0   69.058 -151.145   2372.4    686.7
     1     1    14     1    10     0     0     0    24.0   68.847 -150.917   2317.2    689.0
     1     1    14     1    10     1     0     0    25.0   68.627 -150.676   2262.0    692.3
     1     1    14     1    10     2     0     0    26.0   68.394 -150.461   2215.6    693.8
     1     1    14     1    10     3     0     0    27.0   68.150 -150.272   2178.2    694.5
     1     1    14     1    10     4     0     0    28.0   67.897 -150.104   2149.8    694.3
     1     1    14     1    10     5     0     0    29.0   67.635 -149.954   2130.5    693.3
     1     1    14     1    10     6     0     0    30.0   67.367 -149.817   2122.5    693.4
     1     1    14     1    10     7     0     0    31.0   67.105 -149.673   2122.2    694.2
     1     1    14     1    10     8     0     0    32.0   66.861 -149.508   2125.5    694.8
     1     1    14     1    10     9     0     0    33.0   66.634 -149.322   2132.5    694.9
     1     1    14     1    10    10     0     0    34.0   66.424 -149.116   2143.8    694.3
     1     1    14     1    10    11     0     0    35.0   66.229 -148.890   2159.9    693.0
     1     1    14     1    10    12     0     0    36.0   66.050 -148.643   2181.5    690.8
     1     1    14     1    10    13     0     0    37.0   65.882 -148.393   2201.7    687.9
     1     1    14     1    10    14     0     0    38.0   65.722 -148.158   2212.1    686.5
     1     1    14     1    10    15     0     0    39.0   65.572 -147.938   2213.3    686.0
     1     1    14     1    10    16     0     0    40.0   65.433 -147.731   2205.4    686.3
     1     1    14     1    10    17     0     0    41.0   65.304 -147.537   2188.4    687.5
     1     1    14     1    10    18     0     0    42.0   65.187 -147.356   2162.6    689.6
     1     1    14     1    10    19     0     0    43.0   65.073 -147.173   2138.0    692.4
     1     1    14     1    10    20     0     0    44.0   64.954 -146.967   2123.7    692.5
     1     1    14     1    10    21     0     0    45.0   64.830 -146.730   2118.6    690.5
     1     1    14     1    10    22     0     0    46.0   64.702 -146.453   2123.3    687.2
     1     1    14     1    10    23     0     0    47.0   64.570 -146.135   2137.5    682.8
     1     1    14     1    11     0     0     0    48.0   64.439 -145.771   2160.7    677.3
     1     1    14     1    11     1     0     0    49.0   64.312 -145.375   2187.4    670.5
     1     1    14     1    11     2     0     0    50.0   64.191 -144.965   2209.4    664.7
     1     1    14     1    11     3     0     0    51.0   64.076 -144.536   2229.1    659.5
     1     1    14     1    11     4     0     0    52.0   63.964 -144.084   2246.5    654.5
     1     1    14     1    11     5     0     0    53.0   63.855 -143.605   2262.2    649.4
     1     1    14     1    11     6     0     0    54.0   63.745 -143.097   2276.9    644.3
     1     1    14     1    11     7     0     0    55.0   63.642 -142.564   2289.4    639.2
     1     1    14     1    11     8     0     0    56.0   63.555 -142.016   2300.7    635.4
     1     1    14     1    11     9     0     0    57.0   63.479 -141.457   2306.3    632.5
     1     1    14     1    11    10     0     0    58.0   63.414 -140.894   2304.1    630.4
     1     1    14     1    11    11     0     0    59.0   63.358 -140.331   2292.3    629.3
     1     1    14     1    11    12     0     0    60.0   63.308 -139.777   2269.4    629.4
     1     1    14     1    11    13     0     0    61.0   63.262 -139.237   2243.5    631.1
     1     1    14     1    11    14     0     0    62.0   63.218 -138.713   2222.8    631.6
     1     1    14     1    11    15     0     0    63.0   63.180 -138.206   2208.4    631.5
     1     1    14     1    11    16     0     0    64.0   63.150 -137.716   2201.0    630.8
     1     1    14     1    11    17     0     0    65.0   63.130 -137.244   2200.6    629.3
     1     1    14     1    11    18     0     0    66.0   63.120 -136.789   2206.8    627.3
     1     1    14     1    11    19     0     0    67.0   63.120 -136.326   2216.3    625.2
     1     1    14     1    11    20     0     0    68.0   63.130 -135.829   2225.7    623.5
     1     1    14     1    11    21     0     0    69.0   63.152 -135.296   2236.8    621.6
     1     1    14     1    11    22     0     0    70.0   63.186 -134.725   2250.7    619.5
     1     1    14     1    11    23     0     0    71.0   63.230 -134.115   2269.0    616.9
     1     1    14     1    12     0     0     0    72.0   63.287 -133.466   2294.2    613.7
     1     1    14     1    12     1     0     0    73.0   63.347 -132.777   2320.4    610.0
     1     1    14     1    12     2     0     0    74.0   63.396 -132.048   2344.0    608.1
     1     1    14     1    12     3     0     0    75.0   63.433 -131.282   2360.7    607.6
     1     1    14     1    12     4     0     0    76.0   63.457 -130.482   2366.7    607.7
     1     1    14     1    12     5     0     0    77.0   63.467 -129.655   2362.0    610.4
     1     1    14     1    12     6     0     0    78.0   63.465 -128.812   2344.7    616.9
     1     1    14     1    12     7     0     0    79.0   63.461 -127.930   2320.4    625.6
     1     1    14     1    12     8     0     0    80.0   63.462 -126.984   2301.2    635.8
     1     1    14     1    12     9     0     0    81.0   63.464 -125.990   2287.7    647.9
     1     1    14     1    12    10     0     0    82.0   63.464 -124.961   2277.6    660.1
     1     1    14     1    12    11     0     0    83.0   63.462 -123.920   2270.5    672.5
     1     1    14     1    12    12     0     0    84.0   63.460 -122.887   2265.3    684.6
     1     1    14     1    12    13     0     0    85.0   63.464 -121.914   2256.2    693.5
     1     1    14     1    12    14     0     0    86.0   63.486 -121.029   2245.0    700.7
     1     1    14     1    12    15     0     0    87.0   63.530 -120.215   2235.6    707.0
     1     1    14     1    12    16     0     0    88.0   63.597 -119.448   2228.0    709.9
     1     1    14     1    12    17     0     0    89.0   63.690 -118.708   2226.7    710.8
     1     1    14     1    12    18     0     0    90.0   63.811 -117.982   2234.7    710.5
     1     1    14     1    12    19     0     0    91.0   63.954 -117.276   2249.9    708.3
     1     1    14     1    12    20     0     0    92.0   64.116 -116.600   2268.8    704.6
     1     1    14     1    12    21     0     0    93.0   64.295 -115.948   2289.9    700.7
     1     1    14     1    12    22     0     0    94.0   64.492 -115.315   2311.1    696.8
     1     1    14     1    12    23     0     0    95.0   64.706 -114.700   2329.9    693.0
     1     1    14     1    13     0     0     0    96.0   64.936 -114.103   2343.8    689.5
     1     1    14     1    13     1     0     0    97.0   65.175 -113.507   2355.8    687.2
     1     1    14     1    13     2     0     0    98.0   65.417 -112.900   2367.1    685.5
     1     1    14     1    13     3     0     0    99.0   65.665 -112.289   2379.2    684.3
     1     1    14     1    13     4     0     0   100.0   65.919 -111.682   2393.6    683.6
     1     1    14     1    13     5     0     0   101.0   66.180 -111.084   2410.9    682.7
     1     1    14     1    13     6     0     0   102.0   66.452 -110.504   2432.0    681.8
     1     1    14     1    13     7     0     0   103.0   66.727 -109.935   2454.1    680.9
     1     1    14     1    13     8     0     0   104.0   66.993 -109.364   2473.7    681.1
     1     1    14     1    13     9     0     0   105.0   67.249 -108.790   2488.3    681.9
     1     1    14     1    13    10     0     0   106.0   67.493 -108.215   2496.8    683.4
     1     1    14     1    13    11     0     0   107.0   67.729 -107.638   2499.2    685.9
     1     1    14     1    13    12     0     0   108.0   67.957 -107.060   2495.6    689.1
     1     1    14     1    13    13     0     0   109.0   68.183 -106.491   2494.1    692.8
     1     1    14     1    13    14     0     0   110.0   68.410 -105.932   2500.9    694.7
     1     1    14     1    13    15     0     0   111.0   68.641 -105.384   2516.0    695.6
     1     1    14     1    13    16     0     0   112.0   68.878 -104.848   2538.9    695.5
     1     1    14     1    13    17     0     0   113.0   69.121 -104.325   2567.8    694.3
     1     1    14     1    13    18     0     0   114.0   69.370 -103.817   2601.8    692.5
     1     1    14     1    13    19     0     0   115.0   69.623 -103.317   2634.1    690.5
     1     1    14     1    13    20     0     0   116.0   69.876 -102.822   2660.8    689.4
     1     1    14     1    13    21     0     0   117.0   70.135 -102.337   2681.9    687.6
     1     1    14     1    13    22     0     0   118.0   70.407 -101.867   2698.4    685.2
     1     1    14     1    13    23     0     0   119.0   70.695 -101.417   2712.3    683.2
     1     1    14     1    14     0     0     0   120.0   71.005 -100.992   2724.6    681.4
