     1     1
    CDC1    14     1     1     0     0
     1 FORWARD  OMEGA   
    14     1     8    18   75.000 -150.000  3000.0
     1 PRESSURE
     1     1    14     1     8    18     0     0     0.0   75.000 -150.000   3000.0    668.8
     1     1    14     1     8    19     0     0     1.0   74.723 -150.347   2989.4    671.7
     1     1    14     1     8    20     0     0     2.0   74.451 -150.652   2981.3    674.3
     1     1    14     1     8    21     0     0     3.0   74.184 -150.919   2973.8    676.7
     1     1    14     1     8    22     0     0     4.0   73.923 -151.148   2964.9    679.3
     1     1    14     1     8    23     0     0     5.0   73.670 -151.342   2952.8    682.2
     1     1    14     1     9     0     0     0     6.0   73.426 -151.502   2935.9    685.6
     1     1    14     1     9     1     0     0     7.0   73.187 -151.651   2915.5    689.2
     1     1    14     1     9     2     0     0     8.0   72.951 -151.824   2895.0    692.7
     1     1    14     1     9     3     0     0     9.0   72.717 -152.031   2874.2    696.3
     1     1    14     1     9     4     0     0    10.0   72.485 -152.282   2852.9    699.6
     1     1    14     1     9     5     0     0    11.0   72.253 -152.568   2826.6    698.1
     1     1    14     1     9     6     0     0    12.0   72.020 -152.884   2803.2    696.3
     1     1    14     1     9     7     0     0    13.0   71.783 -153.227   2777.3    694.2
     1     1    14     1     9     8     0     0    14.0   71.541 -153.592   2742.1    693.5
     1     1    14     1     9     9     0     0    15.0   71.298 -153.986   2698.6    693.6
     1     1    14     1     9    10     0     0    16.0   71.056 -154.418   2646.9    694.6
     1     1    14     1     9    11     0     0    17.0   70.819 -154.900   2587.6    696.5
     1     1    14     1     9    12     0     0    18.0   70.587 -155.444   2521.3    699.5
     1     1    14     1     9    13     0     0    19.0   70.365 -156.043   2457.4    704.0
     1     1    14     1     9    14     0     0    20.0   70.157 -156.679   2403.6    707.2
     1     1    14     1     9    15     0     0    21.0   69.962 -157.351   2358.7    710.3
     1     1    14     1     9    16     0     0    22.0   69.776 -158.038   2321.9    713.9
     1     1    14     1     9    17     0     0    23.0   69.596 -158.720   2290.5    717.0
     1     1    14     1     9    18     0     0    24.0   69.422 -159.399   2261.7    720.0
     1     1    14     1     9    19     0     0    25.0   69.250 -160.088   2232.5    723.3
     1     1    14     1     9    20     0     0    26.0   69.073 -160.801   2202.1    727.9
     1     1    14     1     9    21     0     0    27.0   68.893 -161.539   2171.1    732.8
     1     1    14     1     9    22     0     0    28.0   68.710 -162.305   2139.8    738.0
     1     1    14     1     9    23     0     0    29.0   68.523 -163.101   2108.4    743.6
     1     1    14     1    10     0     0     0    30.0   68.333 -163.924   2076.6    749.5
     1     1    14     1    10     1     0     0    31.0   68.137 -164.765   2043.2    755.7
     1     1    14     1    10     2     0     0    32.0   67.933 -165.619   2006.0    762.4
     1     1    14     1    10     3     0     0    33.0   67.723 -166.491   1967.1    769.4
     1     1    14     1    10     4     0     0    34.0   67.510 -167.388   1928.7    776.7
     1     1    14     1    10     5     0     0    35.0   67.297 -168.311   1892.9    782.0
     1     1    14     1    10     6     0     0    36.0   67.091 -169.256   1864.7    785.8
     1     1    14     1    10     7     0     0    37.0   66.889 -170.236   1844.6    788.0
     1     1    14     1    10     8     0     0    38.0   66.688 -171.261   1830.7    788.0
     1     1    14     1    10     9     0     0    39.0   66.489 -172.335   1823.5    787.4
     1     1    14     1    10    10     0     0    40.0   66.291 -173.458   1820.9    785.0
     1     1    14     1    10    11     0     0    41.0   66.096 -174.632   1823.0    782.2
     1     1    14     1    10    12     0     0    42.0   65.905 -175.858   1828.3    778.3
     1     1    14     1    10    13     0     0    43.0   65.723 -177.123   1837.5    774.0
     1     1    14     1    10    14     0     0    44.0   65.553 -178.416   1850.1    770.8
     1     1    14     1    10    15     0     0    45.0   65.397 -179.739   1863.8    768.4
     1     1    14     1    10    16     0     0    46.0   65.256  178.906   1875.9    766.6
     1     1    14     1    10    17     0     0    47.0   65.132  177.518   1884.3    765.3
     1     1    14     1    10    18     0     0    48.0   65.028  176.094   1886.1    763.8
     1     1    14     1    10    19     0     0    49.0   64.943  174.645   1882.1    762.4
     1     1    14     1    10    20     0     0    50.0   64.877  173.189   1874.5    759.6
     1     1    14     1    10    21     0     0    51.0   64.830  171.742   1865.7    755.6
     1     1    14     1    10    22     0     0    52.0   64.800  170.317   1857.5    750.5
     1     1    14     1    10    23     0     0    53.0   64.785  168.924   1852.0    744.9
     1     1    14     1    11     0     0     0    54.0   64.783  167.569   1850.8    738.9
     1     1    14     1    11     1     0     0    55.0   64.791  166.224   1848.7    733.6
     1     1    14     1    11     2     0     0    56.0   64.802  164.856   1839.6    730.0
     1     1    14     1    11     3     0     0    57.0   64.812  163.460   1825.3    729.9
     1     1    14     1    11     4     0     0    58.0   64.812  162.039   1804.8    731.6
     1     1    14     1    11     5     0     0    59.0   64.796  160.603   1780.5    735.5
     1     1    14     1    11     6     0     0    60.0   64.757  159.167   1754.1    740.4
     1     1    14     1    11     7     0     0    61.0   64.702  157.775   1732.4    746.2
     1     1    14     1    11     8     0     0    62.0   64.641  156.465   1722.4    750.0
     1     1    14     1    11     9     0     0    63.0   64.585  155.237   1723.4    752.0
     1     1    14     1    11    10     0     0    64.0   64.539  154.086   1733.8    751.3
     1     1    14     1    11    11     0     0    65.0   64.511  153.002   1753.8    749.3
     1     1    14     1    11    12     0     0    66.0   64.502  151.972   1781.4    745.0
     1     1    14     1    11    13     0     0    67.0   64.510  150.965   1810.1    738.5
     1     1    14     1    11    14     0     0    68.0   64.531  149.960   1835.6    732.9
     1     1    14     1    11    15     0     0    69.0   64.566  148.951   1853.8    723.4
     1     1    14     1    11    16     0     0    70.0   64.614  147.937   1867.6    714.5
     1     1    14     1    11    17     0     0    71.0   64.671  146.923   1875.5    704.6
     1     1    14     1    11    18     0     0    72.0   64.731  145.920   1877.8    694.1
     1     1    14     1    11    19     0     0    73.0   64.792  144.932   1877.9    684.0
     1     1    14     1    11    20     0     0    74.0   64.856  143.965   1882.9    676.3
     1     1    14     1    11    21     0     0    75.0   64.920  143.026   1889.1    668.6
     1     1    14     1    11    22     0     0    76.0   64.986  142.116   1898.5    663.7
     1     1    14     1    11    23     0     0    77.0   65.052  141.247   1911.6    663.5
     1     1    14     1    12     0     0     0    78.0   65.120  140.426   1923.4    663.8
     1     1    14     1    12     1     0     0    79.0   65.189  139.664   1932.9    666.1
     1     1    14     1    12     2     0     0    80.0   65.261  138.971   1939.7    671.0
     1     1    14     1    12     3     0     0    81.0   65.334  138.339   1941.5    675.6
     1     1    14     1    12     4     0     0    82.0   65.407  137.764   1938.6    680.2
     1     1    14     1    12     5     0     0    83.0   65.478  137.237   1931.9    685.0
     1     1    14     1    12     6     0     0    84.0   65.550  136.752   1922.3    690.0
     1     1    14     1    12     7     0     0    85.0   65.624  136.292   1910.1    694.9
     1     1    14     1    12     8     0     0    86.0   65.700  135.845   1895.5    699.8
     1     1    14     1    12     9     0     0    87.0   65.777  135.414   1877.9    704.8
     1     1    14     1    12    10     0     0    88.0   65.855  135.000   1857.2    709.9
     1     1    14     1    12    11     0     0    89.0   65.934  134.605   1832.5    714.1
     1     1    14     1    12    12     0     0    90.0   66.014  134.230   1805.2    718.4
     1     1    14     1    12    13     0     0    91.0   66.095  133.880   1780.7    722.5
     1     1    14     1    12    14     0     0    92.0   66.176  133.555   1763.7    725.2
     1     1    14     1    12    15     0     0    93.0   66.257  133.250   1754.1    726.9
     1     1    14     1    12    16     0     0    94.0   66.335  132.960   1751.3    727.9
     1     1    14     1    12    17     0     0    95.0   66.412  132.681   1755.1    728.0
     1     1    14     1    12    18     0     0    96.0   66.487  132.408   1765.2    727.3
     1     1    14     1    12    19     0     0    97.0   66.560  132.141   1776.9    725.8
     1     1    14     1    12    20     0     0    98.0   66.634  131.881   1786.2    725.1
     1     1    14     1    12    21     0     0    99.0   66.708  131.630   1793.3    724.6
     1     1    14     1    12    22     0     0   100.0   66.784  131.391   1798.4    724.3
     1     1    14     1    12    23     0     0   101.0   66.863  131.164   1801.7    724.1
     1     1    14     1    13     0     0     0   102.0   66.944  130.950   1803.6    724.0
     1     1    14     1    13     1     0     0   103.0   67.030  130.742   1803.2    723.8
     1     1    14     1    13     2     0     0   104.0   67.125  130.530   1800.6    723.9
     1     1    14     1    13     3     0     0   105.0   67.229  130.314   1795.8    724.1
     1     1    14     1    13     4     0     0   106.0   67.341  130.090   1789.2    724.5
     1     1    14     1    13     5     0     0   107.0   67.461  129.857   1781.4    725.3
     1     1    14     1    13     6     0     0   108.0   67.590  129.614   1774.1    727.7
     1     1    14     1    13     7     0     0   109.0   67.727  129.364   1768.3    731.3
     1     1    14     1    13     8     0     0   110.0   67.871  129.109   1763.5    734.8
     1     1    14     1    13     9     0     0   111.0   68.023  128.851   1760.0    738.2
     1     1    14     1    13    10     0     0   112.0   68.182  128.596   1758.1    741.4
     1     1    14     1    13    11     0     0   113.0   68.348  128.347   1757.9    744.4
     1     1    14     1    13    12     0     0   114.0   68.520  128.107   1759.5    747.2
     1     1    14     1    13    13     0     0   115.0   68.690  127.882   1764.0    749.5
     1     1    14     1    13    14     0     0   116.0   68.848  127.672   1771.3    751.2
     1     1    14     1    13    15     0     0   117.0   68.994  127.477   1781.0    752.6
     1     1    14     1    13    16     0     0   118.0   69.127  127.295   1792.8    753.9
     1     1    14     1    13    17     0     0   119.0   69.246  127.126   1806.0    754.8
     1     1    14     1    13    18     0     0   120.0   69.351  126.968   1820.3    755.3
