     1     1
    CDC1    14     1     1     0     0
     1 FORWARD  OMEGA   
    14     1     9    18   75.000 -150.000  3000.0
     1 PRESSURE
     1     1    14     1     9    18     0     0     0.0   75.000 -150.000   3000.0    661.0
     1     1    14     1     9    19     0     0     1.0   74.375 -149.262   3010.5    662.9
     1     1    14     1     9    20     0     0     2.0   73.782 -148.525   3018.1    665.0
     1     1    14     1     9    21     0     0     3.0   73.215 -147.752   3020.8    667.2
     1     1    14     1     9    22     0     0     4.0   72.670 -146.900   3016.7    669.7
     1     1    14     1     9    23     0     0     5.0   72.144 -145.949   2993.0    665.5
     1     1    14     1    10     0     0     0     6.0   71.634 -144.904   2955.0    659.7
     1     1    14     1    10     1     0     0     7.0   71.146 -143.836   2915.0    656.8
     1     1    14     1    10     2     0     0     8.0   70.684 -142.805   2881.1    653.9
     1     1    14     1    10     3     0     0     9.0   70.246 -141.792   2853.1    652.4
     1     1    14     1    10     4     0     0    10.0   69.831 -140.786   2830.9    651.9
     1     1    14     1    10     5     0     0    11.0   69.443 -139.788   2812.4    651.8
     1     1    14     1    10     6     0     0    12.0   69.082 -138.792   2794.4    652.4
     1     1    14     1    10     7     0     0    13.0   68.750 -137.756   2772.9    653.9
     1     1    14     1    10     8     0     0    14.0   68.443 -136.639   2747.7    656.4
     1     1    14     1    10     9     0     0    15.0   68.159 -135.426   2720.8    659.6
     1     1    14     1    10    10     0     0    16.0   67.897 -134.104   2693.7    662.7
     1     1    14     1    10    11     0     0    17.0   67.655 -132.654   2669.7    665.9
     1     1    14     1    10    12     0     0    18.0   67.434 -131.069   2651.6    668.0
     1     1    14     1    10    13     0     0    19.0   67.239 -129.416   2639.3    667.6
     1     1    14     1    10    14     0     0    20.0   67.071 -127.767   2636.9    667.7
     1     1    14     1    10    15     0     0    21.0   66.927 -126.135   2638.2    668.9
     1     1    14     1    10    16     0     0    22.0   66.809 -124.532   2637.1    671.2
     1     1    14     1    10    17     0     0    23.0   66.720 -122.963   2628.4    674.2
     1     1    14     1    10    18     0     0    24.0   66.668 -121.429   2609.5    676.6
     1     1    14     1    10    19     0     0    25.0   66.655 -119.942   2587.8    679.1
     1     1    14     1    10    20     0     0    26.0   66.676 -118.508   2570.7    678.4
     1     1    14     1    10    21     0     0    27.0   66.724 -117.117   2559.7    676.8
     1     1    14     1    10    22     0     0    28.0   66.797 -115.760   2554.4    674.1
     1     1    14     1    10    23     0     0    29.0   66.892 -114.429   2557.3    671.2
     1     1    14     1    11     0     0     0    30.0   67.009 -113.118   2569.0    668.4
     1     1    14     1    11     1     0     0    31.0   67.150 -111.801   2588.4    665.8
     1     1    14     1    11     2     0     0    32.0   67.318 -110.459   2615.7    663.8
     1     1    14     1    11     3     0     0    33.0   67.515 -109.106   2648.4    662.7
     1     1    14     1    11     4     0     0    34.0   67.740 -107.777   2685.2    662.8
     1     1    14     1    11     5     0     0    35.0   67.996 -106.500   2722.5    662.9
     1     1    14     1    11     6     0     0    36.0   68.285 -105.282   2757.6    663.1
     1     1    14     1    11     7     0     0    37.0   68.594 -104.131   2789.4    662.5
     1     1    14     1    11     8     0     0    38.0   68.910 -103.053   2819.7    661.1
     1     1    14     1    11     9     0     0    39.0   69.236 -102.058   2850.9    658.7
     1     1    14     1    11    10     0     0    40.0   69.577 -101.158   2884.1    655.6
     1     1    14     1    11    11     0     0    41.0   69.937 -100.367   2920.4    651.9
     1     1    14     1    11    12     0     0    42.0   70.315  -99.697   2957.8    647.1
     1     1    14     1    11    13     0     0    43.0   70.700  -99.130   2989.9    642.4
     1     1    14     1    11    14     0     0    44.0   71.084  -98.649   3013.7    639.3
     1     1    14     1    11    15     0     0    45.0   71.468  -98.261   3028.7    636.9
     1     1    14     1    11    16     0     0    46.0   71.853  -97.975   3035.6    635.3
     1     1    14     1    11    17     0     0    47.0   72.239  -97.798   3035.3    634.3
     1     1    14     1    11    18     0     0    48.0   72.626  -97.737   3029.8    634.2
     1     1    14     1    11    19     0     0    49.0   73.009  -97.796   3024.3    635.8
     1     1    14     1    11    20     0     0    50.0   73.380  -97.975   3020.6    637.0
     1     1    14     1    11    21     0     0    51.0   73.741  -98.280   3017.6    638.2
     1     1    14     1    11    22     0     0    52.0   74.091  -98.715   3014.7    639.5
     1     1    14     1    11    23     0     0    53.0   74.431  -99.282   3011.0    640.9
     1     1    14     1    12     0     0     0    54.0   74.762  -99.989   3006.3    642.4
     1     1    14     1    12     1     0     0    55.0   75.088 -100.837   3002.5    643.9
     1     1    14     1    12     2     0     0    56.0   75.409 -101.834   3000.2    645.3
     1     1    14     1    12     3     0     0    57.0   75.722 -102.993   3000.2    646.4
     1     1    14     1    12     4     0     0    58.0   76.024 -104.315   3001.3    647.4
     1     1    14     1    12     5     0     0    59.0   76.312 -105.799   3002.5    648.1
     1     1    14     1    12     6     0     0    60.0   76.583 -107.444   3002.9    648.8
     1     1    14     1    12     7     0     0    61.0   76.830 -109.225   2999.8    648.7
     1     1    14     1    12     8     0     0    62.0   77.047 -111.118   2992.5    648.5
     1     1    14     1    12     9     0     0    63.0   77.231 -113.119   2982.2    648.1
     1     1    14     1    12    10     0     0    64.0   77.379 -115.229   2969.4    647.4
     1     1    14     1    12    11     0     0    65.0   77.487 -117.437   2957.3    646.8
     1     1    14     1    12    12     0     0    66.0   77.554 -119.722   2947.6    646.9
     1     1    14     1    12    13     0     0    67.0   77.576 -122.018   2939.3    647.6
     1     1    14     1    12    14     0     0    68.0   77.548 -124.256   2932.9    649.2
     1     1    14     1    12    15     0     0    69.0   77.465 -126.391   2928.1    651.4
     1     1    14     1    12    16     0     0    70.0   77.331 -128.378   2923.6    654.2
     1     1    14     1    12    17     0     0    71.0   77.151 -130.189   2919.0    657.0
     1     1    14     1    12    18     0     0    72.0   76.931 -131.804   2914.6    659.3
     1     1    14     1    12    19     0     0    73.0   76.677 -133.205   2910.0    660.4
     1     1    14     1    12    20     0     0    74.0   76.394 -134.389   2901.8    661.1
     1     1    14     1    12    21     0     0    75.0   76.084 -135.349   2890.5    661.6
     1     1    14     1    12    22     0     0    76.0   75.751 -136.076   2875.5    661.8
     1     1    14     1    12    23     0     0    77.0   75.400 -136.563   2856.9    662.1
     1     1    14     1    13     0     0     0    78.0   75.032 -136.803   2834.0    662.7
     1     1    14     1    13     1     0     0    79.0   74.663 -136.851   2812.0    666.5
     1     1    14     1    13     2     0     0    80.0   74.307 -136.778   2791.2    670.2
     1     1    14     1    13     3     0     0    81.0   73.965 -136.603   2772.0    673.9
     1     1    14     1    13     4     0     0    82.0   73.637 -136.332   2754.8    677.2
     1     1    14     1    13     5     0     0    83.0   73.322 -135.973   2740.1    680.1
     1     1    14     1    13     6     0     0    84.0   73.019 -135.532   2728.3    682.6
     1     1    14     1    13     7     0     0    85.0   72.728 -134.987   2719.1    684.5
     1     1    14     1    13     8     0     0    86.0   72.452 -134.317   2709.9    685.4
     1     1    14     1    13     9     0     0    87.0   72.194 -133.543   2698.6    684.8
     1     1    14     1    13    10     0     0    88.0   71.949 -132.685   2686.7    684.6
     1     1    14     1    13    11     0     0    89.0   71.720 -131.744   2672.7    684.0
     1     1    14     1    13    12     0     0    90.0   71.508 -130.726   2657.2    683.5
     1     1    14     1    13    13     0     0    91.0   71.311 -129.655   2642.1    683.5
     1     1    14     1    13    14     0     0    92.0   71.126 -128.553   2624.0    683.1
     1     1    14     1    13    15     0     0    93.0   70.949 -127.426   2603.5    682.8
     1     1    14     1    13    16     0     0    94.0   70.778 -126.282   2578.9    682.7
     1     1    14     1    13    17     0     0    95.0   70.608 -125.131   2549.3    683.4
     1     1    14     1    13    18     0     0    96.0   70.436 -123.981   2513.7    684.8
     1     1    14     1    13    19     0     0    97.0   70.272 -122.806   2475.2    686.9
     1     1    14     1    13    20     0     0    98.0   70.127 -121.577   2438.1    690.3
     1     1    14     1    13    21     0     0    99.0   69.993 -120.298   2401.9    694.0
     1     1    14     1    13    22     0     0   100.0   69.861 -118.985   2367.7    698.8
     1     1    14     1    13    23     0     0   101.0   69.724 -117.655   2333.9    703.2
     1     1    14     1    14     0     0     0   102.0   69.574 -116.325   2301.9    709.0
     1     1    14     1    14     1     0     0   103.0   69.424 -115.054   2272.3    713.9
     1     1    14     1    14     2     0     0   104.0   69.293 -113.885   2245.4    718.2
     1     1    14     1    14     3     0     0   105.0   69.184 -112.811   2221.6    721.7
     1     1    14     1    14     4     0     0   106.0   69.094 -111.824   2200.6    725.2
     1     1    14     1    14     5     0     0   107.0   69.020 -110.915   2181.6    728.6
     1     1    14     1    14     6     0     0   108.0   68.958 -110.076   2163.8    731.7
     1     1    14     1    14     7     0     0   109.0   68.911 -109.278   2147.8    734.2
     1     1    14     1    14     8     0     0   110.0   68.888 -108.496   2131.7    737.0
     1     1    14     1    14     9     0     0   111.0   68.886 -107.732   2115.1    740.2
     1     1    14     1    14    10     0     0   112.0   68.906 -106.985   2097.1    743.6
     1     1    14     1    14    11     0     0   113.0   68.945 -106.255   2077.7    747.1
     1     1    14     1    14    12     0     0   114.0   69.002 -105.545   2057.2    750.8
     1     1    14     1    14    13     0     0   115.0   69.069 -104.857   2036.7    754.1
     1     1    14     1    14    14     0     0   116.0   69.134 -104.191   2018.5    756.7
     1     1    14     1    14    15     0     0   117.0   69.194 -103.546   2002.1    759.0
     1     1    14     1    14    16     0     0   118.0   69.245 -102.921   1986.7    761.0
     1     1    14     1    14    17     0     0   119.0   69.282 -102.315   1971.4    762.9
     1     1    14     1    14    18     0     0   120.0   69.304 -101.729   1955.8    764.5
