     1     1
    CDC1    14     1     1     0     0
     1 FORWARD  OMEGA   
    14     1    23    18   75.000 -150.000  3000.0
     1 PRESSURE
     1     1    14     1    23    18     0     0     0.0   75.000 -150.000   3000.0    678.8
     1     1    14     1    23    19     0     0     1.0   74.831 -149.735   2948.3    684.8
     1     1    14     1    23    20     0     0     2.0   74.671 -149.497   2898.4    690.5
     1     1    14     1    23    21     0     0     3.0   74.520 -149.283   2849.8    696.1
     1     1    14     1    23    22     0     0     4.0   74.377 -149.091   2802.2    701.5
     1     1    14     1    23    23     0     0     5.0   74.244 -148.918   2755.3    706.9
     1     1    14     1    24     0     0     0     6.0   74.118 -148.769   2709.1    712.1
     1     1    14     1    24     1     0     0     7.0   73.996 -148.652   2663.9    717.1
     1     1    14     1    24     2     0     0     8.0   73.874 -148.571   2620.7    721.8
     1     1    14     1    24     3     0     0     9.0   73.755 -148.519   2577.8    726.7
     1     1    14     1    24     4     0     0    10.0   73.639 -148.490   2534.1    731.6
     1     1    14     1    24     5     0     0    11.0   73.530 -148.479   2488.7    736.8
     1     1    14     1    24     6     0     0    12.0   73.428 -148.482   2440.5    742.3
     1     1    14     1    24     7     0     0    13.0   73.336 -148.484   2391.3    748.3
     1     1    14     1    24     8     0     0    14.0   73.256 -148.464   2343.1    754.0
     1     1    14     1    24     9     0     0    15.0   73.185 -148.422   2296.1    759.5
     1     1    14     1    24    10     0     0    16.0   73.120 -148.355   2250.4    764.9
     1     1    14     1    24    11     0     0    17.0   73.058 -148.261   2206.2    770.0
     1     1    14     1    24    12     0     0    18.0   72.999 -148.136   2163.5    774.9
     1     1    14     1    24    13     0     0    19.0   72.939 -148.040   2123.5    779.0
     1     1    14     1    24    14     0     0    20.0   72.881 -148.047   2087.3    782.9
     1     1    14     1    24    15     0     0    21.0   72.826 -148.160   2055.0    786.4
     1     1    14     1    24    16     0     0    22.0   72.777 -148.388   2026.8    789.7
     1     1    14     1    24    17     0     0    23.0   72.733 -148.737   2002.5    792.7
     1     1    14     1    24    18     0     0    24.0   72.694 -149.216   1982.4    795.5
     1     1    14     1    24    19     0     0    25.0   72.656 -149.765   1965.5    798.3
     1     1    14     1    24    20     0     0    26.0   72.614 -150.310   1950.5    800.8
     1     1    14     1    24    21     0     0    27.0   72.570 -150.844   1938.0    802.9
     1     1    14     1    24    22     0     0    28.0   72.524 -151.360   1928.2    804.8
     1     1    14     1    24    23     0     0    29.0   72.477 -151.846   1920.8    805.7
     1     1    14     1    25     0     0     0    30.0   72.429 -152.288   1915.4    805.7
     1     1    14     1    25     1     0     0    31.0   72.391 -152.697   1911.7    806.2
     1     1    14     1    25     2     0     0    32.0   72.374 -153.096   1907.9    807.0
     1     1    14     1    25     3     0     0    33.0   72.377 -153.486   1905.5    808.0
     1     1    14     1    25     4     0     0    34.0   72.399 -153.866   1905.0    809.0
     1     1    14     1    25     5     0     0    35.0   72.440 -154.235   1906.7    810.1
     1     1    14     1    25     6     0     0    36.0   72.499 -154.592   1910.9    811.2
     1     1    14     1    25     7     0     0    37.0   72.582 -154.911   1917.9    810.4
     1     1    14     1    25     8     0     0    38.0   72.692 -155.162   1929.3    808.7
     1     1    14     1    25     9     0     0    39.0   72.829 -155.351   1943.8    806.5
     1     1    14     1    25    10     0     0    40.0   72.990 -155.485   1960.5    804.1
     1     1    14     1    25    11     0     0    41.0   73.174 -155.576   1978.4    801.4
     1     1    14     1    25    12     0     0    42.0   73.380 -155.639   1996.8    798.7
     1     1    14     1    25    13     0     0    43.0   73.602 -155.712   2015.7    795.4
     1     1    14     1    25    14     0     0    44.0   73.835 -155.823   2038.3    791.7
     1     1    14     1    25    15     0     0    45.0   74.083 -155.969   2065.0    787.5
     1     1    14     1    25    16     0     0    46.0   74.346 -156.143   2096.9    782.9
     1     1    14     1    25    17     0     0    47.0   74.629 -156.339   2135.1    777.6
     1     1    14     1    25    18     0     0    48.0   74.933 -156.551   2181.0    771.6
     1     1    14     1    25    19     0     0    49.0   75.250 -156.745   2229.9    765.3
     1     1    14     1    25    20     0     0    50.0   75.572 -156.898   2277.8    759.9
     1     1    14     1    25    21     0     0    51.0   75.898 -157.014   2323.1    754.7
     1     1    14     1    25    22     0     0    52.0   76.229 -157.097   2365.9    749.9
     1     1    14     1    25    23     0     0    53.0   76.565 -157.151   2406.0    745.4
     1     1    14     1    26     0     0     0    54.0   76.907 -157.182   2443.5    741.2
     1     1    14     1    26     1     0     0    55.0   77.247 -157.183   2477.7    736.9
     1     1    14     1    26     2     0     0    56.0   77.576 -157.144   2512.3    732.8
     1     1    14     1    26     3     0     0    57.0   77.895 -157.058   2545.9    729.4
     1     1    14     1    26     4     0     0    58.0   78.204 -156.930   2577.3    726.5
     1     1    14     1    26     5     0     0    59.0   78.506 -156.775   2606.7    723.8
     1     1    14     1    26     6     0     0    60.0   78.801 -156.609   2634.4    721.3
     1     1    14     1    26     7     0     0    61.0   79.084 -156.436   2657.6    719.4
     1     1    14     1    26     8     0     0    62.0   79.351 -156.251   2676.8    718.0
     1     1    14     1    26     9     0     0    63.0   79.607 -156.051   2691.8    717.0
     1     1    14     1    26    10     0     0    64.0   79.854 -155.837   2703.4    716.3
     1     1    14     1    26    11     0     0    65.0   80.095 -155.610   2712.1    715.7
     1     1    14     1    26    12     0     0    66.0   80.331 -155.378   2718.4    715.0
     1     1    14     1    26    13     0     0    67.0   80.551 -155.147   2720.4    714.7
     1     1    14     1    26    14     0     0    68.0   80.749 -154.909   2714.2    715.3
     1     1    14     1    26    15     0     0    69.0   80.928 -154.665   2700.8    716.6
     1     1    14     1    26    16     0     0    70.0   81.088 -154.412   2680.7    718.4
     1     1    14     1    26    17     0     0    71.0   81.232 -154.149   2654.3    720.8
     1     1    14     1    26    18     0     0    72.0   81.361 -153.877   2622.1    723.7
     1     1    14     1    26    19     0     0    73.0   81.476 -153.613   2584.9    727.2
     1     1    14     1    26    20     0     0    74.0   81.579 -153.372   2546.3    730.8
     1     1    14     1    26    21     0     0    75.0   81.670 -153.146   2505.4    734.6
     1     1    14     1    26    22     0     0    76.0   81.750 -152.926   2462.4    738.7
     1     1    14     1    26    23     0     0    77.0   81.821 -152.703   2417.3    743.0
     1     1    14     1    27     0     0     0    78.0   81.884 -152.466   2370.3    747.5
     1     1    14     1    27     1     0     0    79.0   81.944 -152.164   2324.6    752.4
     1     1    14     1    27     2     0     0    80.0   82.007 -151.751   2282.9    756.5
     1     1    14     1    27     3     0     0    81.0   82.070 -151.226   2244.9    760.0
     1     1    14     1    27     4     0     0    82.0   82.135 -150.590   2210.0    763.0
     1     1    14     1    27     5     0     0    83.0   82.198 -149.841   2177.6    765.4
     1     1    14     1    27     6     0     0    84.0   82.260 -148.978   2147.5    767.6
     1     1    14     1    27     7     0     0    85.0   82.314 -148.044   2116.9    770.1
     1     1    14     1    27     8     0     0    86.0   82.356 -147.081   2082.8    773.2
     1     1    14     1    27     9     0     0    87.0   82.383 -146.091   2046.3    776.7
     1     1    14     1    27    10     0     0    88.0   82.396 -145.078   2008.0    780.5
     1     1    14     1    27    11     0     0    89.0   82.394 -144.041   1968.6    784.4
     1     1    14     1    27    12     0     0    90.0   82.379 -142.983   1928.9    788.6
     1     1    14     1    27    13     0     0    91.0   82.352 -141.904   1891.5    792.5
     1     1    14     1    27    14     0     0    92.0   82.316 -140.811   1859.1    795.9
     1     1    14     1    27    15     0     0    93.0   82.269 -139.718   1830.5    799.0
     1     1    14     1    27    16     0     0    94.0   82.210 -138.639   1804.8    801.9
     1     1    14     1    27    17     0     0    95.0   82.140 -137.589   1781.0    804.5
     1     1    14     1    27    18     0     0    96.0   82.058 -136.578   1758.5    807.4
     1     1    14     1    27    19     0     0    97.0   81.966 -135.602   1733.3    810.5
     1     1    14     1    27    20     0     0    98.0   81.867 -134.656   1703.3    814.3
     1     1    14     1    27    21     0     0    99.0   81.760 -133.736   1669.7    818.6
     1     1    14     1    27    22     0     0   100.0   81.643 -132.838   1632.9    823.4
     1     1    14     1    27    23     0     0   101.0   81.517 -131.958   1593.2    828.3
     1     1    14     1    28     0     0     0   102.0   81.382 -131.093   1551.3    833.3
     1     1    14     1    28     1     0     0   103.0   81.238 -130.234   1510.1    838.3
     1     1    14     1    28     2     0     0   104.0   81.089 -129.376   1471.3    843.1
     1     1    14     1    28     3     0     0   105.0   80.934 -128.523   1434.8    847.6
     1     1    14     1    28     4     0     0   106.0   80.772 -127.685   1400.2    851.7
     1     1    14     1    28     5     0     0   107.0   80.602 -126.867   1367.1    855.8
     1     1    14     1    28     6     0     0   108.0   80.424 -126.075   1334.7    859.8
     1     1    14     1    28     7     0     0   109.0   80.237 -125.310   1302.7    863.7
     1     1    14     1    28     8     0     0   110.0   80.036 -124.575   1270.8    867.1
     1     1    14     1    28     9     0     0   111.0   79.820 -123.867   1239.1    871.2
     1     1    14     1    28    10     0     0   112.0   79.589 -123.183   1207.3    875.4
     1     1    14     1    28    11     0     0   113.0   79.341 -122.526   1174.6    879.4
     1     1    14     1    28    12     0     0   114.0   79.075 -121.903   1140.6    883.3
     1     1    14     1    28    13     0     0   115.0   78.795 -121.333   1105.3    886.9
     1     1    14     1    28    14     0     0   116.0   78.506 -120.829   1069.1    890.6
     1     1    14     1    28    15     0     0   117.0   78.204 -120.385   1031.9    894.4
     1     1    14     1    28    16     0     0   118.0   77.885 -119.996    993.6    898.2
     1     1    14     1    28    17     0     0   119.0   77.547 -119.657    954.5    902.3
     1     1    14     1    28    18     0     0   120.0   77.191 -119.369    915.8    906.9
