     1     1
    CDC1    14     1     1     0     0
     1 FORWARD  OMEGA   
    14     1     4    18   75.000 -150.000  3000.0
     1 PRESSURE
     1     1    14     1     4    18     0     0     0.0   75.000 -150.000   3000.0    693.3
     1     1    14     1     4    19     0     0     1.0   75.162 -150.588   2983.9    696.0
     1     1    14     1     4    20     0     0     2.0   75.340 -151.146   2976.7    697.6
     1     1    14     1     4    21     0     0     3.0   75.533 -151.677   2978.1    698.3
     1     1    14     1     4    22     0     0     4.0   75.738 -152.188   2988.0    698.1
     1     1    14     1     4    23     0     0     5.0   75.956 -152.684   3006.1    697.0
     1     1    14     1     5     0     0     0     6.0   76.187 -153.169   3032.2    694.8
     1     1    14     1     5     1     0     0     7.0   76.429 -153.624   3061.4    691.2
     1     1    14     1     5     2     0     0     8.0   76.683 -154.027   3088.8    688.3
     1     1    14     1     5     3     0     0     9.0   76.950 -154.382   3113.5    685.7
     1     1    14     1     5     4     0     0    10.0   77.231 -154.692   3135.4    683.3
     1     1    14     1     5     5     0     0    11.0   77.526 -154.958   3154.3    681.2
     1     1    14     1     5     6     0     0    12.0   77.835 -155.158   3169.3    679.6
     1     1    14     1     5     7     0     0    13.0   78.152 -155.251   3180.9    678.5
     1     1    14     1     5     8     0     0    14.0   78.478 -155.225   3193.9    677.2
     1     1    14     1     5     9     0     0    15.0   78.814 -155.099   3207.1    676.0
     1     1    14     1     5    10     0     0    16.0   79.162 -154.889   3220.6    674.9
     1     1    14     1     5    11     0     0    17.0   79.525 -154.613   3234.7    673.9
     1     1    14     1     5    12     0     0    18.0   79.905 -154.292   3249.4    672.9
     1     1    14     1     5    13     0     0    19.0   80.297 -153.901   3266.8    671.2
     1     1    14     1     5    14     0     0    20.0   80.689 -153.403   3289.6    668.2
     1     1    14     1     5    15     0     0    21.0   81.081 -152.800   3318.1    664.3
     1     1    14     1     5    16     0     0    22.0   81.475 -152.100   3351.8    659.7
     1     1    14     1     5    17     0     0    23.0   81.872 -151.306   3389.9    654.4
     1     1    14     1     5    18     0     0    24.0   82.272 -150.417   3431.8    648.4
     1     1    14     1     5    19     0     0    25.0   82.672 -149.342   3471.2    642.8
     1     1    14     1     5    20     0     0    26.0   83.062 -147.941   3503.7    639.5
     1     1    14     1     5    21     0     0    27.0   83.436 -146.172   3527.6    637.5
     1     1    14     1     5    22     0     0    28.0   83.794 -144.023   3543.1    636.7
     1     1    14     1     5    23     0     0    29.0   84.131 -141.481   3552.3    636.6
     1     1    14     1     6     0     0     0    30.0   84.442 -138.526   3557.6    637.5
     1     1    14     1     6     1     0     0    31.0   84.709 -135.208   3562.0    638.7
     1     1    14     1     6     2     0     0    32.0   84.916 -131.648   3565.1    639.7
     1     1    14     1     6     3     0     0    33.0   85.057 -127.977   3570.6    640.3
     1     1    14     1     6     4     0     0    34.0   85.132 -124.295   3576.1    640.2
     1     1    14     1     6     5     0     0    35.0   85.142 -120.760   3584.3    639.7
     1     1    14     1     6     6     0     0    36.0   85.092 -117.529   3594.5    638.3
     1     1    14     1     6     7     0     0    37.0   84.988 -114.746   3609.7    636.7
     1     1    14     1     6     8     0     0    38.0   84.840 -112.425   3629.3    634.3
     1     1    14     1     6     9     0     0    39.0   84.656 -110.509   3651.6    631.8
     1     1    14     1     6    10     0     0    40.0   84.445 -108.941   3677.6    628.6
     1     1    14     1     6    11     0     0    41.0   84.214 -107.650   3706.6    625.2
     1     1    14     1     6    12     0     0    42.0   83.965 -106.583   3737.1    621.1
     1     1    14     1     6    13     0     0    43.0   83.702 -105.797   3768.6    617.1
     1     1    14     1     6    14     0     0    44.0   83.430 -105.307   3799.7    613.6
     1     1    14     1     6    15     0     0    45.0   83.154 -105.027   3831.8    610.4
     1     1    14     1     6    16     0     0    46.0   82.878 -104.882   3865.8    607.2
     1     1    14     1     6    17     0     0    47.0   82.604 -104.804   3902.9    603.8
     1     1    14     1     6    18     0     0    48.0   82.334 -104.744   3941.9    599.9
     1     1    14     1     6    19     0     0    49.0   82.052 -104.662   3978.6    595.6
     1     1    14     1     6    20     0     0    50.0   81.738 -104.526   4011.2    591.9
     1     1    14     1     6    21     0     0    51.0   81.390 -104.308   4038.2    588.3
     1     1    14     1     6    22     0     0    52.0   81.003 -103.981   4059.1    584.9
     1     1    14     1     6    23     0     0    53.0   80.573 -103.520   4073.3    581.5
     1     1    14     1     7     0     0     0    54.0   80.092 -102.898   4080.0    578.1
     1     1    14     1     7     1     0     0    55.0   79.568 -102.215   4083.6    576.9
     1     1    14     1     7     2     0     0    56.0   79.013 -101.567   4077.9    577.6
     1     1    14     1     7     3     0     0    57.0   78.428 -100.916   4066.5    579.3
     1     1    14     1     7     4     0     0    58.0   77.813 -100.215   4051.9    581.9
     1     1    14     1     7     5     0     0    59.0   77.168  -99.480   4032.1    583.1
     1     1    14     1     7     6     0     0    60.0   76.497  -98.792   4010.5    583.0
     1     1    14     1     7     7     0     0    61.0   75.787  -98.165   3994.0    583.1
     1     1    14     1     7     8     0     0    62.0   75.015  -97.590   3985.7    583.2
     1     1    14     1     7     9     0     0    63.0   74.196  -97.107   3977.4    581.5
     1     1    14     1     7    10     0     0    64.0   73.349  -96.744   3971.9    580.4
     1     1    14     1     7    11     0     0    65.0   72.470  -96.487   3970.4    579.5
     1     1    14     1     7    12     0     0    66.0   71.585  -96.270   3977.1    579.8
     1     1    14     1     7    13     0     0    67.0   70.730  -96.035   3980.0    579.6
     1     1    14     1     7    14     0     0    68.0   69.912  -95.799   3962.5    581.3
     1     1    14     1     7    15     0     0    69.0   69.134  -95.580   3918.4    581.9
     1     1    14     1     7    16     0     0    70.0   68.397  -95.389   3856.8    583.8
     1     1    14     1     7    17     0     0    71.0   67.690  -95.238   3778.7    586.8
     1     1    14     1     7    18     0     0    72.0   67.003  -95.142   3693.8    594.0
     1     1    14     1     7    19     0     0    73.0   66.330  -95.105   3611.2    603.1
     1     1    14     1     7    20     0     0    74.0   65.664  -95.115   3541.4    610.2
     1     1    14     1     7    21     0     0    75.0   64.995  -95.165   3481.2    616.6
     1     1    14     1     7    22     0     0    76.0   64.309  -95.229   3427.0    622.0
     1     1    14     1     7    23     0     0    77.0   63.596  -95.285   3375.3    627.3
     1     1    14     1     8     0     0     0    78.0   62.846  -95.324   3323.1    632.7
     1     1    14     1     8     1     0     0    79.0   62.073  -95.335   3269.0    638.4
     1     1    14     1     8     2     0     0    80.0   61.302  -95.309   3210.8    644.3
     1     1    14     1     8     3     0     0    81.0   60.533  -95.247   3153.0    650.2
     1     1    14     1     8     4     0     0    82.0   59.762  -95.152   3095.7    655.6
     1     1    14     1     8     5     0     0    83.0   59.000  -95.008   3042.0    659.0
     1     1    14     1     8     6     0     0    84.0   58.250  -94.804   2998.3    661.2
     1     1    14     1     8     7     0     0    85.0   57.515  -94.528   2963.8    663.3
     1     1    14     1     8     8     0     0    86.0   56.807  -94.186   2932.9    665.6
     1     1    14     1     8     9     0     0    87.0   56.125  -93.790   2900.8    667.9
     1     1    14     1     8    10     0     0    88.0   55.455  -93.342   2865.3    670.1
     1     1    14     1     8    11     0     0    89.0   54.790  -92.843   2825.9    672.8
     1     1    14     1     8    12     0     0    90.0   54.140  -92.297   2783.9    676.8
     1     1    14     1     8    13     0     0    91.0   53.535  -91.715   2738.9    680.7
     1     1    14     1     8    14     0     0    92.0   52.986  -91.114   2689.2    684.7
     1     1    14     1     8    15     0     0    93.0   52.474  -90.506   2630.4    689.3
     1     1    14     1     8    16     0     0    94.0   51.985  -89.910   2563.6    694.7
     1     1    14     1     8    17     0     0    95.0   51.519  -89.334   2494.3    700.7
     1     1    14     1     8    18     0     0    96.0   51.078  -88.764   2427.7    707.0
     1     1    14     1     8    19     0     0    97.0   50.666  -88.170   2366.6    713.3
     1     1    14     1     8    20     0     0    98.0   50.283  -87.534   2311.8    719.6
     1     1    14     1     8    21     0     0    99.0   49.920  -86.866   2260.8    725.8
     1     1    14     1     8    22     0     0   100.0   49.576  -86.183   2213.4    731.9
     1     1    14     1     8    23     0     0   101.0   49.246  -85.495   2167.8    737.4
     1     1    14     1     9     0     0     0   102.0   48.925  -84.801   2122.0    742.6
     1     1    14     1     9     1     0     0   103.0   48.631  -84.114   2077.3    747.9
     1     1    14     1     9     2     0     0   104.0   48.364  -83.446   2032.1    752.3
     1     1    14     1     9     3     0     0   105.0   48.102  -82.800   1983.3    756.6
     1     1    14     1     9     4     0     0   106.0   47.833  -82.175   1929.7    761.5
     1     1    14     1     9     5     0     0   107.0   47.552  -81.570   1872.6    767.0
     1     1    14     1     9     6     0     0   108.0   47.260  -80.976   1815.0    774.7
     1     1    14     1     9     7     0     0   109.0   46.982  -80.387   1760.2    783.2
     1     1    14     1     9     8     0     0   110.0   46.736  -79.802   1709.1    790.8
     1     1    14     1     9     9     0     0   111.0   46.505  -79.229   1657.1    798.0
     1     1    14     1     9    10     0     0   112.0   46.276  -78.670   1600.3    805.5
     1     1    14     1     9    11     0     0   113.0   46.035  -78.125   1535.3    813.8
     1     1    14     1     9    12     0     0   114.0   45.773  -77.592   1459.3    823.1
     1     1    14     1     9    13     0     0   115.0   45.528  -77.073   1380.5    832.6
     1     1    14     1     9    14     0     0   116.0   45.337  -76.574   1306.3    839.9
     1     1    14     1     9    15     0     0   117.0   45.185  -76.112   1234.3    846.6
     1     1    14     1     9    16     0     0   118.0   45.064  -75.701   1162.5    853.3
     1     1    14     1     9    17     0     0   119.0   44.967  -75.350   1089.5    860.5
     1     1    14     1     9    18     0     0   120.0   44.895  -75.064   1014.8    868.5
