     1     1
    CDC1    14     1     1     0     0
     1 FORWARD  OMEGA   
    14     1     2     0   75.000 -150.000  3000.0
     1 PRESSURE
     1     1    14     1     2     0     0     0     0.0   75.000 -150.000   3000.0    684.2
     1     1    14     1     2     1     0     0     1.0   74.935 -151.898   2953.2    691.5
     1     1    14     1     2     2     0     0     2.0   74.900 -153.864   2912.1    696.9
     1     1    14     1     2     3     0     0     3.0   74.893 -155.878   2876.4    701.2
     1     1    14     1     2     4     0     0     4.0   74.914 -157.917   2846.6    704.1
     1     1    14     1     2     5     0     0     5.0   74.964 -159.961   2823.1    706.5
     1     1    14     1     2     6     0     0     6.0   75.042 -161.993   2805.7    707.2
     1     1    14     1     2     7     0     0     7.0   75.150 -163.976   2798.2    707.6
     1     1    14     1     2     8     0     0     8.0   75.291 -165.885   2799.3    707.2
     1     1    14     1     2     9     0     0     9.0   75.467 -167.705   2807.8    706.4
     1     1    14     1     2    10     0     0    10.0   75.683 -169.432   2821.2    706.3
     1     1    14     1     2    11     0     0    11.0   75.942 -171.065   2834.7    706.2
     1     1    14     1     2    12     0     0    12.0   76.248 -172.611   2844.1    706.5
     1     1    14     1     2    13     0     0    13.0   76.594 -174.074   2850.8    707.5
     1     1    14     1     2    14     0     0    14.0   76.968 -175.463   2858.7    708.0
     1     1    14     1     2    15     0     0    15.0   77.367 -176.789   2867.4    707.5
     1     1    14     1     2    16     0     0    16.0   77.780 -178.024   2876.7    705.7
     1     1    14     1     2    17     0     0    17.0   78.194 -179.115   2886.8    703.2
     1     1    14     1     2    18     0     0    18.0   78.606  179.960   2896.8    700.8
     1     1    14     1     2    19     0     0    19.0   79.018  179.178   2904.5    698.2
     1     1    14     1     2    20     0     0    20.0   79.433  178.501   2910.2    696.4
     1     1    14     1     2    21     0     0    21.0   79.853  177.908   2913.4    695.1
     1     1    14     1     2    22     0     0    22.0   80.276  177.406   2917.5    695.3
     1     1    14     1     2    23     0     0    23.0   80.698  177.016   2923.1    695.6
     1     1    14     1     3     0     0     0    24.0   81.119  176.731   2929.2    696.0
     1     1    14     1     3     1     0     0    25.0   81.537  176.597   2935.0    696.4
     1     1    14     1     3     2     0     0    26.0   81.948  176.673   2941.1    697.0
     1     1    14     1     3     3     0     0    27.0   82.349  176.976   2947.3    697.6
     1     1    14     1     3     4     0     0    28.0   82.736  177.581   2953.4    697.2
     1     1    14     1     3     5     0     0    29.0   83.101  178.590   2960.1    696.2
     1     1    14     1     3     6     0     0    30.0   83.439 -179.966   2966.9    695.1
     1     1    14     1     3     7     0     0    31.0   83.751 -178.129   2971.4    694.7
     1     1    14     1     3     8     0     0    32.0   84.036 -175.940   2970.5    694.8
     1     1    14     1     3     9     0     0    33.0   84.292 -173.420   2964.6    695.4
     1     1    14     1     3    10     0     0    34.0   84.516 -170.580   2954.8    696.3
     1     1    14     1     3    11     0     0    35.0   84.707 -167.416   2941.1    696.9
     1     1    14     1     3    12     0     0    36.0   84.860 -163.951   2925.6    698.0
     1     1    14     1     3    13     0     0    37.0   84.968 -160.200   2910.9    699.0
     1     1    14     1     3    14     0     0    38.0   85.019 -156.191   2896.4    699.0
     1     1    14     1     3    15     0     0    39.0   85.009 -152.024   2886.7    699.7
     1     1    14     1     3    16     0     0    40.0   84.939 -147.908   2879.0    699.3
     1     1    14     1     3    17     0     0    41.0   84.809 -143.958   2876.8    699.3
     1     1    14     1     3    18     0     0    42.0   84.623 -140.293   2878.4    698.7
     1     1    14     1     3    19     0     0    43.0   84.384 -136.910   2884.1    698.7
     1     1    14     1     3    20     0     0    44.0   84.095 -133.764   2891.1    698.5
     1     1    14     1     3    21     0     0    45.0   83.763 -130.900   2898.5    698.8
     1     1    14     1     3    22     0     0    46.0   83.393 -128.332   2904.5    699.9
     1     1    14     1     3    23     0     0    47.0   82.990 -126.073   2908.1    701.6
     1     1    14     1     4     0     0     0    48.0   82.562 -124.153   2907.4    704.5
     1     1    14     1     4     1     0     0    49.0   82.109 -122.623   2902.2    706.2
     1     1    14     1     4     2     0     0    50.0   81.630 -121.494   2897.0    706.3
     1     1    14     1     4     3     0     0    51.0   81.131 -120.733   2892.8    706.0
     1     1    14     1     4     4     0     0    52.0   80.612 -120.324   2889.7    705.2
     1     1    14     1     4     5     0     0    53.0   80.074 -120.255   2887.7    704.0
     1     1    14     1     4     6     0     0    54.0   79.525 -120.437   2885.0    702.5
     1     1    14     1     4     7     0     0    55.0   78.975 -120.701   2878.9    701.5
     1     1    14     1     4     8     0     0    56.0   78.431 -120.977   2873.3    700.8
     1     1    14     1     4     9     0     0    57.0   77.895 -121.289   2868.0    700.5
     1     1    14     1     4    10     0     0    58.0   77.367 -121.643   2864.2    700.5
     1     1    14     1     4    11     0     0    59.0   76.852 -121.997   2861.6    701.3
     1     1    14     1     4    12     0     0    60.0   76.356 -122.323   2857.8    702.5
     1     1    14     1     4    13     0     0    61.0   75.874 -122.651   2851.1    703.8
     1     1    14     1     4    14     0     0    62.0   75.406 -123.012   2841.0    705.9
     1     1    14     1     4    15     0     0    63.0   74.952 -123.417   2827.5    708.2
     1     1    14     1     4    16     0     0    64.0   74.516 -123.856   2810.2    709.3
     1     1    14     1     4    17     0     0    65.0   74.099 -124.317   2792.5    710.5
     1     1    14     1     4    18     0     0    66.0   73.702 -124.810   2775.0    711.9
     1     1    14     1     4    19     0     0    67.0   73.329 -125.318   2755.0    713.6
     1     1    14     1     4    20     0     0    68.0   72.987 -125.821   2727.2    716.6
     1     1    14     1     4    21     0     0    69.0   72.676 -126.316   2693.1    720.5
     1     1    14     1     4    22     0     0    70.0   72.395 -126.797   2653.5    725.0
     1     1    14     1     4    23     0     0    71.0   72.142 -127.251   2609.2    730.0
     1     1    14     1     5     0     0     0    72.0   71.915 -127.674   2560.9    735.4
     1     1    14     1     5     1     0     0    73.0   71.711 -128.087   2514.8    740.8
     1     1    14     1     5     2     0     0    74.0   71.529 -128.509   2473.6    745.1
     1     1    14     1     5     3     0     0    75.0   71.371 -128.944   2437.3    749.2
     1     1    14     1     5     4     0     0    76.0   71.240 -129.397   2405.3    752.9
     1     1    14     1     5     5     0     0    77.0   71.138 -129.873   2377.3    756.4
     1     1    14     1     5     6     0     0    78.0   71.068 -130.376   2353.0    759.1
     1     1    14     1     5     7     0     0    79.0   71.031 -130.938   2328.8    761.0
     1     1    14     1     5     8     0     0    80.0   71.029 -131.593   2303.3    763.8
     1     1    14     1     5     9     0     0    81.0   71.063 -132.347   2277.1    767.1
     1     1    14     1     5    10     0     0    82.0   71.135 -133.200   2250.1    769.6
     1     1    14     1     5    11     0     0    83.0   71.245 -134.154   2223.9    772.1
     1     1    14     1     5    12     0     0    84.0   71.395 -135.206   2199.4    774.5
     1     1    14     1     5    13     0     0    85.0   71.584 -136.313   2176.5    776.3
     1     1    14     1     5    14     0     0    86.0   71.807 -137.433   2155.7    778.7
     1     1    14     1     5    15     0     0    87.0   72.064 -138.570   2136.7    781.0
     1     1    14     1     5    16     0     0    88.0   72.348 -139.734   2120.3    784.1
     1     1    14     1     5    17     0     0    89.0   72.655 -140.914   2104.2    785.4
     1     1    14     1     5    18     0     0    90.0   72.972 -142.073   2088.2    784.1
     1     1    14     1     5    19     0     0    91.0   73.285 -143.222   2075.7    783.5
     1     1    14     1     5    20     0     0    92.0   73.581 -144.396   2065.8    782.9
     1     1    14     1     5    21     0     0    93.0   73.857 -145.596   2055.8    782.7
     1     1    14     1     5    22     0     0    94.0   74.109 -146.825   2043.6    783.1
     1     1    14     1     5    23     0     0    95.0   74.335 -148.087   2027.7    784.4
     1     1    14     1     6     0     0     0    96.0   74.534 -149.387   2007.5    787.2
     1     1    14     1     6     1     0     0    97.0   74.709 -150.702   1982.9    790.3
     1     1    14     1     6     2     0     0    98.0   74.864 -151.998   1957.3    793.4
     1     1    14     1     6     3     0     0    99.0   74.997 -153.269   1928.7    796.8
     1     1    14     1     6     4     0     0   100.0   75.111 -154.494   1898.0    801.1
     1     1    14     1     6     5     0     0   101.0   75.205 -155.655   1864.2    805.1
     1     1    14     1     6     6     0     0   102.0   75.282 -156.753   1827.2    809.2
     1     1    14     1     6     7     0     0   103.0   75.342 -157.817   1790.4    814.0
     1     1    14     1     6     8     0     0   104.0   75.386 -158.876   1755.5    818.2
     1     1    14     1     6     9     0     0   105.0   75.414 -159.931   1723.4    822.0
     1     1    14     1     6    10     0     0   106.0   75.429 -160.987   1694.3    825.0
     1     1    14     1     6    11     0     0   107.0   75.432 -162.045   1668.6    827.6
     1     1    14     1     6    12     0     0   108.0   75.426 -163.112   1646.7    829.8
     1     1    14     1     6    13     0     0   109.0   75.410 -164.170   1624.5    831.4
     1     1    14     1     6    14     0     0   110.0   75.385 -165.211   1597.7    834.0
     1     1    14     1     6    15     0     0   111.0   75.355 -166.247   1566.8    837.4
     1     1    14     1     6    16     0     0   112.0   75.326 -167.288   1531.8    841.4
     1     1    14     1     6    17     0     0   113.0   75.301 -168.345   1493.1    846.3
     1     1    14     1     6    18     0     0   114.0   75.288 -169.422   1450.9    851.6
     1     1    14     1     6    19     0     0   115.0   75.283 -170.488   1410.1    857.0
     1     1    14     1     6    20     0     0   116.0   75.284 -171.520   1375.6    861.7
     1     1    14     1     6    21     0     0   117.0   75.294 -172.513   1347.4    865.5
     1     1    14     1     6    22     0     0   118.0   75.319 -173.460   1325.8    868.5
     1     1    14     1     6    23     0     0   119.0   75.359 -174.348   1310.8    870.8
     1     1    14     1     7     0     0     0   120.0   75.416 -175.166   1302.5    872.4
