     1     1
    CDC1    14     1     1     0     0
     1 FORWARD  OMEGA   
    14     1    23    12   75.000 -150.000  3000.0
     1 PRESSURE
     1     1    14     1    23    12     0     0     0.0   75.000 -150.000   3000.0    678.2
     1     1    14     1    23    13     0     0     1.0   74.755 -149.497   2907.2    688.6
     1     1    14     1    23    14     0     0     2.0   74.537 -149.095   2828.9    697.1
     1     1    14     1    23    15     0     0     3.0   74.343 -148.805   2764.1    704.4
     1     1    14     1    23    16     0     0     4.0   74.173 -148.637   2712.0    710.3
     1     1    14     1    23    17     0     0     5.0   74.027 -148.601   2671.8    715.1
     1     1    14     1    23    18     0     0     6.0   73.905 -148.698   2642.6    718.9
     1     1    14     1    23    19     0     0     7.0   73.799 -148.878   2620.0    721.9
     1     1    14     1    23    20     0     0     8.0   73.704 -149.088   2596.6    725.2
     1     1    14     1    23    21     0     0     9.0   73.618 -149.332   2573.6    728.5
     1     1    14     1    23    22     0     0    10.0   73.542 -149.614   2550.9    731.7
     1     1    14     1    23    23     0     0    11.0   73.474 -149.937   2528.5    734.9
     1     1    14     1    24     0     0     0    12.0   73.414 -150.304   2506.7    738.0
     1     1    14     1    24     1     0     0    13.0   73.362 -150.704   2484.2    740.9
     1     1    14     1    24     2     0     0    14.0   73.317 -151.124   2460.8    743.9
     1     1    14     1    24     3     0     0    15.0   73.282 -151.564   2435.8    747.1
     1     1    14     1    24     4     0     0    16.0   73.258 -152.024   2409.2    750.4
     1     1    14     1    24     5     0     0    17.0   73.246 -152.506   2380.9    753.8
     1     1    14     1    24     6     0     0    18.0   73.247 -153.013   2351.1    757.2
     1     1    14     1    24     7     0     0    19.0   73.261 -153.521   2321.6    760.8
     1     1    14     1    24     8     0     0    20.0   73.290 -154.001   2293.8    763.9
     1     1    14     1    24     9     0     0    21.0   73.330 -154.443   2267.1    766.7
     1     1    14     1    24    10     0     0    22.0   73.381 -154.839   2241.2    769.3
     1     1    14     1    24    11     0     0    23.0   73.440 -155.181   2215.5    771.7
     1     1    14     1    24    12     0     0    24.0   73.506 -155.462   2189.6    774.0
     1     1    14     1    24    13     0     0    25.0   73.565 -155.748   2164.1    776.1
     1     1    14     1    24    14     0     0    26.0   73.604 -156.115   2140.1    778.1
     1     1    14     1    24    15     0     0    27.0   73.628 -156.566   2117.5    779.9
     1     1    14     1    24    16     0     0    28.0   73.637 -157.103   2096.4    781.7
     1     1    14     1    24    17     0     0    29.0   73.633 -157.727   2076.5    783.2
     1     1    14     1    24    18     0     0    30.0   73.618 -158.435   2057.5    784.4
     1     1    14     1    24    19     0     0    31.0   73.605 -159.192   2042.3    785.7
     1     1    14     1    24    20     0     0    32.0   73.606 -159.957   2034.3    786.0
     1     1    14     1    24    21     0     0    33.0   73.620 -160.722   2034.2    785.1
     1     1    14     1    24    22     0     0    34.0   73.649 -161.482   2043.3    783.3
     1     1    14     1    24    23     0     0    35.0   73.690 -162.229   2062.4    780.4
     1     1    14     1    25     0     0     0    36.0   73.745 -162.954   2091.8    776.5
     1     1    14     1    25     1     0     0    37.0   73.812 -163.668   2129.4    772.1
     1     1    14     1    25     2     0     0    38.0   73.893 -164.388   2171.3    767.6
     1     1    14     1    25     3     0     0    39.0   73.984 -165.119   2217.7    762.8
     1     1    14     1    25     4     0     0    40.0   74.083 -165.862   2268.5    757.4
     1     1    14     1    25     5     0     0    41.0   74.187 -166.618   2323.4    751.7
     1     1    14     1    25     6     0     0    42.0   74.296 -167.391   2383.0    745.8
     1     1    14     1    25     7     0     0    43.0   74.418 -168.189   2446.2    739.5
     1     1    14     1    25     8     0     0    44.0   74.559 -169.027   2508.4    733.7
     1     1    14     1    25     9     0     0    45.0   74.714 -169.917   2570.9    728.0
     1     1    14     1    25    10     0     0    46.0   74.874 -170.866   2635.3    722.6
     1     1    14     1    25    11     0     0    47.0   75.034 -171.879   2701.3    717.4
     1     1    14     1    25    12     0     0    48.0   75.187 -172.953   2768.2    711.8
     1     1    14     1    25    13     0     0    49.0   75.334 -174.074   2834.0    705.0
     1     1    14     1    25    14     0     0    50.0   75.477 -175.238   2902.5    698.3
     1     1    14     1    25    15     0     0    51.0   75.613 -176.452   2971.6    691.4
     1     1    14     1    25    16     0     0    52.0   75.739 -177.721   3041.0    684.6
     1     1    14     1    25    17     0     0    53.0   75.852 -179.043   3110.2    677.6
     1     1    14     1    25    18     0     0    54.0   75.950  179.588   3180.0    670.5
     1     1    14     1    25    19     0     0    55.0   76.027  178.216   3246.1    663.5
     1     1    14     1    25    20     0     0    56.0   76.076  176.881   3306.0    657.3
     1     1    14     1    25    21     0     0    57.0   76.099  175.579   3359.5    651.7
     1     1    14     1    25    22     0     0    58.0   76.097  174.308   3407.3    646.7
     1     1    14     1    25    23     0     0    59.0   76.072  173.069   3449.1    642.5
     1     1    14     1    26     0     0     0    60.0   76.029  171.861   3484.1    639.0
     1     1    14     1    26     1     0     0    61.0   75.986  170.720   3513.5    635.8
     1     1    14     1    26     2     0     0    62.0   75.960  169.670   3542.5    632.9
     1     1    14     1    26     3     0     0    63.0   75.951  168.697   3571.0    630.2
     1     1    14     1    26     4     0     0    64.0   75.959  167.792   3600.4    627.4
     1     1    14     1    26     5     0     0    65.0   75.983  166.944   3632.4    624.7
     1     1    14     1    26     6     0     0    66.0   76.023  166.149   3667.4    622.1
     1     1    14     1    26     7     0     0    67.0   76.078  165.383   3702.5    619.6
     1     1    14     1    26     8     0     0    68.0   76.146  164.622   3734.6    617.5
     1     1    14     1    26     9     0     0    69.0   76.225  163.857   3763.5    615.8
     1     1    14     1    26    10     0     0    70.0   76.310  163.086   3788.3    614.5
     1     1    14     1    26    11     0     0    71.0   76.400  162.304   3808.6    613.6
     1     1    14     1    26    12     0     0    72.0   76.491  161.506   3823.2    612.8
     1     1    14     1    26    13     0     0    73.0   76.589  160.703   3833.8    612.3
     1     1    14     1    26    14     0     0    74.0   76.700  159.924   3843.2    612.0
     1     1    14     1    26    15     0     0    75.0   76.821  159.178   3850.5    611.6
     1     1    14     1    26    16     0     0    76.0   76.951  158.472   3856.7    611.2
     1     1    14     1    26    17     0     0    77.0   77.086  157.816   3862.6    610.7
     1     1    14     1    26    18     0     0    78.0   77.225  157.220   3869.0    610.2
     1     1    14     1    26    19     0     0    79.0   77.364  156.634   3877.6    609.8
     1     1    14     1    26    20     0     0    80.0   77.502  156.004   3887.0    609.1
     1     1    14     1    26    21     0     0    81.0   77.638  155.330   3897.0    608.2
     1     1    14     1    26    22     0     0    82.0   77.773  154.611   3906.4    606.9
     1     1    14     1    26    23     0     0    83.0   77.907  153.849   3914.5    605.5
     1     1    14     1    27     0     0     0    84.0   78.040  153.049   3921.1    604.2
     1     1    14     1    27     1     0     0    85.0   78.172  152.200   3927.9    603.2
     1     1    14     1    27     2     0     0    86.0   78.299  151.279   3937.0    601.9
     1     1    14     1    27     3     0     0    87.0   78.420  150.282   3947.7    600.4
     1     1    14     1    27     4     0     0    88.0   78.535  149.202   3959.2    598.8
     1     1    14     1    27     5     0     0    89.0   78.641  148.029   3970.8    597.2
     1     1    14     1    27     6     0     0    90.0   78.738  146.757   3981.4    595.5
     1     1    14     1    27     7     0     0    91.0   78.830  145.374   3991.3    594.0
     1     1    14     1    27     8     0     0    92.0   78.918  143.865   4003.9    592.2
     1     1    14     1    27     9     0     0    93.0   78.998  142.225   4019.2    590.4
     1     1    14     1    27    10     0     0    94.0   79.068  140.448   4036.2    588.2
     1     1    14     1    27    11     0     0    95.0   79.126  138.526   4057.4    586.1
     1     1    14     1    27    12     0     0    96.0   79.170  136.457   4082.9    583.9
     1     1    14     1    27    13     0     0    97.0   79.198  134.268   4108.6    582.0
     1     1    14     1    27    14     0     0    98.0   79.208  131.983   4131.9    580.6
     1     1    14     1    27    15     0     0    99.0   79.198  129.608   4152.1    579.5
     1     1    14     1    27    16     0     0   100.0   79.165  127.149   4172.7    578.7
     1     1    14     1    27    17     0     0   101.0   79.107  124.621   4189.1    577.0
     1     1    14     1    27    18     0     0   102.0   79.024  122.038   4203.5    575.2
     1     1    14     1    27    19     0     0   103.0   78.915  119.392   4219.4    573.7
     1     1    14     1    27    20     0     0   104.0   78.778  116.674   4237.5    570.4
     1     1    14     1    27    21     0     0   105.0   78.612  113.892   4260.0    566.4
     1     1    14     1    27    22     0     0   106.0   78.419  111.062   4286.1    562.2
     1     1    14     1    27    23     0     0   107.0   78.200  108.195   4316.4    557.8
     1     1    14     1    28     0     0     0   108.0   77.958  105.291   4349.1    553.9
     1     1    14     1    28     1     0     0   109.0   77.687  102.429   4380.6    549.8
     1     1    14     1    28     2     0     0   110.0   77.378   99.687   4416.3    546.9
     1     1    14     1    28     3     0     0   111.0   77.033   97.158   4450.8    544.7
     1     1    14     1    28     4     0     0   112.0   76.649   94.858   4483.0    542.7
     1     1    14     1    28     5     0     0   113.0   76.230   92.768   4511.4    540.5
     1     1    14     1    28     6     0     0   114.0   75.777   90.866   4537.3    538.6
     1     1    14     1    28     7     0     0   115.0   75.290   89.103   4561.6    537.0
     1     1    14     1    28     8     0     0   116.0   74.775   87.451   4586.6    535.4
     1     1    14     1    28     9     0     0   117.0   74.245   85.927   4615.5    534.0
     1     1    14     1    28    10     0     0   118.0   73.706   84.526   4650.1    532.0
     1     1    14     1    28    11     0     0   119.0   73.159   83.225   4689.8    529.4
     1     1    14     1    28    12     0     0   120.0   72.606   82.006   4733.8    526.0
