     1     1
    CDC1    14     1     1     0     0
     1 FORWARD  OMEGA   
    14     1    22     6   75.000 -150.000  3000.0
     1 PRESSURE
     1     1    14     1    22     6     0     0     0.0   75.000 -150.000   3000.0    675.9
     1     1    14     1    22     7     0     0     1.0   74.999 -149.220   3000.7    674.5
     1     1    14     1    22     8     0     0     2.0   74.987 -148.405   2997.3    673.7
     1     1    14     1    22     9     0     0     3.0   74.964 -147.554   2990.2    673.1
     1     1    14     1    22    10     0     0     4.0   74.932 -146.668   2981.7    673.1
     1     1    14     1    22    11     0     0     5.0   74.890 -145.749   2972.2    673.5
     1     1    14     1    22    12     0     0     6.0   74.840 -144.796   2962.8    674.1
     1     1    14     1    22    13     0     0     7.0   74.782 -143.811   2958.2    675.2
     1     1    14     1    22    14     0     0     8.0   74.716 -142.789   2959.7    675.4
     1     1    14     1    22    15     0     0     9.0   74.643 -141.728   2969.7    675.5
     1     1    14     1    22    16     0     0    10.0   74.563 -140.627   2988.9    674.9
     1     1    14     1    22    17     0     0    11.0   74.478 -139.483   3018.1    673.4
     1     1    14     1    22    18     0     0    12.0   74.388 -138.295   3058.1    671.1
     1     1    14     1    22    19     0     0    13.0   74.277 -137.068   3098.1    667.8
     1     1    14     1    22    20     0     0    14.0   74.131 -135.829   3129.6    666.2
     1     1    14     1    22    21     0     0    15.0   73.949 -134.598   3149.7    665.3
     1     1    14     1    22    22     0     0    16.0   73.734 -133.384   3157.3    664.7
     1     1    14     1    22    23     0     0    17.0   73.487 -132.190   3152.7    664.9
     1     1    14     1    23     0     0     0    18.0   73.213 -131.009   3135.4    665.4
     1     1    14     1    23     1     0     0    19.0   72.923 -129.766   3112.6    666.8
     1     1    14     1    23     2     0     0    20.0   72.627 -128.379   3088.1    666.3
     1     1    14     1    23     3     0     0    21.0   72.318 -126.849   3060.3    664.6
     1     1    14     1    23     4     0     0    22.0   71.987 -125.203   3026.6    662.8
     1     1    14     1    23     5     0     0    23.0   71.626 -123.490   2989.0    662.2
     1     1    14     1    23     6     0     0    24.0   71.228 -121.754   2950.8    662.2
     1     1    14     1    23     7     0     0    25.0   70.806 -120.054   2917.0    663.2
     1     1    14     1    23     8     0     0    26.0   70.375 -118.421   2892.7    664.9
     1     1    14     1    23     9     0     0    27.0   69.930 -116.855   2876.4    666.6
     1     1    14     1    23    10     0     0    28.0   69.469 -115.375   2865.1    668.2
     1     1    14     1    23    11     0     0    29.0   68.988 -113.988   2853.4    668.8
     1     1    14     1    23    12     0     0    30.0   68.478 -112.688   2837.2    667.9
     1     1    14     1    23    13     0     0    31.0   67.949 -111.422   2819.8    667.4
     1     1    14     1    23    14     0     0    32.0   67.414 -110.133   2803.9    666.2
     1     1    14     1    23    15     0     0    33.0   66.873 -108.819   2790.5    666.1
     1     1    14     1    23    16     0     0    34.0   66.317 -107.509   2772.9    665.5
     1     1    14     1    23    17     0     0    35.0   65.729 -106.245   2747.7    665.7
     1     1    14     1    23    18     0     0    36.0   65.088 -105.067   2710.0    665.8
     1     1    14     1    23    19     0     0    37.0   64.392 -103.971   2675.4    669.6
     1     1    14     1    23    20     0     0    38.0   63.647 -102.921   2646.9    670.7
     1     1    14     1    23    21     0     0    39.0   62.845 -101.897   2623.3    671.2
     1     1    14     1    23    22     0     0    40.0   61.988 -100.911   2603.7    674.1
     1     1    14     1    23    23     0     0    41.0   61.081 -100.002   2575.7    677.7
     1     1    14     1    24     0     0     0    42.0   60.125  -99.210   2524.8    684.7
     1     1    14     1    24     1     0     0    43.0   59.183  -98.479   2465.0    694.9
     1     1    14     1    24     2     0     0    44.0   58.304  -97.728   2419.0    700.8
     1     1    14     1    24     3     0     0    45.0   57.480  -96.936   2390.3    704.8
     1     1    14     1    24     4     0     0    46.0   56.710  -96.112   2383.1    708.0
     1     1    14     1    24     5     0     0    47.0   55.977  -95.285   2392.3    707.0
     1     1    14     1    24     6     0     0    48.0   55.259  -94.474   2414.3    703.8
     1     1    14     1    24     7     0     0    49.0   54.579  -93.634   2448.6    700.2
     1     1    14     1    24     8     0     0    50.0   53.958  -92.712   2494.0    695.5
     1     1    14     1    24     9     0     0    51.0   53.392  -91.724   2548.0    689.6
     1     1    14     1    24    10     0     0    52.0   52.878  -90.688   2610.2    682.7
     1     1    14     1    24    11     0     0    53.0   52.398  -89.623   2680.6    674.7
     1     1    14     1    24    12     0     0    54.0   51.954  -88.553   2761.2    666.3
     1     1    14     1    24    13     0     0    55.0   51.578  -87.489   2857.8    656.8
     1     1    14     1    24    14     0     0    56.0   51.296  -86.427   2973.8    646.3
     1     1    14     1    24    15     0     0    57.0   51.098  -85.360   3099.8    635.2
     1     1    14     1    24    16     0     0    58.0   50.972  -84.284   3230.2    624.8
     1     1    14     1    24    17     0     0    59.0   50.919  -83.205   3356.8    615.5
     1     1    14     1    24    18     0     0    60.0   50.940  -82.121   3474.7    606.6
     1     1    14     1    24    19     0     0    61.0   51.049  -81.040   3582.2    598.7
     1     1    14     1    24    20     0     0    62.0   51.256  -79.975   3678.7    592.1
     1     1    14     1    24    21     0     0    63.0   51.555  -78.934   3757.0    582.6
     1     1    14     1    24    22     0     0    64.0   51.939  -77.929   3826.0    573.6
     1     1    14     1    24    23     0     0    65.0   52.403  -76.973   3886.6    563.7
     1     1    14     1    25     0     0     0    66.0   52.935  -76.101   3942.4    553.2
     1     1    14     1    25     1     0     0    67.0   53.516  -75.349   3989.7    544.2
     1     1    14     1    25     2     0     0    68.0   54.131  -74.727   4020.3    539.3
     1     1    14     1    25     3     0     0    69.0   54.769  -74.238   4031.5    537.8
     1     1    14     1    25     4     0     0    70.0   55.422  -73.895   4026.1    539.6
     1     1    14     1    25     5     0     0    71.0   56.082  -73.713   4010.9    543.1
     1     1    14     1    25     6     0     0    72.0   56.751  -73.707   3990.0    547.4
     1     1    14     1    25     7     0     0    73.0   57.416  -73.880   3971.5    552.4
     1     1    14     1    25     8     0     0    74.0   58.049  -74.197   3961.8    554.7
     1     1    14     1    25     9     0     0    75.0   58.633  -74.632   3962.4    555.7
     1     1    14     1    25    10     0     0    76.0   59.161  -75.198   3971.7    556.0
     1     1    14     1    25    11     0     0    77.0   59.618  -75.901   3989.0    556.9
     1     1    14     1    25    12     0     0    78.0   59.994  -76.734   4009.9    558.1
     1     1    14     1    25    13     0     0    79.0   60.302  -77.640   4030.8    558.9
     1     1    14     1    25    14     0     0    80.0   60.553  -78.550   4049.4    560.0
     1     1    14     1    25    15     0     0    81.0   60.747  -79.462   4068.2    561.4
     1     1    14     1    25    16     0     0    82.0   60.889  -80.376   4085.1    562.0
     1     1    14     1    25    17     0     0    83.0   60.979  -81.284   4099.1    561.5
     1     1    14     1    25    18     0     0    84.0   61.019  -82.176   4113.1    560.8
     1     1    14     1    25    19     0     0    85.0   61.010  -83.041   4122.7    559.5
     1     1    14     1    25    20     0     0    86.0   60.953  -83.868   4128.7    558.0
     1     1    14     1    25    21     0     0    87.0   60.847  -84.661   4132.2    556.6
     1     1    14     1    25    22     0     0    88.0   60.694  -85.417   4134.4    555.4
     1     1    14     1    25    23     0     0    89.0   60.495  -86.123   4136.7    554.5
     1     1    14     1    26     0     0     0    90.0   60.250  -86.771   4140.1    553.5
     1     1    14     1    26     1     0     0    91.0   59.957  -87.377   4139.4    552.7
     1     1    14     1    26     2     0     0    92.0   59.617  -87.929   4135.2    554.4
     1     1    14     1    26     3     0     0    93.0   59.247  -88.410   4122.0    556.8
     1     1    14     1    26     4     0     0    94.0   58.859  -88.819   4099.0    559.6
     1     1    14     1    26     5     0     0    95.0   58.467  -89.159   4066.5    562.9
     1     1    14     1    26     6     0     0    96.0   58.086  -89.433   4025.3    566.7
     1     1    14     1    26     7     0     0    97.0   57.705  -89.653   3985.1    571.3
     1     1    14     1    26     8     0     0    98.0   57.307  -89.830   3953.6    573.4
     1     1    14     1    26     9     0     0    99.0   56.897  -89.973   3932.2    573.3
     1     1    14     1    26    10     0     0   100.0   56.482  -90.086   3923.9    571.7
     1     1    14     1    26    11     0     0   101.0   56.074  -90.176   3928.2    568.8
     1     1    14     1    26    12     0     0   102.0   55.678  -90.249   3944.0    565.0
     1     1    14     1    26    13     0     0   103.0   55.287  -90.298   3966.1    560.7
     1     1    14     1    26    14     0     0   104.0   54.886  -90.314   3988.2    557.2
     1     1    14     1    26    15     0     0   105.0   54.484  -90.315   4012.3    554.2
     1     1    14     1    26    16     0     0   106.0   54.087  -90.318   4038.1    551.0
     1     1    14     1    26    17     0     0   107.0   53.699  -90.338   4066.0    547.3
     1     1    14     1    26    18     0     0   108.0   53.323  -90.389   4096.0    543.4
     1     1    14     1    26    19     0     0   109.0   52.952  -90.441   4126.8    540.0
     1     1    14     1    26    20     0     0   110.0   52.579  -90.450   4157.3    536.7
     1     1    14     1    26    21     0     0   111.0   52.201  -90.414   4186.0    533.6
     1     1    14     1    26    22     0     0   112.0   51.820  -90.341   4211.6    530.9
     1     1    14     1    26    23     0     0   113.0   51.435  -90.249   4234.6    528.4
     1     1    14     1    27     0     0     0   114.0   51.046  -90.158   4255.5    526.0
     1     1    14     1    27     1     0     0   115.0   50.651  -90.081   4273.7    523.5
     1     1    14     1    27     2     0     0   116.0   50.248  -90.023   4290.1    521.1
     1     1    14     1    27     3     0     0   117.0   49.831  -89.973   4302.1    519.3
     1     1    14     1    27     4     0     0   118.0   49.403  -89.905   4307.3    518.6
     1     1    14     1    27     5     0     0   119.0   48.969  -89.804   4303.1    518.8
     1     1    14     1    27     6     0     0   120.0   48.535  -89.673   4288.9    519.8
