     1     1
    CDC1    14     1     1     0     0
     1 FORWARD  OMEGA   
    14     1    23     6   75.000 -150.000  3000.0
     1 PRESSURE
     1     1    14     1    23     6     0     0     0.0   75.000 -150.000   3000.0    676.3
     1     1    14     1    23     7     0     0     1.0   74.737 -149.131   2943.5    682.3
     1     1    14     1    23     8     0     0     2.0   74.487 -148.315   2885.7    688.6
     1     1    14     1    23     9     0     0     3.0   74.250 -147.550   2826.5    695.3
     1     1    14     1    23    10     0     0     4.0   74.023 -146.835   2766.2    702.5
     1     1    14     1    23    11     0     0     5.0   73.804 -146.179   2704.8    709.6
     1     1    14     1    23    12     0     0     6.0   73.593 -145.584   2642.8    716.7
     1     1    14     1    23    13     0     0     7.0   73.395 -145.080   2585.6    723.5
     1     1    14     1    23    14     0     0     8.0   73.217 -144.694   2541.7    728.7
     1     1    14     1    23    15     0     0     9.0   73.059 -144.438   2508.3    732.9
     1     1    14     1    23    16     0     0    10.0   72.923 -144.323   2484.2    736.1
     1     1    14     1    23    17     0     0    11.0   72.808 -144.358   2468.9    738.5
     1     1    14     1    23    18     0     0    12.0   72.716 -144.550   2461.7    739.9
     1     1    14     1    23    19     0     0    13.0   72.641 -144.839   2460.2    740.5
     1     1    14     1    23    20     0     0    14.0   72.578 -145.163   2456.8    741.7
     1     1    14     1    23    21     0     0    15.0   72.525 -145.527   2452.7    743.0
     1     1    14     1    23    22     0     0    16.0   72.479 -145.928   2447.4    743.9
     1     1    14     1    23    23     0     0    17.0   72.441 -146.359   2441.2    744.3
     1     1    14     1    24     0     0     0    18.0   72.409 -146.813   2434.5    744.9
     1     1    14     1    24     1     0     0    19.0   72.381 -147.256   2423.8    745.6
     1     1    14     1    24     2     0     0    20.0   72.357 -147.656   2406.4    747.5
     1     1    14     1    24     3     0     0    21.0   72.339 -148.020   2382.0    750.2
     1     1    14     1    24     4     0     0    22.0   72.329 -148.355   2350.8    753.8
     1     1    14     1    24     5     0     0    23.0   72.327 -148.670   2313.0    758.2
     1     1    14     1    24     6     0     0    24.0   72.334 -148.973   2268.9    763.4
     1     1    14     1    24     7     0     0    25.0   72.350 -149.282   2223.1    769.5
     1     1    14     1    24     8     0     0    26.0   72.370 -149.599   2181.5    774.7
     1     1    14     1    24     9     0     0    27.0   72.394 -149.911   2143.1    779.5
     1     1    14     1    24    10     0     0    28.0   72.423 -150.210   2108.0    784.1
     1     1    14     1    24    11     0     0    29.0   72.455 -150.487   2075.7    788.5
     1     1    14     1    24    12     0     0    30.0   72.492 -150.731   2045.7    792.7
     1     1    14     1    24    13     0     0    31.0   72.527 -151.009   2018.5    795.8
     1     1    14     1    24    14     0     0    32.0   72.558 -151.399   1994.0    798.4
     1     1    14     1    24    15     0     0    33.0   72.586 -151.903   1973.1    800.7
     1     1    14     1    24    16     0     0    34.0   72.609 -152.527   1955.6    802.7
     1     1    14     1    24    17     0     0    35.0   72.626 -153.270   1941.0    803.9
     1     1    14     1    24    18     0     0    36.0   72.636 -154.126   1929.3    805.1
     1     1    14     1    24    19     0     0    37.0   72.644 -155.034   1920.6    806.3
     1     1    14     1    24    20     0     0    38.0   72.656 -155.919   1915.8    806.0
     1     1    14     1    24    21     0     0    39.0   72.675 -156.780   1917.1    805.1
     1     1    14     1    24    22     0     0    40.0   72.704 -157.613   1925.5    803.5
     1     1    14     1    24    23     0     0    41.0   72.744 -158.412   1942.0    800.5
     1     1    14     1    25     0     0     0    42.0   72.796 -159.171   1968.1    796.7
     1     1    14     1    25     1     0     0    43.0   72.864 -159.891   2002.2    792.1
     1     1    14     1    25     2     0     0    44.0   72.949 -160.577   2041.2    786.8
     1     1    14     1    25     3     0     0    45.0   73.048 -161.232   2085.5    781.1
     1     1    14     1    25     4     0     0    46.0   73.157 -161.862   2134.9    774.9
     1     1    14     1    25     5     0     0    47.0   73.275 -162.474   2189.4    768.5
     1     1    14     1    25     6     0     0    48.0   73.398 -163.075   2249.0    762.0
     1     1    14     1    25     7     0     0    49.0   73.537 -163.666   2310.9    755.0
     1     1    14     1    25     8     0     0    50.0   73.704 -164.256   2372.2    748.4
     1     1    14     1    25     9     0     0    51.0   73.893 -164.865   2432.5    742.0
     1     1    14     1    25    10     0     0    52.0   74.099 -165.509   2491.5    736.0
     1     1    14     1    25    11     0     0    53.0   74.317 -166.205   2549.5    730.4
     1     1    14     1    25    12     0     0    54.0   74.541 -166.968   2607.6    725.0
     1     1    14     1    25    13     0     0    55.0   74.766 -167.778   2668.1    719.2
     1     1    14     1    25    14     0     0    56.0   74.989 -168.606   2734.3    712.9
     1     1    14     1    25    15     0     0    57.0   75.209 -169.468   2804.1    705.7
     1     1    14     1    25    16     0     0    58.0   75.425 -170.391   2876.2    698.7
     1     1    14     1    25    17     0     0    59.0   75.632 -171.393   2950.6    691.9
     1     1    14     1    25    18     0     0    60.0   75.823 -172.489   3026.9    685.1
     1     1    14     1    25    19     0     0    61.0   75.988 -173.645   3098.8    678.2
     1     1    14     1    25    20     0     0    62.0   76.118 -174.817   3164.5    672.4
     1     1    14     1    25    21     0     0    63.0   76.212 -176.003   3223.9    667.0
     1     1    14     1    25    22     0     0    64.0   76.266 -177.196   3277.4    662.0
     1     1    14     1    25    23     0     0    65.0   76.281 -178.388   3325.7    657.3
     1     1    14     1    26     0     0     0    66.0   76.254 -179.571   3368.9    653.1
     1     1    14     1    26     1     0     0    67.0   76.196  179.310   3405.4    649.0
     1     1    14     1    26     2     0     0    68.0   76.123  178.308   3434.1    645.6
     1     1    14     1    26     3     0     0    69.0   76.038  177.428   3456.7    642.7
     1     1    14     1    26     4     0     0    70.0   75.946  176.673   3474.4    640.2
     1     1    14     1    26     5     0     0    71.0   75.853  176.046   3488.4    638.1
     1     1    14     1    26     6     0     0    72.0   75.757  175.545   3499.6    636.3
     1     1    14     1    26     7     0     0    73.0   75.667  175.148   3508.8    635.3
     1     1    14     1    26     8     0     0    74.0   75.589  174.830   3517.0    634.5
     1     1    14     1    26     9     0     0    75.0   75.526  174.586   3523.5    633.9
     1     1    14     1    26    10     0     0    76.0   75.476  174.414   3527.9    633.6
     1     1    14     1    26    11     0     0    77.0   75.439  174.311   3530.2    633.6
     1     1    14     1    26    12     0     0    78.0   75.414  174.277   3530.2    633.8
     1     1    14     1    26    13     0     0    79.0   75.404  174.281   3528.2    634.1
     1     1    14     1    26    14     0     0    80.0   75.407  174.284   3525.1    634.5
     1     1    14     1    26    15     0     0    81.0   75.425  174.288   3520.8    635.0
     1     1    14     1    26    16     0     0    82.0   75.456  174.292   3515.1    635.7
     1     1    14     1    26    17     0     0    83.0   75.499  174.299   3507.7    636.5
     1     1    14     1    26    18     0     0    84.0   75.555  174.314   3498.1    637.6
     1     1    14     1    26    19     0     0    85.0   75.627  174.317   3489.6    638.5
     1     1    14     1    26    20     0     0    86.0   75.722  174.289   3486.4    638.7
     1     1    14     1    26    21     0     0    87.0   75.838  174.231   3488.4    638.5
     1     1    14     1    26    22     0     0    88.0   75.975  174.141   3495.6    637.8
     1     1    14     1    26    23     0     0    89.0   76.131  174.016   3508.3    636.6
     1     1    14     1    27     0     0     0    90.0   76.307  173.853   3526.6    635.0
     1     1    14     1    27     1     0     0    91.0   76.498  173.663   3550.1    633.4
     1     1    14     1    27     2     0     0    92.0   76.703  173.465   3577.8    631.5
     1     1    14     1    27     3     0     0    93.0   76.922  173.259   3611.0    629.1
     1     1    14     1    27     4     0     0    94.0   77.158  173.049   3650.8    626.2
     1     1    14     1    27     5     0     0    95.0   77.411  172.837   3698.3    622.7
     1     1    14     1    27     6     0     0    96.0   77.682  172.620   3751.6    618.0
     1     1    14     1    27     7     0     0    97.0   77.967  172.372   3804.7    612.8
     1     1    14     1    27     8     0     0    98.0   78.264  172.067   3855.3    608.3
     1     1    14     1    27     9     0     0    99.0   78.571  171.700   3904.5    604.0
     1     1    14     1    27    10     0     0   100.0   78.889  171.263   3954.0    599.7
     1     1    14     1    27    11     0     0   101.0   79.218  170.745   4006.1    595.3
     1     1    14     1    27    12     0     0   102.0   79.558  170.138   4063.6    590.6
     1     1    14     1    27    13     0     0   103.0   79.903  169.464   4125.6    585.1
     1     1    14     1    27    14     0     0   104.0   80.241  168.736   4187.7    580.1
     1     1    14     1    27    15     0     0   105.0   80.568  167.935   4245.5    575.7
     1     1    14     1    27    16     0     0   106.0   80.883  167.052   4297.7    571.8
     1     1    14     1    27    17     0     0   107.0   81.188  166.079   4344.3    568.4
     1     1    14     1    27    18     0     0   108.0   81.481  165.003   4384.6    565.5
     1     1    14     1    27    19     0     0   109.0   81.769  163.819   4422.5    563.3
     1     1    14     1    27    20     0     0   110.0   82.059  162.524   4465.3    560.3
     1     1    14     1    27    21     0     0   111.0   82.352  161.087   4514.8    556.7
     1     1    14     1    27    22     0     0   112.0   82.647  159.506   4572.0    552.2
     1     1    14     1    27    23     0     0   113.0   82.942  157.849   4634.1    547.5
     1     1    14     1    28     0     0     0   114.0   83.234  156.180   4696.0    542.5
     1     1    14     1    28     1     0     0   115.0   83.518  154.476   4753.7    537.1
     1     1    14     1    28     2     0     0   116.0   83.791  152.665   4804.8    532.8
     1     1    14     1    28     3     0     0   117.0   84.051  150.695   4851.2    529.1
     1     1    14     1    28     4     0     0   118.0   84.300  148.516   4896.6    525.4
     1     1    14     1    28     5     0     0   119.0   84.536  146.060   4943.9    521.7
     1     1    14     1    28     6     0     0   120.0   84.758  143.259   4997.9    517.9
