     1     1
    CDC1    14     1     1     0     0
     1 FORWARD  OMEGA   
    14     1    10     6   75.000 -150.000  3000.0
     1 PRESSURE
     1     1    14     1    10     6     0     0     0.0   75.000 -150.000   3000.0    658.9
     1     1    14     1    10     7     0     0     1.0   74.150 -149.322   3003.6    663.0
     1     1    14     1    10     8     0     0     2.0   73.363 -148.731   3005.0    667.1
     1     1    14     1    10     9     0     0     3.0   72.622 -148.162   3005.6    670.9
     1     1    14     1    10    10     0     0     4.0   71.921 -147.560   2987.9    662.6
     1     1    14     1    10    11     0     0     5.0   71.261 -146.893   2964.9    653.3
     1     1    14     1    10    12     0     0     6.0   70.636 -146.133   2938.3    645.3
     1     1    14     1    10    13     0     0     7.0   70.048 -145.287   2910.3    638.8
     1     1    14     1    10    14     0     0     8.0   69.511 -144.410   2886.8    636.1
     1     1    14     1    10    15     0     0     9.0   69.030 -143.519   2867.1    634.1
     1     1    14     1    10    16     0     0    10.0   68.601 -142.594   2851.2    632.4
     1     1    14     1    10    17     0     0    11.0   68.217 -141.612   2841.9    631.7
     1     1    14     1    10    18     0     0    12.0   67.873 -140.550   2840.5    631.3
     1     1    14     1    10    19     0     0    13.0   67.557 -139.407   2848.1    631.0
     1     1    14     1    10    20     0     0    14.0   67.264 -138.224   2860.9    630.7
     1     1    14     1    10    21     0     0    15.0   66.995 -137.024   2879.6    628.9
     1     1    14     1    10    22     0     0    16.0   66.747 -135.790   2902.7    625.4
     1     1    14     1    10    23     0     0    17.0   66.517 -134.492   2928.8    620.6
     1     1    14     1    11     0     0     0    18.0   66.298 -133.100   2955.8    614.6
     1     1    14     1    11     1     0     0    19.0   66.084 -131.631   2978.1    608.0
     1     1    14     1    11     2     0     0    20.0   65.874 -130.123   2993.4    603.1
     1     1    14     1    11     3     0     0    21.0   65.674 -128.585   3004.5    602.6
     1     1    14     1    11     4     0     0    22.0   65.493 -127.025   3009.8    605.1
     1     1    14     1    11     5     0     0    23.0   65.334 -125.440   3013.6    612.1
     1     1    14     1    11     6     0     0    24.0   65.203 -123.823   3012.8    620.1
     1     1    14     1    11     7     0     0    25.0   65.093 -122.176   3009.7    628.3
     1     1    14     1    11     8     0     0    26.0   65.005 -120.509   3002.5    634.5
     1     1    14     1    11     9     0     0    27.0   64.941 -118.821   2987.4    636.9
     1     1    14     1    11    10     0     0    28.0   64.900 -117.101   2962.4    637.2
     1     1    14     1    11    11     0     0    29.0   64.879 -115.327   2921.0    636.1
     1     1    14     1    11    12     0     0    30.0   64.874 -113.495   2862.8    637.2
     1     1    14     1    11    13     0     0    31.0   64.874 -111.649   2797.5    641.3
     1     1    14     1    11    14     0     0    32.0   64.877 -109.836   2739.6    645.5
     1     1    14     1    11    15     0     0    33.0   64.887 -108.085   2696.7    650.8
     1     1    14     1    11    16     0     0    34.0   64.912 -106.416   2670.3    654.9
     1     1    14     1    11    17     0     0    35.0   64.958 -104.831   2660.7    657.8
     1     1    14     1    11    18     0     0    36.0   65.034 -103.341   2668.3    660.9
     1     1    14     1    11    19     0     0    37.0   65.143 -101.938   2685.1    662.7
     1     1    14     1    11    20     0     0    38.0   65.284 -100.599   2708.7    664.5
     1     1    14     1    11    21     0     0    39.0   65.456  -99.309   2737.5    664.9
     1     1    14     1    11    22     0     0    40.0   65.659  -98.056   2770.8    663.7
     1     1    14     1    11    23     0     0    41.0   65.895  -96.834   2806.4    660.4
     1     1    14     1    12     0     0     0    42.0   66.167  -95.641   2842.5    655.5
     1     1    14     1    12     1     0     0    43.0   66.483  -94.486   2877.2    650.0
     1     1    14     1    12     2     0     0    44.0   66.850  -93.372   2904.3    644.3
     1     1    14     1    12     3     0     0    45.0   67.272  -92.287   2925.5    638.8
     1     1    14     1    12     4     0     0    46.0   67.747  -91.250   2946.4    637.3
     1     1    14     1    12     5     0     0    47.0   68.264  -90.311   2968.3    639.4
     1     1    14     1    12     6     0     0    48.0   68.819  -89.495   2991.3    642.6
     1     1    14     1    12     7     0     0    49.0   69.398  -88.807   3015.6    646.4
     1     1    14     1    12     8     0     0    50.0   69.992  -88.241   3038.5    649.9
     1     1    14     1    12     9     0     0    51.0   70.595  -87.810   3052.4    646.0
     1     1    14     1    12    10     0     0    52.0   71.202  -87.519   3069.9    640.8
     1     1    14     1    12    11     0     0    53.0   71.814  -87.352   3091.5    634.9
     1     1    14     1    12    12     0     0    54.0   72.431  -87.292   3118.1    628.5
     1     1    14     1    12    13     0     0    55.0   73.046  -87.353   3148.3    623.5
     1     1    14     1    12    14     0     0    56.0   73.650  -87.561   3174.8    619.6
     1     1    14     1    12    15     0     0    57.0   74.248  -87.928   3199.7    616.0
     1     1    14     1    12    16     0     0    58.0   74.845  -88.460   3224.9    612.4
     1     1    14     1    12    17     0     0    59.0   75.443  -89.190   3248.7    609.1
     1     1    14     1    12    18     0     0    60.0   76.043  -90.164   3268.0    606.8
     1     1    14     1    12    19     0     0    61.0   76.643  -91.363   3280.4    606.4
     1     1    14     1    12    20     0     0    62.0   77.238  -92.761   3281.0    607.8
     1     1    14     1    12    21     0     0    63.0   77.819  -94.392   3270.8    609.9
     1     1    14     1    12    22     0     0    64.0   78.365  -96.299   3252.5    613.4
     1     1    14     1    12    23     0     0    65.0   78.860  -98.532   3229.2    619.5
     1     1    14     1    13     0     0     0    66.0   79.291 -101.144   3202.9    627.3
     1     1    14     1    13     1     0     0    67.0   79.651 -104.146   3178.9    636.0
     1     1    14     1    13     2     0     0    68.0   79.937 -107.519   3164.4    643.2
     1     1    14     1    13     3     0     0    69.0   80.136 -111.188   3155.3    646.5
     1     1    14     1    13     4     0     0    70.0   80.238 -114.997   3154.2    645.5
     1     1    14     1    13     5     0     0    71.0   80.238 -118.857   3159.5    641.0
     1     1    14     1    13     6     0     0    72.0   80.133 -122.676   3173.7    634.9
     1     1    14     1    13     7     0     0    73.0   79.928 -126.318   3191.8    629.2
     1     1    14     1    13     8     0     0    74.0   79.635 -129.565   3210.3    628.0
     1     1    14     1    13     9     0     0    75.0   79.278 -132.319   3226.9    628.4
     1     1    14     1    13    10     0     0    76.0   78.876 -134.594   3238.5    629.8
     1     1    14     1    13    11     0     0    77.0   78.441 -136.422   3249.2    631.3
     1     1    14     1    13    12     0     0    78.0   77.982 -137.856   3261.1    632.3
     1     1    14     1    13    13     0     0    79.0   77.514 -138.963   3276.5    632.0
     1     1    14     1    13    14     0     0    80.0   77.059 -139.787   3290.8    628.9
     1     1    14     1    13    15     0     0    81.0   76.632 -140.363   3305.9    625.6
     1     1    14     1    13    16     0     0    82.0   76.235 -140.722   3321.3    622.4
     1     1    14     1    13    17     0     0    83.0   75.867 -140.889   3336.4    619.4
     1     1    14     1    13    18     0     0    84.0   75.531 -140.885   3350.8    616.6
     1     1    14     1    13    19     0     0    85.0   75.217 -140.701   3358.6    613.9
     1     1    14     1    13    20     0     0    86.0   74.917 -140.326   3359.0    613.4
     1     1    14     1    13    21     0     0    87.0   74.634 -139.765   3353.9    615.8
     1     1    14     1    13    22     0     0    88.0   74.374 -139.030   3342.6    619.0
     1     1    14     1    13    23     0     0    89.0   74.139 -138.129   3326.4    622.5
     1     1    14     1    14     0     0     0    90.0   73.932 -137.064   3306.5    626.0
     1     1    14     1    14     1     0     0    91.0   73.752 -135.859   3286.7    629.4
     1     1    14     1    14     2     0     0    92.0   73.591 -134.538   3271.4    631.8
     1     1    14     1    14     3     0     0    93.0   73.445 -133.112   3258.0    633.5
     1     1    14     1    14     4     0     0    94.0   73.312 -131.591   3245.8    634.3
     1     1    14     1    14     5     0     0    95.0   73.189 -129.985   3235.1    634.5
     1     1    14     1    14     6     0     0    96.0   73.075 -128.305   3223.8    633.2
     1     1    14     1    14     7     0     0    97.0   72.976 -126.577   3213.5    630.8
     1     1    14     1    14     8     0     0    98.0   72.897 -124.827   3209.4    627.6
     1     1    14     1    14     9     0     0    99.0   72.843 -123.091   3211.3    624.7
     1     1    14     1    14    10     0     0   100.0   72.820 -121.399   3222.0    622.0
     1     1    14     1    14    11     0     0   101.0   72.837 -119.772   3240.0    619.7
     1     1    14     1    14    12     0     0   102.0   72.901 -118.227   3264.0    618.0
     1     1    14     1    14    13     0     0   103.0   73.008 -116.793   3286.1    616.5
     1     1    14     1    14    14     0     0   104.0   73.147 -115.483   3304.3    616.2
     1     1    14     1    14    15     0     0   105.0   73.317 -114.294   3317.3    616.6
     1     1    14     1    14    16     0     0   106.0   73.514 -113.218   3326.2    617.3
     1     1    14     1    14    17     0     0   107.0   73.736 -112.247   3331.2    618.1
     1     1    14     1    14    18     0     0   108.0   73.980 -111.372   3332.5    618.9
     1     1    14     1    14    19     0     0   109.0   74.247 -110.605   3329.3    619.6
     1     1    14     1    14    20     0     0   110.0   74.541 -109.958   3323.2    620.7
     1     1    14     1    14    21     0     0   111.0   74.859 -109.430   3313.9    621.9
     1     1    14     1    14    22     0     0   112.0   75.197 -109.018   3302.7    623.9
     1     1    14     1    14    23     0     0   113.0   75.554 -108.711   3290.7    626.6
     1     1    14     1    15     0     0     0   114.0   75.929 -108.488   3278.1    629.3
     1     1    14     1    15     1     0     0   115.0   76.317 -108.372   3264.6    631.7
     1     1    14     1    15     2     0     0   116.0   76.710 -108.396   3250.7    634.3
     1     1    14     1    15     3     0     0   117.0   77.108 -108.564   3235.3    636.8
     1     1    14     1    15     4     0     0   118.0   77.507 -108.877   3218.4    639.4
     1     1    14     1    15     5     0     0   119.0   77.904 -109.345   3198.7    641.2
     1     1    14     1    15     6     0     0   120.0   78.296 -109.969   3179.0    643.0
