     1     1
    CDC1    14     1     1     0     0
     1 FORWARD  OMEGA   
    14     1    20     0   75.000 -150.000  3000.0
     1 PRESSURE
     1     1    14     1    20     0     0     0     0.0   75.000 -150.000   3000.0    671.9
     1     1    14     1    20     1     0     0     1.0   75.047 -149.853   3009.7    671.3
     1     1    14     1    20     2     0     0     2.0   75.096 -149.682   3015.9    671.0
     1     1    14     1    20     3     0     0     3.0   75.147 -149.488   3018.5    671.1
     1     1    14     1    20     4     0     0     4.0   75.198 -149.272   3017.6    671.5
     1     1    14     1    20     5     0     0     5.0   75.248 -149.034   3013.2    672.2
     1     1    14     1    20     6     0     0     6.0   75.297 -148.775   3005.3    673.2
     1     1    14     1    20     7     0     0     7.0   75.347 -148.465   2994.8    674.1
     1     1    14     1    20     8     0     0     8.0   75.402 -148.076   2984.0    674.9
     1     1    14     1    20     9     0     0     9.0   75.461 -147.609   2972.0    675.9
     1     1    14     1    20    10     0     0    10.0   75.524 -147.069   2958.1    677.2
     1     1    14     1    20    11     0     0    11.0   75.593 -146.461   2941.5    678.9
     1     1    14     1    20    12     0     0    12.0   75.666 -145.788   2921.2    680.9
     1     1    14     1    20    13     0     0    13.0   75.741 -145.092   2898.5    683.5
     1     1    14     1    20    14     0     0    14.0   75.813 -144.418   2875.1    686.4
     1     1    14     1    20    15     0     0    15.0   75.884 -143.773   2851.6    689.4
     1     1    14     1    20    16     0     0    16.0   75.951 -143.156   2828.2    692.3
     1     1    14     1    20    17     0     0    17.0   76.013 -142.569   2805.2    695.2
     1     1    14     1    20    18     0     0    18.0   76.070 -142.012   2783.0    698.1
     1     1    14     1    20    19     0     0    19.0   76.132 -141.461   2763.1    701.2
     1     1    14     1    20    20     0     0    20.0   76.209 -140.886   2746.5    703.8
     1     1    14     1    20    21     0     0    21.0   76.306 -140.284   2734.4    706.0
     1     1    14     1    20    22     0     0    22.0   76.426 -139.648   2727.4    707.7
     1     1    14     1    20    23     0     0    23.0   76.572 -138.972   2725.9    708.9
     1     1    14     1    21     0     0     0    24.0   76.745 -138.245   2730.5    709.4
     1     1    14     1    21     1     0     0    25.0   76.924 -137.473   2739.1    709.0
     1     1    14     1    21     2     0     0    26.0   77.086 -136.671   2746.3    708.9
     1     1    14     1    21     3     0     0    27.0   77.228 -135.840   2753.9    708.3
     1     1    14     1    21     4     0     0    28.0   77.345 -134.986   2762.5    707.3
     1     1    14     1    21     5     0     0    29.0   77.435 -134.110   2772.2    705.7
     1     1    14     1    21     6     0     0    30.0   77.496 -133.215   2782.8    703.8
     1     1    14     1    21     7     0     0    31.0   77.540 -132.241   2791.3    701.7
     1     1    14     1    21     8     0     0    32.0   77.580 -131.124   2797.6    699.6
     1     1    14     1    21     9     0     0    33.0   77.621 -129.859   2802.1    697.5
     1     1    14     1    21    10     0     0    34.0   77.665 -128.440   2805.5    695.4
     1     1    14     1    21    11     0     0    35.0   77.717 -126.863   2809.3    693.4
     1     1    14     1    21    12     0     0    36.0   77.781 -125.122   2814.7    691.6
     1     1    14     1    21    13     0     0    37.0   77.833 -123.324   2821.9    689.6
     1     1    14     1    21    14     0     0    38.0   77.848 -121.592   2831.1    687.6
     1     1    14     1    21    15     0     0    39.0   77.826 -119.956   2841.8    685.8
     1     1    14     1    21    16     0     0    40.0   77.769 -118.442   2853.4    684.9
     1     1    14     1    21    17     0     0    41.0   77.680 -117.069   2864.6    684.0
     1     1    14     1    21    18     0     0    42.0   77.561 -115.850   2875.3    682.8
     1     1    14     1    21    19     0     0    43.0   77.423 -114.675   2887.6    681.9
     1     1    14     1    21    20     0     0    44.0   77.275 -113.426   2898.7    681.5
     1     1    14     1    21    21     0     0    45.0   77.120 -112.093   2909.3    681.1
     1     1    14     1    21    22     0     0    46.0   76.960 -110.667   2919.8    680.7
     1     1    14     1    21    23     0     0    47.0   76.800 -109.138   2930.2    679.9
     1     1    14     1    22     0     0     0    48.0   76.643 -107.495   2941.3    678.8
     1     1    14     1    22     1     0     0    49.0   76.483 -105.865   2949.9    676.9
     1     1    14     1    22     2     0     0    50.0   76.316 -104.379   2955.7    675.2
     1     1    14     1    22     3     0     0    51.0   76.143 -103.039   2958.2    673.5
     1     1    14     1    22     4     0     0    52.0   75.966 -101.842   2958.1    671.8
     1     1    14     1    22     5     0     0    53.0   75.789 -100.782   2956.4    670.4
     1     1    14     1    22     6     0     0    54.0   75.612  -99.850   2954.5    669.2
     1     1    14     1    22     7     0     0    55.0   75.427  -98.983   2951.2    668.2
     1     1    14     1    22     8     0     0    56.0   75.220  -98.121   2950.1    667.2
     1     1    14     1    22     9     0     0    57.0   74.989  -97.265   2948.3    666.4
     1     1    14     1    22    10     0     0    58.0   74.736  -96.415   2944.1    665.3
     1     1    14     1    22    11     0     0    59.0   74.462  -95.566   2939.0    664.4
     1     1    14     1    22    12     0     0    60.0   74.170  -94.701   2932.7    663.7
     1     1    14     1    22    13     0     0    61.0   73.881  -93.825   2922.8    663.8
     1     1    14     1    22    14     0     0    62.0   73.614  -92.972   2906.7    664.8
     1     1    14     1    22    15     0     0    63.0   73.369  -92.169   2881.3    666.7
     1     1    14     1    22    16     0     0    64.0   73.146  -91.438   2844.5    669.6
     1     1    14     1    22    17     0     0    65.0   72.946  -90.800   2795.7    673.8
     1     1    14     1    22    18     0     0    66.0   72.771  -90.274   2734.2    679.4
     1     1    14     1    22    19     0     0    67.0   72.604  -89.799   2667.2    686.4
     1     1    14     1    22    20     0     0    68.0   72.431  -89.307   2602.9    692.3
     1     1    14     1    22    21     0     0    69.0   72.253  -88.802   2542.8    698.1
     1     1    14     1    22    22     0     0    70.0   72.066  -88.293   2487.2    703.6
     1     1    14     1    22    23     0     0    71.0   71.869  -87.791   2435.6    708.9
     1     1    14     1    23     0     0     0    72.0   71.663  -87.303   2386.9    714.0
     1     1    14     1    23     1     0     0    73.0   71.471  -86.841   2342.9    718.3
     1     1    14     1    23     2     0     0    74.0   71.316  -86.413   2305.6    721.7
     1     1    14     1    23     3     0     0    75.0   71.197  -86.022   2273.6    724.5
     1     1    14     1    23     4     0     0    76.0   71.112  -85.665   2245.7    726.8
     1     1    14     1    23     5     0     0    77.0   71.059  -85.343   2221.5    728.6
     1     1    14     1    23     6     0     0    78.0   71.037  -85.052   2200.7    730.0
     1     1    14     1    23     7     0     0    79.0   71.029  -84.795   2180.1    730.6
     1     1    14     1    23     8     0     0    80.0   71.024  -84.574   2157.0    731.9
     1     1    14     1    23     9     0     0    81.0   71.018  -84.390   2131.6    733.6
     1     1    14     1    23    10     0     0    82.0   71.012  -84.244   2103.9    735.6
     1     1    14     1    23    11     0     0    83.0   71.004  -84.137   2073.8    738.0
     1     1    14     1    23    12     0     0    84.0   70.995  -84.070   2041.5    740.8
     1     1    14     1    23    13     0     0    85.0   70.991  -84.034   2010.5    743.8
     1     1    14     1    23    14     0     0    86.0   70.998  -84.016   1984.3    745.9
     1     1    14     1    23    15     0     0    87.0   71.015  -84.014   1962.7    747.5
     1     1    14     1    23    16     0     0    88.0   71.042  -84.026   1945.9    748.5
     1     1    14     1    23    17     0     0    89.0   71.078  -84.049   1934.0    749.0
     1     1    14     1    23    18     0     0    90.0   71.123  -84.083   1926.9    748.9
     1     1    14     1    23    19     0     0    91.0   71.168  -84.146   1921.8    748.9
     1     1    14     1    23    20     0     0    92.0   71.202  -84.261   1917.0    749.4
     1     1    14     1    23    21     0     0    93.0   71.224  -84.432   1912.0    750.2
     1     1    14     1    23    22     0     0    94.0   71.233  -84.658   1906.9    751.4
     1     1    14     1    23    23     0     0    95.0   71.229  -84.941   1901.7    753.0
     1     1    14     1    24     0     0     0    96.0   71.209  -85.279   1896.5    754.5
     1     1    14     1    24     1     0     0    97.0   71.173  -85.639   1889.1    756.0
     1     1    14     1    24     2     0     0    98.0   71.122  -85.993   1878.1    758.3
     1     1    14     1    24     3     0     0    99.0   71.055  -86.345   1863.2    761.1
     1     1    14     1    24     4     0     0   100.0   70.974  -86.699   1844.4    764.4
     1     1    14     1    24     5     0     0   101.0   70.876  -87.061   1822.1    768.3
     1     1    14     1    24     6     0     0   102.0   70.762  -87.438   1796.6    772.7
     1     1    14     1    24     7     0     0   103.0   70.625  -87.821   1769.7    777.6
     1     1    14     1    24     8     0     0   104.0   70.463  -88.203   1743.0    782.1
     1     1    14     1    24     9     0     0   105.0   70.273  -88.588   1716.1    786.7
     1     1    14     1    24    10     0     0   106.0   70.054  -88.980   1688.2    791.1
     1     1    14     1    24    11     0     0   107.0   69.806  -89.383   1657.6    792.8
     1     1    14     1    24    12     0     0   108.0   69.528  -89.799   1625.7    793.2
     1     1    14     1    24    13     0     0   109.0   69.226  -90.216   1597.0    793.2
     1     1    14     1    24    14     0     0   110.0   68.907  -90.620   1576.7    791.9
     1     1    14     1    24    15     0     0   111.0   68.567  -91.010   1564.3    789.8
     1     1    14     1    24    16     0     0   112.0   68.206  -91.387   1559.6    787.0
     1     1    14     1    24    17     0     0   113.0   67.818  -91.754   1562.9    783.5
     1     1    14     1    24    18     0     0   114.0   67.401  -92.114   1575.6    780.3
     1     1    14     1    24    19     0     0   115.0   66.954  -92.470   1593.4    780.0
     1     1    14     1    24    20     0     0   116.0   66.479  -92.819   1608.0    781.3
     1     1    14     1    24    21     0     0   117.0   65.975  -93.154   1617.9    783.2
     1     1    14     1    24    22     0     0   118.0   65.441  -93.469   1622.6    785.8
     1     1    14     1    24    23     0     0   119.0   64.873  -93.758   1621.7    789.3
     1     1    14     1    25     0     0     0   120.0   64.268  -94.015   1615.9    793.3
