     1     1
    CDC1    14     1     1     0     0
     1 FORWARD  OMEGA   
    14     1     9     6   75.000 -150.000  3000.0
     1 PRESSURE
     1     1    14     1     9     6     0     0     0.0   75.000 -150.000   3000.0    666.4
     1     1    14     1     9     7     0     0     1.0   74.593 -149.712   3012.5    666.5
     1     1    14     1     9     8     0     0     2.0   74.185 -149.437   3014.2    668.2
     1     1    14     1     9     9     0     0     3.0   73.779 -149.184   3003.7    671.1
     1     1    14     1     9    10     0     0     4.0   73.378 -148.965   2979.9    675.3
     1     1    14     1     9    11     0     0     5.0   72.983 -148.793   2941.6    681.1
     1     1    14     1     9    12     0     0     6.0   72.597 -148.681   2887.8    688.5
     1     1    14     1     9    13     0     0     7.0   72.228 -148.590   2822.4    691.5
     1     1    14     1     9    14     0     0     8.0   71.883 -148.464   2766.0    690.7
     1     1    14     1     9    15     0     0     9.0   71.561 -148.297   2722.7    688.8
     1     1    14     1     9    16     0     0    10.0   71.261 -148.092   2693.6    686.1
     1     1    14     1     9    17     0     0    11.0   70.981 -147.849   2679.6    682.5
     1     1    14     1     9    18     0     0    12.0   70.721 -147.569   2681.9    677.7
     1     1    14     1     9    19     0     0    13.0   70.469 -147.234   2686.0    671.2
     1     1    14     1     9    20     0     0    14.0   70.212 -146.825   2678.4    667.1
     1     1    14     1     9    21     0     0    15.0   69.950 -146.337   2657.5    664.7
     1     1    14     1     9    22     0     0    16.0   69.677 -145.765   2624.4    664.5
     1     1    14     1     9    23     0     0    17.0   69.391 -145.112   2578.6    665.5
     1     1    14     1    10     0     0     0    18.0   69.096 -144.388   2521.7    668.0
     1     1    14     1    10     1     0     0    19.0   68.799 -143.650   2464.5    671.8
     1     1    14     1    10     2     0     0    20.0   68.502 -142.951   2416.5    673.8
     1     1    14     1    10     3     0     0    21.0   68.208 -142.280   2375.1    675.7
     1     1    14     1    10     4     0     0    22.0   67.918 -141.630   2338.9    677.8
     1     1    14     1    10     5     0     0    23.0   67.635 -140.989   2305.3    679.6
     1     1    14     1    10     6     0     0    24.0   67.357 -140.347   2273.4    681.8
     1     1    14     1    10     7     0     0    25.0   67.089 -139.671   2243.2    684.3
     1     1    14     1    10     8     0     0    26.0   66.838 -138.931   2214.7    686.6
     1     1    14     1    10     9     0     0    27.0   66.604 -138.122   2188.7    688.2
     1     1    14     1    10    10     0     0    28.0   66.385 -137.241   2165.4    689.1
     1     1    14     1    10    11     0     0    29.0   66.180 -136.284   2145.0    688.6
     1     1    14     1    10    12     0     0    30.0   65.987 -135.245   2128.0    686.8
     1     1    14     1    10    13     0     0    31.0   65.806 -134.142   2115.4    683.9
     1     1    14     1    10    14     0     0    32.0   65.634 -132.994   2109.4    679.4
     1     1    14     1    10    15     0     0    33.0   65.465 -131.790   2108.7    675.3
     1     1    14     1    10    16     0     0    34.0   65.292 -130.529   2109.8    671.8
     1     1    14     1    10    17     0     0    35.0   65.110 -129.221   2110.3    671.0
     1     1    14     1    10    18     0     0    36.0   64.918 -127.888   2105.2    673.9
     1     1    14     1    10    19     0     0    37.0   64.729 -126.575   2097.2    682.1
     1     1    14     1    10    20     0     0    38.0   64.553 -125.303   2088.5    691.9
     1     1    14     1    10    21     0     0    39.0   64.389 -124.076   2080.0    702.3
     1     1    14     1    10    22     0     0    40.0   64.232 -122.895   2072.9    713.0
     1     1    14     1    10    23     0     0    41.0   64.078 -121.755   2065.3    721.0
     1     1    14     1    11     0     0     0    42.0   63.925 -120.649   2059.7    727.5
     1     1    14     1    11     1     0     0    43.0   63.783 -119.562   2058.9    731.6
     1     1    14     1    11     2     0     0    44.0   63.668 -118.468   2063.9    731.6
     1     1    14     1    11     3     0     0    45.0   63.576 -117.339   2076.6    730.5
     1     1    14     1    11     4     0     0    46.0   63.506 -116.156   2093.1    726.1
     1     1    14     1    11     5     0     0    47.0   63.454 -114.899   2113.4    721.3
     1     1    14     1    11     6     0     0    48.0   63.419 -113.566   2133.9    716.4
     1     1    14     1    11     7     0     0    49.0   63.404 -112.217   2147.6    712.0
     1     1    14     1    11     8     0     0    50.0   63.409 -110.913   2148.9    710.2
     1     1    14     1    11     9     0     0    51.0   63.430 -109.652   2135.0    710.0
     1     1    14     1    11    10     0     0    52.0   63.460 -108.428   2106.2    711.7
     1     1    14     1    11    11     0     0    53.0   63.491 -107.239   2064.6    714.8
     1     1    14     1    11    12     0     0    54.0   63.518 -106.087   2015.2    719.3
     1     1    14     1    11    13     0     0    55.0   63.544 -104.976   1969.3    724.1
     1     1    14     1    11    14     0     0    56.0   63.580 -103.908   1935.8    728.7
     1     1    14     1    11    15     0     0    57.0   63.630 -102.881   1914.3    731.9
     1     1    14     1    11    16     0     0    58.0   63.694 -101.893   1904.7    735.4
     1     1    14     1    11    17     0     0    59.0   63.776 -100.948   1906.1    738.7
     1     1    14     1    11    18     0     0    60.0   63.879 -100.046   1917.2    740.9
     1     1    14     1    11    19     0     0    61.0   64.001  -99.172   1934.9    742.3
     1     1    14     1    11    20     0     0    62.0   64.139  -98.307   1957.1    743.2
     1     1    14     1    11    21     0     0    63.0   64.289  -97.440   1982.9    743.5
     1     1    14     1    11    22     0     0    64.0   64.452  -96.565   2010.5    742.0
     1     1    14     1    11    23     0     0    65.0   64.628  -95.679   2040.1    739.9
     1     1    14     1    12     0     0     0    66.0   64.818  -94.784   2070.8    736.7
     1     1    14     1    12     1     0     0    67.0   65.034  -93.899   2100.8    732.5
     1     1    14     1    12     2     0     0    68.0   65.286  -93.052   2128.9    727.7
     1     1    14     1    12     3     0     0    69.0   65.576  -92.246   2154.8    722.8
     1     1    14     1    12     4     0     0    70.0   65.906  -91.471   2178.5    718.3
     1     1    14     1    12     5     0     0    71.0   66.280  -90.718   2200.4    713.8
     1     1    14     1    12     6     0     0    72.0   66.706  -89.980   2222.1    709.0
     1     1    14     1    12     7     0     0    73.0   67.171  -89.259   2245.3    705.6
     1     1    14     1    12     8     0     0    74.0   67.656  -88.577   2268.6    704.5
     1     1    14     1    12     9     0     0    75.0   68.155  -87.968   2294.4    707.5
     1     1    14     1    12    10     0     0    76.0   68.663  -87.450   2319.1    710.3
     1     1    14     1    12    11     0     0    77.0   69.180  -87.011   2343.0    712.9
     1     1    14     1    12    12     0     0    78.0   69.707  -86.643   2366.0    714.9
     1     1    14     1    12    13     0     0    79.0   70.238  -86.319   2383.6    713.4
     1     1    14     1    12    14     0     0    80.0   70.767  -86.025   2394.3    708.2
     1     1    14     1    12    15     0     0    81.0   71.295  -85.772   2404.9    702.6
     1     1    14     1    12    16     0     0    82.0   71.828  -85.559   2416.5    696.6
     1     1    14     1    12    17     0     0    83.0   72.373  -85.389   2430.3    690.1
     1     1    14     1    12    18     0     0    84.0   72.932  -85.291   2449.0    685.8
     1     1    14     1    12    19     0     0    85.0   73.500  -85.270   2471.2    682.8
     1     1    14     1    12    20     0     0    86.0   74.074  -85.292   2491.5    680.0
     1     1    14     1    12    21     0     0    87.0   74.657  -85.354   2510.8    677.2
     1     1    14     1    12    22     0     0    88.0   75.253  -85.475   2525.9    674.1
     1     1    14     1    12    23     0     0    89.0   75.858  -85.718   2531.3    671.1
     1     1    14     1    13     0     0     0    90.0   76.472  -86.146   2525.4    669.3
     1     1    14     1    13     1     0     0    91.0   77.089  -86.794   2511.5    668.8
     1     1    14     1    13     2     0     0    92.0   77.705  -87.672   2492.8    668.1
     1     1    14     1    13     3     0     0    93.0   78.313  -88.783   2470.2    667.0
     1     1    14     1    13     4     0     0    94.0   78.909  -90.153   2447.7    666.9
     1     1    14     1    13     5     0     0    95.0   79.498  -91.836   2428.5    668.7
     1     1    14     1    13     6     0     0    96.0   80.079  -93.884   2417.3    673.4
     1     1    14     1    13     7     0     0    97.0   80.624  -96.189   2416.1    685.8
     1     1    14     1    13     8     0     0    98.0   81.107  -98.630   2413.9    697.8
     1     1    14     1    13     9     0     0    99.0   81.526 -101.281   2411.2    709.0
     1     1    14     1    13    10     0     0   100.0   81.878 -104.194   2409.4    718.4
     1     1    14     1    13    11     0     0   101.0   82.159 -107.387   2408.7    726.1
     1     1    14     1    13    12     0     0   102.0   82.365 -110.833   2407.8    731.1
     1     1    14     1    13    13     0     0   103.0   82.510 -114.459   2400.1    732.3
     1     1    14     1    13    14     0     0   104.0   82.612 -118.130   2384.3    731.6
     1     1    14     1    13    15     0     0   105.0   82.683 -121.740   2359.7    729.7
     1     1    14     1    13    16     0     0   106.0   82.729 -125.252   2328.8    727.5
     1     1    14     1    13    17     0     0   107.0   82.758 -128.619   2293.5    727.0
     1     1    14     1    13    18     0     0   108.0   82.782 -131.807   2254.0    727.0
     1     1    14     1    13    19     0     0   109.0   82.803 -134.782   2216.9    728.2
     1     1    14     1    13    20     0     0   110.0   82.823 -137.554   2183.7    730.1
     1     1    14     1    13    21     0     0   111.0   82.851 -140.169   2157.2    732.9
     1     1    14     1    13    22     0     0   112.0   82.890 -142.696   2135.3    735.3
     1     1    14     1    13    23     0     0   113.0   82.943 -145.207   2117.1    737.5
     1     1    14     1    14     0     0     0   114.0   83.013 -147.772   2103.3    740.5
     1     1    14     1    14     1     0     0   115.0   83.088 -150.443   2090.6    742.8
     1     1    14     1    14     2     0     0   116.0   83.158 -153.280   2077.5    745.9
     1     1    14     1    14     3     0     0   117.0   83.218 -156.319   2063.2    749.4
     1     1    14     1    14     4     0     0   118.0   83.260 -159.571   2047.8    752.9
     1     1    14     1    14     5     0     0   119.0   83.277 -163.009   2029.8    756.0
     1     1    14     1    14     6     0     0   120.0   83.262 -166.613   2009.9    759.5
