     1     1
    CDC1    14     1     1     0     0
     1 FORWARD  OMEGA   
    14     1    27    12   75.000 -150.000  3000.0
     1 PRESSURE
     1     1    14     1    27    12     0     0     0.0   75.000 -150.000   3000.0    692.5
     1     1    14     1    27    13     0     0     1.0   74.887 -148.843   2979.6    693.3
     1     1    14     1    27    14     0     0     2.0   74.768 -147.746   2953.9    695.1
     1     1    14     1    27    15     0     0     3.0   74.645 -146.719   2924.8    697.9
     1     1    14     1    27    16     0     0     4.0   74.519 -145.770   2892.8    701.2
     1     1    14     1    27    17     0     0     5.0   74.390 -144.905   2858.1    704.8
     1     1    14     1    27    18     0     0     6.0   74.259 -144.133   2821.2    708.9
     1     1    14     1    27    19     0     0     7.0   74.128 -143.408   2785.4    713.3
     1     1    14     1    27    20     0     0     8.0   73.998 -142.678   2754.2    717.1
     1     1    14     1    27    21     0     0     9.0   73.870 -141.939   2727.3    720.8
     1     1    14     1    27    22     0     0    10.0   73.744 -141.190   2704.0    724.3
     1     1    14     1    27    23     0     0    11.0   73.622 -140.429   2684.1    727.4
     1     1    14     1    28     0     0     0    12.0   73.501 -139.652   2667.0    730.3
     1     1    14     1    28     1     0     0    13.0   73.376 -138.908   2651.0    732.6
     1     1    14     1    28     2     0     0    14.0   73.244 -138.250   2633.8    735.1
     1     1    14     1    28     3     0     0    15.0   73.109 -137.666   2618.3    737.4
     1     1    14     1    28     4     0     0    16.0   72.971 -137.151   2606.5    739.3
     1     1    14     1    28     5     0     0    17.0   72.830 -136.695   2599.7    740.7
     1     1    14     1    28     6     0     0    18.0   72.689 -136.287   2599.2    741.5
     1     1    14     1    28     7     0     0    19.0   72.542 -135.940   2599.5    741.6
     1     1    14     1    28     8     0     0    20.0   72.388 -135.676   2592.1    741.7
     1     1    14     1    28     9     0     0    21.0   72.230 -135.491   2578.4    741.9
     1     1    14     1    28    10     0     0    22.0   72.071 -135.381   2559.1    742.6
     1     1    14     1    28    11     0     0    23.0   71.914 -135.346   2534.1    743.7
     1     1    14     1    28    12     0     0    24.0   71.761 -135.385   2503.2    745.4
     1     1    14     1    28    13     0     0    25.0   71.615 -135.493   2465.9    747.6
     1     1    14     1    28    14     0     0    26.0   71.476 -135.669   2423.9    750.3
     1     1    14     1    28    15     0     0    27.0   71.346 -135.917   2377.4    753.4
     1     1    14     1    28    16     0     0    28.0   71.226 -136.243   2327.1    756.8
     1     1    14     1    28    17     0     0    29.0   71.117 -136.652   2274.3    760.4
     1     1    14     1    28    18     0     0    30.0   71.022 -137.147   2220.2    764.1
     1     1    14     1    28    19     0     0    31.0   70.945 -137.709   2164.5    767.9
     1     1    14     1    28    20     0     0    32.0   70.894 -138.318   2107.9    771.5
     1     1    14     1    28    21     0     0    33.0   70.868 -138.973   2050.3    775.4
     1     1    14     1    28    22     0     0    34.0   70.867 -139.678   1991.8    779.6
     1     1    14     1    28    23     0     0    35.0   70.892 -140.432   1933.1    784.1
     1     1    14     1    29     0     0     0    36.0   70.941 -141.232   1875.7    788.9
     1     1    14     1    29     1     0     0    37.0   71.015 -142.044   1826.8    793.7
     1     1    14     1    29     2     0     0    38.0   71.110 -142.830   1791.6    797.3
     1     1    14     1    29     3     0     0    39.0   71.222 -143.585   1769.3    800.4
     1     1    14     1    29     4     0     0    40.0   71.348 -144.307   1758.1    802.8
     1     1    14     1    29     5     0     0    41.0   71.485 -144.996   1756.2    804.6
     1     1    14     1    29     6     0     0    42.0   71.628 -145.653   1762.2    806.4
     1     1    14     1    29     7     0     0    43.0   71.774 -146.302   1769.5    807.9
     1     1    14     1    29     8     0     0    44.0   71.924 -146.968   1773.5    810.5
     1     1    14     1    29     9     0     0    45.0   72.079 -147.652   1774.0    813.8
     1     1    14     1    29    10     0     0    46.0   72.237 -148.350   1771.7    817.8
     1     1    14     1    29    11     0     0    47.0   72.397 -149.061   1766.5    822.4
     1     1    14     1    29    12     0     0    48.0   72.559 -149.771   1757.7    826.0
     1     1    14     1    29    13     0     0    49.0   72.712 -150.411   1748.7    826.8
     1     1    14     1    29    14     0     0    50.0   72.848 -150.940   1747.6    826.2
     1     1    14     1    29    15     0     0    51.0   72.967 -151.381   1753.0    825.0
     1     1    14     1    29    16     0     0    52.0   73.069 -151.750   1764.6    823.2
     1     1    14     1    29    17     0     0    53.0   73.155 -152.063   1782.2    820.9
     1     1    14     1    29    18     0     0    54.0   73.226 -152.330   1805.6    818.0
     1     1    14     1    29    19     0     0    55.0   73.284 -152.559   1830.2    814.5
     1     1    14     1    29    20     0     0    56.0   73.330 -152.755   1852.5    811.6
     1     1    14     1    29    21     0     0    57.0   73.366 -152.923   1872.3    809.1
     1     1    14     1    29    22     0     0    58.0   73.393 -153.068   1889.3    806.9
     1     1    14     1    29    23     0     0    59.0   73.413 -153.194   1903.6    805.0
     1     1    14     1    30     0     0     0    60.0   73.426 -153.302   1915.0    803.4
     1     1    14     1    30     1     0     0    61.0   73.435 -153.369   1925.2    802.3
     1     1    14     1    30     2     0     0    62.0   73.445 -153.368   1937.9    800.7
     1     1    14     1    30     3     0     0    63.0   73.454 -153.297   1952.2    799.0
     1     1    14     1    30     4     0     0    64.0   73.463 -153.156   1968.1    797.1
     1     1    14     1    30     5     0     0    65.0   73.471 -152.944   1985.5    795.0
     1     1    14     1    30     6     0     0    66.0   73.477 -152.661   2004.6    792.8
     1     1    14     1    30     7     0     0    67.0   73.480 -152.324   2024.3    790.7
     1     1    14     1    30     8     0     0    68.0   73.480 -151.951   2043.9    788.6
     1     1    14     1    30     9     0     0    69.0   73.475 -151.544   2063.6    786.4
     1     1    14     1    30    10     0     0    70.0   73.462 -151.106   2083.5    784.3
     1     1    14     1    30    11     0     0    71.0   73.441 -150.639   2103.8    782.2
     1     1    14     1    30    12     0     0    72.0   73.407 -150.145   2124.7    780.1
     1     1    14     1    30    13     0     0    73.0   73.365 -149.611   2144.3    777.8
     1     1    14     1    30    14     0     0    74.0   73.317 -149.027   2160.3    776.0
     1     1    14     1    30    15     0     0    75.0   73.262 -148.397   2173.6    774.4
     1     1    14     1    30    16     0     0    76.0   73.198 -147.725   2184.8    773.1
     1     1    14     1    30    17     0     0    77.0   73.124 -147.017   2194.6    772.0
     1     1    14     1    30    18     0     0    78.0   73.040 -146.282   2203.7    771.1
     1     1    14     1    30    19     0     0    79.0   72.944 -145.534   2214.1    770.3
     1     1    14     1    30    20     0     0    80.0   72.833 -144.784   2226.6    769.2
     1     1    14     1    30    21     0     0    81.0   72.707 -144.033   2240.1    768.4
     1     1    14     1    30    22     0     0    82.0   72.566 -143.281   2252.9    767.8
     1     1    14     1    30    23     0     0    83.0   72.407 -142.533   2262.3    765.7
     1     1    14     1    31     0     0     0    84.0   72.231 -141.801   2268.6    763.0
     1     1    14     1    31     1     0     0    85.0   72.036 -141.103   2274.4    760.5
     1     1    14     1    31     2     0     0    86.0   71.824 -140.448   2281.4    757.8
     1     1    14     1    31     3     0     0    87.0   71.598 -139.832   2290.3    755.1
     1     1    14     1    31     4     0     0    88.0   71.362 -139.251   2301.5    752.3
     1     1    14     1    31     5     0     0    89.0   71.116 -138.701   2315.2    749.5
     1     1    14     1    31     6     0     0    90.0   70.864 -138.178   2331.8    746.4
     1     1    14     1    31     7     0     0    91.0   70.600 -137.668   2349.3    743.3
     1     1    14     1    31     8     0     0    92.0   70.314 -137.158   2363.8    740.6
     1     1    14     1    31     9     0     0    93.0   70.004 -136.648   2376.4    738.0
     1     1    14     1    31    10     0     0    94.0   69.675 -136.156   2386.3    734.8
     1     1    14     1    31    11     0     0    95.0   69.329 -135.699   2395.4    731.6
     1     1    14     1    31    12     0     0    96.0   68.968 -135.272   2404.7    728.3
     1     1    14     1    31    13     0     0    97.0   68.597 -134.870   2414.7    724.5
     1     1    14     1    31    14     0     0    98.0   68.224 -134.487   2425.9    720.2
     1     1    14     1    31    15     0     0    99.0   67.849 -134.113   2435.6    716.0
     1     1    14     1    31    16     0     0   100.0   67.471 -133.741   2441.3    712.1
     1     1    14     1    31    17     0     0   101.0   67.098 -133.368   2436.8    705.1
     1     1    14     1    31    18     0     0   102.0   66.735 -132.992   2424.9    698.7
