     1     1
    CDC1    14     1     1     0     0
     1 FORWARD  OMEGA   
    14     1     6     0   75.000 -150.000  3000.0
     1 PRESSURE
     1     1    14     1     6     0     0     0     0.0   75.000 -150.000   3000.0    688.1
     1     1    14     1     6     1     0     0     1.0   75.126 -150.803   2969.1    691.9
     1     1    14     1     6     2     0     0     2.0   75.231 -151.576   2938.7    695.4
     1     1    14     1     6     3     0     0     3.0   75.316 -152.320   2907.6    699.0
     1     1    14     1     6     4     0     0     4.0   75.379 -153.037   2874.2    702.7
     1     1    14     1     6     5     0     0     5.0   75.421 -153.732   2837.8    706.6
     1     1    14     1     6     6     0     0     6.0   75.442 -154.416   2797.6    710.9
     1     1    14     1     6     7     0     0     7.0   75.446 -155.121   2757.2    715.8
     1     1    14     1     6     8     0     0     8.0   75.438 -155.871   2717.5    719.8
     1     1    14     1     6     9     0     0     9.0   75.417 -156.673   2679.8    723.8
     1     1    14     1     6    10     0     0    10.0   75.384 -157.535   2644.2    727.5
     1     1    14     1     6    11     0     0    11.0   75.340 -158.462   2611.1    731.1
     1     1    14     1     6    12     0     0    12.0   75.287 -159.461   2580.6    734.4
     1     1    14     1     6    13     0     0    13.0   75.218 -160.516   2547.2    737.1
     1     1    14     1     6    14     0     0    14.0   75.125 -161.632   2504.4    741.0
     1     1    14     1     6    15     0     0    15.0   75.012 -162.828   2452.9    745.7
     1     1    14     1     6    16     0     0    16.0   74.883 -164.091   2393.1    750.9
     1     1    14     1     6    17     0     0    17.0   74.746 -165.396   2326.2    756.9
     1     1    14     1     6    18     0     0    18.0   74.605 -166.745   2253.5    764.1
     1     1    14     1     6    19     0     0    19.0   74.464 -168.118   2179.6    771.5
     1     1    14     1     6    20     0     0    20.0   74.322 -169.497   2109.0    778.0
     1     1    14     1     6    21     0     0    21.0   74.187 -170.893   2042.4    784.9
     1     1    14     1     6    22     0     0    22.0   74.068 -172.319   1980.3    791.8
     1     1    14     1     6    23     0     0    23.0   73.975 -173.777   1923.8    798.5
     1     1    14     1     7     0     0     0    24.0   73.917 -175.263   1873.9    804.9
     1     1    14     1     7     1     0     0    25.0   73.896 -176.750   1828.6    810.1
     1     1    14     1     7     2     0     0    26.0   73.909 -178.207   1787.3    815.0
     1     1    14     1     7     3     0     0    27.0   73.960 -179.613   1751.3    819.1
     1     1    14     1     7     4     0     0    28.0   74.049  179.055   1720.9    822.3
     1     1    14     1     7     5     0     0    29.0   74.175  177.821   1696.3    824.6
     1     1    14     1     7     6     0     0    30.0   74.333  176.704   1677.0    825.9
     1     1    14     1     7     7     0     0    31.0   74.518  175.718   1664.4    826.7
     1     1    14     1     7     8     0     0    32.0   74.724  174.871   1659.6    826.5
     1     1    14     1     7     9     0     0    33.0   74.944  174.159   1662.4    825.7
     1     1    14     1     7    10     0     0    34.0   75.168  173.585   1672.4    824.6
     1     1    14     1     7    11     0     0    35.0   75.384  173.143   1688.0    823.0
     1     1    14     1     7    12     0     0    36.0   75.587  172.817   1708.1    821.1
     1     1    14     1     7    13     0     0    37.0   75.766  172.614   1729.8    818.7
     1     1    14     1     7    14     0     0    38.0   75.911  172.539   1750.3    816.6
     1     1    14     1     7    15     0     0    39.0   76.024  172.581   1768.6    814.7
     1     1    14     1     7    16     0     0    40.0   76.104  172.728   1784.1    813.2
     1     1    14     1     7    17     0     0    41.0   76.152  172.964   1796.1    812.0
     1     1    14     1     7    18     0     0    42.0   76.167  173.276   1804.2    811.3
     1     1    14     1     7    19     0     0    43.0   76.151  173.620   1808.5    811.1
     1     1    14     1     7    20     0     0    44.0   76.108  173.955   1809.7    811.1
     1     1    14     1     7    21     0     0    45.0   76.039  174.266   1807.6    811.4
     1     1    14     1     7    22     0     0    46.0   75.946  174.540   1802.1    812.0
     1     1    14     1     7    23     0     0    47.0   75.829  174.767   1793.1    812.9
     1     1    14     1     8     0     0     0    48.0   75.692  174.939   1780.9    814.2
     1     1    14     1     8     1     0     0    49.0   75.543  175.074   1768.0    815.5
     1     1    14     1     8     2     0     0    50.0   75.386  175.194   1757.0    816.4
     1     1    14     1     8     3     0     0    51.0   75.221  175.297   1747.8    817.0
     1     1    14     1     8     4     0     0    52.0   75.045  175.381   1740.4    817.3
     1     1    14     1     8     5     0     0    53.0   74.858  175.428   1734.6    817.9
     1     1    14     1     8     6     0     0    54.0   74.662  175.413   1729.7    818.5
     1     1    14     1     8     7     0     0    55.0   74.459  175.290   1723.1    819.4
     1     1    14     1     8     8     0     0    56.0   74.256  175.019   1710.7    821.0
     1     1    14     1     8     9     0     0    57.0   74.059  174.614   1694.1    823.0
     1     1    14     1     8    10     0     0    58.0   73.874  174.089   1674.3    825.2
     1     1    14     1     8    11     0     0    59.0   73.707  173.463   1652.4    827.6
     1     1    14     1     8    12     0     0    60.0   73.560  172.754   1629.0    830.2
     1     1    14     1     8    13     0     0    61.0   73.445  171.984   1605.1    833.2
     1     1    14     1     8    14     0     0    62.0   73.369  171.178   1580.1    836.2
     1     1    14     1     8    15     0     0    63.0   73.335  170.350   1553.7    839.3
     1     1    14     1     8    16     0     0    64.0   73.342  169.517   1525.7    842.5
     1     1    14     1     8    17     0     0    65.0   73.391  168.694   1496.0    845.9
     1     1    14     1     8    18     0     0    66.0   73.483  167.897   1464.4    849.5
     1     1    14     1     8    19     0     0    67.0   73.608  167.152   1436.9    853.0
     1     1    14     1     8    20     0     0    68.0   73.748  166.478   1419.2    854.6
     1     1    14     1     8    21     0     0    69.0   73.897  165.878   1410.8    855.3
     1     1    14     1     8    22     0     0    70.0   74.049  165.357   1411.1    855.1
     1     1    14     1     8    23     0     0    71.0   74.198  164.916   1419.5    854.2
     1     1    14     1     9     0     0     0    72.0   74.340  164.554   1435.5    852.5
     1     1    14     1     9     1     0     0    73.0   74.478  164.239   1454.1    849.3
     1     1    14     1     9     2     0     0    74.0   74.622  163.942   1472.1    846.8
     1     1    14     1     9     3     0     0    75.0   74.773  163.663   1489.3    844.3
     1     1    14     1     9     4     0     0    76.0   74.930  163.403   1506.2    841.9
     1     1    14     1     9     5     0     0    77.0   75.096  163.166   1523.1    839.7
     1     1    14     1     9     6     0     0    78.0   75.267  162.958   1539.5    837.9
     1     1    14     1     9     7     0     0    79.0   75.447  162.837   1556.0    836.4
     1     1    14     1     9     8     0     0    80.0   75.635  162.863   1572.8    834.7
     1     1    14     1     9     9     0     0    81.0   75.826  163.040   1590.3    832.8
     1     1    14     1     9    10     0     0    82.0   76.013  163.368   1608.7    830.7
     1     1    14     1     9    11     0     0    83.0   76.191  163.845   1628.7    828.3
     1     1    14     1     9    12     0     0    84.0   76.354  164.469   1651.0    825.5
     1     1    14     1     9    13     0     0    85.0   76.494  165.224   1674.1    822.0
     1     1    14     1     9    14     0     0    86.0   76.606  166.089   1696.3    819.0
     1     1    14     1     9    15     0     0    87.0   76.689  167.058   1716.5    816.3
     1     1    14     1     9    16     0     0    88.0   76.744  168.126   1733.9    813.9
     1     1    14     1     9    17     0     0    89.0   76.771  169.286   1747.4    811.8
     1     1    14     1     9    18     0     0    90.0   76.769  170.530   1756.5    810.6
     1     1    14     1     9    19     0     0    91.0   76.736  171.848   1763.3    810.8
     1     1    14     1     9    20     0     0    92.0   76.669  173.223   1770.3    810.7
     1     1    14     1     9    21     0     0    93.0   76.564  174.632   1777.8    810.6
     1     1    14     1     9    22     0     0    94.0   76.422  176.042   1786.2    810.4
     1     1    14     1     9    23     0     0    95.0   76.243  177.420   1795.9    810.0
     1     1    14     1    10     0     0     0    96.0   76.029  178.727   1807.2    809.1
     1     1    14     1    10     1     0     0    97.0   75.786  179.945   1820.2    807.7
     1     1    14     1    10     2     0     0    98.0   75.522 -178.929   1833.5    805.9
     1     1    14     1    10     3     0     0    99.0   75.242 -177.910   1846.0    804.2
     1     1    14     1    10     4     0     0   100.0   74.949 -177.004   1856.5    802.4
     1     1    14     1    10     5     0     0   101.0   74.647 -176.219   1864.2    800.5
     1     1    14     1    10     6     0     0   102.0   74.340 -175.561   1868.7    799.0
     1     1    14     1    10     7     0     0   103.0   74.025 -175.032   1872.0    798.1
     1     1    14     1    10     8     0     0   104.0   73.697 -174.640   1876.0    797.0
     1     1    14     1    10     9     0     0   105.0   73.359 -174.397   1880.1    796.1
     1     1    14     1    10    10     0     0   106.0   73.013 -174.309   1883.8    795.5
     1     1    14     1    10    11     0     0   107.0   72.660 -174.383   1886.3    795.4
     1     1    14     1    10    12     0     0   108.0   72.303 -174.597   1887.3    796.0
     1     1    14     1    10    13     0     0   109.0   71.946 -174.891   1885.8    796.6
     1     1    14     1    10    14     0     0   110.0   71.593 -175.230   1881.1    797.4
     1     1    14     1    10    15     0     0   111.0   71.246 -175.621   1872.2    798.3
     1     1    14     1    10    16     0     0   112.0   70.906 -176.076   1858.5    799.4
     1     1    14     1    10    17     0     0   113.0   70.573 -176.605   1839.3    800.6
     1     1    14     1    10    18     0     0   114.0   70.250 -177.220   1814.1    801.9
     1     1    14     1    10    19     0     0   115.0   69.932 -177.928   1783.8    802.2
     1     1    14     1    10    20     0     0   116.0   69.620 -178.706   1752.1    799.6
     1     1    14     1    10    21     0     0   117.0   69.317 -179.525   1722.5    796.5
     1     1    14     1    10    22     0     0   118.0   69.027  179.605   1695.0    793.3
     1     1    14     1    10    23     0     0   119.0   68.754  178.678   1670.3    790.5
     1     1    14     1    11     0     0     0   120.0   68.502  177.685   1648.4    787.5
