     1     1
    CDC1    14     1     1     0     0
     1 FORWARD  OMEGA   
    14     1    28    12   75.000 -150.000  3000.0
     1 PRESSURE
     1     1    14     1    28    12     0     0     0.0   75.000 -150.000   3000.0    693.3
     1     1    14     1    28    13     0     0     1.0   74.976 -149.427   2962.8    696.4
     1     1    14     1    28    14     0     0     2.0   74.951 -148.880   2926.8    699.2
     1     1    14     1    28    15     0     0     3.0   74.928 -148.362   2890.8    702.1
     1     1    14     1    28    16     0     0     4.0   74.908 -147.874   2854.0    704.9
     1     1    14     1    28    17     0     0     5.0   74.895 -147.420   2815.5    707.9
     1     1    14     1    28    18     0     0     6.0   74.889 -147.002   2774.9    711.5
     1     1    14     1    28    19     0     0     7.0   74.887 -146.602   2738.7    715.6
     1     1    14     1    28    20     0     0     8.0   74.881 -146.195   2711.3    718.1
     1     1    14     1    28    21     0     0     9.0   74.871 -145.773   2693.8    719.8
     1     1    14     1    28    22     0     0    10.0   74.855 -145.331   2686.0    720.7
     1     1    14     1    28    23     0     0    11.0   74.831 -144.865   2687.7    720.8
     1     1    14     1    29     0     0     0    12.0   74.797 -144.375   2698.9    720.2
     1     1    14     1    29     1     0     0    13.0   74.754 -143.877   2710.8    718.3
     1     1    14     1    29     2     0     0    14.0   74.709 -143.387   2714.8    717.8
     1     1    14     1    29     3     0     0    15.0   74.664 -142.904   2712.0    717.9
     1     1    14     1    29     4     0     0    16.0   74.621 -142.424   2703.6    718.5
     1     1    14     1    29     5     0     0    17.0   74.582 -141.944   2691.1    720.0
     1     1    14     1    29     6     0     0    18.0   74.547 -141.463   2674.9    721.8
     1     1    14     1    29     7     0     0    19.0   74.516 -140.973   2661.3    724.2
     1     1    14     1    29     8     0     0    20.0   74.485 -140.466   2655.4    725.4
     1     1    14     1    29     9     0     0    21.0   74.453 -139.935   2658.1    725.7
     1     1    14     1    29    10     0     0    22.0   74.418 -139.377   2669.8    725.2
     1     1    14     1    29    11     0     0    23.0   74.378 -138.790   2690.5    724.1
     1     1    14     1    29    12     0     0    24.0   74.333 -138.173   2720.7    722.2
     1     1    14     1    29    13     0     0    25.0   74.268 -137.484   2756.3    719.1
     1     1    14     1    29    14     0     0    26.0   74.168 -136.690   2791.8    716.0
     1     1    14     1    29    15     0     0    27.0   74.032 -135.800   2827.8    713.2
     1     1    14     1    29    16     0     0    28.0   73.860 -134.823   2865.2    710.3
     1     1    14     1    29    17     0     0    29.0   73.652 -133.773   2904.9    707.1
     1     1    14     1    29    18     0     0    30.0   73.409 -132.663   2948.8    703.4
     1     1    14     1    29    19     0     0    31.0   73.134 -131.554   2995.7    698.0
     1     1    14     1    29    20     0     0    32.0   72.832 -130.493   3044.5    692.3
     1     1    14     1    29    21     0     0    33.0   72.506 -129.460   3098.3    685.5
     1     1    14     1    29    22     0     0    34.0   72.155 -128.427   3155.2    676.8
     1     1    14     1    29    23     0     0    35.0   71.780 -127.381   3214.3    668.3
     1     1    14     1    30     0     0     0    36.0   71.383 -126.326   3273.7    659.5
     1     1    14     1    30     1     0     0    37.0   70.952 -125.278   3333.3    650.7
     1     1    14     1    30     2     0     0    38.0   70.472 -124.249   3395.3    642.3
     1     1    14     1    30     3     0     0    39.0   69.946 -123.227   3465.8    633.6
     1     1    14     1    30     4     0     0    40.0   69.377 -122.213   3550.8    625.8
     1     1    14     1    30     5     0     0    41.0   68.773 -121.223   3647.7    618.2
     1     1    14     1    30     6     0     0    42.0   68.139 -120.266   3761.3    609.5
     1     1    14     1    30     7     0     0    43.0   67.481 -119.389   3881.7    598.1
     1     1    14     1    30     8     0     0    44.0   66.805 -118.624   3990.9    585.5
     1     1    14     1    30     9     0     0    45.0   66.113 -117.930   4099.8    574.3
     1     1    14     1    30    10     0     0    46.0   65.403 -117.265   4215.5    563.4
     1     1    14     1    30    11     0     0    47.0   64.671 -116.602   4343.0    551.8
     1     1    14     1    30    12     0     0    48.0   63.922 -115.944   4485.1    540.3
     1     1    14     1    30    13     0     0    49.0   63.159 -115.345   4634.5    528.1
     1     1    14     1    30    14     0     0    50.0   62.383 -114.829   4787.0    516.5
     1     1    14     1    30    15     0     0    51.0   61.599 -114.377   4926.0    503.4
     1     1    14     1    30    16     0     0    52.0   60.812 -113.961   5047.9    493.3
     1     1    14     1    30    17     0     0    53.0   60.028 -113.527   5158.1    484.7
     1     1    14     1    30    18     0     0    54.0   59.250 -113.056   5241.1    474.8
     1     1    14     1    30    19     0     0    55.0   58.482 -112.587   5293.0    467.6
     1     1    14     1    30    20     0     0    56.0   57.721 -112.127   5324.5    462.6
     1     1    14     1    30    21     0     0    57.0   56.966 -111.653   5349.9    458.9
     1     1    14     1    30    22     0     0    58.0   56.216 -111.174   5377.3    455.8
     1     1    14     1    30    23     0     0    59.0   55.465 -110.710   5408.5    453.1
     1     1    14     1    31     0     0     0    60.0   54.704 -110.273   5443.8    450.2
     1     1    14     1    31     1     0     0    61.0   53.957 -109.875   5474.9    446.1
     1     1    14     1    31     2     0     0    62.0   53.252 -109.514   5496.5    443.2
     1     1    14     1    31     3     0     0    63.0   52.591 -109.180   5513.1    441.4
     1     1    14     1    31     4     0     0    64.0   51.978 -108.813   5521.9    439.5
     1     1    14     1    31     5     0     0    65.0   51.417 -108.361   5523.5    438.5
     1     1    14     1    31     6     0     0    66.0   50.908 -107.819   5517.9    438.8
     1     1    14     1    31     7     0     0    67.0   50.441 -107.180   5499.8    438.9
     1     1    14     1    31     8     0     0    68.0   50.003 -106.432   5467.0    439.2
     1     1    14     1    31     9     0     0    69.0   49.592 -105.578   5424.2    440.2
     1     1    14     1    31    10     0     0    70.0   49.207 -104.634   5380.0    442.8
     1     1    14     1    31    11     0     0    71.0   48.846 -103.629   5335.1    447.0
     1     1    14     1    31    12     0     0    72.0   48.506 -102.587   5286.8    451.9
     1     1    14     1    31    13     0     0    73.0   48.210 -101.514   5251.4    459.7
     1     1    14     1    31    14     0     0    74.0   47.981 -100.402   5232.0    467.2
     1     1    14     1    31    15     0     0    75.0   47.812  -99.243   5221.5    472.9
     1     1    14     1    31    16     0     0    76.0   47.697  -98.033   5221.0    477.7
     1     1    14     1    31    17     0     0    77.0   47.625  -96.772   5217.3    478.8
     1     1    14     1    31    18     0     0    78.0   47.583  -95.461   5206.0    477.3
