     1     1
    CDC1    14     1     1     0     0
     1 FORWARD  OMEGA   
    14     1    15     6   75.000 -150.000  3000.0
     1 PRESSURE
     1     1    14     1    15     6     0     0     0.0   75.000 -150.000   3000.0    644.3
     1     1    14     1    15     7     0     0     1.0   74.978 -149.020   3047.5    639.4
     1     1    14     1    15     8     0     0     2.0   74.970 -147.932   3090.8    634.8
     1     1    14     1    15     9     0     0     3.0   74.975 -146.747   3131.2    630.6
     1     1    14     1    15    10     0     0     4.0   74.994 -145.473   3168.8    627.0
     1     1    14     1    15    11     0     0     5.0   75.026 -144.123   3204.1    624.3
     1     1    14     1    15    12     0     0     6.0   75.069 -142.712   3237.1    622.2
     1     1    14     1    15    13     0     0     7.0   75.126 -141.287   3273.2    621.1
     1     1    14     1    15    14     0     0     8.0   75.199 -139.896   3310.3    619.7
     1     1    14     1    15    15     0     0     9.0   75.288 -138.551   3351.2    618.2
     1     1    14     1    15    16     0     0    10.0   75.397 -137.266   3395.7    616.1
     1     1    14     1    15    17     0     0    11.0   75.525 -136.059   3444.5    613.5
     1     1    14     1    15    18     0     0    12.0   75.673 -134.943   3497.4    610.4
     1     1    14     1    15    19     0     0    13.0   75.836 -133.910   3548.6    605.9
     1     1    14     1    15    20     0     0    14.0   76.011 -132.956   3594.7    602.2
     1     1    14     1    15    21     0     0    15.0   76.202 -132.095   3634.2    598.6
     1     1    14     1    15    22     0     0    16.0   76.412 -131.341   3666.3    595.4
     1     1    14     1    15    23     0     0    17.0   76.643 -130.709   3690.2    593.0
     1     1    14     1    16     0     0     0    18.0   76.900 -130.213   3705.2    591.3
     1     1    14     1    16     1     0     0    19.0   77.171 -129.857   3711.3    590.5
     1     1    14     1    16     2     0     0    20.0   77.443 -129.630   3710.4    590.4
     1     1    14     1    16     3     0     0    21.0   77.713 -129.535   3705.4    590.7
     1     1    14     1    16     4     0     0    22.0   77.979 -129.581   3698.8    591.2
     1     1    14     1    16     5     0     0    23.0   78.239 -129.771   3692.3    591.7
     1     1    14     1    16     6     0     0    24.0   78.495 -130.106   3687.3    592.2
     1     1    14     1    16     7     0     0    25.0   78.745 -130.552   3685.0    592.3
     1     1    14     1    16     8     0     0    26.0   78.990 -131.079   3685.8    591.9
     1     1    14     1    16     9     0     0    27.0   79.229 -131.694   3689.4    591.2
     1     1    14     1    16    10     0     0    28.0   79.459 -132.403   3695.3    590.2
     1     1    14     1    16    11     0     0    29.0   79.680 -133.217   3702.2    589.3
     1     1    14     1    16    12     0     0    30.0   79.886 -134.147   3708.4    588.5
     1     1    14     1    16    13     0     0    31.0   80.071 -135.257   3711.1    588.4
     1     1    14     1    16    14     0     0    32.0   80.225 -136.591   3707.2    589.8
     1     1    14     1    16    15     0     0    33.0   80.339 -138.124   3697.1    591.5
     1     1    14     1    16    16     0     0    34.0   80.409 -139.810   3681.9    593.4
     1     1    14     1    16    17     0     0    35.0   80.429 -141.592   3664.6    596.3
     1     1    14     1    16    18     0     0    36.0   80.399 -143.410   3645.2    599.3
     1     1    14     1    16    19     0     0    37.0   80.316 -145.161   3629.5    602.4
     1     1    14     1    16    20     0     0    38.0   80.182 -146.740   3623.5    604.1
     1     1    14     1    16    21     0     0    39.0   79.998 -148.106   3625.8    605.1
     1     1    14     1    16    22     0     0    40.0   79.769 -149.239   3634.2    604.9
     1     1    14     1    16    23     0     0    41.0   79.500 -150.133   3648.7    604.0
     1     1    14     1    17     0     0     0    42.0   79.198 -150.788   3667.3    602.4
     1     1    14     1    17     1     0     0    43.0   78.871 -151.244   3685.0    600.6
     1     1    14     1    17     2     0     0    44.0   78.527 -151.541   3694.1    599.9
     1     1    14     1    17     3     0     0    45.0   78.167 -151.683   3694.7    599.9
     1     1    14     1    17     4     0     0    46.0   77.793 -151.667   3685.9    600.8
     1     1    14     1    17     5     0     0    47.0   77.408 -151.501   3666.8    602.7
     1     1    14     1    17     6     0     0    48.0   77.024 -151.218   3637.3    605.3
     1     1    14     1    17     7     0     0    49.0   76.651 -150.827   3601.2    608.6
     1     1    14     1    17     8     0     0    50.0   76.291 -150.314   3559.4    612.1
     1     1    14     1    17     9     0     0    51.0   75.944 -149.688   3513.5    615.6
     1     1    14     1    17    10     0     0    52.0   75.608 -148.959   3464.9    618.9
     1     1    14     1    17    11     0     0    53.0   75.283 -148.132   3414.5    621.9
     1     1    14     1    17    12     0     0    54.0   74.969 -147.217   3363.4    625.0
     1     1    14     1    17    13     0     0    55.0   74.669 -146.244   3316.3    631.1
     1     1    14     1    17    14     0     0    56.0   74.381 -145.241   3267.4    637.1
     1     1    14     1    17    15     0     0    57.0   74.100 -144.202   3218.1    643.7
     1     1    14     1    17    16     0     0    58.0   73.824 -143.126   3167.7    650.5
     1     1    14     1    17    17     0     0    59.0   73.546 -142.005   3115.8    657.4
     1     1    14     1    17    18     0     0    60.0   73.261 -140.837   3061.9    664.8
     1     1    14     1    17    19     0     0    61.0   72.977 -139.640   3004.6    672.1
     1     1    14     1    17    20     0     0    62.0   72.702 -138.449   2947.0    679.8
     1     1    14     1    17    21     0     0    63.0   72.437 -137.278   2888.1    686.7
     1     1    14     1    17    22     0     0    64.0   72.184 -136.138   2828.7    691.8
     1     1    14     1    17    23     0     0    65.0   71.945 -135.027   2772.8    697.1
     1     1    14     1    18     0     0     0    66.0   71.717 -133.930   2719.3    701.2
     1     1    14     1    18     1     0     0    67.0   71.497 -132.861   2669.2    705.3
     1     1    14     1    18     2     0     0    68.0   71.284 -131.851   2620.7    708.8
     1     1    14     1    18     3     0     0    69.0   71.072 -130.909   2574.0    712.0
     1     1    14     1    18     4     0     0    70.0   70.858 -130.037   2529.9    715.4
     1     1    14     1    18     5     0     0    71.0   70.641 -129.243   2487.7    717.8
     1     1    14     1    18     6     0     0    72.0   70.418 -128.529   2448.8    720.0
     1     1    14     1    18     7     0     0    73.0   70.202 -127.888   2412.2    721.3
     1     1    14     1    18     8     0     0    74.0   70.006 -127.319   2378.2    722.7
     1     1    14     1    18     9     0     0    75.0   69.834 -126.832   2344.4    724.6
     1     1    14     1    18    10     0     0    76.0   69.692 -126.443   2309.4    727.2
     1     1    14     1    18    11     0     0    77.0   69.582 -126.158   2272.1    730.3
     1     1    14     1    18    12     0     0    78.0   69.506 -125.990   2232.0    734.0
     1     1    14     1    18    13     0     0    79.0   69.466 -125.909   2196.7    738.2
     1     1    14     1    18    14     0     0    80.0   69.460 -125.872   2171.7    740.5
     1     1    14     1    18    15     0     0    81.0   69.487 -125.879   2157.0    741.8
     1     1    14     1    18    16     0     0    82.0   69.546 -125.934   2152.1    742.2
     1     1    14     1    18    17     0     0    83.0   69.638 -126.038   2156.8    741.7
     1     1    14     1    18    18     0     0    84.0   69.761 -126.195   2170.9    740.4
     1     1    14     1    18    19     0     0    85.0   69.912 -126.442   2192.9    738.0
     1     1    14     1    18    20     0     0    86.0   70.086 -126.810   2219.9    735.9
     1     1    14     1    18    21     0     0    87.0   70.284 -127.293   2253.3    733.6
     1     1    14     1    18    22     0     0    88.0   70.504 -127.886   2292.7    730.8
     1     1    14     1    18    23     0     0    89.0   70.741 -128.582   2337.7    727.5
     1     1    14     1    19     0     0     0    90.0   70.992 -129.380   2388.2    724.0
     1     1    14     1    19     1     0     0    91.0   71.243 -130.206   2442.5    720.4
     1     1    14     1    19     2     0     0    92.0   71.480 -130.988   2497.8    716.6
     1     1    14     1    19     3     0     0    93.0   71.704 -131.729   2555.6    712.7
     1     1    14     1    19     4     0     0    94.0   71.921 -132.436   2617.0    708.5
     1     1    14     1    19     5     0     0    95.0   72.131 -133.110   2682.3    703.5
     1     1    14     1    19     6     0     0    96.0   72.339 -133.751   2752.9    698.2
     1     1    14     1    19     7     0     0    97.0   72.538 -134.360   2820.4    691.8
     1     1    14     1    19     8     0     0    98.0   72.715 -134.926   2875.4    686.5
     1     1    14     1    19     9     0     0    99.0   72.869 -135.440   2918.1    682.1
     1     1    14     1    19    10     0     0   100.0   72.999 -135.915   2949.6    678.7
     1     1    14     1    19    11     0     0   101.0   73.108 -136.360   2970.5    676.4
     1     1    14     1    19    12     0     0   102.0   73.197 -136.781   2981.5    674.9
     1     1    14     1    19    13     0     0   103.0   73.268 -137.174   2987.7    674.7
     1     1    14     1    19    14     0     0   104.0   73.325 -137.525   2993.9    674.1
     1     1    14     1    19    15     0     0   105.0   73.369 -137.829   3000.1    673.6
     1     1    14     1    19    16     0     0   106.0   73.401 -138.083   3006.6    673.0
     1     1    14     1    19    17     0     0   107.0   73.422 -138.283   3013.2    672.6
     1     1    14     1    19    18     0     0   108.0   73.433 -138.426   3019.8    672.1
     1     1    14     1    19    19     0     0   109.0   73.435 -138.529   3025.6    672.0
     1     1    14     1    19    20     0     0   110.0   73.429 -138.605   3028.6    672.2
     1     1    14     1    19    21     0     0   111.0   73.415 -138.657   3029.0    672.6
     1     1    14     1    19    22     0     0   112.0   73.394 -138.685   3026.7    673.4
     1     1    14     1    19    23     0     0   113.0   73.364 -138.690   3021.7    674.5
     1     1    14     1    20     0     0     0   114.0   73.325 -138.671   3013.7    675.9
     1     1    14     1    20     1     0     0   115.0   73.276 -138.630   3005.9    677.6
     1     1    14     1    20     2     0     0   116.0   73.212 -138.568   2999.5    679.1
     1     1    14     1    20     3     0     0   117.0   73.134 -138.484   2995.0    680.4
     1     1    14     1    20     4     0     0   118.0   73.039 -138.377   2992.2    681.7
     1     1    14     1    20     5     0     0   119.0   72.928 -138.249   2991.1    682.9
     1     1    14     1    20     6     0     0   120.0   72.798 -138.098   2991.6    684.1
