     1     1
    CDC1    14     1     1     0     0
     1 FORWARD  OMEGA   
    14     1     6    18   75.000 -150.000  3000.0
     1 PRESSURE
     1     1    14     1     6    18     0     0     0.0   75.000 -150.000   3000.0    686.7
     1     1    14     1     6    19     0     0     1.0   74.838 -151.359   2934.6    694.8
     1     1    14     1     6    20     0     0     2.0   74.652 -152.718   2869.6    703.0
     1     1    14     1     6    21     0     0     3.0   74.441 -154.089   2803.6    710.7
     1     1    14     1     6    22     0     0     4.0   74.205 -155.480   2735.9    718.5
     1     1    14     1     6    23     0     0     5.0   73.945 -156.905   2664.5    726.0
     1     1    14     1     7     0     0     0     6.0   73.663 -158.382   2586.7    733.2
     1     1    14     1     7     1     0     0     7.0   73.364 -159.948   2498.6    740.4
     1     1    14     1     7     2     0     0     8.0   73.051 -161.641   2396.9    748.4
     1     1    14     1     7     3     0     0     9.0   72.724 -163.490   2284.2    756.9
     1     1    14     1     7     4     0     0    10.0   72.388 -165.518   2162.9    766.4
     1     1    14     1     7     5     0     0    11.0   72.061 -167.615   2044.8    777.8
     1     1    14     1     7     6     0     0    12.0   71.762 -169.753   1934.1    790.5
     1     1    14     1     7     7     0     0    13.0   71.507 -171.924   1833.5    802.8
     1     1    14     1     7     8     0     0    14.0   71.303 -174.109   1743.5    812.7
     1     1    14     1     7     9     0     0    15.0   71.154 -176.297   1664.5    819.5
     1     1    14     1     7    10     0     0    16.0   71.064 -178.471   1596.3    824.1
     1     1    14     1     7    11     0     0    17.0   71.035  179.388   1538.9    827.6
     1     1    14     1     7    12     0     0    18.0   71.072  177.299   1492.7    831.5
     1     1    14     1     7    13     0     0    19.0   71.168  175.272   1458.5    834.8
     1     1    14     1     7    14     0     0    20.0   71.307  173.320   1438.3    838.3
     1     1    14     1     7    15     0     0    21.0   71.479  171.463   1428.1    842.1
     1     1    14     1     7    16     0     0    22.0   71.677  169.718   1425.4    845.8
     1     1    14     1     7    17     0     0    23.0   71.895  168.090   1428.6    848.7
     1     1    14     1     7    18     0     0    24.0   72.132  166.579   1435.8    850.7
     1     1    14     1     7    19     0     0    25.0   72.395  165.161   1445.3    852.3
     1     1    14     1     7    20     0     0    26.0   72.686  163.830   1453.5    851.5
     1     1    14     1     7    21     0     0    27.0   72.996  162.602   1462.9    849.5
     1     1    14     1     7    22     0     0    28.0   73.319  161.462   1474.3    847.2
     1     1    14     1     7    23     0     0    29.0   73.657  160.390   1487.7    845.1
     1     1    14     1     8     0     0     0    30.0   74.008  159.368   1502.6    843.1
     1     1    14     1     8     1     0     0    31.0   74.374  158.420   1521.4    840.8
     1     1    14     1     8     2     0     0    32.0   74.758  157.576   1547.9    838.1
     1     1    14     1     8     3     0     0    33.0   75.156  156.834   1582.3    834.8
     1     1    14     1     8     4     0     0    34.0   75.553  156.186   1623.2    831.0
     1     1    14     1     8     5     0     0    35.0   75.940  155.620   1669.5    826.6
     1     1    14     1     8     6     0     0    36.0   76.323  155.136   1721.0    821.5
     1     1    14     1     8     7     0     0    37.0   76.689  154.741   1773.5    815.9
     1     1    14     1     8     8     0     0    38.0   77.028  154.462   1821.7    811.2
     1     1    14     1     8     9     0     0    39.0   77.347  154.341   1864.9    807.0
     1     1    14     1     8    10     0     0    40.0   77.645  154.408   1901.0    803.2
     1     1    14     1     8    11     0     0    41.0   77.921  154.668   1928.4    800.3
     1     1    14     1     8    12     0     0    42.0   78.172  155.120   1947.5    798.4
     1     1    14     1     8    13     0     0    43.0   78.400  155.693   1962.3    796.8
     1     1    14     1     8    14     0     0    44.0   78.605  156.310   1977.3    794.8
     1     1    14     1     8    15     0     0    45.0   78.790  156.981   1993.8    792.5
     1     1    14     1     8    16     0     0    46.0   78.956  157.713   2012.6    789.8
     1     1    14     1     8    17     0     0    47.0   79.103  158.512   2034.5    786.9
     1     1    14     1     8    18     0     0    48.0   79.229  159.380   2059.8    783.5
     1     1    14     1     8    19     0     0    49.0   79.330  160.391   2083.8    780.0
     1     1    14     1     8    20     0     0    50.0   79.392  161.618   2104.0    777.2
     1     1    14     1     8    21     0     0    51.0   79.411  163.055   2118.6    775.1
     1     1    14     1     8    22     0     0    52.0   79.382  164.686   2127.3    773.3
     1     1    14     1     8    23     0     0    53.0   79.298  166.477   2130.7    772.1
     1     1    14     1     9     0     0     0    54.0   79.156  168.386   2129.2    771.8
     1     1    14     1     9     1     0     0    55.0   78.958  170.301   2125.5    772.3
     1     1    14     1     9     2     0     0    56.0   78.714  172.115   2122.0    773.0
     1     1    14     1     9     3     0     0    57.0   78.429  173.796   2117.9    774.4
     1     1    14     1     9     4     0     0    58.0   78.111  175.315   2113.0    776.3
     1     1    14     1     9     5     0     0    59.0   77.766  176.648   2106.7    778.5
     1     1    14     1     9     6     0     0    60.0   77.401  177.779   2097.6    780.6
     1     1    14     1     9     7     0     0    61.0   77.022  178.735   2088.7    781.7
     1     1    14     1     9     8     0     0    62.0   76.630  179.549   2085.0    781.8
     1     1    14     1     9     9     0     0    63.0   76.228 -179.779   2086.6    781.2
     1     1    14     1     9    10     0     0    64.0   75.822 -179.249   2093.8    779.8
     1     1    14     1     9    11     0     0    65.0   75.417 -178.863   2106.8    777.9
     1     1    14     1     9    12     0     0    66.0   75.018 -178.621   2125.8    775.5
     1     1    14     1     9    13     0     0    67.0   74.623 -178.515   2141.7    772.3
     1     1    14     1     9    14     0     0    68.0   74.234 -178.544   2147.0    771.2
     1     1    14     1     9    15     0     0    69.0   73.853 -178.713   2141.5    771.4
     1     1    14     1     9    16     0     0    70.0   73.483 -179.026   2125.5    772.9
     1     1    14     1     9    17     0     0    71.0   73.126 -179.485   2099.7    775.6
     1     1    14     1     9    18     0     0    72.0   72.786  179.910   2064.5    779.6
     1     1    14     1     9    19     0     0    73.0   72.465  179.166   2026.0    784.8
     1     1    14     1     9    20     0     0    74.0   72.163  178.329   1990.5    787.1
     1     1    14     1     9    21     0     0    75.0   71.878  177.443   1958.7    788.5
     1     1    14     1     9    22     0     0    76.0   71.612  176.522   1929.3    789.2
     1     1    14     1     9    23     0     0    77.0   71.366  175.578   1901.8    789.8
     1     1    14     1    10     0     0     0    78.0   71.141  174.618   1875.7    790.5
     1     1    14     1    10     1     0     0    79.0   70.942  173.652   1850.5    791.6
     1     1    14     1    10     2     0     0    80.0   70.773  172.690   1824.9    792.9
     1     1    14     1    10     3     0     0    81.0   70.634  171.737   1799.1    794.7
     1     1    14     1    10     4     0     0    82.0   70.523  170.802   1772.6    797.1
     1     1    14     1    10     5     0     0    83.0   70.439  169.892   1745.3    799.9
     1     1    14     1    10     6     0     0    84.0   70.383  169.015   1718.2    803.4
     1     1    14     1    10     7     0     0    85.0   70.357  168.179   1691.7    807.3
     1     1    14     1    10     8     0     0    86.0   70.363  167.393   1664.7    811.7
     1     1    14     1    10     9     0     0    87.0   70.401  166.666   1638.9    816.4
     1     1    14     1    10    10     0     0    88.0   70.470  166.007   1614.6    821.0
     1     1    14     1    10    11     0     0    89.0   70.566  165.422   1591.6    825.4
     1     1    14     1    10    12     0     0    90.0   70.688  164.921   1569.5    829.5
     1     1    14     1    10    13     0     0    91.0   70.825  164.525   1548.6    832.9
     1     1    14     1    10    14     0     0    92.0   70.968  164.252   1529.4    836.0
     1     1    14     1    10    15     0     0    93.0   71.114  164.101   1512.0    838.8
     1     1    14     1    10    16     0     0    94.0   71.258  164.073   1496.5    841.4
     1     1    14     1    10    17     0     0    95.0   71.399  164.167   1483.0    843.7
     1     1    14     1    10    18     0     0    96.0   71.532  164.384   1471.6    845.7
     1     1    14     1    10    19     0     0    97.0   71.654  164.700   1463.1    847.7
     1     1    14     1    10    20     0     0    98.0   71.757  165.088   1457.8    849.0
     1     1    14     1    10    21     0     0    99.0   71.840  165.543   1455.8    849.5
     1     1    14     1    10    22     0     0   100.0   71.900  166.059   1457.3    849.3
     1     1    14     1    10    23     0     0   101.0   71.936  166.629   1462.1    848.7
     1     1    14     1    11     0     0     0   102.0   71.947  167.249   1470.5    847.4
     1     1    14     1    11     1     0     0   103.0   71.932  167.907   1480.2    844.8
     1     1    14     1    11     2     0     0   104.0   71.886  168.584   1489.3    842.4
     1     1    14     1    11     3     0     0   105.0   71.810  169.260   1497.5    839.7
     1     1    14     1    11     4     0     0   106.0   71.705  169.920   1505.0    836.9
     1     1    14     1    11     5     0     0   107.0   71.574  170.548   1511.8    833.9
     1     1    14     1    11     6     0     0   108.0   71.417  171.135   1518.2    830.8
     1     1    14     1    11     7     0     0   109.0   71.232  171.665   1524.1    827.6
     1     1    14     1    11     8     0     0   110.0   71.013  172.124   1529.4    824.3
     1     1    14     1    11     9     0     0   111.0   70.762  172.512   1534.7    820.7
     1     1    14     1    11    10     0     0   112.0   70.481  172.832   1540.9    817.1
     1     1    14     1    11    11     0     0   113.0   70.170  173.088   1548.9    813.3
     1     1    14     1    11    12     0     0   114.0   69.832  173.282   1559.1    808.3
     1     1    14     1    11    13     0     0   115.0   69.479  173.395   1569.6    802.2
     1     1    14     1    11    14     0     0   116.0   69.122  173.419   1578.5    796.5
     1     1    14     1    11    15     0     0   117.0   68.761  173.366   1584.2    791.1
     1     1    14     1    11    16     0     0   118.0   68.398  173.250   1585.6    786.3
     1     1    14     1    11    17     0     0   119.0   68.033  173.082   1581.3    782.1
     1     1    14     1    11    18     0     0   120.0   67.667  172.875   1570.2    778.7
