     1     1
    CDC1    14     1     1     0     0
     1 FORWARD  OMEGA   
    14     1     4    12   75.000 -150.000  3000.0
     1 PRESSURE
     1     1    14     1     4    12     0     0     0.0   75.000 -150.000   3000.0    693.4
     1     1    14     1     4    13     0     0     1.0   75.127 -150.697   2980.9    696.1
     1     1    14     1     4    14     0     0     2.0   75.276 -151.348   2964.8    698.3
     1     1    14     1     4    15     0     0     3.0   75.443 -151.943   2951.4    700.2
     1     1    14     1     4    16     0     0     4.0   75.627 -152.476   2940.4    701.7
     1     1    14     1     4    17     0     0     5.0   75.825 -152.938   2931.9    702.9
     1     1    14     1     4    18     0     0     6.0   76.036 -153.323   2925.7    703.8
     1     1    14     1     4    19     0     0     7.0   76.258 -153.659   2925.4    704.4
     1     1    14     1     4    20     0     0     8.0   76.491 -153.978   2932.5    703.9
     1     1    14     1     4    21     0     0     9.0   76.736 -154.288   2947.4    702.6
     1     1    14     1     4    22     0     0    10.0   76.993 -154.597   2970.2    700.4
     1     1    14     1     4    23     0     0    11.0   77.263 -154.914   3000.9    697.5
     1     1    14     1     5     0     0     0    12.0   77.550 -155.242   3039.9    694.0
     1     1    14     1     5     1     0     0    13.0   77.849 -155.505   3082.0    689.4
     1     1    14     1     5     2     0     0    14.0   78.157 -155.646   3118.8    685.8
     1     1    14     1     5     3     0     0    15.0   78.474 -155.683   3150.5    682.8
     1     1    14     1     5     4     0     0    16.0   78.798 -155.635   3176.8    680.4
     1     1    14     1     5     5     0     0    17.0   79.131 -155.520   3197.6    678.5
     1     1    14     1     5     6     0     0    18.0   79.475 -155.354   3213.1    677.2
     1     1    14     1     5     7     0     0    19.0   79.829 -155.123   3226.0    676.4
     1     1    14     1     5     8     0     0    20.0   80.191 -154.785   3239.0    674.9
     1     1    14     1     5     9     0     0    21.0   80.558 -154.311   3251.4    673.1
     1     1    14     1     5    10     0     0    22.0   80.929 -153.706   3263.7    671.2
     1     1    14     1     5    11     0     0    23.0   81.307 -152.991   3275.8    669.0
     1     1    14     1     5    12     0     0    24.0   81.696 -152.186   3287.7    666.5
     1     1    14     1     5    13     0     0    25.0   82.087 -151.270   3301.3    663.5
     1     1    14     1     5    14     0     0    26.0   82.472 -150.214   3320.2    659.5
     1     1    14     1     5    15     0     0    27.0   82.845 -148.939   3344.7    656.2
     1     1    14     1     5    16     0     0    28.0   83.195 -147.365   3370.4    653.2
     1     1    14     1     5    17     0     0    29.0   83.520 -145.508   3395.4    650.3
     1     1    14     1     5    18     0     0    30.0   83.815 -143.387   3419.1    648.2
     1     1    14     1     5    19     0     0    31.0   84.079 -140.961   3438.5    647.3
     1     1    14     1     5    20     0     0    32.0   84.306 -138.158   3451.7    647.0
     1     1    14     1     5    21     0     0    33.0   84.492 -135.014   3461.4    647.8
     1     1    14     1     5    22     0     0    34.0   84.627 -131.596   3469.0    649.0
     1     1    14     1     5    23     0     0    35.0   84.705 -128.007   3475.5    650.0
     1     1    14     1     6     0     0     0    36.0   84.720 -124.358   3484.1    651.1
     1     1    14     1     6     1     0     0    37.0   84.662 -120.862   3493.2    651.0
     1     1    14     1     6     2     0     0    38.0   84.533 -117.748   3504.2    650.3
     1     1    14     1     6     3     0     0    39.0   84.338 -115.077   3518.0    649.0
     1     1    14     1     6     4     0     0    40.0   84.081 -112.872   3532.8    647.6
     1     1    14     1     6     5     0     0    41.0   83.769 -111.131   3550.6    645.8
     1     1    14     1     6     6     0     0    42.0   83.404 -109.830   3571.8    643.9
     1     1    14     1     6     7     0     0    43.0   82.994 -108.890   3596.7    641.2
     1     1    14     1     6     8     0     0    44.0   82.548 -108.221   3624.8    638.3
     1     1    14     1     6     9     0     0    45.0   82.075 -107.702   3652.0    634.0
     1     1    14     1     6    10     0     0    46.0   81.582 -107.238   3676.4    629.9
     1     1    14     1     6    11     0     0    47.0   81.064 -106.804   3695.1    626.1
     1     1    14     1     6    12     0     0    48.0   80.517 -106.384   3705.4    623.1
     1     1    14     1     6    13     0     0    49.0   79.935 -105.967   3709.9    621.0
     1     1    14     1     6    14     0     0    50.0   79.326 -105.548   3712.8    620.9
     1     1    14     1     6    15     0     0    51.0   78.693 -105.117   3712.4    621.4
     1     1    14     1     6    16     0     0    52.0   78.026 -104.659   3707.3    622.5
     1     1    14     1     6    17     0     0    53.0   77.317 -104.177   3695.7    623.7
     1     1    14     1     6    18     0     0    54.0   76.571 -103.732   3673.3    623.0
     1     1    14     1     6    19     0     0    55.0   75.798 -103.378   3641.3    623.1
     1     1    14     1     6    20     0     0    56.0   74.992 -103.120   3597.8    624.7
     1     1    14     1     6    21     0     0    57.0   74.173 -102.953   3547.4    627.6
     1     1    14     1     6    22     0     0    58.0   73.357 -102.885   3493.2    630.8
     1     1    14     1     6    23     0     0    59.0   72.537 -102.948   3435.6    634.6
     1     1    14     1     7     0     0     0    60.0   71.731 -103.103   3383.2    641.6
     1     1    14     1     7     1     0     0    61.0   70.974 -103.287   3336.5    647.8
     1     1    14     1     7     2     0     0    62.0   70.276 -103.504   3294.5    653.1
     1     1    14     1     7     3     0     0    63.0   69.635 -103.751   3249.7    656.0
     1     1    14     1     7     4     0     0    64.0   69.048 -104.010   3200.5    657.5
     1     1    14     1     7     5     0     0    65.0   68.509 -104.285   3147.3    659.4
     1     1    14     1     7     6     0     0    66.0   68.009 -104.597   3088.0    662.0
     1     1    14     1     7     7     0     0    67.0   67.537 -104.916   3027.6    665.5
     1     1    14     1     7     8     0     0    68.0   67.083 -105.192   2972.9    667.3
     1     1    14     1     7     9     0     0    69.0   66.645 -105.423   2925.3    668.3
     1     1    14     1     7    10     0     0    70.0   66.216 -105.622   2883.2    669.1
     1     1    14     1     7    11     0     0    71.0   65.792 -105.799   2844.4    669.8
     1     1    14     1     7    12     0     0    72.0   65.370 -105.968   2807.1    670.4
     1     1    14     1     7    13     0     0    73.0   64.963 -106.129   2770.2    671.1
     1     1    14     1     7    14     0     0    74.0   64.580 -106.272   2736.0    674.0
     1     1    14     1     7    15     0     0    75.0   64.215 -106.398   2704.1    676.8
     1     1    14     1     7    16     0     0    76.0   63.863 -106.510   2674.2    679.4
     1     1    14     1     7    17     0     0    77.0   63.520 -106.611   2646.1    682.1
     1     1    14     1     7    18     0     0    78.0   63.180 -106.706   2619.1    684.8
     1     1    14     1     7    19     0     0    79.0   62.847 -106.775   2593.7    687.3
     1     1    14     1     7    20     0     0    80.0   62.525 -106.796   2571.5    689.4
     1     1    14     1     7    21     0     0    81.0   62.214 -106.772   2550.3    691.5
     1     1    14     1     7    22     0     0    82.0   61.915 -106.711   2527.6    693.8
     1     1    14     1     7    23     0     0    83.0   61.626 -106.619   2501.8    696.4
     1     1    14     1     8     0     0     0    84.0   61.347 -106.508   2471.3    699.4
     1     1    14     1     8     1     0     0    85.0   61.090 -106.369   2437.0    702.5
     1     1    14     1     8     2     0     0    86.0   60.867 -106.191   2399.3    705.6
     1     1    14     1     8     3     0     0    87.0   60.676 -105.968   2359.0    708.9
     1     1    14     1     8     4     0     0    88.0   60.514 -105.697   2315.7    712.5
     1     1    14     1     8     5     0     0    89.0   60.376 -105.377   2268.7    716.3
     1     1    14     1     8     6     0     0    90.0   60.259 -105.008   2216.8    720.5
     1     1    14     1     8     7     0     0    91.0   60.156 -104.592   2166.2    724.9
     1     1    14     1     8     8     0     0    92.0   60.060 -104.130   2127.0    727.3
     1     1    14     1     8     9     0     0    93.0   59.969 -103.623   2096.4    729.0
     1     1    14     1     8    10     0     0    94.0   59.883 -103.071   2073.3    730.1
     1     1    14     1     8    11     0     0    95.0   59.801 -102.478   2056.0    731.0
     1     1    14     1     8    12     0     0    96.0   59.721 -101.853   2045.0    733.3
     1     1    14     1     8    13     0     0    97.0   59.632 -101.208   2036.3    735.0
     1     1    14     1     8    14     0     0    98.0   59.531 -100.543   2030.9    736.8
     1     1    14     1     8    15     0     0    99.0   59.430  -99.849   2030.9    738.5
     1     1    14     1     8    16     0     0   100.0   59.333  -99.121   2038.6    740.7
     1     1    14     1     8    17     0     0   101.0   59.243  -98.358   2053.1    742.4
     1     1    14     1     8    18     0     0   102.0   59.162  -97.556   2073.7    743.8
     1     1    14     1     8    19     0     0   103.0   59.073  -96.740   2095.9    744.6
     1     1    14     1     8    20     0     0   104.0   58.963  -95.933   2117.2    746.0
     1     1    14     1     8    21     0     0   105.0   58.846  -95.124   2139.7    747.3
     1     1    14     1     8    22     0     0   106.0   58.729  -94.303   2164.9    747.3
     1     1    14     1     8    23     0     0   107.0   58.614  -93.464   2195.2    746.9
     1     1    14     1     9     0     0     0   108.0   58.502  -92.602   2231.9    746.2
     1     1    14     1     9     1     0     0   109.0   58.380  -91.722   2269.1    742.2
     1     1    14     1     9     2     0     0   110.0   58.241  -90.826   2304.4    739.1
     1     1    14     1     9     3     0     0   111.0   58.098  -89.903   2338.9    736.6
     1     1    14     1     9     4     0     0   112.0   57.954  -88.940   2371.6    732.5
     1     1    14     1     9     5     0     0   113.0   57.811  -87.928   2404.5    728.8
     1     1    14     1     9     6     0     0   114.0   57.661  -86.866   2437.2    725.2
     1     1    14     1     9     7     0     0   115.0   57.497  -85.786   2469.9    721.1
     1     1    14     1     9     8     0     0   116.0   57.326  -84.711   2506.3    716.4
     1     1    14     1     9     9     0     0   117.0   57.165  -83.616   2549.1    712.5
     1     1    14     1     9    10     0     0   118.0   57.021  -82.478   2599.6    708.5
     1     1    14     1     9    11     0     0   119.0   56.892  -81.278   2658.0    702.9
     1     1    14     1     9    12     0     0   120.0   56.760  -80.005   2725.5    697.0
