     1     1
    CDC1    14     1     1     0     0
     1 FORWARD  OMEGA   
    14     1    23     0   75.000 -150.000  3000.0
     1 PRESSURE
     1     1    14     1    23     0     0     0     0.0   75.000 -150.000   3000.0    675.0
     1     1    14     1    23     1     0     0     1.0   74.734 -148.977   2950.5    680.3
     1     1    14     1    23     2     0     0     2.0   74.470 -147.995   2902.8    685.6
     1     1    14     1    23     3     0     0     3.0   74.213 -147.034   2859.2    690.6
     1     1    14     1    23     4     0     0     4.0   73.965 -146.070   2821.3    695.3
     1     1    14     1    23     5     0     0     5.0   73.728 -145.074   2789.7    699.2
     1     1    14     1    23     6     0     0     6.0   73.502 -144.013   2765.3    702.7
     1     1    14     1    23     7     0     0     7.0   73.280 -142.897   2742.3    705.6
     1     1    14     1    23     8     0     0     8.0   73.052 -141.760   2718.0    709.4
     1     1    14     1    23     9     0     0     9.0   72.816 -140.606   2693.0    713.7
     1     1    14     1    23    10     0     0    10.0   72.567 -139.432   2668.3    718.1
     1     1    14     1    23    11     0     0    11.0   72.306 -138.240   2641.5    720.3
     1     1    14     1    23    12     0     0    12.0   72.035 -137.040   2614.1    722.0
     1     1    14     1    23    13     0     0    13.0   71.758 -135.886   2589.9    723.4
     1     1    14     1    23    14     0     0    14.0   71.482 -134.829   2573.0    724.3
     1     1    14     1    23    15     0     0    15.0   71.207 -133.865   2562.8    724.3
     1     1    14     1    23    16     0     0    16.0   70.933 -132.987   2560.3    724.0
     1     1    14     1    23    17     0     0    17.0   70.661 -132.183   2566.0    722.7
     1     1    14     1    23    18     0     0    18.0   70.391 -131.435   2580.2    720.0
     1     1    14     1    23    19     0     0    19.0   70.130 -130.688   2605.2    716.3
     1     1    14     1    23    20     0     0    20.0   69.880 -129.887   2638.2    711.6
     1     1    14     1    23    21     0     0    21.0   69.637 -129.017   2677.9    705.7
     1     1    14     1    23    22     0     0    22.0   69.393 -128.072   2725.2    699.9
     1     1    14     1    23    23     0     0    23.0   69.140 -127.059   2780.2    693.4
     1     1    14     1    24     0     0     0    24.0   68.869 -125.998   2842.5    686.5
     1     1    14     1    24     1     0     0    25.0   68.569 -124.866   2902.3    680.2
     1     1    14     1    24     2     0     0    26.0   68.233 -123.657   2948.2    676.1
     1     1    14     1    24     3     0     0    27.0   67.863 -122.406   2979.7    674.1
     1     1    14     1    24     4     0     0    28.0   67.463 -121.149   2993.7    672.3
     1     1    14     1    24     5     0     0    29.0   67.026 -119.908   2987.0    670.1
     1     1    14     1    24     6     0     0    30.0   66.541 -118.699   2963.0    668.5
     1     1    14     1    24     7     0     0    31.0   66.001 -117.513   2932.3    669.5
     1     1    14     1    24     8     0     0    32.0   65.396 -116.332   2897.4    669.4
     1     1    14     1    24     9     0     0    33.0   64.727 -115.167   2863.9    670.0
     1     1    14     1    24    10     0     0    34.0   64.002 -114.027   2838.5    671.7
     1     1    14     1    24    11     0     0    35.0   63.226 -112.907   2818.5    673.0
     1     1    14     1    24    12     0     0    36.0   62.397 -111.814   2797.0    674.7
     1     1    14     1    24    13     0     0    37.0   61.531 -110.775   2765.9    676.3
     1     1    14     1    24    14     0     0    38.0   60.648 -109.814   2726.1    679.8
     1     1    14     1    24    15     0     0    39.0   59.747 -108.946   2673.7    682.7
     1     1    14     1    24    16     0     0    40.0   58.829 -108.181   2608.9    683.4
     1     1    14     1    24    17     0     0    41.0   57.890 -107.519   2540.0    684.6
     1     1    14     1    24    18     0     0    42.0   56.932 -106.954   2469.9    688.3
     1     1    14     1    24    19     0     0    43.0   55.973 -106.430   2403.3    694.0
     1     1    14     1    24    20     0     0    44.0   55.020 -105.880   2344.6    698.9
     1     1    14     1    24    21     0     0    45.0   54.079 -105.272   2292.0    703.2
     1     1    14     1    24    22     0     0    46.0   53.154 -104.585   2249.6    707.8
     1     1    14     1    24    23     0     0    47.0   52.241 -103.827   2218.4    711.5
     1     1    14     1    25     0     0     0    48.0   51.328 -103.022   2193.4    711.7
     1     1    14     1    25     1     0     0    49.0   50.401 -102.216   2174.4    711.1
     1     1    14     1    25     2     0     0    50.0   49.458 -101.447   2160.7    714.5
     1     1    14     1    25     3     0     0    51.0   48.501 -100.718   2150.8    719.3
     1     1    14     1    25     4     0     0    52.0   47.530 -100.002   2144.3    723.8
     1     1    14     1    25     5     0     0    53.0   46.554  -99.280   2131.4    722.4
     1     1    14     1    25     6     0     0    54.0   45.584  -98.540   2112.2    722.3
     1     1    14     1    25     7     0     0    55.0   44.618  -97.786   2076.0    726.7
     1     1    14     1    25     8     0     0    56.0   43.671  -97.029   2017.4    735.3
     1     1    14     1    25     9     0     0    57.0   42.759  -96.264   1940.5    745.8
     1     1    14     1    25    10     0     0    58.0   41.889  -95.490   1852.2    759.6
     1     1    14     1    25    11     0     0    59.0   41.066  -94.727   1755.3    775.2
     1     1    14     1    25    12     0     0    60.0   40.291  -93.985   1653.9    791.4
     1     1    14     1    25    13     0     0    61.0   39.570  -93.275   1557.7    806.8
     1     1    14     1    25    14     0     0    62.0   38.908  -92.598   1474.0    819.5
     1     1    14     1    25    15     0     0    63.0   38.303  -91.947   1402.1    829.0
     1     1    14     1    25    16     0     0    64.0   37.747  -91.314   1343.3    837.2
     1     1    14     1    25    17     0     0    65.0   37.233  -90.697   1297.3    845.0
     1     1    14     1    25    18     0     0    66.0   36.754  -90.094   1262.9    851.5
     1     1    14     1    25    19     0     0    67.0   36.321  -89.488   1239.8    854.7
     1     1    14     1    25    20     0     0    68.0   35.941  -88.864   1227.1    855.3
     1     1    14     1    25    21     0     0    69.0   35.607  -88.225   1219.7    854.5
     1     1    14     1    25    22     0     0    70.0   35.311  -87.576   1212.7    853.2
     1     1    14     1    25    23     0     0    71.0   35.046  -86.919   1198.0    848.9
     1     1    14     1    26     0     0     0    72.0   34.807  -86.259   1172.0    847.0
     1     1    14     1    26     1     0     0    73.0   34.595  -85.603   1138.0    847.1
     1     1    14     1    26     2     0     0    74.0   34.408  -84.954   1100.3    848.0
     1     1    14     1    26     3     0     0    75.0   34.239  -84.326   1060.1    854.4
     1     1    14     1    26     4     0     0    76.0   34.081  -83.730   1015.8    861.5
     1     1    14     1    26     5     0     0    77.0   33.924  -83.173    968.6    869.3
     1     1    14     1    26     6     0     0    78.0   33.758  -82.659    920.6    877.5
     1     1    14     1    26     7     0     0    79.0   33.593  -82.184    875.1    887.2
     1     1    14     1    26     8     0     0    80.0   33.447  -81.745    833.3    896.9
     1     1    14     1    26     9     0     0    81.0   33.317  -81.346    794.8    905.8
     1     1    14     1    26    10     0     0    82.0   33.204  -80.993    759.7    913.8
     1     1    14     1    26    11     0     0    83.0   33.104  -80.686    728.2    921.0
     1     1    14     1    26    12     0     0    84.0   33.016  -80.428    700.7    927.3
     1     1    14     1    26    13     0     0    85.0   32.950  -80.198    676.4    932.7
     1     1    14     1    26    14     0     0    86.0   32.917  -79.974    653.5    937.5
     1     1    14     1    26    15     0     0    87.0   32.915  -79.757    631.7    940.6
     1     1    14     1    26    16     0     0    88.0   32.947  -79.546    611.0    942.8
     1     1    14     1    26    17     0     0    89.0   33.012  -79.343    591.0    944.8
     1     1    14     1    26    18     0     0    90.0   33.113  -79.151    571.8    946.4
     1     1    14     1    26    19     0     0    91.0   33.241  -78.957    553.6    947.5
     1     1    14     1    26    20     0     0    92.0   33.387  -78.746    537.6    948.4
     1     1    14     1    26    21     0     0    93.0   33.553  -78.519    523.8    949.3
     1     1    14     1    26    22     0     0    94.0   33.741  -78.274    512.5    950.2
     1     1    14     1    26    23     0     0    95.0   33.952  -78.012    504.2    951.1
     1     1    14     1    27     0     0     0    96.0   34.190  -77.732    499.5    952.0
     1     1    14     1    27     1     0     0    97.0   34.441  -77.432    496.4    953.1
     1     1    14     1    27     2     0     0    98.0   34.688  -77.109    492.5    953.8
     1     1    14     1    27     3     0     0    99.0   34.930  -76.760    488.6    954.6
     1     1    14     1    27     4     0     0   100.0   35.168  -76.381    485.2    955.1
     1     1    14     1    27     5     0     0   101.0   35.404  -75.971    483.3    955.7
     1     1    14     1    27     6     0     0   102.0   35.641  -75.531    483.8    956.7
     1     1    14     1    27     7     0     0   103.0   35.887  -75.075    487.2    957.8
     1     1    14     1    27     8     0     0   104.0   36.153  -74.618    493.7    956.7
     1     1    14     1    27     9     0     0   105.0   36.445  -74.160    505.3    954.6
     1     1    14     1    27    10     0     0   106.0   36.766  -73.697    523.2    951.9
     1     1    14     1    27    11     0     0   107.0   37.122  -73.223    548.7    948.5
     1     1    14     1    27    12     0     0   108.0   37.522  -72.731    583.1    944.2
     1     1    14     1    27    13     0     0   109.0   37.945  -72.207    625.8    937.0
     1     1    14     1    27    14     0     0   110.0   38.363  -71.645    676.3    929.7
     1     1    14     1    27    15     0     0   111.0   38.777  -71.038    734.0    922.9
     1     1    14     1    27    16     0     0   112.0   39.198  -70.374    800.6    916.4
     1     1    14     1    27    17     0     0   113.0   39.639  -69.640    877.6    909.1
     1     1    14     1    27    18     0     0   114.0   40.121  -68.832    966.3    899.0
     1     1    14     1    27    19     0     0   115.0   40.640  -67.985   1060.2    887.0
     1     1    14     1    27    20     0     0   116.0   41.164  -67.124   1148.4    877.1
     1     1    14     1    27    21     0     0   117.0   41.670  -66.227   1225.5    867.9
     1     1    14     1    27    22     0     0   118.0   42.149  -65.269   1292.0    860.6
     1     1    14     1    27    23     0     0   119.0   42.601  -64.239   1351.3    853.9
     1     1    14     1    28     0     0     0   120.0   43.044  -63.146   1412.8    846.3
