     1     1
    CDC1    14     1     1     0     0
     1 FORWARD  OMEGA   
    14     1    17     0   75.000 -150.000  3000.0
     1 PRESSURE
     1     1    14     1    17     0     0     0     0.0   75.000 -150.000   3000.0    656.0
     1     1    14     1    17     1     0     0     1.0   74.709 -148.852   2977.2    659.5
     1     1    14     1    17     2     0     0     2.0   74.442 -147.672   2954.7    662.8
     1     1    14     1    17     3     0     0     3.0   74.195 -146.450   2933.7    665.8
     1     1    14     1    17     4     0     0     4.0   73.964 -145.177   2915.3    668.1
     1     1    14     1    17     5     0     0     5.0   73.747 -143.852   2901.9    670.7
     1     1    14     1    17     6     0     0     6.0   73.540 -142.473   2893.1    673.0
     1     1    14     1    17     7     0     0     7.0   73.344 -141.041   2886.6    675.2
     1     1    14     1    17     8     0     0     8.0   73.161 -139.558   2878.8    677.8
     1     1    14     1    17     9     0     0     9.0   72.986 -138.030   2867.6    680.7
     1     1    14     1    17    10     0     0    10.0   72.817 -136.462   2852.9    683.8
     1     1    14     1    17    11     0     0    11.0   72.655 -134.855   2834.9    687.1
     1     1    14     1    17    12     0     0    12.0   72.499 -133.204   2813.2    689.2
     1     1    14     1    17    13     0     0    13.0   72.338 -131.540   2786.2    689.7
     1     1    14     1    17    14     0     0    14.0   72.158 -129.901   2756.4    690.0
     1     1    14     1    17    15     0     0    15.0   71.955 -128.303   2723.7    690.0
     1     1    14     1    17    16     0     0    16.0   71.724 -126.759   2690.2    689.7
     1     1    14     1    17    17     0     0    17.0   71.463 -125.274   2655.9    689.2
     1     1    14     1    17    18     0     0    18.0   71.170 -123.846   2621.8    689.2
     1     1    14     1    17    19     0     0    19.0   70.853 -122.429   2588.3    689.2
     1     1    14     1    17    20     0     0    20.0   70.519 -120.980   2558.0    690.2
     1     1    14     1    17    21     0     0    21.0   70.170 -119.480   2529.8    691.1
     1     1    14     1    17    22     0     0    22.0   69.805 -117.931   2505.7    693.7
     1     1    14     1    17    23     0     0    23.0   69.428 -116.352   2486.6    696.9
     1     1    14     1    18     0     0     0    24.0   69.041 -114.735   2472.4    698.2
     1     1    14     1    18     1     0     0    25.0   68.647 -113.147   2464.4    698.4
     1     1    14     1    18     2     0     0    26.0   68.248 -111.655   2462.5    696.3
     1     1    14     1    18     3     0     0    27.0   67.841 -110.238   2463.2    693.3
     1     1    14     1    18     4     0     0    28.0   67.425 -108.895   2465.6    691.4
     1     1    14     1    18     5     0     0    29.0   67.007 -107.656   2467.5    690.4
     1     1    14     1    18     6     0     0    30.0   66.589 -106.524   2468.4    689.1
     1     1    14     1    18     7     0     0    31.0   66.163 -105.473   2468.7    687.9
     1     1    14     1    18     8     0     0    32.0   65.718 -104.482   2468.7    686.6
     1     1    14     1    18     9     0     0    33.0   65.251 -103.534   2467.9    685.6
     1     1    14     1    18    10     0     0    34.0   64.762 -102.626   2465.1    685.1
     1     1    14     1    18    11     0     0    35.0   64.260 -101.759   2460.1    685.5
     1     1    14     1    18    12     0     0    36.0   63.753 -100.918   2453.0    685.9
     1     1    14     1    18    13     0     0    37.0   63.251 -100.114   2444.6    687.0
     1     1    14     1    18    14     0     0    38.0   62.757  -99.370   2436.2    689.1
     1     1    14     1    18    15     0     0    39.0   62.269  -98.694   2429.6    692.1
     1     1    14     1    18    16     0     0    40.0   61.785  -98.091   2424.8    695.1
     1     1    14     1    18    17     0     0    41.0   61.299  -97.553   2421.7    697.4
     1     1    14     1    18    18     0     0    42.0   60.807  -97.057   2421.9    699.1
     1     1    14     1    18    19     0     0    43.0   60.308  -96.575   2424.0    701.3
     1     1    14     1    18    20     0     0    44.0   59.807  -96.097   2422.1    703.7
     1     1    14     1    18    21     0     0    45.0   59.305  -95.636   2417.0    705.2
     1     1    14     1    18    22     0     0    46.0   58.796  -95.198   2409.4    706.3
     1     1    14     1    18    23     0     0    47.0   58.279  -94.779   2398.2    707.0
     1     1    14     1    19     0     0     0    48.0   57.750  -94.377   2383.8    707.9
     1     1    14     1    19     1     0     0    49.0   57.212  -93.978   2366.5    709.6
     1     1    14     1    19     2     0     0    50.0   56.668  -93.570   2347.4    710.8
     1     1    14     1    19     3     0     0    51.0   56.108  -93.156   2324.0    711.7
     1     1    14     1    19     4     0     0    52.0   55.520  -92.741   2293.3    712.5
     1     1    14     1    19     5     0     0    53.0   54.896  -92.326   2254.0    713.8
     1     1    14     1    19     6     0     0    54.0   54.242  -91.892   2211.0    717.8
     1     1    14     1    19     7     0     0    55.0   53.583  -91.403   2168.8    721.2
     1     1    14     1    19     8     0     0    56.0   52.935  -90.847   2129.9    723.0
     1     1    14     1    19     9     0     0    57.0   52.288  -90.235   2085.4    724.7
     1     1    14     1    19    10     0     0    58.0   51.650  -89.577   2032.3    728.4
     1     1    14     1    19    11     0     0    59.0   51.032  -88.876   1971.4    733.7
     1     1    14     1    19    12     0     0    60.0   50.428  -88.120   1904.3    740.1
     1     1    14     1    19    13     0     0    61.0   49.863  -87.313   1846.4    748.2
     1     1    14     1    19    14     0     0    62.0   49.366  -86.482   1813.5    753.0
     1     1    14     1    19    15     0     0    63.0   48.926  -85.648   1800.6    754.6
     1     1    14     1    19    16     0     0    64.0   48.514  -84.806   1799.6    754.5
     1     1    14     1    19    17     0     0    65.0   48.122  -83.952   1806.4    752.4
     1     1    14     1    19    18     0     0    66.0   47.740  -83.076   1820.1    747.9
     1     1    14     1    19    19     0     0    67.0   47.388  -82.150   1840.2    744.5
     1     1    14     1    19    20     0     0    68.0   47.101  -81.181   1864.8    743.9
     1     1    14     1    19    21     0     0    69.0   46.866  -80.186   1887.0    743.2
     1     1    14     1    19    22     0     0    70.0   46.664  -79.172   1903.0    743.4
     1     1    14     1    19    23     0     0    71.0   46.480  -78.143   1910.3    743.8
     1     1    14     1    20     0     0     0    72.0   46.297  -77.095   1908.3    744.0
     1     1    14     1    20     1     0     0    73.0   46.145  -76.039   1902.3    744.0
     1     1    14     1    20     2     0     0    74.0   46.053  -74.986   1894.8    742.5
     1     1    14     1    20     3     0     0    75.0   46.002  -73.933   1882.6    742.2
     1     1    14     1    20     4     0     0    76.0   45.979  -72.883   1863.4    742.4
     1     1    14     1    20     5     0     0    77.0   45.964  -71.831   1838.1    745.6
     1     1    14     1    20     6     0     0    78.0   45.947  -70.776   1806.7    750.8
     1     1    14     1    20     7     0     0    79.0   45.947  -69.730   1772.9    757.4
     1     1    14     1    20     8     0     0    80.0   45.988  -68.703   1740.7    765.1
     1     1    14     1    20     9     0     0    81.0   46.072  -67.693   1705.3    773.2
     1     1    14     1    20    10     0     0    82.0   46.194  -66.695   1666.0    782.4
     1     1    14     1    20    11     0     0    83.0   46.351  -65.706   1622.3    792.8
     1     1    14     1    20    12     0     0    84.0   46.538  -64.723   1573.6    803.7
     1     1    14     1    20    13     0     0    85.0   46.755  -63.756   1525.2    813.3
     1     1    14     1    20    14     0     0    86.0   47.004  -62.812   1486.3    822.1
     1     1    14     1    20    15     0     0    87.0   47.279  -61.878   1455.1    826.8
     1     1    14     1    20    16     0     0    88.0   47.575  -60.941   1433.0    827.9
     1     1    14     1    20    17     0     0    89.0   47.891  -60.000   1423.8    826.0
     1     1    14     1    20    18     0     0    90.0   48.220  -59.051   1426.1    821.2
     1     1    14     1    20    19     0     0    91.0   48.559  -58.102   1431.5    816.3
     1     1    14     1    20    20     0     0    92.0   48.912  -57.170   1433.8    814.2
     1     1    14     1    20    21     0     0    93.0   49.275  -56.259   1430.7    815.5
     1     1    14     1    20    22     0     0    94.0   49.643  -55.366   1420.8    818.1
     1     1    14     1    20    23     0     0    95.0   50.017  -54.489   1405.5    822.2
     1     1    14     1    21     0     0     0    96.0   50.398  -53.651   1386.7    829.0
     1     1    14     1    21     1     0     0    97.0   50.783  -52.870   1369.8    835.0
     1     1    14     1    21     2     0     0    98.0   51.175  -52.137   1358.8    838.2
     1     1    14     1    21     3     0     0    99.0   51.572  -51.439   1349.7    840.1
     1     1    14     1    21     4     0     0   100.0   51.974  -50.765   1340.4    841.8
     1     1    14     1    21     5     0     0   101.0   52.377  -50.102   1329.0    843.5
     1     1    14     1    21     6     0     0   102.0   52.780  -49.449   1314.5    844.0
     1     1    14     1    21     7     0     0   103.0   53.192  -48.822   1301.8    844.1
     1     1    14     1    21     8     0     0   104.0   53.623  -48.234   1294.4    843.7
     1     1    14     1    21     9     0     0   105.0   54.074  -47.686   1292.2    843.0
     1     1    14     1    21    10     0     0   106.0   54.543  -47.180   1294.3    841.8
     1     1    14     1    21    11     0     0   107.0   55.027  -46.718   1299.2    840.4
     1     1    14     1    21    12     0     0   108.0   55.517  -46.305   1308.7    840.9
     1     1    14     1    21    13     0     0   109.0   56.000  -45.962   1322.9    840.1
     1     1    14     1    21    14     0     0   110.0   56.471  -45.706   1343.2    838.8
     1     1    14     1    21    15     0     0   111.0   56.936  -45.544   1370.7    836.6
     1     1    14     1    21    16     0     0   112.0   57.402  -45.481   1407.1    833.5
     1     1    14     1    21    17     0     0   113.0   57.873  -45.509   1450.2    822.3
     1     1    14     1    21    18     0     0   114.0   58.356  -45.610   1505.3    807.5
     1     1    14     1    21    19     0     0   115.0   58.848  -45.770   1575.3    791.0
     1     1    14     1    21    20     0     0   116.0   59.343  -45.992   1664.2    773.1
     1     1    14     1    21    21     0     0   117.0   59.845  -46.316   1773.8    753.5
     1     1    14     1    21    22     0     0   118.0   60.361  -46.769   1893.4    723.6
     1     1    14     1    21    23     0     0   119.0   60.890  -47.368   2018.4    690.4
     1     1    14     1    22     0     0     0   120.0   61.419  -48.130   2150.8    666.2
