     1     1
    CDC1    14     1     1     0     0
     1 FORWARD  OMEGA   
    14     1     5     0   75.000 -150.000  3000.0
     1 PRESSURE
     1     1    14     1     5     0     0     0     0.0   75.000 -150.000   3000.0    692.7
     1     1    14     1     5     1     0     0     1.0   75.205 -150.632   3017.1    692.1
     1     1    14     1     5     2     0     0     2.0   75.417 -151.208   3033.2    691.2
     1     1    14     1     5     3     0     0     3.0   75.636 -151.730   3047.7    690.2
     1     1    14     1     5     4     0     0     4.0   75.864 -152.200   3059.8    689.2
     1     1    14     1     5     5     0     0     5.0   76.100 -152.622   3069.1    688.3
     1     1    14     1     5     6     0     0     6.0   76.347 -152.994   3075.6    687.6
     1     1    14     1     5     7     0     0     7.0   76.606 -153.301   3081.5    687.3
     1     1    14     1     5     8     0     0     8.0   76.876 -153.523   3089.5    686.5
     1     1    14     1     5     9     0     0     9.0   77.159 -153.652   3099.2    685.4
     1     1    14     1     5    10     0     0    10.0   77.455 -153.677   3110.0    684.3
     1     1    14     1     5    11     0     0    11.0   77.763 -153.598   3121.6    683.2
     1     1    14     1     5    12     0     0    12.0   78.085 -153.425   3133.5    682.3
     1     1    14     1     5    13     0     0    13.0   78.415 -153.192   3148.5    681.6
     1     1    14     1     5    14     0     0    14.0   78.749 -152.920   3169.1    680.1
     1     1    14     1     5    15     0     0    15.0   79.088 -152.601   3196.6    677.9
     1     1    14     1     5    16     0     0    16.0   79.434 -152.226   3232.1    674.8
     1     1    14     1     5    17     0     0    17.0   79.790 -151.785   3276.9    670.8
     1     1    14     1     5    18     0     0    18.0   80.155 -151.267   3330.2    665.4
     1     1    14     1     5    19     0     0    19.0   80.524 -150.637   3382.0    658.6
     1     1    14     1     5    20     0     0    20.0   80.894 -149.859   3428.6    653.0
     1     1    14     1     5    21     0     0    21.0   81.265 -148.912   3468.3    647.8
     1     1    14     1     5    22     0     0    22.0   81.639 -147.772   3500.8    642.9
     1     1    14     1     5    23     0     0    23.0   82.014 -146.416   3526.7    638.6
     1     1    14     1     6     0     0     0    24.0   82.390 -144.818   3545.8    635.0
     1     1    14     1     6     1     0     0    25.0   82.756 -142.942   3559.9    632.5
     1     1    14     1     6     2     0     0    26.0   83.092 -140.777   3571.1    632.1
     1     1    14     1     6     3     0     0    27.0   83.391 -138.347   3579.0    632.0
     1     1    14     1     6     4     0     0    28.0   83.650 -135.690   3586.3    632.7
     1     1    14     1     6     5     0     0    29.0   83.861 -132.856   3593.6    633.8
     1     1    14     1     6     6     0     0    30.0   84.019 -129.907   3602.2    634.8
     1     1    14     1     6     7     0     0    31.0   84.118 -126.967   3614.6    635.1
     1     1    14     1     6     8     0     0    32.0   84.156 -124.150   3630.5    634.6
     1     1    14     1     6     9     0     0    33.0   84.142 -121.525   3651.9    633.8
     1     1    14     1     6    10     0     0    34.0   84.084 -119.114   3676.8    631.9
     1     1    14     1     6    11     0     0    35.0   83.988 -116.942   3705.8    629.4
     1     1    14     1     6    12     0     0    36.0   83.860 -115.003   3739.0    626.8
     1     1    14     1     6    13     0     0    37.0   83.705 -113.348   3771.5    623.4
     1     1    14     1     6    14     0     0    38.0   83.528 -112.022   3803.6    620.1
     1     1    14     1     6    15     0     0    39.0   83.336 -110.972   3835.8    616.9
     1     1    14     1     6    16     0     0    40.0   83.133 -110.139   3868.7    613.8
     1     1    14     1     6    17     0     0    41.0   82.925 -109.464   3902.3    610.2
     1     1    14     1     6    18     0     0    42.0   82.716 -108.897   3938.3    606.4
     1     1    14     1     6    19     0     0    43.0   82.496 -108.391   3976.7    602.7
     1     1    14     1     6    20     0     0    44.0   82.254 -107.921   4012.2    598.5
     1     1    14     1     6    21     0     0    45.0   81.986 -107.468   4044.3    594.8
     1     1    14     1     6    22     0     0    46.0   81.690 -106.999   4071.5    591.2
     1     1    14     1     6    23     0     0    47.0   81.363 -106.482   4094.0    587.7
     1     1    14     1     7     0     0     0    48.0   81.001 -105.882   4111.0    584.5
     1     1    14     1     7     1     0     0    49.0   80.606 -105.225   4121.7    581.4
     1     1    14     1     7     2     0     0    50.0   80.182 -104.535   4124.2    578.4
     1     1    14     1     7     3     0     0    51.0   79.733 -103.822   4120.4    576.9
     1     1    14     1     7     4     0     0    52.0   79.264 -103.123   4111.7    577.2
     1     1    14     1     7     5     0     0    53.0   78.777 -102.422   4098.8    578.3
     1     1    14     1     7     6     0     0    54.0   78.271 -101.681   4083.1    579.5
     1     1    14     1     7     7     0     0    55.0   77.738 -100.833   4069.8    581.1
     1     1    14     1     7     8     0     0    56.0   77.157  -99.894   4059.8    580.7
     1     1    14     1     7     9     0     0    57.0   76.524  -98.994   4053.2    578.7
     1     1    14     1     7    10     0     0    58.0   75.834  -98.189   4054.0    577.1
     1     1    14     1     7    11     0     0    59.0   75.077  -97.486   4061.8    575.8
     1     1    14     1     7    12     0     0    60.0   74.266  -96.908   4071.0    572.9
     1     1    14     1     7    13     0     0    61.0   73.434  -96.452   4079.5    570.2
     1     1    14     1     7    14     0     0    62.0   72.595  -96.089   4078.5    569.2
     1     1    14     1     7    15     0     0    63.0   71.766  -95.776   4064.7    570.8
     1     1    14     1     7    16     0     0    64.0   70.968  -95.485   4031.0    574.2
     1     1    14     1     7    17     0     0    65.0   70.195  -95.238   3972.3    579.8
     1     1    14     1     7    18     0     0    66.0   69.447  -95.044   3884.0    585.2
     1     1    14     1     7    19     0     0    67.0   68.732  -94.895   3785.5    591.0
     1     1    14     1     7    20     0     0    68.0   68.049  -94.794   3692.3    595.4
     1     1    14     1     7    21     0     0    69.0   67.389  -94.749   3608.3    599.9
     1     1    14     1     7    22     0     0    70.0   66.736  -94.757   3541.1    607.1
     1     1    14     1     7    23     0     0    71.0   66.076  -94.804   3483.1    613.3
     1     1    14     1     8     0     0     0    72.0   65.397  -94.881   3432.5    619.0
     1     1    14     1     8     1     0     0    73.0   64.698  -94.958   3383.0    624.3
     1     1    14     1     8     2     0     0    74.0   63.983  -95.009   3325.9    630.7
     1     1    14     1     8     3     0     0    75.0   63.251  -95.042   3262.1    637.9
     1     1    14     1     8     4     0     0    76.0   62.500  -95.075   3192.3    645.7
     1     1    14     1     8     5     0     0    77.0   61.737  -95.094   3118.1    653.1
     1     1    14     1     8     6     0     0    78.0   60.967  -95.086   3044.7    660.4
     1     1    14     1     8     7     0     0    79.0   60.201  -95.029   2977.5    668.4
     1     1    14     1     8     8     0     0    80.0   59.455  -94.896   2914.8    673.5
     1     1    14     1     8     9     0     0    81.0   58.729  -94.693   2857.9    677.3
     1     1    14     1     8    10     0     0    82.0   58.010  -94.438   2803.7    681.2
     1     1    14     1     8    11     0     0    83.0   57.285  -94.149   2748.1    685.7
     1     1    14     1     8    12     0     0    84.0   56.558  -93.827   2688.7    690.4
     1     1    14     1     8    13     0     0    85.0   55.858  -93.454   2629.9    695.3
     1     1    14     1     8    14     0     0    86.0   55.199  -93.034   2575.2    699.0
     1     1    14     1     8    15     0     0    87.0   54.573  -92.597   2519.5    703.9
     1     1    14     1     8    16     0     0    88.0   53.982  -92.160   2456.9    709.9
     1     1    14     1     8    17     0     0    89.0   53.421  -91.733   2383.7    716.8
     1     1    14     1     8    18     0     0    90.0   52.879  -91.321   2297.6    724.9
     1     1    14     1     8    19     0     0    91.0   52.370  -90.889   2205.1    734.0
     1     1    14     1     8    20     0     0    92.0   51.905  -90.412   2118.4    741.5
     1     1    14     1     8    21     0     0    93.0   51.471  -89.900   2038.3    748.6
     1     1    14     1     8    22     0     0    94.0   51.059  -89.365   1964.0    755.7
     1     1    14     1     8    23     0     0    95.0   50.661  -88.815   1894.9    762.8
     1     1    14     1     9     0     0     0    96.0   50.264  -88.260   1829.2    770.2
     1     1    14     1     9     1     0     0    97.0   49.890  -87.700   1769.1    778.3
     1     1    14     1     9     2     0     0    98.0   49.567  -87.143   1716.5    785.7
     1     1    14     1     9     3     0     0    99.0   49.289  -86.604   1667.4    791.9
     1     1    14     1     9     4     0     0   100.0   49.042  -86.089   1618.5    798.1
     1     1    14     1     9     5     0     0   101.0   48.808  -85.604   1566.8    804.5
     1     1    14     1     9     6     0     0   102.0   48.575  -85.156   1510.1    811.5
     1     1    14     1     9     7     0     0   103.0   48.368  -84.721   1455.4    818.5
     1     1    14     1     9     8     0     0   104.0   48.212  -84.273   1412.2    823.1
     1     1    14     1     9     9     0     0   105.0   48.100  -83.818   1377.8    826.7
     1     1    14     1     9    10     0     0   106.0   48.024  -83.366   1350.0    829.6
     1     1    14     1     9    11     0     0   107.0   47.975  -82.927   1326.8    832.2
     1     1    14     1     9    12     0     0   108.0   47.947  -82.509   1306.3    834.5
     1     1    14     1     9    13     0     0   109.0   47.946  -82.082   1286.7    836.6
     1     1    14     1     9    14     0     0   110.0   47.980  -81.610   1267.0    839.0
     1     1    14     1     9    15     0     0   111.0   48.056  -81.095   1248.1    841.5
     1     1    14     1     9    16     0     0   112.0   48.181  -80.541   1231.2    844.3
     1     1    14     1     9    17     0     0   113.0   48.361  -79.950   1217.8    847.0
     1     1    14     1     9    18     0     0   114.0   48.599  -79.323   1208.1    848.8
     1     1    14     1     9    19     0     0   115.0   48.854  -78.643   1202.2    849.6
     1     1    14     1     9    20     0     0   116.0   49.091  -77.897   1200.7    849.6
     1     1    14     1     9    21     0     0   117.0   49.316  -77.085   1205.9    846.7
     1     1    14     1     9    22     0     0   118.0   49.530  -76.207   1219.8    840.8
     1     1    14     1     9    23     0     0   119.0   49.744  -75.266   1246.8    832.7
     1     1    14     1    10     0     0     0   120.0   49.970  -74.262   1289.7    822.8
