     1     1
    CDC1    14     1     1     0     0
     1 FORWARD  OMEGA   
    14     1    21     6   75.000 -150.000  3000.0
     1 PRESSURE
     1     1    14     1    21     6     0     0     0.0   75.000 -150.000   3000.0    675.1
     1     1    14     1    21     7     0     0     1.0   75.093 -148.567   2942.7    679.7
     1     1    14     1    21     8     0     0     2.0   75.170 -147.125   2890.5    684.0
     1     1    14     1    21     9     0     0     3.0   75.232 -145.670   2843.2    688.4
     1     1    14     1    21    10     0     0     4.0   75.277 -144.201   2800.9    693.0
     1     1    14     1    21    11     0     0     5.0   75.308 -142.710   2763.3    697.9
     1     1    14     1    21    12     0     0     6.0   75.326 -141.199   2730.2    702.7
     1     1    14     1    21    13     0     0     7.0   75.329 -139.695   2700.1    706.5
     1     1    14     1    21    14     0     0     8.0   75.318 -138.223   2672.3    710.7
     1     1    14     1    21    15     0     0     9.0   75.291 -136.776   2644.2    714.6
     1     1    14     1    21    16     0     0    10.0   75.244 -135.343   2614.4    718.6
     1     1    14     1    21    17     0     0    11.0   75.173 -133.922   2581.4    722.8
     1     1    14     1    21    18     0     0    12.0   75.073 -132.510   2544.5    727.5
     1     1    14     1    21    19     0     0    13.0   74.952 -131.125   2505.9    731.4
     1     1    14     1    21    20     0     0    14.0   74.821 -129.772   2469.7    734.7
     1     1    14     1    21    21     0     0    15.0   74.680 -128.442   2436.1    737.4
     1     1    14     1    21    22     0     0    16.0   74.531 -127.121   2404.5    739.3
     1     1    14     1    21    23     0     0    17.0   74.374 -125.788   2374.5    739.9
     1     1    14     1    22     0     0     0    18.0   74.209 -124.426   2346.3    740.2
     1     1    14     1    22     1     0     0    19.0   74.037 -123.063   2320.5    740.0
     1     1    14     1    22     2     0     0    20.0   73.862 -121.736   2295.4    739.7
     1     1    14     1    22     3     0     0    21.0   73.682 -120.452   2270.4    739.5
     1     1    14     1    22     4     0     0    22.0   73.496 -119.225   2245.0    740.6
     1     1    14     1    22     5     0     0    23.0   73.306 -118.067   2217.0    742.5
     1     1    14     1    22     6     0     0    24.0   73.111 -116.993   2184.4    745.4
     1     1    14     1    22     7     0     0    25.0   72.926 -115.988   2148.2    749.3
     1     1    14     1    22     8     0     0    26.0   72.758 -115.021   2110.4    753.6
     1     1    14     1    22     9     0     0    27.0   72.603 -114.085   2072.0    758.1
     1     1    14     1    22    10     0     0    28.0   72.456 -113.168   2035.0    762.4
     1     1    14     1    22    11     0     0    29.0   72.311 -112.254   2001.0    766.6
     1     1    14     1    22    12     0     0    30.0   72.161 -111.330   1972.0    770.4
     1     1    14     1    22    13     0     0    31.0   72.002 -110.429   1950.1    773.4
     1     1    14     1    22    14     0     0    32.0   71.835 -109.591   1933.9    775.3
     1     1    14     1    22    15     0     0    33.0   71.661 -108.824   1922.4    776.4
     1     1    14     1    22    16     0     0    34.0   71.484 -108.133   1914.3    777.3
     1     1    14     1    22    17     0     0    35.0   71.304 -107.523   1908.0    778.2
     1     1    14     1    22    18     0     0    36.0   71.125 -107.002   1901.9    778.9
     1     1    14     1    22    19     0     0    37.0   70.962 -106.508   1897.0    779.6
     1     1    14     1    22    20     0     0    38.0   70.823 -105.980   1894.3    779.8
     1     1    14     1    22    21     0     0    39.0   70.706 -105.418   1894.1    779.7
     1     1    14     1    22    22     0     0    40.0   70.606 -104.825   1896.4    779.3
     1     1    14     1    22    23     0     0    41.0   70.519 -104.202   1901.0    778.5
     1     1    14     1    23     0     0     0    42.0   70.441 -103.554   1907.2    777.7
     1     1    14     1    23     1     0     0    43.0   70.358 -102.921   1916.9    776.0
     1     1    14     1    23     2     0     0    44.0   70.264 -102.347   1932.3    773.3
     1     1    14     1    23     3     0     0    45.0   70.167 -101.831   1954.0    769.7
     1     1    14     1    23     4     0     0    46.0   70.070 -101.373   1982.8    765.3
     1     1    14     1    23     5     0     0    47.0   69.979 -100.966   2019.1    760.2
     1     1    14     1    23     6     0     0    48.0   69.896 -100.600   2063.5    754.0
     1     1    14     1    23     7     0     0    49.0   69.805 -100.249   2111.6    747.7
     1     1    14     1    23     8     0     0    50.0   69.692  -99.902   2158.3    742.0
     1     1    14     1    23     9     0     0    51.0   69.559  -99.560   2203.9    736.5
     1     1    14     1    23    10     0     0    52.0   69.409  -99.227   2248.3    730.8
     1     1    14     1    23    11     0     0    53.0   69.245  -98.904   2292.1    725.1
     1     1    14     1    23    12     0     0    54.0   69.068  -98.596   2336.0    719.4
     1     1    14     1    23    13     0     0    55.0   68.876  -98.274   2379.6    713.7
     1     1    14     1    23    14     0     0    56.0   68.665  -97.918   2421.0    708.2
     1     1    14     1    23    15     0     0    57.0   68.433  -97.540   2460.4    702.7
     1     1    14     1    23    16     0     0    58.0   68.179  -97.154   2497.0    697.2
     1     1    14     1    23    17     0     0    59.0   67.901  -96.773   2530.0    691.7
     1     1    14     1    23    18     0     0    60.0   67.598  -96.411   2558.6    686.3
     1     1    14     1    23    19     0     0    61.0   67.268  -96.076   2590.6    682.8
     1     1    14     1    23    20     0     0    62.0   66.912  -95.759   2629.1    678.9
     1     1    14     1    23    21     0     0    63.0   66.527  -95.453   2674.5    674.7
     1     1    14     1    23    22     0     0    64.0   66.110  -95.152   2726.3    670.1
     1     1    14     1    23    23     0     0    65.0   65.659  -94.851   2783.1    665.0
     1     1    14     1    24     0     0     0    66.0   65.172  -94.544   2842.9    659.5
     1     1    14     1    24     1     0     0    67.0   64.659  -94.250   2900.0    654.2
     1     1    14     1    24     2     0     0    68.0   64.131  -93.977   2947.8    650.7
     1     1    14     1    24     3     0     0    69.0   63.590  -93.705   2989.0    648.0
     1     1    14     1    24     4     0     0    70.0   63.034  -93.417   3027.4    645.8
     1     1    14     1    24     5     0     0    71.0   62.464  -93.097   3066.4    643.5
     1     1    14     1    24     6     0     0    72.0   61.883  -92.730   3105.9    640.6
     1     1    14     1    24     7     0     0    73.0   61.297  -92.354   3144.7    637.9
     1     1    14     1    24     8     0     0    74.0   60.705  -91.996   3178.3    635.2
     1     1    14     1    24     9     0     0    75.0   60.112  -91.632   3208.5    632.5
     1     1    14     1    24    10     0     0    76.0   59.527  -91.240   3236.5    629.4
     1     1    14     1    24    11     0     0    77.0   58.962  -90.783   3267.1    626.2
     1     1    14     1    24    12     0     0    78.0   58.420  -90.223   3301.3    622.9
     1     1    14     1    24    13     0     0    79.0   57.915  -89.578   3337.2    619.9
     1     1    14     1    24    14     0     0    80.0   57.461  -88.896   3373.2    616.1
     1     1    14     1    24    15     0     0    81.0   57.070  -88.213   3408.9    610.7
     1     1    14     1    24    16     0     0    82.0   56.745  -87.551   3451.3    604.7
     1     1    14     1    24    17     0     0    83.0   56.488  -86.906   3497.6    598.6
     1     1    14     1    24    18     0     0    84.0   56.302  -86.283   3546.1    592.6
     1     1    14     1    24    19     0     0    85.0   56.171  -85.707   3591.7    588.0
     1     1    14     1    24    20     0     0    86.0   56.077  -85.202   3629.1    584.6
     1     1    14     1    24    21     0     0    87.0   56.009  -84.776   3656.7    582.6
     1     1    14     1    24    22     0     0    88.0   55.957  -84.432   3673.6    581.6
     1     1    14     1    24    23     0     0    89.0   55.912  -84.169   3679.4    581.5
     1     1    14     1    25     0     0     0    90.0   55.864  -83.985   3674.4    582.1
     1     1    14     1    25     1     0     0    91.0   55.811  -83.840   3665.2    583.6
     1     1    14     1    25     2     0     0    92.0   55.756  -83.697   3661.5    584.1
     1     1    14     1    25     3     0     0    93.0   55.701  -83.557   3662.5    584.2
     1     1    14     1    25     4     0     0    94.0   55.644  -83.421   3668.3    583.8
     1     1    14     1    25     5     0     0    95.0   55.585  -83.289   3678.9    583.1
     1     1    14     1    25     6     0     0    96.0   55.523  -83.163   3694.4    581.9
     1     1    14     1    25     7     0     0    97.0   55.453  -83.042   3711.2    580.7
     1     1    14     1    25     8     0     0    98.0   55.370  -82.928   3728.6    579.7
     1     1    14     1    25     9     0     0    99.0   55.274  -82.818   3746.3    578.6
     1     1    14     1    25    10     0     0   100.0   55.164  -82.711   3765.1    577.4
     1     1    14     1    25    11     0     0   101.0   55.040  -82.606   3785.4    576.0
     1     1    14     1    25    12     0     0   102.0   54.904  -82.505   3808.3    574.5
     1     1    14     1    25    13     0     0   103.0   54.765  -82.392   3829.8    572.7
     1     1    14     1    25    14     0     0   104.0   54.633  -82.247   3845.1    571.8
     1     1    14     1    25    15     0     0   105.0   54.511  -82.074   3855.1    571.3
     1     1    14     1    25    16     0     0   106.0   54.400  -81.874   3860.4    571.3
     1     1    14     1    25    17     0     0   107.0   54.302  -81.652   3861.3    571.6
     1     1    14     1    25    18     0     0   108.0   54.219  -81.412   3858.1    572.2
     1     1    14     1    25    19     0     0   109.0   54.156  -81.163   3856.1    573.3
     1     1    14     1    25    20     0     0   110.0   54.120  -80.915   3857.0    573.6
     1     1    14     1    25    21     0     0   111.0   54.110  -80.674   3861.2    573.6
     1     1    14     1    25    22     0     0   112.0   54.126  -80.442   3868.5    573.2
     1     1    14     1    25    23     0     0   113.0   54.167  -80.226   3878.6    572.5
     1     1    14     1    26     0     0     0   114.0   54.234  -80.027   3891.6    571.5
     1     1    14     1    26     1     0     0   115.0   54.322  -79.851   3907.5    569.6
     1     1    14     1    26     2     0     0   116.0   54.426  -79.701   3929.8    567.0
     1     1    14     1    26     3     0     0   117.0   54.542  -79.583   3958.9    564.0
     1     1    14     1    26     4     0     0   118.0   54.671  -79.501   3995.4    560.5
     1     1    14     1    26     5     0     0   119.0   54.810  -79.458   4040.0    556.6
     1     1    14     1    26     6     0     0   120.0   54.957  -79.457   4093.3    552.1
