     1     1
    CDC1    14     1     1     0     0
     1 FORWARD  OMEGA   
    14     1     2     6   75.000 -150.000  3000.0
     1 PRESSURE
     1     1    14     1     2     6     0     0     0.0   75.000 -150.000   3000.0    684.3
     1     1    14     1     2     7     0     0     1.0   74.849 -151.960   2955.9    691.5
     1     1    14     1     2     8     0     0     2.0   74.731 -153.955   2916.3    697.5
     1     1    14     1     2     9     0     0     3.0   74.645 -155.969   2882.7    702.0
     1     1    14     1     2    10     0     0     4.0   74.595 -157.989   2855.9    705.4
     1     1    14     1     2    11     0     0     5.0   74.581 -160.001   2836.7    707.3
     1     1    14     1     2    12     0     0     6.0   74.609 -162.002   2826.1    707.4
     1     1    14     1     2    13     0     0     7.0   74.691 -163.957   2824.2    706.3
     1     1    14     1     2    14     0     0     8.0   74.836 -165.835   2830.5    704.9
     1     1    14     1     2    15     0     0     9.0   75.039 -167.645   2845.0    703.1
     1     1    14     1     2    16     0     0    10.0   75.293 -169.359   2868.6    701.6
     1     1    14     1     2    17     0     0    11.0   75.587 -170.954   2899.5    699.4
     1     1    14     1     2    18     0     0    12.0   75.914 -172.439   2937.7    696.7
     1     1    14     1     2    19     0     0    13.0   76.264 -173.811   2981.8    693.8
     1     1    14     1     2    20     0     0    14.0   76.633 -175.072   3027.5    690.9
     1     1    14     1     2    21     0     0    15.0   77.018 -176.229   3073.6    687.1
     1     1    14     1     2    22     0     0    16.0   77.417 -177.290   3120.4    683.2
     1     1    14     1     2    23     0     0    17.0   77.826 -178.241   3165.5    677.7
     1     1    14     1     3     0     0     0    18.0   78.239 -179.072   3208.7    672.2
     1     1    14     1     3     1     0     0    19.0   78.655 -179.782   3248.3    667.0
     1     1    14     1     3     2     0     0    20.0   79.072  179.645   3282.0    662.7
     1     1    14     1     3     3     0     0    21.0   79.489  179.227   3312.2    658.8
     1     1    14     1     3     4     0     0    22.0   79.906  178.984   3340.8    655.2
     1     1    14     1     3     5     0     0    23.0   80.320  178.947   3371.5    653.1
     1     1    14     1     3     6     0     0    24.0   80.725  179.144   3402.6    651.4
     1     1    14     1     3     7     0     0    25.0   81.119  179.563   3431.6    650.0
     1     1    14     1     3     8     0     0    26.0   81.501 -179.813   3456.3    649.2
     1     1    14     1     3     9     0     0    27.0   81.870 -178.981   3475.6    649.0
     1     1    14     1     3    10     0     0    28.0   82.227 -177.936   3488.3    649.5
     1     1    14     1     3    11     0     0    29.0   82.568 -176.659   3493.2    650.4
     1     1    14     1     3    12     0     0    30.0   82.890 -175.109   3489.1    650.7
     1     1    14     1     3    13     0     0    31.0   83.187 -173.239   3480.7    651.0
     1     1    14     1     3    14     0     0    32.0   83.456 -171.026   3472.2    651.6
     1     1    14     1     3    15     0     0    33.0   83.690 -168.457   3463.0    651.8
     1     1    14     1     3    16     0     0    34.0   83.886 -165.547   3453.3    651.7
     1     1    14     1     3    17     0     0    35.0   84.037 -162.308   3446.6    651.8
     1     1    14     1     3    18     0     0    36.0   84.136 -158.797   3441.9    650.7
     1     1    14     1     3    19     0     0    37.0   84.179 -155.040   3442.0    649.6
     1     1    14     1     3    20     0     0    38.0   84.164 -151.046   3443.2    648.0
     1     1    14     1     3    21     0     0    39.0   84.084 -146.916   3448.2    646.5
     1     1    14     1     3    22     0     0    40.0   83.934 -142.759   3453.9    645.2
     1     1    14     1     3    23     0     0    41.0   83.714 -138.702   3458.6    643.9
     1     1    14     1     4     0     0     0    42.0   83.423 -134.875   3463.5    644.3
     1     1    14     1     4     1     0     0    43.0   83.066 -131.503   3466.5    645.4
     1     1    14     1     4     2     0     0    44.0   82.647 -128.762   3471.9    647.2
     1     1    14     1     4     3     0     0    45.0   82.177 -126.647   3478.0    648.2
     1     1    14     1     4     4     0     0    46.0   81.666 -125.094   3483.9    648.1
     1     1    14     1     4     5     0     0    47.0   81.122 -124.063   3489.6    647.5
     1     1    14     1     4     6     0     0    48.0   80.549 -123.509   3494.5    646.3
     1     1    14     1     4     7     0     0    49.0   79.959 -123.293   3499.4    644.7
     1     1    14     1     4     8     0     0    50.0   79.368 -123.208   3505.1    643.5
     1     1    14     1     4     9     0     0    51.0   78.783 -123.178   3508.6    642.8
     1     1    14     1     4    10     0     0    52.0   78.205 -123.236   3511.0    642.4
     1     1    14     1     4    11     0     0    53.0   77.633 -123.412   3513.6    642.1
     1     1    14     1     4    12     0     0    54.0   77.073 -123.674   3517.1    642.5
     1     1    14     1     4    13     0     0    55.0   76.527 -123.981   3516.7    643.2
     1     1    14     1     4    14     0     0    56.0   75.998 -124.347   3510.9    644.8
     1     1    14     1     4    15     0     0    57.0   75.489 -124.782   3499.5    647.1
     1     1    14     1     4    16     0     0    58.0   75.003 -125.299   3482.8    650.0
     1     1    14     1     4    17     0     0    59.0   74.545 -125.867   3459.7    651.7
     1     1    14     1     4    18     0     0    60.0   74.117 -126.452   3436.0    653.6
     1     1    14     1     4    19     0     0    61.0   73.719 -127.033   3409.6    656.0
     1     1    14     1     4    20     0     0    62.0   73.352 -127.583   3374.7    659.7
     1     1    14     1     4    21     0     0    63.0   73.017 -128.106   3332.7    664.2
     1     1    14     1     4    22     0     0    64.0   72.716 -128.605   3284.4    669.6
     1     1    14     1     4    23     0     0    65.0   72.448 -129.080   3230.5    675.6
     1     1    14     1     5     0     0     0    66.0   72.211 -129.522   3170.9    681.6
     1     1    14     1     5     1     0     0    67.0   71.998 -129.948   3114.4    687.8
     1     1    14     1     5     2     0     0    68.0   71.805 -130.384   3064.1    692.4
     1     1    14     1     5     3     0     0    69.0   71.635 -130.832   3020.9    696.2
     1     1    14     1     5     4     0     0    70.0   71.492 -131.296   2984.1    699.5
     1     1    14     1     5     5     0     0    71.0   71.375 -131.781   2953.4    702.3
     1     1    14     1     5     6     0     0    72.0   71.289 -132.291   2928.9    704.5
     1     1    14     1     5     7     0     0    73.0   71.236 -132.856   2904.6    705.8
     1     1    14     1     5     8     0     0    74.0   71.223 -133.502   2876.2    708.0
     1     1    14     1     5     9     0     0    75.0   71.253 -134.233   2845.7    710.5
     1     1    14     1     5    10     0     0    76.0   71.327 -135.049   2814.3    713.4
     1     1    14     1     5    11     0     0    77.0   71.446 -135.945   2783.0    716.0
     1     1    14     1     5    12     0     0    78.0   71.609 -136.917   2752.9    719.0
     1     1    14     1     5    13     0     0    79.0   71.811 -137.923   2726.1    721.6
     1     1    14     1     5    14     0     0    80.0   72.038 -138.925   2703.6    724.0
     1     1    14     1     5    15     0     0    81.0   72.287 -139.935   2685.6    726.7
     1     1    14     1     5    16     0     0    82.0   72.552 -140.961   2670.2    729.1
     1     1    14     1     5    17     0     0    83.0   72.823 -141.976   2653.8    728.1
     1     1    14     1     5    18     0     0    84.0   73.093 -142.958   2640.8    727.2
     1     1    14     1     5    19     0     0    85.0   73.353 -143.934   2629.8    727.0
     1     1    14     1     5    20     0     0    86.0   73.597 -144.929   2618.2    726.8
     1     1    14     1     5    21     0     0    87.0   73.825 -145.945   2604.6    727.4
     1     1    14     1     5    22     0     0    88.0   74.032 -146.986   2587.0    728.5
     1     1    14     1     5    23     0     0    89.0   74.220 -148.055   2564.7    730.6
     1     1    14     1     6     0     0     0    90.0   74.387 -149.155   2537.4    733.8
     1     1    14     1     6     1     0     0    91.0   74.535 -150.272   2506.5    737.4
     1     1    14     1     6     2     0     0    92.0   74.660 -151.386   2476.0    740.7
     1     1    14     1     6     3     0     0    93.0   74.763 -152.496   2443.9    744.4
     1     1    14     1     6     4     0     0    94.0   74.843 -153.604   2408.1    748.3
     1     1    14     1     6     5     0     0    95.0   74.897 -154.712   2368.5    752.8
     1     1    14     1     6     6     0     0    96.0   74.927 -155.826   2323.2    757.5
     1     1    14     1     6     7     0     0    97.0   74.935 -156.970   2276.1    763.2
     1     1    14     1     6     8     0     0    98.0   74.924 -158.162   2228.7    768.6
     1     1    14     1     6     9     0     0    99.0   74.895 -159.399   2182.6    773.8
     1     1    14     1     6    10     0     0   100.0   74.850 -160.677   2138.0    778.3
     1     1    14     1     6    11     0     0   101.0   74.791 -161.995   2095.5    782.1
     1     1    14     1     6    12     0     0   102.0   74.723 -163.354   2056.4    785.7
     1     1    14     1     6    13     0     0   103.0   74.642 -164.730   2015.7    788.4
     1     1    14     1     6    14     0     0   104.0   74.548 -166.106   1969.2    792.5
     1     1    14     1     6    15     0     0   105.0   74.447 -167.490   1917.1    797.4
     1     1    14     1     6    16     0     0   106.0   74.348 -168.897   1860.3    803.7
     1     1    14     1     6    17     0     0   107.0   74.256 -170.336   1799.4    810.5
     1     1    14     1     6    18     0     0   108.0   74.180 -171.815   1736.1    818.4
     1     1    14     1     6    19     0     0   109.0   74.123 -173.312   1675.4    825.8
     1     1    14     1     6    20     0     0   110.0   74.091 -174.799   1623.0    832.0
     1     1    14     1     6    21     0     0   111.0   74.091 -176.272   1578.7    837.5
     1     1    14     1     6    22     0     0   112.0   74.127 -177.720   1543.3    841.9
     1     1    14     1     6    23     0     0   113.0   74.205 -179.129   1516.6    845.1
     1     1    14     1     7     0     0     0   114.0   74.325  179.519   1499.1    846.9
     1     1    14     1     7     1     0     0   115.0   74.485  178.257   1488.0    847.6
     1     1    14     1     7     2     0     0   116.0   74.675  177.113   1481.4    847.7
     1     1    14     1     7     3     0     0   117.0   74.893  176.095   1478.8    846.9
     1     1    14     1     7     4     0     0   118.0   75.129  175.225   1480.0    845.9
     1     1    14     1     7     5     0     0   119.0   75.369  174.527   1484.4    845.2
     1     1    14     1     7     6     0     0   120.0   75.604  174.004   1491.2    844.4
