     1     1
    CDC1    14     1     1     0     0
     1 FORWARD  OMEGA   
    14     1    26    18   75.000 -150.000  3000.0
     1 PRESSURE
     1     1    14     1    26    18     0     0     0.0   75.000 -150.000   3000.0    687.6
     1     1    14     1    26    19     0     0     1.0   75.058 -148.585   2987.3    687.6
     1     1    14     1    26    20     0     0     2.0   75.098 -147.164   2972.3    688.2
     1     1    14     1    26    21     0     0     3.0   75.121 -145.739   2953.5    689.5
     1     1    14     1    26    22     0     0     4.0   75.126 -144.317   2930.0    691.6
     1     1    14     1    26    23     0     0     5.0   75.116 -142.904   2900.8    694.5
     1     1    14     1    27     0     0     0     6.0   75.090 -141.512   2866.1    698.6
     1     1    14     1    27     1     0     0     7.0   75.052 -140.178   2829.2    703.5
     1     1    14     1    27     2     0     0     8.0   75.004 -138.930   2794.5    708.2
     1     1    14     1    27     3     0     0     9.0   74.947 -137.771   2762.8    712.8
     1     1    14     1    27     4     0     0    10.0   74.879 -136.703   2734.4    717.0
     1     1    14     1    27     5     0     0    11.0   74.801 -135.721   2709.0    720.9
     1     1    14     1    27     6     0     0    12.0   74.711 -134.819   2686.7    724.3
     1     1    14     1    27     7     0     0    13.0   74.606 -133.977   2663.9    727.0
     1     1    14     1    27     8     0     0    14.0   74.484 -133.181   2639.4    730.0
     1     1    14     1    27     9     0     0    15.0   74.347 -132.429   2611.2    733.3
     1     1    14     1    27    10     0     0    16.0   74.198 -131.721   2577.5    736.7
     1     1    14     1    27    11     0     0    17.0   74.038 -131.059   2537.9    740.5
     1     1    14     1    27    12     0     0    18.0   73.868 -130.442   2491.4    744.9
     1     1    14     1    27    13     0     0    19.0   73.688 -129.898   2439.4    749.8
     1     1    14     1    27    14     0     0    20.0   73.496 -129.451   2384.8    754.6
     1     1    14     1    27    15     0     0    21.0   73.292 -129.104   2327.6    759.6
     1     1    14     1    27    16     0     0    22.0   73.076 -128.860   2267.9    765.0
     1     1    14     1    27    17     0     0    23.0   72.851 -128.725   2205.9    770.9
     1     1    14     1    27    18     0     0    24.0   72.616 -128.701   2141.3    777.0
     1     1    14     1    27    19     0     0    25.0   72.379 -128.734   2076.6    783.5
     1     1    14     1    27    20     0     0    26.0   72.148 -128.767   2012.9    789.5
     1     1    14     1    27    21     0     0    27.0   71.922 -128.794   1951.2    795.2
     1     1    14     1    27    22     0     0    28.0   71.700 -128.815   1890.8    800.8
     1     1    14     1    27    23     0     0    29.0   71.481 -128.830   1831.4    806.3
     1     1    14     1    28     0     0     0    30.0   71.265 -128.837   1772.4    811.8
     1     1    14     1    28     1     0     0    31.0   71.059 -128.880   1716.6    817.2
     1     1    14     1    28     2     0     0    32.0   70.873 -128.998   1666.8    821.6
     1     1    14     1    28     3     0     0    33.0   70.708 -129.189   1623.0    825.8
     1     1    14     1    28     4     0     0    34.0   70.567 -129.455   1585.5    829.8
     1     1    14     1    28     5     0     0    35.0   70.452 -129.794   1555.2    833.4
     1     1    14     1    28     6     0     0    36.0   70.366 -130.205   1532.8    836.2
     1     1    14     1    28     7     0     0    37.0   70.305 -130.655   1515.5    837.5
     1     1    14     1    28     8     0     0    38.0   70.268 -131.114   1499.8    838.9
     1     1    14     1    28     9     0     0    39.0   70.252 -131.585   1484.6    840.5
     1     1    14     1    28    10     0     0    40.0   70.258 -132.068   1468.9    842.2
     1     1    14     1    28    11     0     0    41.0   70.285 -132.569   1451.3    844.2
     1     1    14     1    28    12     0     0    42.0   70.330 -133.093   1430.0    845.9
     1     1    14     1    28    13     0     0    43.0   70.384 -133.675   1404.0    848.1
     1     1    14     1    28    14     0     0    44.0   70.441 -134.349   1373.1    850.9
     1     1    14     1    28    15     0     0    45.0   70.501 -135.120   1338.0    854.1
     1     1    14     1    28    16     0     0    46.0   70.565 -135.988   1299.4    856.8
     1     1    14     1    28    17     0     0    47.0   70.632 -136.950   1259.3    859.3
     1     1    14     1    28    18     0     0    48.0   70.704 -138.008   1219.6    861.4
     1     1    14     1    28    19     0     0    49.0   70.795 -139.124   1180.5    863.4
     1     1    14     1    28    20     0     0    50.0   70.915 -140.259   1141.7    866.2
     1     1    14     1    28    21     0     0    51.0   71.066 -141.412   1103.8    870.1
     1     1    14     1    28    22     0     0    52.0   71.247 -142.578   1067.6    874.8
     1     1    14     1    28    23     0     0    53.0   71.461 -143.753   1035.0    881.3
     1     1    14     1    29     0     0     0    54.0   71.711 -144.930   1007.0    888.6
     1     1    14     1    29     1     0     0    55.0   71.986 -146.109    987.0    897.2
     1     1    14     1    29     2     0     0    56.0   72.267 -147.291    976.5    904.9
     1     1    14     1    29     3     0     0    57.0   72.544 -148.464    973.3    910.7
     1     1    14     1    29     4     0     0    58.0   72.800 -149.550    975.0    909.5
     1     1    14     1    29     5     0     0    59.0   73.029 -150.500    982.7    907.5
     1     1    14     1    29     6     0     0    60.0   73.229 -151.332    994.2    905.2
     1     1    14     1    29     7     0     0    61.0   73.411 -152.058   1006.4    903.0
     1     1    14     1    29     8     0     0    62.0   73.586 -152.689   1016.5    901.1
     1     1    14     1    29     9     0     0    63.0   73.753 -153.242   1024.8    899.4
     1     1    14     1    29    10     0     0    64.0   73.912 -153.732   1031.5    897.9
     1     1    14     1    29    11     0     0    65.0   74.064 -154.176   1036.8    896.6
     1     1    14     1    29    12     0     0    66.0   74.205 -154.584   1041.1    895.5
     1     1    14     1    29    13     0     0    67.0   74.329 -154.984   1046.7    894.4
     1     1    14     1    29    14     0     0    68.0   74.426 -155.398   1055.9    892.4
     1     1    14     1    29    15     0     0    69.0   74.495 -155.832   1068.4    890.3
     1     1    14     1    29    16     0     0    70.0   74.536 -156.290   1084.1    887.9
     1     1    14     1    29    17     0     0    71.0   74.549 -156.775   1103.0    885.4
     1     1    14     1    29    18     0     0    72.0   74.532 -157.285   1125.0    882.6
     1     1    14     1    29    19     0     0    73.0   74.501 -157.804   1148.4    879.7
     1     1    14     1    29    20     0     0    74.0   74.468 -158.320   1170.5    877.0
     1     1    14     1    29    21     0     0    75.0   74.439 -158.833   1192.1    874.3
     1     1    14     1    29    22     0     0    76.0   74.417 -159.350   1213.3    871.5
     1     1    14     1    29    23     0     0    77.0   74.405 -159.875   1234.6    868.6
     1     1    14     1    30     0     0     0    78.0   74.407 -160.415   1256.2    865.7
     1     1    14     1    30     1     0     0    79.0   74.422 -160.937   1278.2    863.1
     1     1    14     1    30     2     0     0    80.0   74.449 -161.406   1301.0    860.3
     1     1    14     1    30     3     0     0    81.0   74.487 -161.827   1324.0    857.3
     1     1    14     1    30     4     0     0    82.0   74.535 -162.205   1347.1    854.3
     1     1    14     1    30     5     0     0    83.0   74.593 -162.544   1370.1    851.3
     1     1    14     1    30     6     0     0    84.0   74.659 -162.848   1392.9    848.2
     1     1    14     1    30     7     0     0    85.0   74.742 -163.139   1415.7    845.5
     1     1    14     1    30     8     0     0    86.0   74.850 -163.442   1438.6    842.7
     1     1    14     1    30     9     0     0    87.0   74.982 -163.766   1461.7    839.9
     1     1    14     1    30    10     0     0    88.0   75.138 -164.128   1484.5    837.3
     1     1    14     1    30    11     0     0    89.0   75.317 -164.549   1506.4    834.9
     1     1    14     1    30    12     0     0    90.0   75.519 -165.046   1527.6    832.6
     1     1    14     1    30    13     0     0    91.0   75.737 -165.583   1548.8    830.6
     1     1    14     1    30    14     0     0    92.0   75.963 -166.114   1569.6    828.7
     1     1    14     1    30    15     0     0    93.0   76.195 -166.637   1591.2    826.8
     1     1    14     1    30    16     0     0    94.0   76.434 -167.154   1614.5    824.7
     1     1    14     1    30    17     0     0    95.0   76.677 -167.668   1640.2    822.4
     1     1    14     1    30    18     0     0    96.0   76.925 -168.185   1669.0    819.9
     1     1    14     1    30    19     0     0    97.0   77.171 -168.747   1701.2    817.1
     1     1    14     1    30    20     0     0    98.0   77.410 -169.393   1736.6    813.9
     1     1    14     1    30    21     0     0    99.0   77.645 -170.112   1772.8    810.1
     1     1    14     1    30    22     0     0   100.0   77.877 -170.888   1807.4    806.2
     1     1    14     1    30    23     0     0   101.0   78.107 -171.717   1839.3    802.7
     1     1    14     1    31     0     0     0   102.0   78.338 -172.601   1868.2    799.5
     1     1    14     1    31     1     0     0   103.0   78.567 -173.481   1891.1    796.7
     1     1    14     1    31     2     0     0   104.0   78.786 -174.280   1906.9    794.7
     1     1    14     1    31     3     0     0   105.0   79.001 -174.984   1916.8    793.1
     1     1    14     1    31     4     0     0   106.0   79.215 -175.578   1922.1    791.8
     1     1    14     1    31     5     0     0   107.0   79.430 -176.054   1924.0    790.9
     1     1    14     1    31     6     0     0   108.0   79.650 -176.401   1923.4    790.2
     1     1    14     1    31     7     0     0   109.0   79.866 -176.685   1918.6    789.9
     1     1    14     1    31     8     0     0   110.0   80.067 -176.964   1908.5    790.7
     1     1    14     1    31     9     0     0   111.0   80.252 -177.226   1892.7    793.1
     1     1    14     1    31    10     0     0   112.0   80.422 -177.465   1870.8    796.0
     1     1    14     1    31    11     0     0   113.0   80.580 -177.673   1843.1    799.6
     1     1    14     1    31    12     0     0   114.0   80.727 -177.842   1810.0    803.7
     1     1    14     1    31    13     0     0   115.0   80.866 -177.977   1774.9    808.6
     1     1    14     1    31    14     0     0   116.0   80.999 -178.077   1739.8    813.2
     1     1    14     1    31    15     0     0   117.0   81.126 -178.121   1704.3    817.6
     1     1    14     1    31    16     0     0   118.0   81.243 -178.091   1667.8    822.1
     1     1    14     1    31    17     0     0   119.0   81.351 -177.969   1629.9    826.6
     1     1    14     1    31    18     0     0   120.0   81.447 -177.740   1590.2    831.4
