     1     1
    CDC1    14     1     1     0     0
     1 FORWARD  OMEGA   
    14     1    14     6   75.000 -150.000  3000.0
     1 PRESSURE
     1     1    14     1    14     6     0     0     0.0   75.000 -150.000   3000.0    649.9
     1     1    14     1    14     7     0     0     1.0   74.715 -149.212   2996.9    651.4
     1     1    14     1    14     8     0     0     2.0   74.466 -148.345   2996.2    652.1
     1     1    14     1    14     9     0     0     3.0   74.249 -147.387   2997.3    652.3
     1     1    14     1    14    10     0     0     4.0   74.059 -146.331   3000.7    652.4
     1     1    14     1    14    11     0     0     5.0   73.893 -145.171   3005.0    652.1
     1     1    14     1    14    12     0     0     6.0   73.745 -143.912   3011.4    652.0
     1     1    14     1    14    13     0     0     7.0   73.616 -142.587   3021.7    651.6
     1     1    14     1    14    14     0     0     8.0   73.505 -141.229   3037.0    651.2
     1     1    14     1    14    15     0     0     9.0   73.407 -139.841   3054.8    650.6
     1     1    14     1    14    16     0     0    10.0   73.319 -138.432   3073.1    650.5
     1     1    14     1    14    17     0     0    11.0   73.236 -137.015   3089.1    650.3
     1     1    14     1    14    18     0     0    12.0   73.154 -135.602   3100.4    650.2
     1     1    14     1    14    19     0     0    13.0   73.077 -134.206   3109.6    650.4
     1     1    14     1    14    20     0     0    14.0   73.009 -132.823   3119.1    649.8
     1     1    14     1    14    21     0     0    15.0   72.948 -131.453   3128.7    647.9
     1     1    14     1    14    22     0     0    16.0   72.889 -130.099   3139.2    645.6
     1     1    14     1    14    23     0     0    17.0   72.830 -128.767   3149.6    642.5
     1     1    14     1    15     0     0     0    18.0   72.769 -127.466   3159.8    639.2
     1     1    14     1    15     1     0     0    19.0   72.702 -126.201   3163.6    635.4
     1     1    14     1    15     2     0     0    20.0   72.629 -124.980   3159.4    633.0
     1     1    14     1    15     3     0     0    21.0   72.549 -123.816   3145.6    632.3
     1     1    14     1    15     4     0     0    22.0   72.465 -122.726   3121.7    632.3
     1     1    14     1    15     5     0     0    23.0   72.379 -121.723   3088.7    634.1
     1     1    14     1    15     6     0     0    24.0   72.295 -120.818   3045.3    637.0
     1     1    14     1    15     7     0     0    25.0   72.218 -119.954   2997.1    641.4
     1     1    14     1    15     8     0     0    26.0   72.152 -119.068   2953.0    646.0
     1     1    14     1    15     9     0     0    27.0   72.094 -118.158   2910.8    650.4
     1     1    14     1    15    10     0     0    28.0   72.039 -117.219   2870.7    655.0
     1     1    14     1    15    11     0     0    29.0   71.984 -116.254   2833.2    659.8
     1     1    14     1    15    12     0     0    30.0   71.923 -115.262   2797.6    664.4
     1     1    14     1    15    13     0     0    31.0   71.863 -114.295   2766.8    669.3
     1     1    14     1    15    14     0     0    32.0   71.811 -113.398   2745.5    673.2
     1     1    14     1    15    15     0     0    33.0   71.768 -112.570   2732.8    676.0
     1     1    14     1    15    16     0     0    34.0   71.733 -111.808   2728.3    677.7
     1     1    14     1    15    17     0     0    35.0   71.706 -111.106   2732.1    678.4
     1     1    14     1    15    18     0     0    36.0   71.687 -110.460   2743.8    678.3
     1     1    14     1    15    19     0     0    37.0   71.664 -109.842   2757.1    677.3
     1     1    14     1    15    20     0     0    38.0   71.626 -109.225   2766.6    677.0
     1     1    14     1    15    21     0     0    39.0   71.571 -108.611   2773.0    677.1
     1     1    14     1    15    22     0     0    40.0   71.497 -108.004   2776.5    677.6
     1     1    14     1    15    23     0     0    41.0   71.401 -107.404   2777.5    678.3
     1     1    14     1    16     0     0     0    42.0   71.282 -106.807   2776.1    679.0
     1     1    14     1    16     1     0     0    43.0   71.150 -106.212   2776.5    679.5
     1     1    14     1    16     2     0     0    44.0   71.017 -105.625   2778.8    679.6
     1     1    14     1    16     3     0     0    45.0   70.882 -105.044   2782.5    679.5
     1     1    14     1    16     4     0     0    46.0   70.747 -104.470   2786.1    679.2
     1     1    14     1    16     5     0     0    47.0   70.613 -103.905   2788.3    679.2
     1     1    14     1    16     6     0     0    48.0   70.481 -103.354   2787.6    679.6
     1     1    14     1    16     7     0     0    49.0   70.350 -102.809   2784.1    680.3
     1     1    14     1    16     8     0     0    50.0   70.222 -102.263   2778.5    680.9
     1     1    14     1    16     9     0     0    51.0   70.096 -101.717   2771.0    681.4
     1     1    14     1    16    10     0     0    52.0   69.970 -101.174   2761.7    682.0
     1     1    14     1    16    11     0     0    53.0   69.841 -100.634   2750.2    682.3
     1     1    14     1    16    12     0     0    54.0   69.705 -100.099   2737.3    682.9
     1     1    14     1    16    13     0     0    55.0   69.573  -99.571   2724.7    683.5
     1     1    14     1    16    14     0     0    56.0   69.455  -99.058   2713.6    684.1
     1     1    14     1    16    15     0     0    57.0   69.355  -98.558   2705.1    684.4
     1     1    14     1    16    16     0     0    58.0   69.275  -98.074   2700.0    684.4
     1     1    14     1    16    17     0     0    59.0   69.217  -97.605   2699.1    684.1
     1     1    14     1    16    18     0     0    60.0   69.182  -97.152   2702.8    683.3
     1     1    14     1    16    19     0     0    61.0   69.151  -96.708   2709.8    682.3
     1     1    14     1    16    20     0     0    62.0   69.102  -96.265   2717.2    681.3
     1     1    14     1    16    21     0     0    63.0   69.038  -95.825   2725.6    680.1
     1     1    14     1    16    22     0     0    64.0   68.959  -95.391   2735.0    678.6
     1     1    14     1    16    23     0     0    65.0   68.869  -94.965   2745.8    676.9
     1     1    14     1    17     0     0     0    66.0   68.769  -94.549   2757.8    675.1
     1     1    14     1    17     1     0     0    67.0   68.674  -94.140   2769.6    673.0
     1     1    14     1    17     2     0     0    68.0   68.599  -93.744   2779.6    671.1
     1     1    14     1    17     3     0     0    69.0   68.544  -93.361   2788.5    669.5
     1     1    14     1    17     4     0     0    70.0   68.510  -92.992   2796.5    668.0
     1     1    14     1    17     5     0     0    71.0   68.497  -92.637   2803.9    666.7
     1     1    14     1    17     6     0     0    72.0   68.506  -92.295   2811.2    665.7
     1     1    14     1    17     7     0     0    73.0   68.516  -91.952   2819.0    665.2
     1     1    14     1    17     8     0     0    74.0   68.508  -91.597   2829.0    664.2
     1     1    14     1    17     9     0     0    75.0   68.484  -91.232   2841.1    662.9
     1     1    14     1    17    10     0     0    76.0   68.444  -90.856   2855.8    661.2
     1     1    14     1    17    11     0     0    77.0   68.392  -90.471   2873.4    659.1
     1     1    14     1    17    12     0     0    78.0   68.330  -90.078   2894.3    656.5
     1     1    14     1    17    13     0     0    79.0   68.270  -89.682   2916.0    653.5
     1     1    14     1    17    14     0     0    80.0   68.225  -89.292   2934.0    651.3
     1     1    14     1    17    15     0     0    81.0   68.195  -88.909   2947.7    649.7
     1     1    14     1    17    16     0     0    82.0   68.180  -88.538   2956.4    648.7
     1     1    14     1    17    17     0     0    83.0   68.179  -88.181   2959.5    648.3
     1     1    14     1    17    18     0     0    84.0   68.192  -87.840   2956.3    648.6
     1     1    14     1    17    19     0     0    85.0   68.224  -87.531   2948.8    649.9
     1     1    14     1    17    20     0     0    86.0   68.280  -87.266   2943.4    651.1
     1     1    14     1    17    21     0     0    87.0   68.357  -87.046   2938.2    652.3
     1     1    14     1    17    22     0     0    88.0   68.455  -86.875   2933.0    653.7
     1     1    14     1    17    23     0     0    89.0   68.574  -86.754   2928.0    655.1
     1     1    14     1    18     0     0     0    90.0   68.711  -86.688   2923.3    656.6
     1     1    14     1    18     1     0     0    91.0   68.862  -86.676   2920.8    658.0
     1     1    14     1    18     2     0     0    92.0   69.023  -86.720   2922.1    658.9
     1     1    14     1    18     3     0     0    93.0   69.191  -86.820   2926.2    659.5
     1     1    14     1    18     4     0     0    94.0   69.365  -86.977   2932.3    660.1
     1     1    14     1    18     5     0     0    95.0   69.545  -87.195   2939.3    660.7
     1     1    14     1    18     6     0     0    96.0   69.731  -87.477   2945.9    661.4
     1     1    14     1    18     7     0     0    97.0   69.923  -87.831   2949.4    663.1
     1     1    14     1    18     8     0     0    98.0   70.119  -88.266   2942.3    664.4
     1     1    14     1    18     9     0     0    99.0   70.313  -88.783   2926.5    665.6
     1     1    14     1    18    10     0     0   100.0   70.501  -89.381   2903.2    667.6
     1     1    14     1    18    11     0     0   101.0   70.679  -90.058   2872.1    670.6
     1     1    14     1    18    12     0     0   102.0   70.838  -90.812   2832.6    674.3
     1     1    14     1    18    13     0     0   103.0   70.963  -91.629   2790.8    679.3
     1     1    14     1    18    14     0     0   104.0   71.044  -92.492   2750.6    683.7
     1     1    14     1    18    15     0     0   105.0   71.082  -93.390   2713.0    687.5
     1     1    14     1    18    16     0     0   106.0   71.079  -94.310   2678.0    691.2
     1     1    14     1    18    17     0     0   107.0   71.036  -95.244   2644.8    694.7
     1     1    14     1    18    18     0     0   108.0   70.958  -96.184   2612.2    698.2
     1     1    14     1    18    19     0     0   109.0   70.856  -97.096   2576.9    701.9
     1     1    14     1    18    20     0     0   110.0   70.745  -97.950   2536.6    706.6
     1     1    14     1    18    21     0     0   111.0   70.625  -98.749   2492.2    712.1
     1     1    14     1    18    22     0     0   112.0   70.500  -99.495   2444.6    717.9
     1     1    14     1    18    23     0     0   113.0   70.371 -100.195   2395.0    724.1
     1     1    14     1    19     0     0     0   114.0   70.243 -100.854   2344.7    730.7
     1     1    14     1    19     1     0     0   115.0   70.112 -101.488   2295.9    737.1
     1     1    14     1    19     2     0     0   116.0   69.976 -102.107   2250.5    742.9
     1     1    14     1    19     3     0     0   117.0   69.838 -102.708   2207.7    747.5
     1     1    14     1    19     4     0     0   118.0   69.705 -103.293   2168.0    751.6
     1     1    14     1    19     5     0     0   119.0   69.582 -103.863   2131.5    755.3
     1     1    14     1    19     6     0     0   120.0   69.476 -104.421   2098.5    758.8
