     1     1
    CDC1    14     1     1     0     0
     1 FORWARD  OMEGA   
    14     1    21     0   75.000 -150.000  3000.0
     1 PRESSURE
     1     1    14     1    21     0     0     0     0.0   75.000 -150.000   3000.0    674.9
     1     1    14     1    21     1     0     0     1.0   75.126 -148.714   2974.2    676.7
     1     1    14     1    21     2     0     0     2.0   75.241 -147.439   2944.9    678.9
     1     1    14     1    21     3     0     0     3.0   75.344 -146.166   2913.0    681.6
     1     1    14     1    21     4     0     0     4.0   75.435 -144.890   2878.1    684.8
     1     1    14     1    21     5     0     0     5.0   75.509 -143.609   2841.1    689.0
     1     1    14     1    21     6     0     0     6.0   75.566 -142.324   2800.7    693.6
     1     1    14     1    21     7     0     0     7.0   75.607 -141.042   2761.4    699.4
     1     1    14     1    21     8     0     0     8.0   75.637 -139.762   2725.7    704.3
     1     1    14     1    21     9     0     0     9.0   75.660 -138.472   2694.4    709.1
     1     1    14     1    21    10     0     0    10.0   75.677 -137.164   2666.5    713.3
     1     1    14     1    21    11     0     0    11.0   75.693 -135.829   2641.3    716.7
     1     1    14     1    21    12     0     0    12.0   75.709 -134.454   2619.1    719.6
     1     1    14     1    21    13     0     0    13.0   75.717 -133.056   2598.9    721.9
     1     1    14     1    21    14     0     0    14.0   75.704 -131.660   2576.1    723.9
     1     1    14     1    21    15     0     0    15.0   75.666 -130.265   2551.5    725.6
     1     1    14     1    21    16     0     0    16.0   75.598 -128.877   2525.3    727.3
     1     1    14     1    21    17     0     0    17.0   75.497 -127.509   2496.7    729.5
     1     1    14     1    21    18     0     0    18.0   75.359 -126.166   2465.0    731.1
     1     1    14     1    21    19     0     0    19.0   75.197 -124.834   2434.3    732.9
     1     1    14     1    21    20     0     0    20.0   75.024 -123.496   2405.4    733.9
     1     1    14     1    21    21     0     0    21.0   74.841 -122.136   2376.7    734.3
     1     1    14     1    21    22     0     0    22.0   74.651 -120.739   2348.4    734.5
     1     1    14     1    21    23     0     0    23.0   74.456 -119.291   2321.4    735.1
     1     1    14     1    22     0     0     0    24.0   74.257 -117.781   2295.1    736.7
     1     1    14     1    22     1     0     0    25.0   74.056 -116.279   2269.6    738.8
     1     1    14     1    22     2     0     0    26.0   73.853 -114.865   2242.4    741.3
     1     1    14     1    22     3     0     0    27.0   73.647 -113.550   2212.5    744.5
     1     1    14     1    22     4     0     0    28.0   73.439 -112.341   2178.4    748.1
     1     1    14     1    22     5     0     0    29.0   73.228 -111.239   2138.4    752.3
     1     1    14     1    22     6     0     0    30.0   73.017 -110.241   2091.7    757.0
     1     1    14     1    22     7     0     0    31.0   72.808 -109.302   2044.2    763.0
     1     1    14     1    22     8     0     0    32.0   72.600 -108.372   2000.5    767.8
     1     1    14     1    22     9     0     0    33.0   72.386 -107.438   1962.9    771.9
     1     1    14     1    22    10     0     0    34.0   72.160 -106.487   1932.9    774.9
     1     1    14     1    22    11     0     0    35.0   71.917 -105.502   1912.2    777.0
     1     1    14     1    22    12     0     0    36.0   71.651 -104.471   1901.5    778.0
     1     1    14     1    22    13     0     0    37.0   71.374 -103.451   1898.6    778.1
     1     1    14     1    22    14     0     0    38.0   71.099 -102.509   1897.1    778.0
     1     1    14     1    22    15     0     0    39.0   70.830 -101.649   1895.0    777.9
     1     1    14     1    22    16     0     0    40.0   70.570 -100.875   1889.8    778.1
     1     1    14     1    22    17     0     0    41.0   70.317 -100.188   1879.3    779.1
     1     1    14     1    22    18     0     0    42.0   70.074  -99.587   1861.8    780.9
     1     1    14     1    22    19     0     0    43.0   69.843  -99.012   1842.4    783.0
     1     1    14     1    22    20     0     0    44.0   69.623  -98.397   1826.8    783.7
     1     1    14     1    22    21     0     0    45.0   69.404  -97.747   1815.0    783.9
     1     1    14     1    22    22     0     0    46.0   69.180  -97.067   1806.5    783.6
     1     1    14     1    22    23     0     0    47.0   68.945  -96.365   1800.7    782.6
     1     1    14     1    23     0     0     0    48.0   68.694  -95.644   1797.4    780.7
     1     1    14     1    23     1     0     0    49.0   68.446  -94.937   1798.3    777.5
     1     1    14     1    23     2     0     0    50.0   68.226  -94.282   1804.1    773.6
     1     1    14     1    23     3     0     0    51.0   68.042  -93.683   1813.2    769.4
     1     1    14     1    23     4     0     0    52.0   67.892  -93.143   1823.8    765.2
     1     1    14     1    23     5     0     0    53.0   67.778  -92.666   1834.2    761.3
     1     1    14     1    23     6     0     0    54.0   67.702  -92.257   1843.4    758.4
     1     1    14     1    23     7     0     0    55.0   67.645  -91.903   1854.0    756.1
     1     1    14     1    23     8     0     0    56.0   67.584  -91.583   1868.8    753.0
     1     1    14     1    23     9     0     0    57.0   67.521  -91.297   1888.4    749.4
     1     1    14     1    23    10     0     0    58.0   67.456  -91.037   1913.9    745.9
     1     1    14     1    23    11     0     0    59.0   67.390  -90.797   1945.8    742.0
     1     1    14     1    23    12     0     0    60.0   67.323  -90.570   1984.4    737.5
     1     1    14     1    23    13     0     0    61.0   67.252  -90.368   2024.1    732.3
     1     1    14     1    23    14     0     0    62.0   67.175  -90.208   2059.5    728.0
     1     1    14     1    23    15     0     0    63.0   67.092  -90.098   2090.7    724.3
     1     1    14     1    23    16     0     0    64.0   67.004  -90.044   2117.8    720.9
     1     1    14     1    23    17     0     0    65.0   66.912  -90.050   2140.8    717.9
     1     1    14     1    23    18     0     0    66.0   66.813  -90.120   2160.0    715.4
     1     1    14     1    23    19     0     0    67.0   66.699  -90.232   2181.0    714.0
     1     1    14     1    23    20     0     0    68.0   66.563  -90.356   2208.3    711.4
     1     1    14     1    23    21     0     0    69.0   66.402  -90.487   2242.0    708.2
     1     1    14     1    23    22     0     0    70.0   66.214  -90.622   2281.9    704.4
     1     1    14     1    23    23     0     0    71.0   65.998  -90.759   2327.3    700.0
     1     1    14     1    24     0     0     0    72.0   65.752  -90.897   2377.5    695.3
     1     1    14     1    24     1     0     0    73.0   65.478  -91.039   2431.9    690.3
     1     1    14     1    24     2     0     0    74.0   65.181  -91.191   2488.6    685.3
     1     1    14     1    24     3     0     0    75.0   64.861  -91.345   2548.6    680.4
     1     1    14     1    24     4     0     0    76.0   64.516  -91.483   2610.4    675.6
     1     1    14     1    24     5     0     0    77.0   64.144  -91.592   2672.5    670.9
     1     1    14     1    24     6     0     0    78.0   63.745  -91.665   2735.4    666.2
     1     1    14     1    24     7     0     0    79.0   63.315  -91.728   2795.9    661.9
     1     1    14     1    24     8     0     0    80.0   62.849  -91.817   2850.8    658.5
     1     1    14     1    24     9     0     0    81.0   62.342  -91.938   2899.2    655.5
     1     1    14     1    24    10     0     0    82.0   61.789  -92.063   2938.4    652.9
     1     1    14     1    24    11     0     0    83.0   61.190  -92.155   2968.5    651.2
     1     1    14     1    24    12     0     0    84.0   60.543  -92.189   2991.3    650.0
     1     1    14     1    24    13     0     0    85.0   59.851  -92.138   3008.7    649.5
     1     1    14     1    24    14     0     0    86.0   59.128  -91.971   3025.6    647.5
     1     1    14     1    24    15     0     0    87.0   58.395  -91.681   3044.1    645.0
     1     1    14     1    24    16     0     0    88.0   57.665  -91.278   3063.5    642.4
     1     1    14     1    24    17     0     0    89.0   56.963  -90.782   3082.9    638.6
     1     1    14     1    24    18     0     0    90.0   56.317  -90.206   3109.9    633.4
     1     1    14     1    24    19     0     0    91.0   55.733  -89.548   3141.7    627.8
     1     1    14     1    24    20     0     0    92.0   55.210  -88.821   3175.5    622.2
     1     1    14     1    24    21     0     0    93.0   54.753  -88.066   3208.2    617.7
     1     1    14     1    24    22     0     0    94.0   54.363  -87.325   3237.6    614.1
     1     1    14     1    24    23     0     0    95.0   54.041  -86.613   3262.0    611.9
     1     1    14     1    25     0     0     0    96.0   53.787  -85.927   3279.1    610.5
     1     1    14     1    25     1     0     0    97.0   53.600  -85.247   3293.6    610.4
     1     1    14     1    25     2     0     0    98.0   53.479  -84.568   3312.4    610.5
     1     1    14     1    25     3     0     0    99.0   53.419  -83.906   3333.0    611.1
     1     1    14     1    25     4     0     0   100.0   53.414  -83.268   3353.6    611.6
     1     1    14     1    25     5     0     0   101.0   53.461  -82.662   3373.9    612.0
     1     1    14     1    25     6     0     0   102.0   53.552  -82.094   3391.2    611.3
     1     1    14     1    25     7     0     0   103.0   53.672  -81.575   3407.6    610.5
     1     1    14     1    25     8     0     0   104.0   53.812  -81.107   3428.9    609.1
     1     1    14     1    25     9     0     0   105.0   53.972  -80.686   3455.2    607.1
     1     1    14     1    25    10     0     0   106.0   54.151  -80.313   3487.4    604.4
     1     1    14     1    25    11     0     0   107.0   54.346  -79.987   3526.0    601.0
     1     1    14     1    25    12     0     0   108.0   54.548  -79.710   3568.7    595.8
     1     1    14     1    25    13     0     0   109.0   54.753  -79.468   3611.5    590.3
     1     1    14     1    25    14     0     0   110.0   54.960  -79.247   3646.1    586.2
     1     1    14     1    25    15     0     0   111.0   55.170  -79.053   3674.0    583.4
     1     1    14     1    25    16     0     0   112.0   55.381  -78.900   3695.6    581.4
     1     1    14     1    25    17     0     0   113.0   55.590  -78.787   3711.3    580.1
     1     1    14     1    25    18     0     0   114.0   55.796  -78.715   3721.2    579.4
     1     1    14     1    25    19     0     0   115.0   56.003  -78.685   3730.4    579.5
     1     1    14     1    25    20     0     0   116.0   56.214  -78.704   3742.1    579.1
     1     1    14     1    25    21     0     0   117.0   56.427  -78.768   3756.1    578.7
     1     1    14     1    25    22     0     0   118.0   56.638  -78.871   3771.9    578.1
     1     1    14     1    25    23     0     0   119.0   56.846  -79.008   3789.0    577.6
     1     1    14     1    26     0     0     0   120.0   57.050  -79.175   3807.2    577.0
