     1     1
    CDC1    14     1     1     0     0
     1 FORWARD  OMEGA   
    14     1    19     6   75.000 -150.000  3000.0
     1 PRESSURE
     1     1    14     1    19     6     0     0     0.0   75.000 -150.000   3000.0    666.2
     1     1    14     1    19     7     0     0     1.0   74.963 -150.762   3019.7    665.4
     1     1    14     1    19     8     0     0     2.0   74.923 -151.443   3035.8    665.2
     1     1    14     1    19     9     0     0     3.0   74.884 -152.046   3048.7    665.1
     1     1    14     1    19    10     0     0     4.0   74.850 -152.573   3058.8    665.2
     1     1    14     1    19    11     0     0     5.0   74.823 -153.028   3066.2    665.1
     1     1    14     1    19    12     0     0     6.0   74.807 -153.413   3071.6    665.1
     1     1    14     1    19    13     0     0     7.0   74.799 -153.734   3077.2    665.4
     1     1    14     1    19    14     0     0     8.0   74.796 -153.995   3083.8    665.4
     1     1    14     1    19    15     0     0     9.0   74.798 -154.199   3091.9    665.2
     1     1    14     1    19    16     0     0    10.0   74.805 -154.347   3101.8    664.8
     1     1    14     1    19    17     0     0    11.0   74.817 -154.440   3113.7    664.1
     1     1    14     1    19    18     0     0    12.0   74.834 -154.479   3127.8    663.2
     1     1    14     1    19    19     0     0    13.0   74.857 -154.467   3143.1    662.0
     1     1    14     1    19    20     0     0    14.0   74.889 -154.405   3156.6    661.0
     1     1    14     1    19    21     0     0    15.0   74.928 -154.296   3169.0    660.0
     1     1    14     1    19    22     0     0    16.0   74.974 -154.142   3180.6    658.9
     1     1    14     1    19    23     0     0    17.0   75.027 -153.942   3191.7    658.0
     1     1    14     1    20     0     0     0    18.0   75.087 -153.698   3202.3    657.3
     1     1    14     1    20     1     0     0    19.0   75.154 -153.426   3211.4    656.5
     1     1    14     1    20     2     0     0    20.0   75.226 -153.143   3216.3    656.2
     1     1    14     1    20     3     0     0    21.0   75.304 -152.849   3217.5    656.2
     1     1    14     1    20     4     0     0    22.0   75.386 -152.544   3214.6    656.7
     1     1    14     1    20     5     0     0    23.0   75.472 -152.229   3207.4    657.4
     1     1    14     1    20     6     0     0    24.0   75.560 -151.905   3195.7    658.6
     1     1    14     1    20     7     0     0    25.0   75.650 -151.540   3181.6    659.9
     1     1    14     1    20     8     0     0    26.0   75.743 -151.107   3169.6    660.7
     1     1    14     1    20     9     0     0    27.0   75.839 -150.608   3158.3    661.5
     1     1    14     1    20    10     0     0    28.0   75.937 -150.045   3147.0    662.4
     1     1    14     1    20    11     0     0    29.0   76.038 -149.426   3135.0    663.5
     1     1    14     1    20    12     0     0    30.0   76.140 -148.758   3121.5    664.8
     1     1    14     1    20    13     0     0    31.0   76.244 -148.069   3106.1    666.7
     1     1    14     1    20    14     0     0    32.0   76.348 -147.387   3088.2    668.9
     1     1    14     1    20    15     0     0    33.0   76.453 -146.721   3068.7    671.3
     1     1    14     1    20    16     0     0    34.0   76.559 -146.075   3048.1    673.8
     1     1    14     1    20    17     0     0    35.0   76.663 -145.453   3026.6    676.6
     1     1    14     1    20    18     0     0    36.0   76.766 -144.858   3004.6    679.4
     1     1    14     1    20    19     0     0    37.0   76.873 -144.265   2984.0    682.4
     1     1    14     1    20    20     0     0    38.0   76.989 -143.645   2967.2    684.9
     1     1    14     1    20    21     0     0    39.0   77.118 -142.994   2954.9    687.1
     1     1    14     1    20    22     0     0    40.0   77.264 -142.308   2947.5    689.0
     1     1    14     1    20    23     0     0    41.0   77.430 -141.581   2945.7    690.3
     1     1    14     1    21     0     0     0    42.0   77.616 -140.797   2949.7    690.2
     1     1    14     1    21     1     0     0    43.0   77.801 -139.948   2958.6    688.6
     1     1    14     1    21     2     0     0    44.0   77.962 -139.037   2968.9    687.0
     1     1    14     1    21     3     0     0    45.0   78.100 -138.065   2981.4    685.1
     1     1    14     1    21     4     0     0    46.0   78.213 -137.033   2996.5    682.8
     1     1    14     1    21     5     0     0    47.0   78.303 -135.946   3014.0    680.1
     1     1    14     1    21     6     0     0    48.0   78.367 -134.807   3033.9    677.1
     1     1    14     1    21     7     0     0    49.0   78.415 -133.579   3051.6    673.8
     1     1    14     1    21     8     0     0    50.0   78.456 -132.221   3066.0    671.2
     1     1    14     1    21     9     0     0    51.0   78.492 -130.731   3076.8    668.9
     1     1    14     1    21    10     0     0    52.0   78.529 -129.108   3085.3    666.8
     1     1    14     1    21    11     0     0    53.0   78.570 -127.352   3092.7    664.8
     1     1    14     1    21    12     0     0    54.0   78.617 -125.463   3101.3    663.1
     1     1    14     1    21    13     0     0    55.0   78.652 -123.523   3112.3    661.4
     1     1    14     1    21    14     0     0    56.0   78.654 -121.636   3125.2    660.0
     1     1    14     1    21    15     0     0    57.0   78.623 -119.831   3138.9    658.7
     1     1    14     1    21    16     0     0    58.0   78.563 -118.138   3152.7    658.0
     1     1    14     1    21    17     0     0    59.0   78.477 -116.573   3165.4    657.2
     1     1    14     1    21    18     0     0    60.0   78.370 -115.150   3176.8    656.3
     1     1    14     1    21    19     0     0    61.0   78.246 -113.792   3189.4    655.7
     1     1    14     1    21    20     0     0    62.0   78.112 -112.420   3200.9    655.2
     1     1    14     1    21    21     0     0    63.0   77.970 -111.023   3212.7    654.6
     1     1    14     1    21    22     0     0    64.0   77.820 -109.588   3225.1    653.9
     1     1    14     1    21    23     0     0    65.0   77.666 -108.102   3238.2    652.8
     1     1    14     1    22     0     0     0    66.0   77.509 -106.549   3252.8    651.3
     1     1    14     1    22     1     0     0    67.0   77.348 -105.030   3264.8    648.8
     1     1    14     1    22     2     0     0    68.0   77.180 -103.650   3272.9    646.1
     1     1    14     1    22     3     0     0    69.0   77.008 -102.409   3277.4    644.0
     1     1    14     1    22     4     0     0    70.0   76.832 -101.301   3277.5    641.7
     1     1    14     1    22     5     0     0    71.0   76.653 -100.318   3275.7    639.9
     1     1    14     1    22     6     0     0    72.0   76.475  -99.450   3272.1    638.3
     1     1    14     1    22     7     0     0    73.0   76.289  -98.650   3266.8    637.4
     1     1    14     1    22     8     0     0    74.0   76.086  -97.877   3263.2    636.5
     1     1    14     1    22     9     0     0    75.0   75.863  -97.130   3258.7    635.6
     1     1    14     1    22    10     0     0    76.0   75.618  -96.407   3252.5    634.9
     1     1    14     1    22    11     0     0    77.0   75.351  -95.703   3243.7    634.8
     1     1    14     1    22    12     0     0    78.0   75.059  -95.014   3231.2    635.2
     1     1    14     1    22    13     0     0    79.0   74.761  -94.307   3212.7    635.8
     1     1    14     1    22    14     0     0    80.0   74.476  -93.573   3191.8    636.8
     1     1    14     1    22    15     0     0    81.0   74.206  -92.843   3165.2    638.4
     1     1    14     1    22    16     0     0    82.0   73.950  -92.143   3130.3    641.0
     1     1    14     1    22    17     0     0    83.0   73.711  -91.496   3085.2    644.5
     1     1    14     1    22    18     0     0    84.0   73.490  -90.922   3028.7    649.3
     1     1    14     1    22    19     0     0    85.0   73.282  -90.386   2966.1    655.7
     1     1    14     1    22    20     0     0    86.0   73.081  -89.842   2904.1    661.4
     1     1    14     1    22    21     0     0    87.0   72.882  -89.294   2842.2    666.9
     1     1    14     1    22    22     0     0    88.0   72.681  -88.747   2780.6    672.5
     1     1    14     1    22    23     0     0    89.0   72.473  -88.207   2719.5    678.0
     1     1    14     1    23     0     0     0    90.0   72.254  -87.680   2661.2    683.9
     1     1    14     1    23     1     0     0    91.0   72.048  -87.174   2608.7    688.6
     1     1    14     1    23     2     0     0    92.0   71.877  -86.694   2565.4    692.0
     1     1    14     1    23     3     0     0    93.0   71.741  -86.243   2529.0    694.8
     1     1    14     1    23     4     0     0    94.0   71.638  -85.820   2498.3    697.1
     1     1    14     1    23     5     0     0    95.0   71.566  -85.426   2472.6    698.7
     1     1    14     1    23     6     0     0    96.0   71.523  -85.059   2451.3    699.9
     1     1    14     1    23     7     0     0    97.0   71.497  -84.722   2430.5    700.4
     1     1    14     1    23     8     0     0    98.0   71.478  -84.418   2406.3    701.6
     1     1    14     1    23     9     0     0    99.0   71.462  -84.149   2379.0    703.3
     1     1    14     1    23    10     0     0   100.0   71.449  -83.913   2348.7    705.3
     1     1    14     1    23    11     0     0   101.0   71.436  -83.713   2315.3    707.8
     1     1    14     1    23    12     0     0   102.0   71.422  -83.549   2279.0    710.8
     1     1    14     1    23    13     0     0   103.0   71.414  -83.416   2243.6    713.9
     1     1    14     1    23    14     0     0   104.0   71.418  -83.304   2213.5    716.0
     1     1    14     1    23    15     0     0   105.0   71.435  -83.209   2188.6    717.6
     1     1    14     1    23    16     0     0   106.0   71.463  -83.128   2169.0    718.5
     1     1    14     1    23    17     0     0   107.0   71.504  -83.058   2154.9    718.8
     1     1    14     1    23    18     0     0   108.0   71.557  -82.996   2146.4    718.4
     1     1    14     1    23    19     0     0   109.0   71.613  -82.968   2140.2    718.0
     1     1    14     1    23    20     0     0   110.0   71.664  -83.004   2133.4    718.3
     1     1    14     1    23    21     0     0   111.0   71.708  -83.105   2125.9    719.0
     1     1    14     1    23    22     0     0   112.0   71.744  -83.271   2117.6    720.1
     1     1    14     1    23    23     0     0   113.0   71.771  -83.502   2108.5    721.7
     1     1    14     1    24     0     0     0   114.0   71.787  -83.796   2098.9    723.6
     1     1    14     1    24     1     0     0   115.0   71.791  -84.112   2086.7    725.6
     1     1    14     1    24     2     0     0   116.0   71.782  -84.408   2070.1    728.2
     1     1    14     1    24     3     0     0   117.0   71.760  -84.686   2048.8    731.4
     1     1    14     1    24     4     0     0   118.0   71.726  -84.948   2022.5    735.1
     1     1    14     1    24     5     0     0   119.0   71.679  -85.195   1991.3    739.2
     1     1    14     1    24     6     0     0   120.0   71.620  -85.431   1955.7    743.9
