     1     1
    CDC1    14     1     1     0     0
     1 FORWARD  OMEGA   
    14     1     3     0   75.000 -150.000  3000.0
     1 PRESSURE
     1     1    14     1     3     0     0     0     0.0   75.000 -150.000   3000.0    684.3
     1     1    14     1     3     1     0     0     1.0   74.809 -151.469   2934.1    694.2
     1     1    14     1     3     2     0     0     2.0   74.674 -152.915   2879.6    701.9
     1     1    14     1     3     3     0     0     3.0   74.593 -154.334   2833.6    708.1
     1     1    14     1     3     4     0     0     4.0   74.565 -155.719   2794.7    712.8
     1     1    14     1     3     5     0     0     5.0   74.586 -157.069   2761.7    716.4
     1     1    14     1     3     6     0     0     6.0   74.653 -158.379   2732.1    718.8
     1     1    14     1     3     7     0     0     7.0   74.756 -159.682   2707.0    720.6
     1     1    14     1     3     8     0     0     8.0   74.887 -161.016   2684.2    722.0
     1     1    14     1     3     9     0     0     9.0   75.043 -162.385   2664.1    723.1
     1     1    14     1     3    10     0     0    10.0   75.220 -163.770   2648.2    724.1
     1     1    14     1     3    11     0     0    11.0   75.416 -165.155   2636.0    724.9
     1     1    14     1     3    12     0     0    12.0   75.629 -166.531   2627.6    725.6
     1     1    14     1     3    13     0     0    13.0   75.861 -167.880   2626.0    726.4
     1     1    14     1     3    14     0     0    14.0   76.118 -169.183   2634.6    726.5
     1     1    14     1     3    15     0     0    15.0   76.401 -170.434   2651.6    725.9
     1     1    14     1     3    16     0     0    16.0   76.712 -171.625   2675.4    724.8
     1     1    14     1     3    17     0     0    17.0   77.054 -172.751   2703.5    723.4
     1     1    14     1     3    18     0     0    18.0   77.426 -173.812   2733.1    721.7
     1     1    14     1     3    19     0     0    19.0   77.824 -174.724   2758.8    718.5
     1     1    14     1     3    20     0     0    20.0   78.240 -175.383   2778.7    715.5
     1     1    14     1     3    21     0     0    21.0   78.673 -175.764   2793.7    712.9
     1     1    14     1     3    22     0     0    22.0   79.124 -175.851   2804.5    710.5
     1     1    14     1     3    23     0     0    23.0   79.592 -175.623   2811.7    708.5
     1     1    14     1     4     0     0     0    24.0   80.078 -175.054   2817.0    707.0
     1     1    14     1     4     1     0     0    25.0   80.563 -174.192   2827.4    708.2
     1     1    14     1     4     2     0     0    26.0   81.031 -173.071   2841.1    708.8
     1     1    14     1     4     3     0     0    27.0   81.481 -171.623   2857.9    709.0
     1     1    14     1     4     4     0     0    28.0   81.911 -169.768   2876.7    708.8
     1     1    14     1     4     5     0     0    29.0   82.314 -167.436   2896.6    708.2
     1     1    14     1     4     6     0     0    30.0   82.678 -164.574   2915.3    706.2
     1     1    14     1     4     7     0     0    31.0   82.974 -161.218   2929.5    702.8
     1     1    14     1     4     8     0     0    32.0   83.187 -157.455   2938.0    700.2
     1     1    14     1     4     9     0     0    33.0   83.310 -153.365   2939.7    697.6
     1     1    14     1     4    10     0     0    34.0   83.340 -149.086   2935.3    696.1
     1     1    14     1     4    11     0     0    35.0   83.275 -144.774   2923.8    695.2
     1     1    14     1     4    12     0     0    36.0   83.120 -140.599   2909.2    695.9
     1     1    14     1     4    13     0     0    37.0   82.883 -136.728   2897.3    696.8
     1     1    14     1     4    14     0     0    38.0   82.574 -133.296   2898.0    698.1
     1     1    14     1     4    15     0     0    39.0   82.205 -130.351   2911.1    699.3
     1     1    14     1     4    16     0     0    40.0   81.788 -127.905   2932.3    698.8
     1     1    14     1     4    17     0     0    41.0   81.332 -125.916   2961.0    696.8
     1     1    14     1     4    18     0     0    42.0   80.841 -124.320   2996.1    693.5
     1     1    14     1     4    19     0     0    43.0   80.316 -123.082   3030.0    689.2
     1     1    14     1     4    20     0     0    44.0   79.762 -122.176   3057.9    685.6
     1     1    14     1     4    21     0     0    45.0   79.193 -121.528   3076.5    683.0
     1     1    14     1     4    22     0     0    46.0   78.616 -121.067   3084.4    681.4
     1     1    14     1     4    23     0     0    47.0   78.037 -120.736   3082.7    680.4
     1     1    14     1     5     0     0     0    48.0   77.459 -120.483   3072.4    680.3
     1     1    14     1     5     1     0     0    49.0   76.894 -120.314   3058.2    682.2
     1     1    14     1     5     2     0     0    50.0   76.353 -120.254   3042.3    684.0
     1     1    14     1     5     3     0     0    51.0   75.831 -120.289   3027.1    685.8
     1     1    14     1     5     4     0     0    52.0   75.327 -120.410   3015.0    687.3
     1     1    14     1     5     5     0     0    53.0   74.840 -120.604   3007.1    687.9
     1     1    14     1     5     6     0     0    54.0   74.372 -120.850   3002.8    687.1
     1     1    14     1     5     7     0     0    55.0   73.933 -121.113   2996.1    686.2
     1     1    14     1     5     8     0     0    56.0   73.528 -121.381   2980.4    686.6
     1     1    14     1     5     9     0     0    57.0   73.155 -121.666   2954.5    688.0
     1     1    14     1     5    10     0     0    58.0   72.811 -121.983   2917.5    690.5
     1     1    14     1     5    11     0     0    59.0   72.497 -122.346   2868.4    694.2
     1     1    14     1     5    12     0     0    60.0   72.216 -122.759   2809.6    699.8
     1     1    14     1     5    13     0     0    61.0   71.978 -123.229   2749.4    706.5
     1     1    14     1     5    14     0     0    62.0   71.785 -123.766   2692.1    712.1
     1     1    14     1     5    15     0     0    63.0   71.631 -124.367   2637.7    717.4
     1     1    14     1     5    16     0     0    64.0   71.513 -125.029   2585.1    722.6
     1     1    14     1     5    17     0     0    65.0   71.429 -125.742   2534.1    728.3
     1     1    14     1     5    18     0     0    66.0   71.379 -126.498   2483.9    734.1
     1     1    14     1     5    19     0     0    67.0   71.359 -127.298   2437.0    740.3
     1     1    14     1     5    20     0     0    68.0   71.364 -128.148   2398.3    745.5
     1     1    14     1     5    21     0     0    69.0   71.397 -129.057   2368.8    749.8
     1     1    14     1     5    22     0     0    70.0   71.457 -130.033   2349.0    753.4
     1     1    14     1     5    23     0     0    71.0   71.544 -131.080   2338.7    755.6
     1     1    14     1     6     0     0     0    72.0   71.655 -132.199   2337.9    757.3
     1     1    14     1     6     1     0     0    73.0   71.788 -133.388   2337.0    757.4
     1     1    14     1     6     2     0     0    74.0   71.941 -134.647   2331.4    758.9
     1     1    14     1     6     3     0     0    75.0   72.115 -135.987   2320.4    760.2
     1     1    14     1     6     4     0     0    76.0   72.310 -137.422   2306.1    761.9
     1     1    14     1     6     5     0     0    77.0   72.523 -138.966   2291.1    764.2
     1     1    14     1     6     6     0     0    78.0   72.746 -140.578   2273.6    764.2
     1     1    14     1     6     7     0     0    79.0   72.963 -142.231   2258.5    763.5
     1     1    14     1     6     8     0     0    80.0   73.158 -143.943   2247.1    763.9
     1     1    14     1     6     9     0     0    81.0   73.322 -145.717   2235.1    765.5
     1     1    14     1     6    10     0     0    82.0   73.454 -147.554   2219.8    767.9
     1     1    14     1     6    11     0     0    83.0   73.550 -149.450   2200.8    771.8
     1     1    14     1     6    12     0     0    84.0   73.609 -151.406   2174.7    776.3
     1     1    14     1     6    13     0     0    85.0   73.633 -153.366   2139.2    780.8
     1     1    14     1     6    14     0     0    86.0   73.620 -155.287   2093.2    786.2
     1     1    14     1     6    15     0     0    87.0   73.572 -157.185   2038.0    791.4
     1     1    14     1     6    16     0     0    88.0   73.492 -159.082   1973.5    796.7
     1     1    14     1     6    17     0     0    89.0   73.386 -160.997   1900.9    801.8
     1     1    14     1     6    18     0     0    90.0   73.261 -162.945   1820.5    807.3
     1     1    14     1     6    19     0     0    91.0   73.116 -164.932   1735.1    814.3
     1     1    14     1     6    20     0     0    92.0   72.958 -166.964   1647.9    821.4
     1     1    14     1     6    21     0     0    93.0   72.802 -169.058   1559.7    829.7
     1     1    14     1     6    22     0     0    94.0   72.665 -171.232   1474.3    839.0
     1     1    14     1     6    23     0     0    95.0   72.565 -173.482   1395.6    849.4
     1     1    14     1     7     0     0     0    96.0   72.518 -175.792   1326.3    859.8
     1     1    14     1     7     1     0     0    97.0   72.528 -178.106   1265.7    868.2
     1     1    14     1     7     2     0     0    98.0   72.592  179.665   1214.1    875.3
     1     1    14     1     7     3     0     0    99.0   72.713  177.564   1169.8    880.4
     1     1    14     1     7     4     0     0   100.0   72.888  175.619   1132.3    884.6
     1     1    14     1     7     5     0     0   101.0   73.106  173.841   1100.5    887.9
     1     1    14     1     7     6     0     0   102.0   73.357  172.217   1072.7    890.9
     1     1    14     1     7     7     0     0   103.0   73.634  170.744   1050.8    893.2
     1     1    14     1     7     8     0     0   104.0   73.931  169.406   1036.4    894.2
     1     1    14     1     7     9     0     0   105.0   74.244  168.174   1029.4    894.0
     1     1    14     1     7    10     0     0   106.0   74.566  167.020   1029.9    892.9
     1     1    14     1     7    11     0     0   107.0   74.893  165.913   1037.6    891.7
     1     1    14     1     7    12     0     0   108.0   75.211  164.844   1051.9    890.9
     1     1    14     1     7    13     0     0   109.0   75.499  163.831   1069.5    889.4
     1     1    14     1     7    14     0     0   110.0   75.751  162.875   1088.8    887.9
     1     1    14     1     7    15     0     0   111.0   75.975  161.950   1109.2    886.6
     1     1    14     1     7    16     0     0   112.0   76.177  161.032   1130.7    885.3
     1     1    14     1     7    17     0     0   113.0   76.363  160.099   1153.3    883.9
     1     1    14     1     7    18     0     0   114.0   76.536  159.131   1177.0    882.2
     1     1    14     1     7    19     0     0   115.0   76.697  158.115   1201.5    880.4
     1     1    14     1     7    20     0     0   116.0   76.852  157.034   1225.6    878.6
     1     1    14     1     7    21     0     0   117.0   77.000  155.882   1249.2    876.6
     1     1    14     1     7    22     0     0   118.0   77.142  154.648   1272.5    874.3
     1     1    14     1     7    23     0     0   119.0   77.280  153.330   1295.5    871.5
     1     1    14     1     8     0     0     0   120.0   77.414  151.928   1319.0    868.3
