     1     1
    CDC1    14     1     1     0     0
     1 FORWARD  OMEGA   
    14     1    25    18   75.000 -150.000  3000.0
     1 PRESSURE
     1     1    14     1    25    18     0     0     0.0   75.000 -150.000   3000.0    687.7
     1     1    14     1    25    19     0     0     1.0   75.174 -149.333   3040.7    683.9
     1     1    14     1    25    20     0     0     2.0   75.356 -148.608   3079.8    680.5
     1     1    14     1    25    21     0     0     3.0   75.544 -147.822   3117.3    677.4
     1     1    14     1    25    22     0     0     4.0   75.739 -146.975   3153.2    674.7
     1     1    14     1    25    23     0     0     5.0   75.938 -146.070   3186.8    672.6
     1     1    14     1    26     0     0     0     6.0   76.141 -145.103   3217.9    670.9
     1     1    14     1    26     1     0     0     7.0   76.337 -144.057   3248.0    669.4
     1     1    14     1    26     2     0     0     8.0   76.519 -142.914   3281.8    667.5
     1     1    14     1    26     3     0     0     9.0   76.686 -141.671   3319.9    665.3
     1     1    14     1    26     4     0     0    10.0   76.838 -140.329   3362.7    662.7
     1     1    14     1    26     5     0     0    11.0   76.975 -138.889   3409.3    659.5
     1     1    14     1    26     6     0     0    12.0   77.098 -137.351   3459.5    655.6
     1     1    14     1    26     7     0     0    13.0   77.194 -135.809   3504.2    651.1
     1     1    14     1    26     8     0     0    14.0   77.260 -134.363   3536.2    647.9
     1     1    14     1    26     9     0     0    15.0   77.303 -133.014   3558.4    645.2
     1     1    14     1    26    10     0     0    16.0   77.329 -131.765   3572.6    643.3
     1     1    14     1    26    11     0     0    17.0   77.343 -130.619   3581.1    642.0
     1     1    14     1    26    12     0     0    18.0   77.350 -129.572   3585.2    641.2
     1     1    14     1    26    13     0     0    19.0   77.352 -128.552   3585.9    639.8
     1     1    14     1    26    14     0     0    20.0   77.347 -127.492   3585.3    638.5
     1     1    14     1    26    15     0     0    21.0   77.339 -126.392   3583.1    637.2
     1     1    14     1    26    16     0     0    22.0   77.331 -125.253   3579.6    636.1
     1     1    14     1    26    17     0     0    23.0   77.324 -124.078   3575.8    635.3
     1     1    14     1    26    18     0     0    24.0   77.322 -122.868   3571.2    634.7
     1     1    14     1    26    19     0     0    25.0   77.317 -121.676   3566.3    634.7
     1     1    14     1    26    20     0     0    26.0   77.300 -120.556   3562.6    634.6
     1     1    14     1    26    21     0     0    27.0   77.272 -119.514   3561.3    634.3
     1     1    14     1    26    22     0     0    28.0   77.234 -118.552   3563.1    634.1
     1     1    14     1    26    23     0     0    29.0   77.188 -117.670   3567.3    633.8
     1     1    14     1    27     0     0     0    30.0   77.136 -116.864   3574.6    633.5
     1     1    14     1    27     1     0     0    31.0   77.078 -116.130   3582.0    633.1
     1     1    14     1    27     2     0     0    32.0   77.016 -115.468   3584.0    633.3
     1     1    14     1    27     3     0     0    33.0   76.949 -114.877   3581.0    633.8
     1     1    14     1    27     4     0     0    34.0   76.877 -114.356   3572.5    634.7
     1     1    14     1    27     5     0     0    35.0   76.801 -113.902   3558.4    636.1
     1     1    14     1    27     6     0     0    36.0   76.721 -113.514   3538.6    637.8
     1     1    14     1    27     7     0     0    37.0   76.639 -113.172   3516.6    639.9
     1     1    14     1    27     8     0     0    38.0   76.560 -112.856   3497.7    641.4
     1     1    14     1    27     9     0     0    39.0   76.484 -112.565   3481.4    642.6
     1     1    14     1    27    10     0     0    40.0   76.410 -112.297   3467.6    643.6
     1     1    14     1    27    11     0     0    41.0   76.339 -112.050   3456.3    644.5
     1     1    14     1    27    12     0     0    42.0   76.268 -111.823   3447.2    645.1
     1     1    14     1    27    13     0     0    43.0   76.194 -111.633   3436.1    645.5
     1     1    14     1    27    14     0     0    44.0   76.111 -111.496   3418.8    646.8
     1     1    14     1    27    15     0     0    45.0   76.019 -111.411   3395.8    648.4
     1     1    14     1    27    16     0     0    46.0   75.916 -111.377   3367.9    650.5
     1     1    14     1    27    17     0     0    47.0   75.801 -111.393   3335.5    652.8
     1     1    14     1    27    18     0     0    48.0   75.675 -111.458   3299.3    655.4
     1     1    14     1    27    19     0     0    49.0   75.535 -111.547   3261.0    658.3
     1     1    14     1    27    20     0     0    50.0   75.383 -111.638   3222.2    661.1
     1     1    14     1    27    21     0     0    51.0   75.217 -111.731   3181.9    664.1
     1     1    14     1    27    22     0     0    52.0   75.038 -111.828   3139.2    667.2
     1     1    14     1    27    23     0     0    53.0   74.844 -111.925   3094.1    671.0
     1     1    14     1    28     0     0     0    54.0   74.634 -112.014   3045.3    675.2
     1     1    14     1    28     1     0     0    55.0   74.412 -112.112   2995.6    680.2
     1     1    14     1    28     2     0     0    56.0   74.180 -112.241   2946.9    684.7
     1     1    14     1    28     3     0     0    57.0   73.939 -112.412   2899.4    689.1
     1     1    14     1    28     4     0     0    58.0   73.689 -112.634   2853.0    693.4
     1     1    14     1    28     5     0     0    59.0   73.433 -112.917   2807.6    697.5
     1     1    14     1    28     6     0     0    60.0   73.171 -113.268   2763.1    701.6
     1     1    14     1    28     7     0     0    61.0   72.897 -113.649   2716.0    705.3
     1     1    14     1    28     8     0     0    62.0   72.607 -114.024   2661.8    710.0
     1     1    14     1    28     9     0     0    63.0   72.303 -114.393   2602.0    715.0
     1     1    14     1    28    10     0     0    64.0   71.985 -114.754   2537.6    720.2
     1     1    14     1    28    11     0     0    65.0   71.654 -115.112   2470.1    725.6
     1     1    14     1    28    12     0     0    66.0   71.311 -115.475   2400.9    731.2
     1     1    14     1    28    13     0     0    67.0   70.961 -115.850   2335.3    736.8
     1     1    14     1    28    14     0     0    68.0   70.606 -116.237   2275.7    741.2
     1     1    14     1    28    15     0     0    69.0   70.250 -116.630   2221.5    745.1
     1     1    14     1    28    16     0     0    70.0   69.898 -117.017   2171.9    748.6
     1     1    14     1    28    17     0     0    71.0   69.548 -117.380   2127.3    752.3
     1     1    14     1    28    18     0     0    72.0   69.203 -117.705   2086.8    756.4
     1     1    14     1    28    19     0     0    73.0   68.860 -117.990   2049.5    760.8
     1     1    14     1    28    20     0     0    74.0   68.514 -118.231   2015.3    765.2
     1     1    14     1    28    21     0     0    75.0   68.165 -118.435   1985.4    769.3
     1     1    14     1    28    22     0     0    76.0   67.813 -118.606   1960.7    772.9
     1     1    14     1    28    23     0     0    77.0   67.457 -118.749   1941.9    775.8
     1     1    14     1    29     0     0     0    78.0   67.093 -118.871   1928.1    776.6
     1     1    14     1    29     1     0     0    79.0   66.727 -118.989   1917.0    776.3
     1     1    14     1    29     2     0     0    80.0   66.372 -119.117   1905.9    776.4
     1     1    14     1    29     3     0     0    81.0   66.033 -119.252   1894.7    776.4
     1     1    14     1    29     4     0     0    82.0   65.717 -119.393   1883.6    776.5
     1     1    14     1    29     5     0     0    83.0   65.426 -119.539   1873.0    776.6
     1     1    14     1    29     6     0     0    84.0   65.165 -119.690   1863.2    776.6
     1     1    14     1    29     7     0     0    85.0   64.919 -119.851   1853.6    776.6
     1     1    14     1    29     8     0     0    86.0   64.675 -120.027   1846.9    776.7
     1     1    14     1    29     9     0     0    87.0   64.430 -120.217   1841.9    775.6
     1     1    14     1    29    10     0     0    88.0   64.182 -120.419   1839.2    774.0
     1     1    14     1    29    11     0     0    89.0   63.930 -120.630   1839.2    771.9
     1     1    14     1    29    12     0     0    90.0   63.671 -120.846   1842.1    769.3
     1     1    14     1    29    13     0     0    91.0   63.407 -121.068   1847.6    766.8
     1     1    14     1    29    14     0     0    92.0   63.139 -121.301   1854.2    763.9
     1     1    14     1    29    15     0     0    93.0   62.865 -121.557   1861.8    760.5
     1     1    14     1    29    16     0     0    94.0   62.583 -121.844   1870.1    756.6
     1     1    14     1    29    17     0     0    95.0   62.291 -122.170   1879.2    752.0
     1     1    14     1    29    18     0     0    96.0   61.989 -122.539   1889.3    746.5
     1     1    14     1    29    19     0     0    97.0   61.696 -122.923   1895.6    739.3
     1     1    14     1    29    20     0     0    98.0   61.430 -123.299   1895.5    733.3
     1     1    14     1    29    21     0     0    99.0   61.194 -123.678   1888.0    728.1
     1     1    14     1    29    22     0     0   100.0   60.987 -124.069   1872.6    723.6
     1     1    14     1    29    23     0     0   101.0   60.811 -124.480   1848.4    719.8
     1     1    14     1    30     0     0     0   102.0   60.666 -124.916   1814.6    716.6
     1     1    14     1    30     1     0     0   103.0   60.533 -125.365   1773.8    714.9
     1     1    14     1    30     2     0     0   104.0   60.393 -125.813   1729.8    713.6
     1     1    14     1    30     3     0     0   105.0   60.248 -126.269   1679.8    713.1
     1     1    14     1    30     4     0     0   106.0   60.099 -126.740   1622.2    713.2
     1     1    14     1    30     5     0     0   107.0   59.947 -127.230   1555.8    713.8
     1     1    14     1    30     6     0     0   108.0   59.794 -127.737   1481.9    717.2
     1     1    14     1    30     7     0     0   109.0   59.648 -128.207   1407.4    724.0
     1     1    14     1    30     8     0     0   110.0   59.516 -128.598   1337.6    730.5
     1     1    14     1    30     9     0     0   111.0   59.405 -128.917   1269.9    737.4
     1     1    14     1    30    10     0     0   112.0   59.317 -129.168   1203.2    744.2
     1     1    14     1    30    11     0     0   113.0   59.254 -129.354   1136.9    750.9
     1     1    14     1    30    12     0     0   114.0   59.215 -129.475   1070.4    757.7
     1     1    14     1    30    13     0     0   115.0   59.187 -129.539   1005.1    764.6
     1     1    14     1    30    14     0     0   116.0   59.157 -129.558    941.8    771.3
     1     1    14     1    30    15     0     0   117.0   59.123 -129.533    880.7    777.8
     1     1    14     1    30    16     0     0   118.0   59.084 -129.465    821.9    783.4
     1     1    14     1    30    17     0     0   119.0   59.038 -129.355    765.4    788.9
     1     1    14     1    30    18     0     0   120.0   58.983 -129.203    711.8    794.1
