     1     1
    CDC1    14     1     1     0     0
     1 FORWARD  OMEGA   
    14     1    26    12   75.000 -150.000  3000.0
     1 PRESSURE
     1     1    14     1    26    12     0     0     0.0   75.000 -150.000   3000.0    686.0
     1     1    14     1    26    13     0     0     1.0   75.186 -148.581   3022.3    683.4
     1     1    14     1    26    14     0     0     2.0   75.339 -147.175   3040.4    681.5
     1     1    14     1    26    15     0     0     3.0   75.460 -145.772   3055.5    680.3
     1     1    14     1    26    16     0     0     4.0   75.550 -144.365   3068.8    679.5
     1     1    14     1    26    17     0     0     5.0   75.611 -142.945   3081.1    679.1
     1     1    14     1    26    18     0     0     6.0   75.646 -141.511   3093.2    678.8
     1     1    14     1    26    19     0     0     7.0   75.660 -140.066   3102.7    678.9
     1     1    14     1    26    20     0     0     8.0   75.658 -138.627   3105.3    680.4
     1     1    14     1    26    21     0     0     9.0   75.641 -137.200   3101.2    682.4
     1     1    14     1    26    22     0     0    10.0   75.608 -135.793   3090.4    684.8
     1     1    14     1    26    23     0     0    11.0   75.562 -134.413   3073.0    687.6
     1     1    14     1    27     0     0     0    12.0   75.502 -133.067   3050.0    690.5
     1     1    14     1    27     1     0     0    13.0   75.427 -131.778   3025.9    693.4
     1     1    14     1    27     2     0     0    14.0   75.332 -130.570   3006.7    695.4
     1     1    14     1    27     3     0     0    15.0   75.216 -129.443   2992.0    696.7
     1     1    14     1    27     4     0     0    16.0   75.076 -128.401   2982.2    697.4
     1     1    14     1    27     5     0     0    17.0   74.912 -127.444   2977.7    697.4
     1     1    14     1    27     6     0     0    18.0   74.722 -126.571   2978.1    695.6
     1     1    14     1    27     7     0     0    19.0   74.511 -125.738   2978.6    693.2
     1     1    14     1    27     8     0     0    20.0   74.284 -124.913   2971.4    692.0
     1     1    14     1    27     9     0     0    21.0   74.042 -124.097   2955.1    691.7
     1     1    14     1    27    10     0     0    22.0   73.787 -123.292   2928.2    692.3
     1     1    14     1    27    11     0     0    23.0   73.520 -122.500   2889.4    693.9
     1     1    14     1    27    12     0     0    24.0   73.244 -121.725   2837.5    697.1
     1     1    14     1    27    13     0     0    25.0   72.958 -121.017   2777.6    701.6
     1     1    14     1    27    14     0     0    26.0   72.663 -120.409   2717.4    705.4
     1     1    14     1    27    15     0     0    27.0   72.360 -119.900   2659.6    709.3
     1     1    14     1    27    16     0     0    28.0   72.056 -119.485   2607.6    713.4
     1     1    14     1    27    17     0     0    29.0   71.754 -119.154   2561.0    716.9
     1     1    14     1    27    18     0     0    30.0   71.455 -118.894   2519.3    719.9
     1     1    14     1    27    19     0     0    31.0   71.151 -118.666   2479.1    722.7
     1     1    14     1    27    20     0     0    32.0   70.834 -118.436   2437.9    725.8
     1     1    14     1    27    21     0     0    33.0   70.501 -118.205   2396.4    728.8
     1     1    14     1    27    22     0     0    34.0   70.150 -117.973   2355.2    731.6
     1     1    14     1    27    23     0     0    35.0   69.784 -117.739   2317.2    734.9
     1     1    14     1    28     0     0     0    36.0   69.407 -117.493   2285.9    737.9
     1     1    14     1    28     1     0     0    37.0   69.030 -117.272   2259.4    740.1
     1     1    14     1    28     2     0     0    38.0   68.663 -117.115   2231.8    742.3
     1     1    14     1    28     3     0     0    39.0   68.300 -117.022   2200.1    744.7
     1     1    14     1    28     4     0     0    40.0   67.939 -116.994   2161.8    747.6
     1     1    14     1    28     5     0     0    41.0   67.574 -117.032   2114.2    751.5
     1     1    14     1    28     6     0     0    42.0   67.203 -117.133   2057.1    756.7
     1     1    14     1    28     7     0     0    43.0   66.825 -117.253   2000.4    762.8
     1     1    14     1    28     8     0     0    44.0   66.437 -117.350   1951.4    767.2
     1     1    14     1    28     9     0     0    45.0   66.036 -117.420   1909.7    770.8
     1     1    14     1    28    10     0     0    46.0   65.619 -117.462   1874.5    773.5
     1     1    14     1    28    11     0     0    47.0   65.183 -117.473   1844.8    775.5
     1     1    14     1    28    12     0     0    48.0   64.728 -117.457   1820.5    777.6
     1     1    14     1    28    13     0     0    49.0   64.271 -117.412   1801.3    780.1
     1     1    14     1    28    14     0     0    50.0   63.823 -117.341   1784.8    782.1
     1     1    14     1    28    15     0     0    51.0   63.378 -117.254   1770.8    783.6
     1     1    14     1    28    16     0     0    52.0   62.930 -117.160   1758.4    784.8
     1     1    14     1    28    17     0     0    53.0   62.474 -117.071   1746.9    785.7
     1     1    14     1    28    18     0     0    54.0   62.007 -116.994   1733.6    785.4
     1     1    14     1    28    19     0     0    55.0   61.530 -116.930   1720.4    785.6
     1     1    14     1    28    20     0     0    56.0   61.042 -116.872   1709.2    785.4
     1     1    14     1    28    21     0     0    57.0   60.542 -116.814   1699.7    784.8
     1     1    14     1    28    22     0     0    58.0   60.028 -116.751   1692.0    784.0
     1     1    14     1    28    23     0     0    59.0   59.505 -116.668   1685.1    780.5
     1     1    14     1    29     0     0     0    60.0   58.977 -116.545   1682.8    776.4
     1     1    14     1    29     1     0     0    61.0   58.465 -116.373   1684.3    771.7
     1     1    14     1    29     2     0     0    62.0   57.986 -116.156   1688.3    767.3
     1     1    14     1    29     3     0     0    63.0   57.531 -115.902   1693.1    763.0
     1     1    14     1    29     4     0     0    64.0   57.096 -115.618   1695.4    758.4
     1     1    14     1    29     5     0     0    65.0   56.677 -115.311   1692.9    755.0
     1     1    14     1    29     6     0     0    66.0   56.265 -114.979   1684.7    752.7
     1     1    14     1    29     7     0     0    67.0   55.850 -114.621   1678.2    751.9
     1     1    14     1    29     8     0     0    68.0   55.422 -114.232   1680.7    750.3
     1     1    14     1    29     9     0     0    69.0   54.982 -113.819   1691.8    748.3
     1     1    14     1    29    10     0     0    70.0   54.535 -113.390   1706.5    742.2
     1     1    14     1    29    11     0     0    71.0   54.088 -112.954   1726.4    737.2
     1     1    14     1    29    12     0     0    72.0   53.638 -112.512   1749.2    733.3
     1     1    14     1    29    13     0     0    73.0   53.200 -112.070   1768.8    728.9
     1     1    14     1    29    14     0     0    74.0   52.791 -111.635   1782.3    726.9
     1     1    14     1    29    15     0     0    75.0   52.408 -111.208   1789.3    727.0
     1     1    14     1    29    16     0     0    76.0   52.057 -110.788   1791.2    728.7
     1     1    14     1    29    17     0     0    77.0   51.741 -110.373   1789.9    731.1
     1     1    14     1    29    18     0     0    78.0   51.458 -109.966   1785.9    733.8
     1     1    14     1    29    19     0     0    79.0   51.187 -109.551   1782.6    733.9
     1     1    14     1    29    20     0     0    80.0   50.905 -109.108   1789.1    732.8
     1     1    14     1    29    21     0     0    81.0   50.613 -108.639   1806.2    731.1
     1     1    14     1    29    22     0     0    82.0   50.313 -108.147   1835.1    728.7
     1     1    14     1    29    23     0     0    83.0   50.010 -107.634   1877.1    725.5
     1     1    14     1    30     0     0     0    84.0   49.707 -107.094   1931.4    717.8
     1     1    14     1    30     1     0     0    85.0   49.409 -106.529   1989.7    708.8
     1     1    14     1    30     2     0     0    86.0   49.122 -105.960   2040.1    702.6
     1     1    14     1    30     3     0     0    87.0   48.853 -105.399   2082.4    698.0
     1     1    14     1    30     4     0     0    88.0   48.604 -104.855   2117.6    694.8
     1     1    14     1    30     5     0     0    89.0   48.379 -104.335   2148.1    692.9
     1     1    14     1    30     6     0     0    90.0   48.180 -103.839   2175.2    691.3
     1     1    14     1    30     7     0     0    91.0   47.995 -103.347   2195.4    690.2
     1     1    14     1    30     8     0     0    92.0   47.805 -102.838   2204.3    690.5
     1     1    14     1    30     9     0     0    93.0   47.599 -102.320   2200.3    692.9
     1     1    14     1    30    10     0     0    94.0   47.364 -101.801   2184.8    697.5
     1     1    14     1    30    11     0     0    95.0   47.087 -101.288   2159.0    702.3
     1     1    14     1    30    12     0     0    96.0   46.756 -100.790   2125.7    707.2
     1     1    14     1    30    13     0     0    97.0   46.391 -100.294   2091.4    712.6
     1     1    14     1    30    14     0     0    98.0   46.018  -99.782   2057.5    717.1
     1     1    14     1    30    15     0     0    99.0   45.645  -99.259   2017.9    722.0
     1     1    14     1    30    16     0     0   100.0   45.265  -98.733   1965.8    728.1
     1     1    14     1    30    17     0     0   101.0   44.867  -98.219   1893.5    737.0
     1     1    14     1    30    18     0     0   102.0   44.435  -97.739   1797.6    749.8
     1     1    14     1    30    19     0     0   103.0   43.989  -97.292   1697.7    764.2
     1     1    14     1    30    20     0     0   104.0   43.565  -96.858   1615.2    774.0
     1     1    14     1    30    21     0     0   105.0   43.166  -96.433   1547.5    782.7
     1     1    14     1    30    22     0     0   106.0   42.788  -96.029   1489.0    791.0
     1     1    14     1    30    23     0     0   107.0   42.425  -95.662   1434.7    799.5
     1     1    14     1    31     0     0     0   108.0   42.079  -95.348   1380.9    808.5
     1     1    14     1    31     1     0     0   109.0   41.760  -95.083   1329.8    816.9
     1     1    14     1    31     2     0     0   110.0   41.478  -94.845   1286.6    823.9
     1     1    14     1    31     3     0     0   111.0   41.231  -94.625   1253.0    829.2
     1     1    14     1    31     4     0     0   112.0   41.015  -94.418   1228.6    833.5
     1     1    14     1    31     5     0     0   113.0   40.823  -94.223   1212.5    837.0
     1     1    14     1    31     6     0     0   114.0   40.651  -94.042   1203.8    839.6
     1     1    14     1    31     7     0     0   115.0   40.499  -93.881   1199.4    841.3
     1     1    14     1    31     8     0     0   116.0   40.372  -93.745   1193.8    843.3
     1     1    14     1    31     9     0     0   117.0   40.267  -93.638   1187.6    845.2
     1     1    14     1    31    10     0     0   118.0   40.185  -93.562   1180.4    846.9
     1     1    14     1    31    11     0     0   119.0   40.124  -93.519   1171.9    848.6
     1     1    14     1    31    12     0     0   120.0   40.085  -93.511   1161.8    850.2
