     1     1
    CDC1    14     1     1     0     0
     1 FORWARD  OMEGA   
    14     1    16     6   75.000 -150.000  3000.0
     1 PRESSURE
     1     1    14     1    16     6     0     0     0.0   75.000 -150.000   3000.0    651.9
     1     1    14     1    16     7     0     0     1.0   74.845 -148.206   2963.3    654.8
     1     1    14     1    16     8     0     0     2.0   74.715 -146.467   2925.0    658.6
     1     1    14     1    16     9     0     0     3.0   74.611 -144.774   2887.5    662.4
     1     1    14     1    16    10     0     0     4.0   74.534 -143.122   2853.3    666.5
     1     1    14     1    16    11     0     0     5.0   74.481 -141.509   2823.9    670.9
     1     1    14     1    16    12     0     0     6.0   74.451 -139.930   2800.0    675.1
     1     1    14     1    16    13     0     0     7.0   74.434 -138.396   2778.7    678.5
     1     1    14     1    16    14     0     0     8.0   74.425 -136.923   2760.0    682.1
     1     1    14     1    16    15     0     0     9.0   74.422 -135.516   2744.1    685.6
     1     1    14     1    16    16     0     0    10.0   74.426 -134.178   2730.2    688.2
     1     1    14     1    16    17     0     0    11.0   74.437 -132.912   2718.3    690.2
     1     1    14     1    16    18     0     0    12.0   74.456 -131.721   2707.9    691.5
     1     1    14     1    16    19     0     0    13.0   74.481 -130.565   2697.5    692.2
     1     1    14     1    16    20     0     0    14.0   74.507 -129.401   2687.0    692.6
     1     1    14     1    16    21     0     0    15.0   74.539 -128.220   2677.1    692.5
     1     1    14     1    16    22     0     0    16.0   74.576 -127.015   2668.6    692.0
     1     1    14     1    16    23     0     0    17.0   74.621 -125.784   2661.9    690.9
     1     1    14     1    17     0     0     0    18.0   74.674 -124.527   2658.0    689.6
     1     1    14     1    17     1     0     0    19.0   74.724 -123.332   2653.9    688.4
     1     1    14     1    17     2     0     0    20.0   74.761 -122.283   2644.9    688.2
     1     1    14     1    17     3     0     0    21.0   74.784 -121.376   2631.0    688.7
     1     1    14     1    17     4     0     0    22.0   74.794 -120.607   2612.0    689.8
     1     1    14     1    17     5     0     0    23.0   74.793 -119.965   2587.9    691.4
     1     1    14     1    17     6     0     0    24.0   74.780 -119.442   2559.2    694.0
     1     1    14     1    17     7     0     0    25.0   74.763 -118.983   2530.0    697.4
     1     1    14     1    17     8     0     0    26.0   74.746 -118.536   2506.2    699.9
     1     1    14     1    17     9     0     0    27.0   74.731 -118.096   2487.6    701.8
     1     1    14     1    17    10     0     0    28.0   74.716 -117.658   2474.6    703.2
     1     1    14     1    17    11     0     0    29.0   74.702 -117.220   2467.4    704.1
     1     1    14     1    17    12     0     0    30.0   74.687 -116.778   2466.1    704.5
     1     1    14     1    17    13     0     0    31.0   74.668 -116.393   2468.0    704.1
     1     1    14     1    17    14     0     0    32.0   74.643 -116.123   2470.8    703.9
     1     1    14     1    17    15     0     0    33.0   74.611 -115.958   2474.8    703.5
     1     1    14     1    17    16     0     0    34.0   74.571 -115.892   2480.1    702.9
     1     1    14     1    17    17     0     0    35.0   74.522 -115.918   2486.5    702.1
     1     1    14     1    17    18     0     0    36.0   74.464 -116.028   2493.8    701.3
     1     1    14     1    17    19     0     0    37.0   74.387 -116.177   2498.2    700.9
     1     1    14     1    17    20     0     0    38.0   74.281 -116.315   2493.6    701.6
     1     1    14     1    17    21     0     0    39.0   74.148 -116.428   2480.5    703.1
     1     1    14     1    17    22     0     0    40.0   73.985 -116.503   2458.8    705.3
     1     1    14     1    17    23     0     0    41.0   73.795 -116.526   2428.1    708.2
     1     1    14     1    18     0     0     0    42.0   73.575 -116.487   2388.1    712.0
     1     1    14     1    18     1     0     0    43.0   73.337 -116.417   2342.8    717.1
     1     1    14     1    18     2     0     0    44.0   73.088 -116.366   2295.3    722.1
     1     1    14     1    18     3     0     0    45.0   72.826 -116.346   2246.3    727.2
     1     1    14     1    18     4     0     0    46.0   72.551 -116.369   2196.2    732.3
     1     1    14     1    18     5     0     0    47.0   72.261 -116.439   2146.3    737.5
     1     1    14     1    18     6     0     0    48.0   71.955 -116.550   2098.0    742.3
     1     1    14     1    18     7     0     0    49.0   71.646 -116.679   2050.1    746.7
     1     1    14     1    18     8     0     0    50.0   71.346 -116.811   2000.6    751.4
     1     1    14     1    18     9     0     0    51.0   71.059 -116.955   1949.4    756.4
     1     1    14     1    18    10     0     0    52.0   70.786 -117.125   1896.3    761.6
     1     1    14     1    18    11     0     0    53.0   70.533 -117.331   1841.4    767.1
     1     1    14     1    18    12     0     0    54.0   70.301 -117.584   1785.2    772.9
     1     1    14     1    18    13     0     0    55.0   70.103 -117.881   1731.1    779.0
     1     1    14     1    18    14     0     0    56.0   69.945 -118.218   1681.5    784.2
     1     1    14     1    18    15     0     0    57.0   69.833 -118.603   1636.6    789.2
     1     1    14     1    18    16     0     0    58.0   69.767 -119.043   1595.9    793.7
     1     1    14     1    18    17     0     0    59.0   69.751 -119.550   1559.1    797.6
     1     1    14     1    18    18     0     0    60.0   69.788 -120.131   1526.5    801.1
     1     1    14     1    18    19     0     0    61.0   69.879 -120.804   1500.7    804.2
     1     1    14     1    18    20     0     0    62.0   70.024 -121.583   1482.7    806.1
     1     1    14     1    18    21     0     0    63.0   70.223 -122.469   1473.9    808.1
     1     1    14     1    18    22     0     0    64.0   70.472 -123.457   1473.9    809.5
     1     1    14     1    18    23     0     0    65.0   70.764 -124.553   1481.7    810.5
     1     1    14     1    19     0     0     0    66.0   71.097 -125.763   1496.9    811.4
     1     1    14     1    19     1     0     0    67.0   71.448 -127.045   1517.3    812.6
     1     1    14     1    19     2     0     0    68.0   71.798 -128.361   1541.8    813.5
     1     1    14     1    19     3     0     0    69.0   72.142 -129.736   1571.4    814.3
     1     1    14     1    19     4     0     0    70.0   72.477 -131.186   1606.7    814.0
     1     1    14     1    19     5     0     0    71.0   72.788 -132.654   1647.2    811.7
     1     1    14     1    19     6     0     0    72.0   73.069 -134.074   1691.8    806.6
     1     1    14     1    19     7     0     0    73.0   73.316 -135.447   1735.0    800.3
     1     1    14     1    19     8     0     0    74.0   73.531 -136.793   1770.2    794.8
     1     1    14     1    19     9     0     0    75.0   73.713 -138.120   1797.2    790.0
     1     1    14     1    19    10     0     0    76.0   73.866 -139.437   1816.3    786.3
     1     1    14     1    19    11     0     0    77.0   73.990 -140.747   1827.7    783.8
     1     1    14     1    19    12     0     0    78.0   74.089 -142.045   1832.0    782.1
     1     1    14     1    19    13     0     0    79.0   74.161 -143.288   1833.3    782.2
     1     1    14     1    19    14     0     0    80.0   74.209 -144.425   1833.9    782.6
     1     1    14     1    19    15     0     0    81.0   74.237 -145.450   1834.4    783.4
     1     1    14     1    19    16     0     0    82.0   74.250 -146.355   1834.7    784.5
     1     1    14     1    19    17     0     0    83.0   74.252 -147.138   1834.9    785.5
     1     1    14     1    19    18     0     0    84.0   74.245 -147.796   1835.3    786.6
     1     1    14     1    19    19     0     0    85.0   74.237 -148.367   1836.6    787.9
     1     1    14     1    19    20     0     0    86.0   74.232 -148.886   1838.4    788.9
     1     1    14     1    19    21     0     0    87.0   74.233 -149.357   1841.0    789.7
     1     1    14     1    19    22     0     0    88.0   74.241 -149.782   1844.3    790.4
     1     1    14     1    19    23     0     0    89.0   74.258 -150.165   1848.2    790.8
     1     1    14     1    20     0     0     0    90.0   74.284 -150.515   1852.7    791.1
     1     1    14     1    20     1     0     0    91.0   74.314 -150.829   1856.4    791.2
     1     1    14     1    20     2     0     0    92.0   74.341 -151.102   1856.6    791.8
     1     1    14     1    20     3     0     0    93.0   74.366 -151.333   1853.4    792.7
     1     1    14     1    20     4     0     0    94.0   74.388 -151.522   1846.8    794.0
     1     1    14     1    20     5     0     0    95.0   74.407 -151.668   1836.7    795.6
     1     1    14     1    20     6     0     0    96.0   74.424 -151.771   1822.9    797.5
     1     1    14     1    20     7     0     0    97.0   74.446 -151.835   1807.6    799.4
     1     1    14     1    20     8     0     0    98.0   74.481 -151.867   1794.2    800.8
     1     1    14     1    20     9     0     0    99.0   74.529 -151.868   1782.2    801.9
     1     1    14     1    20    10     0     0   100.0   74.589 -151.838   1771.7    802.6
     1     1    14     1    20    11     0     0   101.0   74.662 -151.773   1762.6    803.1
     1     1    14     1    20    12     0     0   102.0   74.747 -151.673   1754.7    803.3
     1     1    14     1    20    13     0     0   103.0   74.832 -151.547   1746.9    803.2
     1     1    14     1    20    14     0     0   104.0   74.906 -151.409   1737.6    803.6
     1     1    14     1    20    15     0     0   105.0   74.969 -151.259   1726.8    804.2
     1     1    14     1    20    16     0     0   106.0   75.022 -151.099   1714.7    805.3
     1     1    14     1    20    17     0     0   107.0   75.065 -150.929   1701.5    806.6
     1     1    14     1    20    18     0     0   108.0   75.099 -150.750   1687.4    808.1
     1     1    14     1    20    19     0     0   109.0   75.131 -150.551   1671.1    809.6
     1     1    14     1    20    20     0     0   110.0   75.173 -150.323   1653.8    811.5
     1     1    14     1    20    21     0     0   111.0   75.222 -150.066   1634.9    813.5
     1     1    14     1    20    22     0     0   112.0   75.280 -149.783   1614.7    815.8
     1     1    14     1    20    23     0     0   113.0   75.346 -149.473   1593.3    818.4
     1     1    14     1    21     0     0     0   114.0   75.421 -149.138   1571.1    821.2
     1     1    14     1    21     1     0     0   115.0   75.498 -148.810   1549.4    823.8
     1     1    14     1    21     2     0     0   116.0   75.571 -148.518   1530.4    826.0
     1     1    14     1    21     3     0     0   117.0   75.640 -148.255   1513.9    827.9
     1     1    14     1    21     4     0     0   118.0   75.703 -148.014   1499.8    829.6
     1     1    14     1    21     5     0     0   119.0   75.762 -147.790   1487.9    831.0
     1     1    14     1    21     6     0     0   120.0   75.816 -147.577   1478.4    832.1
