     1     1
    CDC1    14     1     1     0     0
     1 FORWARD  OMEGA   
    14     1     1     0   75.000 -150.000  3000.0
     1 PRESSURE
     1     1    14     1     1     0     0     0     0.0   75.000 -150.000   3000.0    689.0
     1     1    14     1     1     1     0     0     1.0   75.040 -151.189   2988.6    691.6
     1     1    14     1     1     2     0     0     2.0   75.114 -152.448   2983.6    693.0
     1     1    14     1     1     3     0     0     3.0   75.220 -153.762   2981.9    693.6
     1     1    14     1     1     4     0     0     4.0   75.353 -155.116   2980.6    694.0
     1     1    14     1     1     5     0     0     5.0   75.510 -156.497   2976.8    693.9
     1     1    14     1     1     6     0     0     6.0   75.687 -157.892   2969.0    694.1
     1     1    14     1     1     7     0     0     7.0   75.878 -159.277   2961.0    694.8
     1     1    14     1     1     8     0     0     8.0   76.078 -160.633   2957.8    694.8
     1     1    14     1     1     9     0     0     9.0   76.284 -161.959   2961.8    694.2
     1     1    14     1     1    10     0     0    10.0   76.498 -163.258   2975.3    692.8
     1     1    14     1     1    11     0     0    11.0   76.718 -164.531   2998.5    691.1
     1     1    14     1     1    12     0     0    12.0   76.943 -165.780   3030.4    688.6
     1     1    14     1     1    13     0     0    13.0   77.180 -167.023   3066.7    685.0
     1     1    14     1     1    14     0     0    14.0   77.433 -168.283   3101.9    682.5
     1     1    14     1     1    15     0     0    15.0   77.701 -169.545   3134.8    679.9
     1     1    14     1     1    16     0     0    16.0   77.979 -170.779   3165.3    676.9
     1     1    14     1     1    17     0     0    17.0   78.266 -171.971   3194.2    673.7
     1     1    14     1     1    18     0     0    18.0   78.562 -173.115   3222.4    670.6
     1     1    14     1     1    19     0     0    19.0   78.870 -174.182   3247.9    667.6
     1     1    14     1     1    20     0     0    20.0   79.189 -175.148   3266.4    665.1
     1     1    14     1     1    21     0     0    21.0   79.519 -176.015   3278.2    663.2
     1     1    14     1     1    22     0     0    22.0   79.858 -176.789   3282.9    661.9
     1     1    14     1     1    23     0     0    23.0   80.203 -177.448   3282.2    662.3
     1     1    14     1     2     0     0     0    24.0   80.543 -177.938   3275.3    663.8
     1     1    14     1     2     1     0     0    25.0   80.869 -178.248   3266.8    666.0
     1     1    14     1     2     2     0     0    26.0   81.177 -178.393   3262.4    667.3
     1     1    14     1     2     3     0     0    27.0   81.466 -178.376   3261.4    668.4
     1     1    14     1     2     4     0     0    28.0   81.737 -178.195   3263.6    669.1
     1     1    14     1     2     5     0     0    29.0   81.987 -177.848   3268.4    669.7
     1     1    14     1     2     6     0     0    30.0   82.216 -177.331   3275.4    670.1
     1     1    14     1     2     7     0     0    31.0   82.432 -176.646   3280.5    670.3
     1     1    14     1     2     8     0     0    32.0   82.645 -175.766   3278.3    670.9
     1     1    14     1     2     9     0     0    33.0   82.847 -174.654   3272.3    671.4
     1     1    14     1     2    10     0     0    34.0   83.034 -173.291   3265.1    672.2
     1     1    14     1     2    11     0     0    35.0   83.200 -171.677   3257.0    672.9
     1     1    14     1     2    12     0     0    36.0   83.337 -169.828   3249.6    673.5
     1     1    14     1     2    13     0     0    37.0   83.439 -167.744   3243.8    673.6
     1     1    14     1     2    14     0     0    38.0   83.499 -165.437   3239.5    673.7
     1     1    14     1     2    15     0     0    39.0   83.514 -162.966   3234.8    673.3
     1     1    14     1     2    16     0     0    40.0   83.483 -160.410   3229.0    672.4
     1     1    14     1     2    17     0     0    41.0   83.404 -157.848   3222.5    672.0
     1     1    14     1     2    18     0     0    42.0   83.277 -155.352   3213.9    671.8
     1     1    14     1     2    19     0     0    43.0   83.111 -153.005   3201.0    671.2
     1     1    14     1     2    20     0     0    44.0   82.916 -150.881   3182.4    671.5
     1     1    14     1     2    21     0     0    45.0   82.696 -149.011   3156.9    672.6
     1     1    14     1     2    22     0     0    46.0   82.455 -147.433   3124.5    674.8
     1     1    14     1     2    23     0     0    47.0   82.197 -146.102   3086.8    678.6
     1     1    14     1     3     0     0     0    48.0   81.922 -144.968   3042.9    683.4
     1     1    14     1     3     1     0     0    49.0   81.636 -143.999   2996.4    689.0
     1     1    14     1     3     2     0     0    50.0   81.340 -143.175   2951.3    694.4
     1     1    14     1     3     3     0     0    51.0   81.039 -142.502   2907.6    699.7
     1     1    14     1     3     4     0     0    52.0   80.734 -141.986   2865.4    705.0
     1     1    14     1     3     5     0     0    53.0   80.427 -141.630   2824.8    710.2
     1     1    14     1     3     6     0     0    54.0   80.121 -141.436   2786.1    715.3
     1     1    14     1     3     7     0     0    55.0   79.819 -141.359   2750.2    719.8
     1     1    14     1     3     8     0     0    56.0   79.523 -141.348   2719.3    723.2
     1     1    14     1     3     9     0     0    57.0   79.234 -141.392   2693.6    726.1
     1     1    14     1     3    10     0     0    58.0   78.954 -141.501   2673.0    728.6
     1     1    14     1     3    11     0     0    59.0   78.683 -141.684   2657.3    730.6
     1     1    14     1     3    12     0     0    60.0   78.424 -141.949   2646.4    732.1
     1     1    14     1     3    13     0     0    61.0   78.174 -142.295   2636.9    733.5
     1     1    14     1     3    14     0     0    62.0   77.932 -142.721   2622.2    735.7
     1     1    14     1     3    15     0     0    63.0   77.699 -143.228   2602.4    738.2
     1     1    14     1     3    16     0     0    64.0   77.480 -143.815   2576.8    741.0
     1     1    14     1     3    17     0     0    65.0   77.278 -144.448   2544.1    743.0
     1     1    14     1     3    18     0     0    66.0   77.094 -145.097   2506.2    745.5
     1     1    14     1     3    19     0     0    67.0   76.939 -145.777   2468.1    748.8
     1     1    14     1     3    20     0     0    68.0   76.821 -146.495   2435.2    751.5
     1     1    14     1     3    21     0     0    69.0   76.738 -147.246   2406.7    753.9
     1     1    14     1     3    22     0     0    70.0   76.691 -148.026   2383.0    756.2
     1     1    14     1     3    23     0     0    71.0   76.679 -148.827   2363.8    758.3
     1     1    14     1     4     0     0     0    72.0   76.700 -149.639   2349.0    760.1
     1     1    14     1     4     1     0     0    73.0   76.747 -150.446   2338.4    761.3
     1     1    14     1     4     2     0     0    74.0   76.813 -151.231   2332.4    762.2
     1     1    14     1     4     3     0     0    75.0   76.898 -151.984   2330.9    762.5
     1     1    14     1     4     4     0     0    76.0   77.002 -152.698   2333.7    762.3
     1     1    14     1     4     5     0     0    77.0   77.123 -153.364   2340.7    761.4
     1     1    14     1     4     6     0     0    78.0   77.260 -153.974   2351.7    759.9
     1     1    14     1     4     7     0     0    79.0   77.417 -154.531   2365.1    758.3
     1     1    14     1     4     8     0     0    80.0   77.600 -155.013   2377.3    757.2
     1     1    14     1     4     9     0     0    81.0   77.806 -155.368   2388.9    756.6
     1     1    14     1     4    10     0     0    82.0   78.030 -155.568   2399.6    756.2
     1     1    14     1     4    11     0     0    83.0   78.267 -155.604   2409.1    755.9
     1     1    14     1     4    12     0     0    84.0   78.511 -155.474   2416.9    756.0
     1     1    14     1     4    13     0     0    85.0   78.756 -155.159   2424.5    755.7
     1     1    14     1     4    14     0     0    86.0   78.992 -154.644   2434.5    755.2
     1     1    14     1     4    15     0     0    87.0   79.216 -153.935   2447.5    754.6
     1     1    14     1     4    16     0     0    88.0   79.424 -153.038   2463.9    753.7
     1     1    14     1     4    17     0     0    89.0   79.612 -151.960   2484.3    752.4
     1     1    14     1     4    18     0     0    90.0   79.775 -150.715   2509.3    750.7
     1     1    14     1     4    19     0     0    91.0   79.909 -149.383   2535.2    748.3
     1     1    14     1     4    20     0     0    92.0   80.014 -148.051   2558.2    745.9
     1     1    14     1     4    21     0     0    93.0   80.089 -146.741   2576.5    743.7
     1     1    14     1     4    22     0     0    94.0   80.135 -145.476   2589.2    742.1
     1     1    14     1     4    23     0     0    95.0   80.154 -144.281   2595.3    741.0
     1     1    14     1     5     0     0     0    96.0   80.146 -143.171   2594.1    740.5
     1     1    14     1     5     1     0     0    97.0   80.122 -142.125   2588.9    740.7
     1     1    14     1     5     2     0     0    98.0   80.087 -141.115   2583.2    740.7
     1     1    14     1     5     3     0     0    99.0   80.043 -140.149   2577.6    740.8
     1     1    14     1     5     4     0     0   100.0   79.991 -139.229   2572.6    740.7
     1     1    14     1     5     5     0     0   101.0   79.933 -138.352   2568.6    740.5
     1     1    14     1     5     6     0     0   102.0   79.868 -137.513   2565.9    740.5
     1     1    14     1     5     7     0     0   103.0   79.804 -136.711   2563.6    739.6
     1     1    14     1     5     8     0     0   104.0   79.744 -135.943   2563.2    738.8
     1     1    14     1     5     9     0     0   105.0   79.690 -135.201   2563.8    738.0
     1     1    14     1     5    10     0     0   106.0   79.644 -134.480   2565.5    737.3
     1     1    14     1     5    11     0     0   107.0   79.604 -133.781   2568.5    736.6
     1     1    14     1     5    12     0     0   108.0   79.573 -133.099   2573.1    735.7
     1     1    14     1     5    13     0     0   109.0   79.541 -132.438   2579.9    734.4
     1     1    14     1     5    14     0     0   110.0   79.500 -131.808   2592.1    732.7
     1     1    14     1     5    15     0     0   111.0   79.450 -131.213   2608.4    730.6
     1     1    14     1     5    16     0     0   112.0   79.394 -130.654   2628.6    728.3
     1     1    14     1     5    17     0     0   113.0   79.333 -130.130   2652.6    725.7
     1     1    14     1     5    18     0     0   114.0   79.267 -129.641   2680.3    722.8
     1     1    14     1     5    19     0     0   115.0   79.193 -129.190   2707.5    719.7
     1     1    14     1     5    20     0     0   116.0   79.105 -128.779   2730.5    717.5
     1     1    14     1     5    21     0     0   117.0   79.006 -128.413   2748.9    715.7
     1     1    14     1     5    22     0     0   118.0   78.896 -128.096   2762.8    714.3
     1     1    14     1     5    23     0     0   119.0   78.775 -127.831   2771.9    713.4
     1     1    14     1     6     0     0     0   120.0   78.646 -127.624   2776.4    713.0
