     1     1
    CDC1    14     1     1     0     0
     1 FORWARD  OMEGA   
    14     1    25     6   75.000 -150.000  3000.0
     1 PRESSURE
     1     1    14     1    25     6     0     0     0.0   75.000 -150.000   3000.0    682.5
     1     1    14     1    25     7     0     0     1.0   74.770 -149.134   2937.8    689.5
     1     1    14     1    25     8     0     0     2.0   74.568 -148.303   2877.0    696.1
     1     1    14     1    25     9     0     0     3.0   74.388 -147.501   2816.6    702.6
     1     1    14     1    25    10     0     0     4.0   74.223 -146.731   2757.1    709.4
     1     1    14     1    25    11     0     0     5.0   74.068 -145.997   2697.9    715.9
     1     1    14     1    25    12     0     0     6.0   73.919 -145.296   2638.5    722.4
     1     1    14     1    25    13     0     0     7.0   73.779 -144.635   2584.4    729.2
     1     1    14     1    25    14     0     0     8.0   73.656 -144.028   2539.5    734.7
     1     1    14     1    25    15     0     0     9.0   73.549 -143.488   2503.2    739.4
     1     1    14     1    25    16     0     0    10.0   73.459 -143.020   2475.3    743.2
     1     1    14     1    25    17     0     0    11.0   73.387 -142.631   2455.5    746.2
     1     1    14     1    25    18     0     0    12.0   73.335 -142.324   2444.2    748.3
     1     1    14     1    25    19     0     0    13.0   73.305 -142.047   2437.5    749.0
     1     1    14     1    25    20     0     0    14.0   73.297 -141.751   2432.1    749.9
     1     1    14     1    25    21     0     0    15.0   73.310 -141.436   2427.6    750.7
     1     1    14     1    25    22     0     0    16.0   73.345 -141.099   2423.8    751.3
     1     1    14     1    25    23     0     0    17.0   73.402 -140.740   2420.5    751.7
     1     1    14     1    26     0     0     0    18.0   73.481 -140.355   2417.6    752.1
     1     1    14     1    26     1     0     0    19.0   73.572 -139.931   2417.6    752.3
     1     1    14     1    26     2     0     0    20.0   73.663 -139.455   2421.5    752.1
     1     1    14     1    26     3     0     0    21.0   73.753 -138.925   2430.4    751.5
     1     1    14     1    26     4     0     0    22.0   73.841 -138.337   2444.8    750.5
     1     1    14     1    26     5     0     0    23.0   73.925 -137.689   2464.9    749.0
     1     1    14     1    26     6     0     0    24.0   74.003 -136.979   2490.9    746.9
     1     1    14     1    26     7     0     0    25.0   74.068 -136.238   2515.0    744.1
     1     1    14     1    26     8     0     0    26.0   74.122 -135.511   2532.0    742.9
     1     1    14     1    26     9     0     0    27.0   74.170 -134.801   2541.2    742.4
     1     1    14     1    26    10     0     0    28.0   74.217 -134.110   2543.2    742.3
     1     1    14     1    26    11     0     0    29.0   74.265 -133.434   2539.0    742.9
     1     1    14     1    26    12     0     0    30.0   74.318 -132.772   2529.6    744.0
     1     1    14     1    26    13     0     0    31.0   74.371 -132.108   2519.7    745.3
     1     1    14     1    26    14     0     0    32.0   74.415 -131.425   2512.5    745.9
     1     1    14     1    26    15     0     0    33.0   74.450 -130.724   2508.3    746.2
     1     1    14     1    26    16     0     0    34.0   74.479 -130.003   2507.0    746.3
     1     1    14     1    26    17     0     0    35.0   74.501 -129.260   2507.8    745.6
     1     1    14     1    26    18     0     0    36.0   74.519 -128.491   2510.9    744.7
     1     1    14     1    26    19     0     0    37.0   74.529 -127.700   2512.5    743.5
     1     1    14     1    26    20     0     0    38.0   74.525 -126.899   2510.3    742.6
     1     1    14     1    26    21     0     0    39.0   74.509 -126.095   2504.4    742.0
     1     1    14     1    26    22     0     0    40.0   74.480 -125.291   2495.4    741.6
     1     1    14     1    26    23     0     0    41.0   74.438 -124.487   2483.8    741.4
     1     1    14     1    27     0     0     0    42.0   74.383 -123.684   2470.3    741.2
     1     1    14     1    27     1     0     0    43.0   74.310 -122.919   2458.1    740.9
     1     1    14     1    27     2     0     0    44.0   74.212 -122.232   2449.9    740.1
     1     1    14     1    27     3     0     0    45.0   74.093 -121.622   2445.6    739.2
     1     1    14     1    27     4     0     0    46.0   73.953 -121.086   2445.7    737.8
     1     1    14     1    27     5     0     0    47.0   73.794 -120.618   2450.8    735.9
     1     1    14     1    27     6     0     0    48.0   73.618 -120.212   2461.8    733.5
     1     1    14     1    27     7     0     0    49.0   73.429 -119.822   2472.2    730.8
     1     1    14     1    27     8     0     0    50.0   73.234 -119.417   2472.3    730.0
     1     1    14     1    27     9     0     0    51.0   73.032 -119.004   2461.5    730.3
     1     1    14     1    27    10     0     0    52.0   72.823 -118.592   2439.3    731.8
     1     1    14     1    27    11     0     0    53.0   72.609 -118.188   2405.4    734.5
     1     1    14     1    27    12     0     0    54.0   72.391 -117.800   2360.5    738.5
     1     1    14     1    27    13     0     0    55.0   72.170 -117.464   2312.5    743.3
     1     1    14     1    27    14     0     0    56.0   71.944 -117.200   2269.1    747.1
     1     1    14     1    27    15     0     0    57.0   71.714 -117.000   2229.2    750.4
     1     1    14     1    27    16     0     0    58.0   71.479 -116.857   2192.3    753.4
     1     1    14     1    27    17     0     0    59.0   71.242 -116.761   2158.1    755.8
     1     1    14     1    27    18     0     0    60.0   71.002 -116.708   2126.1    758.0
     1     1    14     1    27    19     0     0    61.0   70.755 -116.667   2094.7    760.2
     1     1    14     1    27    20     0     0    62.0   70.495 -116.615   2062.0    762.7
     1     1    14     1    27    21     0     0    63.0   70.220 -116.553   2028.8    765.1
     1     1    14     1    27    22     0     0    64.0   69.931 -116.484   1996.1    767.6
     1     1    14     1    27    23     0     0    65.0   69.631 -116.404   1966.6    770.1
     1     1    14     1    28     0     0     0    66.0   69.321 -116.308   1942.1    771.8
     1     1    14     1    28     1     0     0    67.0   69.009 -116.232   1919.4    773.1
     1     1    14     1    28     2     0     0    68.0   68.699 -116.218   1894.1    774.8
     1     1    14     1    28     3     0     0    69.0   68.389 -116.266   1863.9    777.0
     1     1    14     1    28     4     0     0    70.0   68.075 -116.379   1827.0    780.0
     1     1    14     1    28     5     0     0    71.0   67.756 -116.562   1781.7    784.1
     1     1    14     1    28     6     0     0    72.0   67.428 -116.819   1726.5    789.7
     1     1    14     1    28     7     0     0    73.0   67.091 -117.107   1670.2    796.5
     1     1    14     1    28     8     0     0    74.0   66.745 -117.375   1620.5    801.6
     1     1    14     1    28     9     0     0    75.0   66.391 -117.619   1576.9    806.0
     1     1    14     1    28    10     0     0    76.0   66.025 -117.837   1538.5    809.5
     1     1    14     1    28    11     0     0    77.0   65.648 -118.029   1504.5    812.3
     1     1    14     1    28    12     0     0    78.0   65.254 -118.194   1473.8    814.6
     1     1    14     1    28    13     0     0    79.0   64.857 -118.326   1446.6    817.2
     1     1    14     1    28    14     0     0    80.0   64.470 -118.425   1422.5    820.1
     1     1    14     1    28    15     0     0    81.0   64.093 -118.502   1401.5    822.4
     1     1    14     1    28    16     0     0    82.0   63.723 -118.569   1383.2    824.3
     1     1    14     1    28    17     0     0    83.0   63.357 -118.636   1367.2    825.9
     1     1    14     1    28    18     0     0    84.0   62.993 -118.712   1353.1    827.1
     1     1    14     1    28    19     0     0    85.0   62.627 -118.797   1341.2    828.2
     1     1    14     1    28    20     0     0    86.0   62.260 -118.882   1331.0    828.2
     1     1    14     1    28    21     0     0    87.0   61.894 -118.962   1321.0    827.9
     1     1    14     1    28    22     0     0    88.0   61.531 -119.033   1311.1    827.5
     1     1    14     1    28    23     0     0    89.0   61.172 -119.095   1301.1    827.1
     1     1    14     1    29     0     0     0    90.0   60.817 -119.143   1290.5    826.7
     1     1    14     1    29     1     0     0    91.0   60.483 -119.183   1281.7    826.6
     1     1    14     1    29     2     0     0    92.0   60.188 -119.219   1275.4    826.2
     1     1    14     1    29     3     0     0    93.0   59.932 -119.254   1272.9    824.9
     1     1    14     1    29     4     0     0    94.0   59.717 -119.287   1273.9    822.2
     1     1    14     1    29     5     0     0    95.0   59.542 -119.317   1278.8    819.5
     1     1    14     1    29     6     0     0    96.0   59.405 -119.350   1287.2    816.8
     1     1    14     1    29     7     0     0    97.0   59.280 -119.375   1299.6    813.5
     1     1    14     1    29     8     0     0    98.0   59.137 -119.377   1317.3    809.4
     1     1    14     1    29     9     0     0    99.0   58.975 -119.354   1340.2    804.6
     1     1    14     1    29    10     0     0   100.0   58.792 -119.302   1368.2    799.1
     1     1    14     1    29    11     0     0   101.0   58.586 -119.219   1401.9    793.0
     1     1    14     1    29    12     0     0   102.0   58.356 -119.099   1441.5    786.2
     1     1    14     1    29    13     0     0   103.0   58.106 -118.971   1483.9    779.0
     1     1    14     1    29    14     0     0   104.0   57.844 -118.870   1524.9    772.2
     1     1    14     1    29    15     0     0   105.0   57.575 -118.800   1565.0    765.4
     1     1    14     1    29    16     0     0   106.0   57.302 -118.768   1603.9    758.3
     1     1    14     1    29    17     0     0   107.0   57.029 -118.781   1640.6    751.1
     1     1    14     1    29    18     0     0   108.0   56.755 -118.841   1673.9    744.0
     1     1    14     1    29    19     0     0   109.0   56.485 -118.931   1703.1    737.5
     1     1    14     1    29    20     0     0   110.0   56.224 -119.032   1727.2    731.7
     1     1    14     1    29    21     0     0   111.0   55.973 -119.141   1746.2    726.5
     1     1    14     1    29    22     0     0   112.0   55.733 -119.256   1760.3    721.9
     1     1    14     1    29    23     0     0   113.0   55.506 -119.375   1769.7    718.0
     1     1    14     1    30     0     0     0   114.0   55.292 -119.498   1774.6    714.6
     1     1    14     1    30     1     0     0   115.0   55.089 -119.638   1772.7    712.0
     1     1    14     1    30     2     0     0   116.0   54.899 -119.811   1761.7    709.7
     1     1    14     1    30     3     0     0   117.0   54.724 -120.016   1743.0    707.6
     1     1    14     1    30     4     0     0   118.0   54.562 -120.249   1718.9    706.6
     1     1    14     1    30     5     0     0   119.0   54.413 -120.511   1689.6    706.8
     1     1    14     1    30     6     0     0   120.0   54.279 -120.805   1655.1    708.1
