     1     1
    CDC1    14     1     1     0     0
     1 FORWARD  OMEGA   
    14     1    13    18   75.000 -150.000  3000.0
     1 PRESSURE
     1     1    14     1    13    18     0     0     0.0   75.000 -150.000   3000.0    652.0
     1     1    14     1    13    19     0     0     1.0   74.660 -150.307   2982.3    655.5
     1     1    14     1    13    20     0     0     2.0   74.337 -150.454   2958.2    660.0
     1     1    14     1    13    21     0     0     3.0   74.031 -150.462   2929.9    664.6
     1     1    14     1    13    22     0     0     4.0   73.740 -150.351   2899.4    669.3
     1     1    14     1    13    23     0     0     5.0   73.460 -150.140   2868.3    673.9
     1     1    14     1    14     0     0     0     6.0   73.192 -149.845   2838.3    678.3
     1     1    14     1    14     1     0     0     7.0   72.945 -149.472   2813.2    682.3
     1     1    14     1    14     2     0     0     8.0   72.726 -149.020   2791.1    685.5
     1     1    14     1    14     3     0     0     9.0   72.532 -148.490   2772.1    688.2
     1     1    14     1    14     4     0     0    10.0   72.359 -147.864   2752.1    687.6
     1     1    14     1    14     5     0     0    11.0   72.205 -147.127   2734.9    686.2
     1     1    14     1    14     6     0     0    12.0   72.066 -146.282   2720.3    684.8
     1     1    14     1    14     7     0     0    13.0   71.944 -145.325   2706.8    683.3
     1     1    14     1    14     8     0     0    14.0   71.842 -144.256   2694.5    682.7
     1     1    14     1    14     9     0     0    15.0   71.755 -143.094   2682.5    682.9
     1     1    14     1    14    10     0     0    16.0   71.679 -141.854   2670.5    683.9
     1     1    14     1    14    11     0     0    17.0   71.610 -140.545   2658.7    685.5
     1     1    14     1    14    12     0     0    18.0   71.547 -139.180   2647.9    687.6
     1     1    14     1    14    13     0     0    19.0   71.493 -137.808   2641.8    690.2
     1     1    14     1    14    14     0     0    20.0   71.449 -136.476   2639.6    691.6
     1     1    14     1    14    15     0     0    21.0   71.412 -135.193   2638.8    692.8
     1     1    14     1    14    16     0     0    22.0   71.383 -133.969   2636.0    693.4
     1     1    14     1    14    17     0     0    23.0   71.359 -132.812   2629.9    694.4
     1     1    14     1    14    18     0     0    24.0   71.342 -131.726   2617.8    694.9
     1     1    14     1    14    19     0     0    25.0   71.328 -130.677   2606.3    695.2
     1     1    14     1    14    20     0     0    26.0   71.309 -129.626   2603.1    693.9
     1     1    14     1    14    21     0     0    27.0   71.283 -128.578   2606.6    691.5
     1     1    14     1    14    22     0     0    28.0   71.247 -127.539   2616.8    688.4
     1     1    14     1    14    23     0     0    29.0   71.200 -126.510   2632.2    684.3
     1     1    14     1    15     0     0     0    30.0   71.143 -125.495   2652.9    679.7
     1     1    14     1    15     1     0     0    31.0   71.080 -124.503   2671.3    675.1
     1     1    14     1    15     2     0     0    32.0   71.019 -123.551   2679.9    672.4
     1     1    14     1    15     3     0     0    33.0   70.960 -122.652   2677.2    670.7
     1     1    14     1    15     4     0     0    34.0   70.902 -121.820   2663.4    671.0
     1     1    14     1    15     5     0     0    35.0   70.848 -121.069   2637.2    672.6
     1     1    14     1    15     6     0     0    36.0   70.798 -120.410   2597.8    675.4
     1     1    14     1    15     7     0     0    37.0   70.750 -119.771   2553.6    680.5
     1     1    14     1    15     8     0     0    38.0   70.706 -119.070   2511.5    685.2
     1     1    14     1    15     9     0     0    39.0   70.662 -118.308   2470.8    689.9
     1     1    14     1    15    10     0     0    40.0   70.615 -117.486   2430.6    694.5
     1     1    14     1    15    11     0     0    41.0   70.560 -116.610   2391.5    700.1
     1     1    14     1    15    12     0     0    42.0   70.497 -115.683   2352.5    705.6
     1     1    14     1    15    13     0     0    43.0   70.432 -114.758   2318.6    711.3
     1     1    14     1    15    14     0     0    44.0   70.376 -113.876   2296.1    715.8
     1     1    14     1    15    15     0     0    45.0   70.331 -113.036   2285.0    719.0
     1     1    14     1    15    16     0     0    46.0   70.295 -112.234   2285.4    720.9
     1     1    14     1    15    17     0     0    47.0   70.269 -111.465   2296.9    721.3
     1     1    14     1    15    18     0     0    48.0   70.251 -110.726   2319.7    720.4
     1     1    14     1    15    19     0     0    49.0   70.228 -109.994   2346.3    718.5
     1     1    14     1    15    20     0     0    50.0   70.187 -109.251   2367.7    717.7
     1     1    14     1    15    21     0     0    51.0   70.127 -108.496   2385.7    717.2
     1     1    14     1    15    22     0     0    52.0   70.043 -107.735   2400.9    717.0
     1     1    14     1    15    23     0     0    53.0   69.934 -106.968   2413.1    716.1
     1     1    14     1    16     0     0     0    54.0   69.796 -106.198   2422.7    714.8
     1     1    14     1    16     1     0     0    55.0   69.644 -105.432   2431.8    713.6
     1     1    14     1    16     2     0     0    56.0   69.489 -104.677   2439.7    712.2
     1     1    14     1    16     3     0     0    57.0   69.333 -103.931   2445.4    710.9
     1     1    14     1    16     4     0     0    58.0   69.175 -103.199   2448.0    710.2
     1     1    14     1    16     5     0     0    59.0   69.014 -102.481   2446.9    710.0
     1     1    14     1    16     6     0     0    60.0   68.853 -101.780   2441.3    709.7
     1     1    14     1    16     7     0     0    61.0   68.691 -101.083   2433.1    709.9
     1     1    14     1    16     8     0     0    62.0   68.526 -100.381   2422.7    710.3
     1     1    14     1    16     9     0     0    63.0   68.355  -99.673   2410.4    710.9
     1     1    14     1    16    10     0     0    64.0   68.175  -98.961   2396.3    711.5
     1     1    14     1    16    11     0     0    65.0   67.983  -98.245   2380.5    712.2
     1     1    14     1    16    12     0     0    66.0   67.775  -97.526   2362.9    713.1
     1     1    14     1    16    13     0     0    67.0   67.566  -96.808   2346.1    713.0
     1     1    14     1    16    14     0     0    68.0   67.376  -96.101   2335.0    712.5
     1     1    14     1    16    15     0     0    69.0   67.209  -95.410   2331.0    712.0
     1     1    14     1    16    16     0     0    70.0   67.065  -94.738   2333.8    710.9
     1     1    14     1    16    17     0     0    71.0   66.949  -94.081   2342.8    709.1
     1     1    14     1    16    18     0     0    72.0   66.862  -93.438   2357.7    706.6
     1     1    14     1    16    19     0     0    73.0   66.792  -92.822   2376.0    703.7
     1     1    14     1    16    20     0     0    74.0   66.725  -92.239   2394.6    701.5
     1     1    14     1    16    21     0     0    75.0   66.662  -91.687   2413.7    699.6
     1     1    14     1    16    22     0     0    76.0   66.605  -91.162   2433.6    697.5
     1     1    14     1    16    23     0     0    77.0   66.554  -90.663   2454.6    695.3
     1     1    14     1    17     0     0     0    78.0   66.513  -90.190   2477.0    693.0
     1     1    14     1    17     1     0     0    79.0   66.485  -89.737   2501.2    690.6
     1     1    14     1    17     2     0     0    80.0   66.478  -89.302   2525.0    688.7
     1     1    14     1    17     3     0     0    81.0   66.492  -88.883   2549.0    686.6
     1     1    14     1    17     4     0     0    82.0   66.528  -88.479   2574.0    684.4
     1     1    14     1    17     5     0     0    83.0   66.589  -88.087   2600.8    681.9
     1     1    14     1    17     6     0     0    84.0   66.676  -87.705   2630.1    679.0
     1     1    14     1    17     7     0     0    85.0   66.771  -87.323   2661.8    676.4
     1     1    14     1    17     8     0     0    86.0   66.857  -86.929   2695.9    674.0
     1     1    14     1    17     9     0     0    87.0   66.936  -86.521   2731.5    671.6
     1     1    14     1    17    10     0     0    88.0   67.013  -86.100   2769.1    669.0
     1     1    14     1    17    11     0     0    89.0   67.090  -85.664   2809.2    666.2
     1     1    14     1    17    12     0     0    90.0   67.173  -85.214   2852.1    663.1
     1     1    14     1    17    13     0     0    91.0   67.264  -84.757   2894.0    659.4
     1     1    14     1    17    14     0     0    92.0   67.365  -84.300   2927.9    656.9
     1     1    14     1    17    15     0     0    93.0   67.476  -83.843   2953.6    655.2
     1     1    14     1    17    16     0     0    94.0   67.600  -83.395   2971.5    654.6
     1     1    14     1    17    17     0     0    95.0   67.737  -82.970   2981.2    654.7
     1     1    14     1    17    18     0     0    96.0   67.890  -82.572   2983.1    655.1
     1     1    14     1    17    19     0     0    97.0   68.059  -82.216   2977.8    656.1
     1     1    14     1    17    20     0     0    98.0   68.245  -81.913   2969.6    656.9
     1     1    14     1    17    21     0     0    99.0   68.444  -81.662   2957.4    657.8
     1     1    14     1    17    22     0     0   100.0   68.656  -81.465   2941.7    658.9
     1     1    14     1    17    23     0     0   101.0   68.878  -81.319   2922.5    660.1
     1     1    14     1    18     0     0     0   102.0   69.110  -81.222   2900.2    661.6
     1     1    14     1    18     1     0     0   103.0   69.341  -81.183   2878.2    663.1
     1     1    14     1    18     2     0     0   104.0   69.565  -81.208   2861.2    664.0
     1     1    14     1    18     3     0     0   105.0   69.782  -81.298   2848.9    664.6
     1     1    14     1    18     4     0     0   106.0   69.994  -81.453   2840.9    665.1
     1     1    14     1    18     5     0     0   107.0   70.203  -81.682   2835.7    664.5
     1     1    14     1    18     6     0     0   108.0   70.410  -81.991   2834.0    663.9
     1     1    14     1    18     7     0     0   109.0   70.620  -82.368   2831.3    663.6
     1     1    14     1    18     8     0     0   110.0   70.835  -82.797   2820.3    664.5
     1     1    14     1    18     9     0     0   111.0   71.050  -83.273   2801.8    666.3
     1     1    14     1    18    10     0     0   112.0   71.262  -83.793   2775.3    669.0
     1     1    14     1    18    11     0     0   113.0   71.470  -84.350   2740.4    672.8
     1     1    14     1    18    12     0     0   114.0   71.671  -84.940   2696.8    677.7
     1     1    14     1    18    13     0     0   115.0   71.851  -85.576   2650.7    683.8
     1     1    14     1    18    14     0     0   116.0   72.000  -86.270   2609.5    689.5
     1     1    14     1    18    15     0     0   117.0   72.121  -87.018   2574.5    695.2
     1     1    14     1    18    16     0     0   118.0   72.213  -87.815   2545.9    700.2
     1     1    14     1    18    17     0     0   119.0   72.276  -88.655   2523.9    704.1
     1     1    14     1    18    18     0     0   120.0   72.310  -89.528   2509.6    707.6
