     1     1
    CDC1    14     1     1     0     0
     1 FORWARD  OMEGA   
    14     1    12    18   75.000 -150.000  3000.0
     1 PRESSURE
     1     1    14     1    12    18     0     0     0.0   75.000 -150.000   3000.0    647.8
     1     1    14     1    12    19     0     0     1.0   74.728 -149.848   3012.7    648.6
     1     1    14     1    12    20     0     0     2.0   74.468 -149.658   3025.9    649.2
     1     1    14     1    12    21     0     0     3.0   74.220 -149.420   3040.4    649.5
     1     1    14     1    12    22     0     0     4.0   73.984 -149.127   3056.8    649.4
     1     1    14     1    12    23     0     0     5.0   73.758 -148.770   3075.4    648.9
     1     1    14     1    13     0     0     0     6.0   73.540 -148.340   3096.3    648.1
     1     1    14     1    13     1     0     0     7.0   73.330 -147.869   3115.1    646.9
     1     1    14     1    13     2     0     0     8.0   73.134 -147.394   3130.1    646.3
     1     1    14     1    13     3     0     0     9.0   72.953 -146.908   3141.2    646.1
     1     1    14     1    13     4     0     0    10.0   72.789 -146.407   3148.5    646.0
     1     1    14     1    13     5     0     0    11.0   72.641 -145.887   3152.2    646.2
     1     1    14     1    13     6     0     0    12.0   72.509 -145.343   3152.8    646.7
     1     1    14     1    13     7     0     0    13.0   72.380 -144.752   3147.7    645.0
     1     1    14     1    13     8     0     0    14.0   72.240 -144.086   3141.5    643.1
     1     1    14     1    13     9     0     0    15.0   72.088 -143.331   3133.1    641.5
     1     1    14     1    13    10     0     0    16.0   71.925 -142.473   3121.4    640.2
     1     1    14     1    13    11     0     0    17.0   71.751 -141.505   3106.1    640.1
     1     1    14     1    13    12     0     0    18.0   71.565 -140.417   3085.6    640.8
     1     1    14     1    13    13     0     0    19.0   71.373 -139.229   3063.2    642.9
     1     1    14     1    13    14     0     0    20.0   71.181 -137.965   3044.5    645.4
     1     1    14     1    13    15     0     0    21.0   70.989 -136.632   3027.0    647.8
     1     1    14     1    13    16     0     0    22.0   70.794 -135.238   3010.4    650.2
     1     1    14     1    13    17     0     0    23.0   70.593 -133.793   2993.3    652.4
     1     1    14     1    13    18     0     0    24.0   70.382 -132.310   2973.2    655.0
     1     1    14     1    13    19     0     0    25.0   70.174 -130.786   2947.2    656.7
     1     1    14     1    13    20     0     0    26.0   69.984 -129.216   2918.9    657.7
     1     1    14     1    13    21     0     0    27.0   69.810 -127.601   2886.2    658.5
     1     1    14     1    13    22     0     0    28.0   69.648 -125.952   2848.8    660.3
     1     1    14     1    13    23     0     0    29.0   69.491 -124.275   2807.1    663.3
     1     1    14     1    14     0     0     0    30.0   69.325 -122.579   2760.8    667.6
     1     1    14     1    14     1     0     0    31.0   69.145 -120.917   2714.5    672.2
     1     1    14     1    14     2     0     0    32.0   68.956 -119.338   2673.2    675.9
     1     1    14     1    14     3     0     0    33.0   68.762 -117.856   2635.7    679.2
     1     1    14     1    14     4     0     0    34.0   68.572 -116.478   2601.2    682.5
     1     1    14     1    14     5     0     0    35.0   68.387 -115.203   2568.7    685.1
     1     1    14     1    14     6     0     0    36.0   68.210 -114.027   2537.9    687.8
     1     1    14     1    14     7     0     0    37.0   68.048 -112.928   2508.8    689.5
     1     1    14     1    14     8     0     0    38.0   67.908 -111.878   2483.8    691.3
     1     1    14     1    14     9     0     0    39.0   67.790 -110.866   2459.9    693.7
     1     1    14     1    14    10     0     0    40.0   67.692 -109.883   2434.6    696.5
     1     1    14     1    14    11     0     0    41.0   67.614 -108.926   2407.6    700.6
     1     1    14     1    14    12     0     0    42.0   67.553 -107.995   2377.7    705.1
     1     1    14     1    14    13     0     0    43.0   67.504 -107.092   2346.2    709.7
     1     1    14     1    14    14     0     0    44.0   67.459 -106.217   2317.9    714.0
     1     1    14     1    14    15     0     0    45.0   67.411 -105.370   2290.1    718.1
     1     1    14     1    14    16     0     0    46.0   67.353 -104.548   2262.0    722.3
     1     1    14     1    14    17     0     0    47.0   67.279 -103.753   2233.2    726.4
     1     1    14     1    14    18     0     0    48.0   67.183 -102.987   2202.7    730.5
     1     1    14     1    14    19     0     0    49.0   67.070 -102.266   2168.2    734.2
     1     1    14     1    14    20     0     0    50.0   66.953 -101.597   2128.7    738.1
     1     1    14     1    14    21     0     0    51.0   66.829 -100.973   2084.2    742.6
     1     1    14     1    14    22     0     0    52.0   66.695 -100.385   2033.5    747.9
     1     1    14     1    14    23     0     0    53.0   66.550  -99.827   1976.2    754.1
     1     1    14     1    15     0     0     0    54.0   66.395  -99.292   1913.0    760.8
     1     1    14     1    15     1     0     0    55.0   66.241  -98.787   1849.5    767.7
     1     1    14     1    15     2     0     0    56.0   66.097  -98.314   1791.4    773.7
     1     1    14     1    15     3     0     0    57.0   65.964  -97.870   1738.0    779.5
     1     1    14     1    15     4     0     0    58.0   65.843  -97.450   1688.7    784.7
     1     1    14     1    15     5     0     0    59.0   65.735  -97.052   1643.4    788.9
     1     1    14     1    15     6     0     0    60.0   65.641  -96.677   1603.0    792.6
     1     1    14     1    15     7     0     0    61.0   65.557  -96.336   1565.4    795.9
     1     1    14     1    15     8     0     0    62.0   65.482  -96.043   1531.2    799.1
     1     1    14     1    15     9     0     0    63.0   65.419  -95.798   1499.1    802.0
     1     1    14     1    15    10     0     0    64.0   65.370  -95.601   1468.9    804.8
     1     1    14     1    15    11     0     0    65.0   65.339  -95.455   1440.3    807.3
     1     1    14     1    15    12     0     0    66.0   65.328  -95.358   1413.2    809.7
     1     1    14     1    15    13     0     0    67.0   65.329  -95.269   1388.2    813.1
     1     1    14     1    15    14     0     0    68.0   65.329  -95.142   1362.6    816.6
     1     1    14     1    15    15     0     0    69.0   65.327  -94.977   1337.8    819.9
     1     1    14     1    15    16     0     0    70.0   65.323  -94.770   1313.8    822.9
     1     1    14     1    15    17     0     0    71.0   65.314  -94.522   1291.0    825.5
     1     1    14     1    15    18     0     0    72.0   65.300  -94.232   1269.7    827.7
     1     1    14     1    15    19     0     0    73.0   65.264  -93.914   1248.7    829.7
     1     1    14     1    15    20     0     0    74.0   65.195  -93.581   1225.2    832.2
     1     1    14     1    15    21     0     0    75.0   65.094  -93.234   1199.3    835.2
     1     1    14     1    15    22     0     0    76.0   64.961  -92.876   1170.6    838.7
     1     1    14     1    15    23     0     0    77.0   64.799  -92.514   1139.5    843.0
     1     1    14     1    16     0     0     0    78.0   64.611  -92.157   1106.4    847.8
     1     1    14     1    16     1     0     0    79.0   64.422  -91.798   1076.2    852.7
     1     1    14     1    16     2     0     0    80.0   64.255  -91.427   1051.7    856.4
     1     1    14     1    16     3     0     0    81.0   64.110  -91.041   1032.6    859.4
     1     1    14     1    16     4     0     0    82.0   63.989  -90.637   1018.5    861.6
     1     1    14     1    16     5     0     0    83.0   63.892  -90.215   1008.7    863.2
     1     1    14     1    16     6     0     0    84.0   63.822  -89.777   1002.6    864.5
     1     1    14     1    16     7     0     0    85.0   63.761  -89.333    999.7    865.9
     1     1    14     1    16     8     0     0    86.0   63.690  -88.893    999.3    867.2
     1     1    14     1    16     9     0     0    87.0   63.608  -88.454   1002.0    868.1
     1     1    14     1    16    10     0     0    88.0   63.516  -88.015   1008.4    868.7
     1     1    14     1    16    11     0     0    89.0   63.415  -87.575   1018.9    868.8
     1     1    14     1    16    12     0     0    90.0   63.305  -87.129   1034.1    869.1
     1     1    14     1    16    13     0     0    91.0   63.207  -86.668   1052.1    868.6
     1     1    14     1    16    14     0     0    92.0   63.144  -86.185   1070.1    868.1
     1     1    14     1    16    15     0     0    93.0   63.115  -85.681   1087.4    867.6
     1     1    14     1    16    16     0     0    94.0   63.119  -85.155   1103.3    867.2
     1     1    14     1    16    17     0     0    95.0   63.153  -84.607   1117.0    866.9
     1     1    14     1    16    18     0     0    96.0   63.214  -84.038   1127.7    866.8
     1     1    14     1    16    19     0     0    97.0   63.286  -83.464   1138.7    867.1
     1     1    14     1    16    20     0     0    98.0   63.360  -82.899   1153.7    866.5
     1     1    14     1    16    21     0     0    99.0   63.436  -82.336   1172.4    864.9
     1     1    14     1    16    22     0     0   100.0   63.512  -81.769   1193.6    861.6
     1     1    14     1    16    23     0     0   101.0   63.586  -81.192   1217.3    858.3
     1     1    14     1    17     0     0     0   102.0   63.658  -80.599   1242.8    854.9
     1     1    14     1    17     1     0     0   103.0   63.740  -80.008   1267.5    851.2
     1     1    14     1    17     2     0     0   104.0   63.838  -79.434   1286.9    846.9
     1     1    14     1    17     3     0     0   105.0   63.946  -78.875   1301.2    843.5
     1     1    14     1    17     4     0     0   106.0   64.061  -78.328   1310.0    840.9
     1     1    14     1    17     5     0     0   107.0   64.179  -77.794   1313.3    839.3
     1     1    14     1    17     6     0     0   108.0   64.298  -77.271   1310.8    838.7
     1     1    14     1    17     7     0     0   109.0   64.409  -76.750   1302.7    838.9
     1     1    14     1    17     8     0     0   110.0   64.508  -76.224   1289.8    839.6
     1     1    14     1    17     9     0     0   111.0   64.592  -75.693   1272.1    840.9
     1     1    14     1    17    10     0     0   112.0   64.660  -75.160   1249.6    842.9
     1     1    14     1    17    11     0     0   113.0   64.712  -74.627   1223.2    845.7
     1     1    14     1    17    12     0     0   114.0   64.750  -74.098   1193.8    848.9
     1     1    14     1    17    13     0     0   115.0   64.782  -73.592   1164.1    852.2
     1     1    14     1    17    14     0     0   116.0   64.820  -73.125   1135.9    855.0
     1     1    14     1    17    15     0     0   117.0   64.865  -72.695   1109.8    857.7
     1     1    14     1    17    16     0     0   118.0   64.920  -72.298   1086.2    860.0
     1     1    14     1    17    17     0     0   119.0   64.986  -71.933   1065.5    861.8
     1     1    14     1    17    18     0     0   120.0   65.063  -71.596   1047.8    862.8
