     1     1
    CDC1    14     1     1     0     0
     1 FORWARD  OMEGA   
    14     1    27    18   75.000 -150.000  3000.0
     1 PRESSURE
     1     1    14     1    27    18     0     0     0.0   75.000 -150.000   3000.0    691.5
     1     1    14     1    27    19     0     0     1.0   74.980 -148.974   2980.5    692.9
     1     1    14     1    27    20     0     0     2.0   74.938 -147.888   2964.3    694.1
     1     1    14     1    27    21     0     0     3.0   74.874 -146.747   2952.7    695.1
     1     1    14     1    27    22     0     0     4.0   74.791 -145.553   2946.4    695.6
     1     1    14     1    27    23     0     0     5.0   74.690 -144.308   2946.2    696.0
     1     1    14     1    28     0     0     0     6.0   74.574 -143.018   2951.9    696.5
     1     1    14     1    28     1     0     0     7.0   74.437 -141.768   2956.5    696.7
     1     1    14     1    28     2     0     0     8.0   74.281 -140.644   2953.5    698.5
     1     1    14     1    28     3     0     0     9.0   74.111 -139.641   2945.9    700.7
     1     1    14     1    28     4     0     0    10.0   73.931 -138.747   2936.5    703.1
     1     1    14     1    28     5     0     0    11.0   73.744 -137.950   2927.8    705.3
     1     1    14     1    28     6     0     0    12.0   73.552 -137.232   2922.6    707.1
     1     1    14     1    28     7     0     0    13.0   73.351 -136.599   2918.0    708.4
     1     1    14     1    28     8     0     0    14.0   73.139 -136.071   2908.1    710.4
     1     1    14     1    28     9     0     0    15.0   72.919 -135.651   2892.9    712.7
     1     1    14     1    28    10     0     0    16.0   72.694 -135.339   2872.2    715.3
     1     1    14     1    28    11     0     0    17.0   72.469 -135.136   2845.4    718.2
     1     1    14     1    28    12     0     0    18.0   72.247 -135.032   2810.8    720.0
     1     1    14     1    28    13     0     0    19.0   72.030 -135.000   2769.5    722.2
     1     1    14     1    28    14     0     0    20.0   71.823 -135.030   2723.3    725.0
     1     1    14     1    28    15     0     0    21.0   71.627 -135.128   2671.8    728.2
     1     1    14     1    28    16     0     0    22.0   71.441 -135.299   2616.2    731.8
     1     1    14     1    28    17     0     0    23.0   71.268 -135.547   2557.3    735.7
     1     1    14     1    28    18     0     0    24.0   71.108 -135.878   2496.4    739.7
     1     1    14     1    28    19     0     0    25.0   70.968 -136.276   2433.9    744.2
     1     1    14     1    28    20     0     0    26.0   70.852 -136.726   2370.5    748.8
     1     1    14     1    28    21     0     0    27.0   70.763 -137.235   2305.1    753.6
     1     1    14     1    28    22     0     0    28.0   70.702 -137.808   2236.9    758.6
     1     1    14     1    28    23     0     0    29.0   70.668 -138.442   2166.7    763.7
     1     1    14     1    29     0     0     0    30.0   70.661 -139.135   2095.1    768.8
     1     1    14     1    29     1     0     0    31.0   70.683 -139.855   2031.0    774.0
     1     1    14     1    29     2     0     0    32.0   70.731 -140.557   1981.8    777.6
     1     1    14     1    29     3     0     0    33.0   70.801 -141.232   1947.0    780.1
     1     1    14     1    29     4     0     0    34.0   70.891 -141.875   1925.3    781.9
     1     1    14     1    29     5     0     0    35.0   70.998 -142.482   1915.3    782.9
     1     1    14     1    29     6     0     0    36.0   71.120 -143.052   1916.1    783.9
     1     1    14     1    29     7     0     0    37.0   71.253 -143.612   1919.3    784.2
     1     1    14     1    29     8     0     0    38.0   71.393 -144.194   1919.0    786.0
     1     1    14     1    29     9     0     0    39.0   71.542 -144.798   1915.2    788.3
     1     1    14     1    29    10     0     0    40.0   71.699 -145.425   1908.5    791.7
     1     1    14     1    29    11     0     0    41.0   71.862 -146.073   1899.2    795.7
     1     1    14     1    29    12     0     0    42.0   72.031 -146.742   1887.4    800.3
     1     1    14     1    29    13     0     0    43.0   72.202 -147.388   1878.0    805.2
     1     1    14     1    29    14     0     0    44.0   72.369 -147.966   1874.7    809.2
     1     1    14     1    29    15     0     0    45.0   72.530 -148.476   1877.3    811.7
     1     1    14     1    29    16     0     0    46.0   72.678 -148.896   1884.1    810.2
     1     1    14     1    29    17     0     0    47.0   72.811 -149.215   1897.2    808.0
     1     1    14     1    29    18     0     0    48.0   72.929 -149.445   1916.0    805.2
     1     1    14     1    29    19     0     0    49.0   73.029 -149.604   1936.2    801.9
     1     1    14     1    29    20     0     0    50.0   73.110 -149.708   1954.3    799.3
     1     1    14     1    29    21     0     0    51.0   73.173 -149.768   1969.7    797.1
     1     1    14     1    29    22     0     0    52.0   73.219 -149.788   1982.2    795.3
     1     1    14     1    29    23     0     0    53.0   73.250 -149.773   1991.8    793.8
     1     1    14     1    30     0     0     0    54.0   73.265 -149.727   1998.4    792.7
     1     1    14     1    30     1     0     0    55.0   73.271 -149.630   2004.5    792.1
     1     1    14     1    30     2     0     0    56.0   73.269 -149.463   2012.2    791.1
     1     1    14     1    30     3     0     0    57.0   73.260 -149.222   2021.7    789.9
     1     1    14     1    30     4     0     0    58.0   73.243 -148.906   2032.7    788.5
     1     1    14     1    30     5     0     0    59.0   73.216 -148.513   2045.5    787.0
     1     1    14     1    30     6     0     0    60.0   73.179 -148.041   2059.7    785.3
     1     1    14     1    30     7     0     0    61.0   73.128 -147.515   2074.9    783.5
     1     1    14     1    30     8     0     0    62.0   73.064 -146.963   2090.7    781.9
     1     1    14     1    30     9     0     0    63.0   72.984 -146.388   2106.9    780.4
     1     1    14     1    30    10     0     0    64.0   72.886 -145.795   2123.6    778.8
     1     1    14     1    30    11     0     0    65.0   72.766 -145.186   2140.6    777.3
     1     1    14     1    30    12     0     0    66.0   72.624 -144.562   2157.9    776.0
     1     1    14     1    30    13     0     0    67.0   72.465 -143.911   2174.8    774.3
     1     1    14     1    30    14     0     0    68.0   72.299 -143.234   2189.5    770.3
     1     1    14     1    30    15     0     0    69.0   72.125 -142.545   2205.8    766.4
     1     1    14     1    30    16     0     0    70.0   71.943 -141.848   2225.3    762.7
     1     1    14     1    30    17     0     0    71.0   71.750 -141.145   2248.4    758.9
     1     1    14     1    30    18     0     0    72.0   71.544 -140.434   2276.2    754.8
     1     1    14     1    30    19     0     0    73.0   71.321 -139.717   2306.0    750.1
     1     1    14     1    30    20     0     0    74.0   71.078 -139.000   2335.7    746.0
     1     1    14     1    30    21     0     0    75.0   70.815 -138.284   2363.7    742.4
     1     1    14     1    30    22     0     0    76.0   70.530 -137.569   2390.1    739.4
     1     1    14     1    30    23     0     0    77.0   70.223 -136.857   2413.3    736.2
     1     1    14     1    31     0     0     0    78.0   69.896 -136.162   2433.0    733.0
     1     1    14     1    31     1     0     0    79.0   69.562 -135.507   2451.6    729.4
     1     1    14     1    31     2     0     0    80.0   69.230 -134.905   2472.6    725.5
     1     1    14     1    31     3     0     0    81.0   68.905 -134.345   2495.6    721.2
     1     1    14     1    31     4     0     0    82.0   68.586 -133.823   2521.4    716.8
     1     1    14     1    31     5     0     0    83.0   68.275 -133.330   2550.8    712.3
     1     1    14     1    31     6     0     0    84.0   67.974 -132.862   2584.3    707.7
     1     1    14     1    31     7     0     0    85.0   67.667 -132.409   2620.0    702.6
     1     1    14     1    31     8     0     0    86.0   67.340 -131.967   2653.4    695.3
     1     1    14     1    31     9     0     0    87.0   66.998 -131.537   2683.1    685.5
     1     1    14     1    31    10     0     0    88.0   66.650 -131.112   2713.4    675.5
     1     1    14     1    31    11     0     0    89.0   66.302 -130.678   2746.7    664.9
     1     1    14     1    31    12     0     0    90.0   65.962 -130.221   2786.0    653.9
     1     1    14     1    31    13     0     0    91.0   65.625 -129.732   2826.1    642.9
     1     1    14     1    31    14     0     0    92.0   65.286 -129.214   2858.1    634.2
     1     1    14     1    31    15     0     0    93.0   64.940 -128.663   2882.2    627.2
     1     1    14     1    31    16     0     0    94.0   64.588 -128.078   2901.4    622.9
     1     1    14     1    31    17     0     0    95.0   64.228 -127.452   2915.7    619.6
     1     1    14     1    31    18     0     0    96.0   63.865 -126.788   2933.1    619.2
