     1     1
    CDC1    14     1     1     0     0
     1 FORWARD  OMEGA   
    14     1    24     6   75.000 -150.000  3000.0
     1 PRESSURE
     1     1    14     1    24     6     0     0     0.0   75.000 -150.000   3000.0    680.1
     1     1    14     1    24     7     0     0     1.0   74.780 -149.477   2946.6    686.0
     1     1    14     1    24     8     0     0     2.0   74.578 -148.863   2892.2    692.0
     1     1    14     1    24     9     0     0     3.0   74.388 -148.160   2836.3    698.0
     1     1    14     1    24    10     0     0     4.0   74.203 -147.370   2778.8    704.2
     1     1    14     1    24    11     0     0     5.0   74.020 -146.506   2719.9    710.7
     1     1    14     1    24    12     0     0     6.0   73.836 -145.591   2659.7    716.9
     1     1    14     1    24    13     0     0     7.0   73.644 -144.689   2599.4    723.0
     1     1    14     1    24    14     0     0     8.0   73.445 -143.857   2543.6    729.2
     1     1    14     1    24    15     0     0     9.0   73.246 -143.102   2490.9    735.1
     1     1    14     1    24    16     0     0    10.0   73.052 -142.422   2441.4    740.8
     1     1    14     1    24    17     0     0    11.0   72.868 -141.814   2395.4    746.1
     1     1    14     1    24    18     0     0    12.0   72.695 -141.273   2353.1    750.9
     1     1    14     1    24    19     0     0    13.0   72.529 -140.766   2317.1    755.6
     1     1    14     1    24    20     0     0    14.0   72.363 -140.247   2285.4    757.3
     1     1    14     1    24    21     0     0    15.0   72.194 -139.689   2262.8    758.1
     1     1    14     1    24    22     0     0    16.0   72.022 -139.083   2251.0    757.9
     1     1    14     1    24    23     0     0    17.0   71.845 -138.423   2251.9    756.6
     1     1    14     1    25     0     0     0    18.0   71.664 -137.704   2267.9    753.9
     1     1    14     1    25     1     0     0    19.0   71.468 -136.915   2288.9    750.5
     1     1    14     1    25     2     0     0    20.0   71.247 -136.053   2302.9    749.0
     1     1    14     1    25     3     0     0    21.0   70.997 -135.119   2310.6    748.4
     1     1    14     1    25     4     0     0    22.0   70.712 -134.112   2311.7    747.5
     1     1    14     1    25     5     0     0    23.0   70.388 -133.024   2307.6    747.4
     1     1    14     1    25     6     0     0    24.0   70.017 -131.842   2298.9    747.0
     1     1    14     1    25     7     0     0    25.0   69.602 -130.577   2286.5    745.1
     1     1    14     1    25     8     0     0    26.0   69.151 -129.249   2272.3    743.7
     1     1    14     1    25     9     0     0    27.0   68.660 -127.861   2256.6    743.7
     1     1    14     1    25    10     0     0    28.0   68.125 -126.412   2240.6    745.2
     1     1    14     1    25    11     0     0    29.0   67.535 -124.893   2226.8    748.3
     1     1    14     1    25    12     0     0    30.0   66.879 -123.322   2205.1    743.6
     1     1    14     1    25    13     0     0    31.0   66.162 -121.825   2185.5    742.6
     1     1    14     1    25    14     0     0    32.0   65.396 -120.452   2167.0    743.2
     1     1    14     1    25    15     0     0    33.0   64.590 -119.164   2151.7    744.2
     1     1    14     1    25    16     0     0    34.0   63.755 -117.966   2139.9    745.8
     1     1    14     1    25    17     0     0    35.0   62.893 -116.833   2131.7    746.7
     1     1    14     1    25    18     0     0    36.0   62.001 -115.749   2125.7    744.8
     1     1    14     1    25    19     0     0    37.0   61.085 -114.768   2122.8    742.2
     1     1    14     1    25    20     0     0    38.0   60.155 -113.886   2130.2    739.9
     1     1    14     1    25    21     0     0    39.0   59.210 -113.027   2147.6    732.4
     1     1    14     1    25    22     0     0    40.0   58.249 -112.146   2174.9    723.9
     1     1    14     1    25    23     0     0    41.0   57.279 -111.204   2213.2    714.8
     1     1    14     1    26     0     0     0    42.0   56.301 -110.218   2248.6    708.1
     1     1    14     1    26     1     0     0    43.0   55.328 -109.278   2250.0    704.1
     1     1    14     1    26     2     0     0    44.0   54.385 -108.403   2221.1    704.7
     1     1    14     1    26     3     0     0    45.0   53.471 -107.536   2181.5    707.2
     1     1    14     1    26     4     0     0    46.0   52.595 -106.644   2142.8    709.9
     1     1    14     1    26     5     0     0    47.0   51.755 -105.714   2113.1    709.3
     1     1    14     1    26     6     0     0    48.0   50.933 -104.757   2089.4    707.7
     1     1    14     1    26     7     0     0    49.0   50.122 -103.793   2069.8    708.2
     1     1    14     1    26     8     0     0    50.0   49.316 -102.818   2064.2    708.3
     1     1    14     1    26     9     0     0    51.0   48.516 -101.807   2081.0    710.9
     1     1    14     1    26    10     0     0    52.0   47.728 -100.738   2120.6    713.7
     1     1    14     1    26    11     0     0    53.0   46.949  -99.604   2167.5    712.1
     1     1    14     1    26    12     0     0    54.0   46.188  -98.426   2203.7    709.4
     1     1    14     1    26    13     0     0    55.0   45.461  -97.241   2212.6    709.6
     1     1    14     1    26    14     0     0    56.0   44.796  -96.078   2190.9    712.7
     1     1    14     1    26    15     0     0    57.0   44.216  -94.935   2152.3    720.2
     1     1    14     1    26    16     0     0    58.0   43.719  -93.805   2107.6    728.8
     1     1    14     1    26    17     0     0    59.0   43.289  -92.663   2072.6    737.1
     1     1    14     1    26    18     0     0    60.0   42.911  -91.490   2056.1    741.1
     1     1    14     1    26    19     0     0    61.0   42.587  -90.291   2071.0    739.2
     1     1    14     1    26    20     0     0    62.0   42.340  -89.082   2120.7    735.0
     1     1    14     1    26    21     0     0    63.0   42.191  -87.856   2200.7    728.5
     1     1    14     1    26    22     0     0    64.0   42.140  -86.594   2302.2    719.8
     1     1    14     1    26    23     0     0    65.0   42.182  -85.288   2413.8    711.0
     1     1    14     1    27     0     0     0    66.0   42.306  -83.928   2520.2    698.8
     1     1    14     1    27     1     0     0    67.0   42.512  -82.521   2612.9    687.6
     1     1    14     1    27     2     0     0    68.0   42.802  -81.100   2681.2    678.5
     1     1    14     1    27     3     0     0    69.0   43.165  -79.694   2723.9    673.6
     1     1    14     1    27     4     0     0    70.0   43.590  -78.307   2752.3    671.1
     1     1    14     1    27     5     0     0    71.0   44.068  -76.931   2782.1    668.5
     1     1    14     1    27     6     0     0    72.0   44.596  -75.540   2829.3    662.8
     1     1    14     1    27     7     0     0    73.0   45.150  -74.117   2900.5    652.9
     1     1    14     1    27     8     0     0    74.0   45.713  -72.683   2987.1    643.0
     1     1    14     1    27     9     0     0    75.0   46.290  -71.249   3077.9    635.7
     1     1    14     1    27    10     0     0    76.0   46.883  -69.797   3159.4    629.4
     1     1    14     1    27    11     0     0    77.0   47.480  -68.304   3226.3    627.3
     1     1    14     1    27    12     0     0    78.0   48.049  -66.754   3259.0    629.6
     1     1    14     1    27    13     0     0    79.0   48.587  -65.184   3269.9    636.8
     1     1    14     1    27    14     0     0    80.0   49.128  -63.624   3274.7    640.2
     1     1    14     1    27    15     0     0    81.0   49.681  -62.060   3270.6    642.0
     1     1    14     1    27    16     0     0    82.0   50.234  -60.475   3243.2    640.5
     1     1    14     1    27    17     0     0    83.0   50.756  -58.859   3191.5    643.2
     1     1    14     1    27    18     0     0    84.0   51.214  -57.210   3108.9    653.2
     1     1    14     1    27    19     0     0    85.0   51.620  -55.567   3017.6    670.4
     1     1    14     1    27    20     0     0    86.0   52.005  -53.966   2932.5    684.9
     1     1    14     1    27    21     0     0    87.0   52.365  -52.420   2844.4    698.6
     1     1    14     1    27    22     0     0    88.0   52.690  -50.951   2741.3    710.2
     1     1    14     1    27    23     0     0    89.0   52.965  -49.569   2624.3    721.7
     1     1    14     1    28     0     0     0    90.0   53.179  -48.265   2494.0    734.5
     1     1    14     1    28     1     0     0    91.0   53.357  -47.043   2375.0    748.5
     1     1    14     1    28     2     0     0    92.0   53.522  -45.902   2282.8    758.5
     1     1    14     1    28     3     0     0    93.0   53.662  -44.828   2209.7    766.6
     1     1    14     1    28     4     0     0    94.0   53.763  -43.813   2145.9    773.8
     1     1    14     1    28     5     0     0    95.0   53.811  -42.850   2083.1    781.0
     1     1    14     1    28     6     0     0    96.0   53.799  -41.939   2014.7    788.9
     1     1    14     1    28     7     0     0    97.0   53.763  -41.077   1948.8    797.3
     1     1    14     1    28     8     0     0    98.0   53.738  -40.257   1893.1    803.8
     1     1    14     1    28     9     0     0    99.0   53.714  -39.478   1843.4    809.7
     1     1    14     1    28    10     0     0   100.0   53.687  -38.737   1797.3    815.1
     1     1    14     1    28    11     0     0   101.0   53.646  -38.033   1752.0    820.6
     1     1    14     1    28    12     0     0   102.0   53.579  -37.369   1705.9    826.1
     1     1    14     1    28    13     0     0   103.0   53.509  -36.719   1662.6    830.3
     1     1    14     1    28    14     0     0   104.0   53.455  -36.061   1622.1    833.8
     1     1    14     1    28    15     0     0   105.0   53.416  -35.402   1580.0    837.8
     1     1    14     1    28    16     0     0   106.0   53.393  -34.748   1532.8    842.6
     1     1    14     1    28    17     0     0   107.0   53.386  -34.104   1479.1    848.0
     1     1    14     1    28    18     0     0   108.0   53.393  -33.477   1417.5    854.4
     1     1    14     1    28    19     0     0   109.0   53.411  -32.882   1353.8    861.8
     1     1    14     1    28    20     0     0   110.0   53.445  -32.341   1296.0    868.0
     1     1    14     1    28    21     0     0   111.0   53.506  -31.865   1245.5    872.9
     1     1    14     1    28    22     0     0   112.0   53.599  -31.463   1201.6    877.0
     1     1    14     1    28    23     0     0   113.0   53.730  -31.139   1161.8    880.7
     1     1    14     1    29     0     0     0   114.0   53.903  -30.895   1123.5    884.3
     1     1    14     1    29     1     0     0   115.0   54.117  -30.679   1088.7    887.0
     1     1    14     1    29     2     0     0   116.0   54.365  -30.436   1059.5    888.9
     1     1    14     1    29     3     0     0   117.0   54.656  -30.171   1036.7    890.0
     1     1    14     1    29     4     0     0   118.0   54.999  -29.886   1020.8    890.2
     1     1    14     1    29     5     0     0   119.0   55.395  -29.582   1013.7    891.1
     1     1    14     1    29     6     0     0   120.0   55.845  -29.262   1014.7    891.1
