     1     1
    CDC1    14     1     1     0     0
     1 FORWARD  OMEGA   
    14     1     4     0   75.000 -150.000  3000.0
     1 PRESSURE
     1     1    14     1     4     0     0     0     0.0   75.000 -150.000   3000.0    690.1
     1     1    14     1     4     1     0     0     1.0   75.082 -151.161   2965.2    695.3
     1     1    14     1     4     2     0     0     2.0   75.184 -152.298   2940.4    699.0
     1     1    14     1     4     3     0     0     3.0   75.304 -153.398   2923.9    701.3
     1     1    14     1     4     4     0     0     4.0   75.441 -154.448   2915.2    702.6
     1     1    14     1     4     5     0     0     5.0   75.594 -155.442   2912.8    702.9
     1     1    14     1     4     6     0     0     6.0   75.765 -156.375   2916.0    702.5
     1     1    14     1     4     7     0     0     7.0   75.960 -157.247   2922.9    702.0
     1     1    14     1     4     8     0     0     8.0   76.187 -158.049   2930.0    701.5
     1     1    14     1     4     9     0     0     9.0   76.445 -158.773   2938.9    700.7
     1     1    14     1     4    10     0     0    10.0   76.734 -159.419   2950.0    699.7
     1     1    14     1     4    11     0     0    11.0   77.055 -159.991   2963.7    698.4
     1     1    14     1     4    12     0     0    12.0   77.407 -160.495   2979.6    696.8
     1     1    14     1     4    13     0     0    13.0   77.778 -160.859   2997.8    694.8
     1     1    14     1     4    14     0     0    14.0   78.152 -160.991   3017.4    692.9
     1     1    14     1     4    15     0     0    15.0   78.524 -160.879   3039.0    691.0
     1     1    14     1     4    16     0     0    16.0   78.891 -160.533   3063.5    689.0
     1     1    14     1     4    17     0     0    17.0   79.249 -159.962   3092.3    686.8
     1     1    14     1     4    18     0     0    18.0   79.595 -159.173   3127.1    684.5
     1     1    14     1     4    19     0     0    19.0   79.929 -158.220   3167.1    682.0
     1     1    14     1     4    20     0     0    20.0   80.245 -157.128   3209.1    678.7
     1     1    14     1     4    21     0     0    21.0   80.537 -155.874   3249.9    675.3
     1     1    14     1     4    22     0     0    22.0   80.800 -154.465   3285.6    672.1
     1     1    14     1     4    23     0     0    23.0   81.031 -152.918   3314.0    668.8
     1     1    14     1     5     0     0     0    24.0   81.227 -151.255   3334.3    666.3
     1     1    14     1     5     1     0     0    25.0   81.387 -149.501   3347.5    664.2
     1     1    14     1     5     2     0     0    26.0   81.514 -147.676   3354.4    662.3
     1     1    14     1     5     3     0     0    27.0   81.609 -145.814   3358.5    660.8
     1     1    14     1     5     4     0     0    28.0   81.672 -143.946   3362.2    659.4
     1     1    14     1     5     5     0     0    29.0   81.706 -142.095   3366.5    658.2
     1     1    14     1     5     6     0     0    30.0   81.711 -140.291   3372.1    657.4
     1     1    14     1     5     7     0     0    31.0   81.696 -138.545   3377.8    656.1
     1     1    14     1     5     8     0     0    32.0   81.668 -136.850   3385.2    654.9
     1     1    14     1     5     9     0     0    33.0   81.630 -135.211   3394.4    653.9
     1     1    14     1     5    10     0     0    34.0   81.582 -133.634   3405.7    653.3
     1     1    14     1     5    11     0     0    35.0   81.524 -132.122   3418.8    652.6
     1     1    14     1     5    12     0     0    36.0   81.458 -130.671   3433.7    651.8
     1     1    14     1     5    13     0     0    37.0   81.375 -129.286   3450.3    650.6
     1     1    14     1     5    14     0     0    38.0   81.261 -127.989   3471.1    649.2
     1     1    14     1     5    15     0     0    39.0   81.120 -126.794   3493.7    647.3
     1     1    14     1     5    16     0     0    40.0   80.955 -125.711   3518.0    644.9
     1     1    14     1     5    17     0     0    41.0   80.768 -124.746   3543.8    642.3
     1     1    14     1     5    18     0     0    42.0   80.564 -123.897   3571.2    639.6
     1     1    14     1     5    19     0     0    43.0   80.343 -123.165   3598.5    637.1
     1     1    14     1     5    20     0     0    44.0   80.102 -122.560   3618.6    635.2
     1     1    14     1     5    21     0     0    45.0   79.843 -122.079   3633.7    633.8
     1     1    14     1     5    22     0     0    46.0   79.572 -121.702   3643.7    632.9
     1     1    14     1     5    23     0     0    47.0   79.291 -121.418   3648.2    632.3
     1     1    14     1     6     0     0     0    48.0   79.003 -121.228   3647.2    632.0
     1     1    14     1     6     1     0     0    49.0   78.708 -121.094   3646.1    631.9
     1     1    14     1     6     2     0     0    50.0   78.406 -120.987   3649.8    631.0
     1     1    14     1     6     3     0     0    51.0   78.099 -120.917   3659.0    629.5
     1     1    14     1     6     4     0     0    52.0   77.786 -120.893   3674.3    627.6
     1     1    14     1     6     5     0     0    53.0   77.471 -120.925   3696.3    625.1
     1     1    14     1     6     6     0     0    54.0   77.161 -121.008   3725.0    622.5
     1     1    14     1     6     7     0     0    55.0   76.870 -121.111   3754.1    619.7
     1     1    14     1     6     8     0     0    56.0   76.604 -121.220   3776.7    617.8
     1     1    14     1     6     9     0     0    57.0   76.362 -121.341   3793.6    616.4
     1     1    14     1     6    10     0     0    58.0   76.144 -121.482   3804.6    615.5
     1     1    14     1     6    11     0     0    59.0   75.949 -121.649   3809.3    615.2
     1     1    14     1     6    12     0     0    60.0   75.779 -121.843   3807.8    615.4
     1     1    14     1     6    13     0     0    61.0   75.633 -122.043   3803.7    616.2
     1     1    14     1     6    14     0     0    62.0   75.513 -122.226   3801.2    616.5
     1     1    14     1     6    15     0     0    63.0   75.419 -122.388   3800.6    616.8
     1     1    14     1     6    16     0     0    64.0   75.350 -122.522   3802.3    616.7
     1     1    14     1     6    17     0     0    65.0   75.306 -122.618   3806.8    616.5
     1     1    14     1     6    18     0     0    66.0   75.284 -122.666   3814.2    615.9
     1     1    14     1     6    19     0     0    67.0   75.289 -122.616   3825.4    614.6
     1     1    14     1     6    20     0     0    68.0   75.323 -122.406   3841.2    612.7
     1     1    14     1     6    21     0     0    69.0   75.377 -122.012   3861.5    610.3
     1     1    14     1     6    22     0     0    70.0   75.441 -121.417   3886.0    607.4
     1     1    14     1     6    23     0     0    71.0   75.506 -120.606   3914.5    604.1
     1     1    14     1     7     0     0     0    72.0   75.562 -119.572   3946.4    600.4
     1     1    14     1     7     1     0     0    73.0   75.575 -118.387   3979.7    596.1
     1     1    14     1     7     2     0     0    74.0   75.532 -117.148   4014.6    592.1
     1     1    14     1     7     3     0     0    75.0   75.436 -115.871   4050.1    588.5
     1     1    14     1     7     4     0     0    76.0   75.292 -114.570   4086.6    584.6
     1     1    14     1     7     5     0     0    77.0   75.102 -113.250   4126.3    580.4
     1     1    14     1     7     6     0     0    78.0   74.869 -111.924   4170.3    576.1
     1     1    14     1     7     7     0     0    79.0   74.585 -110.617   4211.0    572.5
     1     1    14     1     7     8     0     0    80.0   74.238 -109.368   4240.9    570.1
     1     1    14     1     7     9     0     0    81.0   73.826 -108.211   4261.8    568.1
     1     1    14     1     7    10     0     0    82.0   73.350 -107.177   4276.7    566.4
     1     1    14     1     7    11     0     0    83.0   72.808 -106.289   4289.4    564.6
     1     1    14     1     7    12     0     0    84.0   72.206 -105.544   4304.7    563.1
     1     1    14     1     7    13     0     0    85.0   71.569 -104.896   4320.2    561.7
     1     1    14     1     7    14     0     0    86.0   70.921 -104.313   4333.5    560.7
     1     1    14     1     7    15     0     0    87.0   70.267 -103.798   4341.2    560.5
     1     1    14     1     7    16     0     0    88.0   69.610 -103.335   4336.5    559.4
     1     1    14     1     7    17     0     0    89.0   68.957 -102.895   4320.4    558.0
     1     1    14     1     7    18     0     0    90.0   68.308 -102.467   4295.5    557.5
     1     1    14     1     7    19     0     0    91.0   67.663 -102.065   4268.9    558.2
     1     1    14     1     7    20     0     0    92.0   67.016 -101.699   4243.6    557.6
     1     1    14     1     7    21     0     0    93.0   66.354 -101.361   4220.3    557.0
     1     1    14     1     7    22     0     0    94.0   65.662 -101.042   4197.2    556.6
     1     1    14     1     7    23     0     0    95.0   64.926 -100.734   4171.7    556.6
     1     1    14     1     8     0     0     0    96.0   64.131 -100.438   4133.9    556.8
     1     1    14     1     8     1     0     0    97.0   63.294 -100.148   4077.8    558.5
     1     1    14     1     8     2     0     0    98.0   62.437  -99.858   4009.3    561.9
     1     1    14     1     8     3     0     0    99.0   61.579  -99.581   3938.7    568.6
     1     1    14     1     8     4     0     0   100.0   60.728  -99.326   3864.7    575.3
     1     1    14     1     8     5     0     0   101.0   59.873  -99.090   3788.3    582.2
     1     1    14     1     8     6     0     0   102.0   59.024  -98.859   3712.9    589.3
     1     1    14     1     8     7     0     0   103.0   58.211  -98.602   3641.9    596.1
     1     1    14     1     8     8     0     0   104.0   57.441  -98.305   3572.1    602.5
     1     1    14     1     8     9     0     0   105.0   56.710  -97.977   3502.4    610.9
     1     1    14     1     8    10     0     0   106.0   56.009  -97.624   3426.0    619.5
     1     1    14     1     8    11     0     0   107.0   55.321  -97.256   3339.0    628.4
     1     1    14     1     8    12     0     0   108.0   54.641  -96.876   3241.3    637.6
     1     1    14     1     8    13     0     0   109.0   53.999  -96.475   3146.7    647.6
     1     1    14     1     8    14     0     0   110.0   53.416  -96.052   3062.4    655.1
     1     1    14     1     8    15     0     0   111.0   52.877  -95.626   2977.4    662.9
     1     1    14     1     8    16     0     0   112.0   52.367  -95.212   2882.0    671.1
     1     1    14     1     8    17     0     0   113.0   51.884  -94.818   2771.8    679.6
     1     1    14     1     8    18     0     0   114.0   51.424  -94.448   2649.1    689.4
     1     1    14     1     8    19     0     0   115.0   51.007  -94.076   2525.9    700.2
     1     1    14     1     8    20     0     0   116.0   50.640  -93.673   2414.8    709.0
     1     1    14     1     8    21     0     0   117.0   50.310  -93.248   2313.8    717.1
     1     1    14     1     8    22     0     0   118.0   50.004  -92.807   2221.5    724.4
     1     1    14     1     8    23     0     0   119.0   49.715  -92.359   2139.5    732.6
     1     1    14     1     9     0     0     0   120.0   49.436  -91.915   2066.7    740.6
