     1     1
    CDC1    14     1     1     0     0
     1 FORWARD  OMEGA   
    14     1     6     6   75.000 -150.000  3000.0
     1 PRESSURE
     1     1    14     1     6     6     0     0     0.0   75.000 -150.000   3000.0    687.3
     1     1    14     1     6     7     0     0     1.0   75.038 -150.958   2972.4    691.1
     1     1    14     1     6     8     0     0     2.0   75.055 -151.962   2942.5    695.1
     1     1    14     1     6     9     0     0     3.0   75.052 -153.022   2911.6    699.2
     1     1    14     1     6    10     0     0     4.0   75.030 -154.149   2880.2    703.6
     1     1    14     1     6    11     0     0     5.0   74.991 -155.352   2848.3    708.0
     1     1    14     1     6    12     0     0     6.0   74.937 -156.624   2815.7    711.9
     1     1    14     1     6    13     0     0     7.0   74.860 -157.934   2778.1    715.2
     1     1    14     1     6    14     0     0     8.0   74.754 -159.271   2728.9    720.1
     1     1    14     1     6    15     0     0     9.0   74.624 -160.648   2668.4    725.4
     1     1    14     1     6    16     0     0    10.0   74.474 -162.075   2597.6    731.0
     1     1    14     1     6    17     0     0    11.0   74.309 -163.562   2518.1    737.5
     1     1    14     1     6    18     0     0    12.0   74.133 -165.115   2430.8    744.8
     1     1    14     1     6    19     0     0    13.0   73.950 -166.715   2340.6    753.2
     1     1    14     1     6    20     0     0    14.0   73.762 -168.344   2251.5    761.4
     1     1    14     1     6    21     0     0    15.0   73.579 -170.020   2163.4    769.6
     1     1    14     1     6    22     0     0    16.0   73.412 -171.754   2078.9    778.6
     1     1    14     1     6    23     0     0    17.0   73.276 -173.554   1999.2    787.9
     1     1    14     1     7     0     0     0    18.0   73.181 -175.417   1926.1    797.1
     1     1    14     1     7     1     0     0    19.0   73.134 -177.304   1859.8    804.8
     1     1    14     1     7     2     0     0    20.0   73.135 -179.171   1802.2    811.8
     1     1    14     1     7     3     0     0    21.0   73.189  179.017   1754.2    817.8
     1     1    14     1     7     4     0     0    22.0   73.295  177.299   1715.9    821.9
     1     1    14     1     7     5     0     0    23.0   73.450  175.710   1686.8    824.4
     1     1    14     1     7     6     0     0    24.0   73.646  174.272   1665.9    826.0
     1     1    14     1     7     7     0     0    25.0   73.875  172.992   1653.4    827.1
     1     1    14     1     7     8     0     0    26.0   74.127  171.861   1649.4    827.0
     1     1    14     1     7     9     0     0    27.0   74.398  170.862   1653.7    825.9
     1     1    14     1     7    10     0     0    28.0   74.683  169.981   1665.8    823.7
     1     1    14     1     7    11     0     0    29.0   74.977  169.202   1685.2    820.6
     1     1    14     1     7    12     0     0    30.0   75.265  168.518   1711.4    817.9
     1     1    14     1     7    13     0     0    31.0   75.530  167.951   1740.2    814.8
     1     1    14     1     7    14     0     0    32.0   75.764  167.522   1769.4    811.9
     1     1    14     1     7    15     0     0    33.0   75.971  167.220   1798.1    809.3
     1     1    14     1     7    16     0     0    34.0   76.151  167.039   1825.5    806.8
     1     1    14     1     7    17     0     0    35.0   76.306  166.973   1851.1    804.4
     1     1    14     1     7    18     0     0    36.0   76.437  167.020   1874.5    802.1
     1     1    14     1     7    19     0     0    37.0   76.544  167.152   1896.0    800.2
     1     1    14     1     7    20     0     0    38.0   76.628  167.338   1915.6    798.3
     1     1    14     1     7    21     0     0    39.0   76.690  167.573   1933.3    796.6
     1     1    14     1     7    22     0     0    40.0   76.729  167.849   1949.0    795.1
     1     1    14     1     7    23     0     0    41.0   76.744  168.159   1962.5    793.8
     1     1    14     1     8     0     0     0    42.0   76.735  168.492   1973.3    792.7
     1     1    14     1     8     1     0     0    43.0   76.712  168.876   1983.7    791.6
     1     1    14     1     8     2     0     0    44.0   76.680  169.348   1995.4    790.1
     1     1    14     1     8     3     0     0    45.0   76.634  169.907   2008.2    788.4
     1     1    14     1     8     4     0     0    46.0   76.570  170.541   2021.9    787.0
     1     1    14     1     8     5     0     0    47.0   76.483  171.230   2035.9    785.5
     1     1    14     1     8     6     0     0    48.0   76.369  171.957   2049.9    784.0
     1     1    14     1     8     7     0     0    49.0   76.218  172.673   2059.3    782.7
     1     1    14     1     8     8     0     0    50.0   76.028  173.310   2060.4    782.6
     1     1    14     1     8     9     0     0    51.0   75.802  173.837   2053.7    783.4
     1     1    14     1     8    10     0     0    52.0   75.547  174.227   2040.1    784.8
     1     1    14     1     8    11     0     0    53.0   75.267  174.456   2020.6    786.8
     1     1    14     1     8    12     0     0    54.0   74.970  174.509   1996.4    789.3
     1     1    14     1     8    13     0     0    55.0   74.676  174.399   1970.0    792.3
     1     1    14     1     8    14     0     0    56.0   74.402  174.160   1942.2    795.3
     1     1    14     1     8    15     0     0    57.0   74.152  173.804   1912.2    798.5
     1     1    14     1     8    16     0     0    58.0   73.926  173.345   1879.3    802.2
     1     1    14     1     8    17     0     0    59.0   73.729  172.795   1842.7    806.3
     1     1    14     1     8    18     0     0    60.0   73.565  172.168   1801.9    811.1
     1     1    14     1     8    19     0     0    61.0   73.435  171.491   1764.0    816.5
     1     1    14     1     8    20     0     0    62.0   73.337  170.798   1734.7    820.4
     1     1    14     1     8    21     0     0    63.0   73.269  170.104   1714.3    823.1
     1     1    14     1     8    22     0     0    64.0   73.227  169.421   1702.7    824.9
     1     1    14     1     8    23     0     0    65.0   73.208  168.758   1700.1    825.5
     1     1    14     1     9     0     0     0    66.0   73.208  168.125   1706.6    825.1
     1     1    14     1     9     1     0     0    67.0   73.227  167.501   1716.1    823.4
     1     1    14     1     9     2     0     0    68.0   73.266  166.865   1722.3    822.6
     1     1    14     1     9     3     0     0    69.0   73.324  166.224   1725.5    822.1
     1     1    14     1     9     4     0     0    70.0   73.402  165.587   1726.2    821.7
     1     1    14     1     9     5     0     0    71.0   73.498  164.963   1724.8    821.4
     1     1    14     1     9     6     0     0    72.0   73.613  164.361   1722.0    821.1
     1     1    14     1     9     7     0     0    73.0   73.751  163.824   1719.6    821.0
     1     1    14     1     9     8     0     0    74.0   73.916  163.399   1719.4    820.6
     1     1    14     1     9     9     0     0    75.0   74.105  163.093   1720.9    820.0
     1     1    14     1     9    10     0     0    76.0   74.315  162.913   1724.1    819.3
     1     1    14     1     9    11     0     0    77.0   74.541  162.865   1728.9    818.3
     1     1    14     1     9    12     0     0    78.0   74.778  162.954   1735.6    817.0
     1     1    14     1     9    13     0     0    79.0   75.017  163.178   1742.9    815.0
     1     1    14     1     9    14     0     0    80.0   75.242  163.531   1750.7    813.6
     1     1    14     1     9    15     0     0    81.0   75.447  164.010   1757.6    812.2
     1     1    14     1     9    16     0     0    82.0   75.633  164.610   1763.0    810.9
     1     1    14     1     9    17     0     0    83.0   75.798  165.324   1766.6    809.8
     1     1    14     1     9    18     0     0    84.0   75.943  166.145   1767.8    809.3
     1     1    14     1     9    19     0     0    85.0   76.066  167.078   1768.1    809.4
     1     1    14     1     9    20     0     0    86.0   76.165  168.127   1769.8    809.1
     1     1    14     1     9    21     0     0    87.0   76.237  169.288   1773.3    808.6
     1     1    14     1     9    22     0     0    88.0   76.277  170.549   1778.9    808.3
     1     1    14     1     9    23     0     0    89.0   76.283  171.890   1787.0    808.2
     1     1    14     1    10     0     0     0    90.0   76.253  173.288   1797.4    807.8
     1     1    14     1    10     1     0     0    91.0   76.183  174.722   1811.5    806.8
     1     1    14     1    10     2     0     0    92.0   76.077  176.174   1829.7    805.2
     1     1    14     1    10     3     0     0    93.0   75.935  177.618   1850.6    803.2
     1     1    14     1    10     4     0     0    94.0   75.762  179.031   1872.7    800.9
     1     1    14     1    10     5     0     0    95.0   75.561 -179.609   1894.5    798.5
     1     1    14     1    10     6     0     0    96.0   75.334 -178.322   1914.1    796.1
     1     1    14     1    10     7     0     0    97.0   75.079 -177.114   1931.6    793.8
     1     1    14     1    10     8     0     0    98.0   74.790 -176.004   1948.6    790.9
     1     1    14     1    10     9     0     0    99.0   74.468 -175.027   1965.6    788.1
     1     1    14     1    10    10     0     0   100.0   74.119 -174.213   1982.3    785.3
     1     1    14     1    10    11     0     0   101.0   73.746 -173.581   1998.2    782.8
     1     1    14     1    10    12     0     0   102.0   73.354 -173.145   2012.8    780.6
     1     1    14     1    10    13     0     0   103.0   72.950 -172.900   2024.6    778.4
     1     1    14     1    10    14     0     0   104.0   72.539 -172.818   2032.9    776.9
     1     1    14     1    10    15     0     0   105.0   72.129 -172.846   2039.0    777.3
     1     1    14     1    10    16     0     0   106.0   71.725 -172.944   2040.9    778.4
     1     1    14     1    10    17     0     0   107.0   71.328 -173.114   2037.7    780.0
     1     1    14     1    10    18     0     0   108.0   70.940 -173.364   2028.9    782.1
     1     1    14     1    10    19     0     0   109.0   70.555 -173.721   2014.4    784.8
     1     1    14     1    10    20     0     0   110.0   70.165 -174.212   1994.7    787.7
     1     1    14     1    10    21     0     0   111.0   69.774 -174.812   1970.5    788.2
     1     1    14     1    10    22     0     0   112.0   69.387 -175.482   1944.6    785.7
     1     1    14     1    10    23     0     0   113.0   69.007 -176.215   1919.1    782.1
     1     1    14     1    11     0     0     0   114.0   68.633 -177.026   1893.3    777.7
     1     1    14     1    11     1     0     0   115.0   68.275 -177.922   1868.6    772.5
     1     1    14     1    11     2     0     0   116.0   67.943 -178.896   1847.3    767.0
     1     1    14     1    11     3     0     0   117.0   67.638 -179.946   1827.5    761.4
     1     1    14     1    11     4     0     0   118.0   67.365  178.950   1811.8    760.1
     1     1    14     1    11     5     0     0   119.0   67.126  177.827   1798.9    761.3
     1     1    14     1    11     6     0     0   120.0   66.925  176.702   1786.2    763.2
