     1     1
    CDC1    14     1     1     0     0
     1 FORWARD  OMEGA   
    14     1     7     0   75.000 -150.000  3000.0
     1 PRESSURE
     1     1    14     1     7     0     0     0     0.0   75.000 -150.000   3000.0    683.8
     1     1    14     1     7     1     0     0     1.0   74.745 -151.092   2946.5    690.3
     1     1    14     1     7     2     0     0     2.0   74.476 -152.217   2881.6    698.7
     1     1    14     1     7     3     0     0     3.0   74.192 -153.394   2806.1    708.0
     1     1    14     1     7     4     0     0     4.0   73.894 -154.640   2721.2    718.2
     1     1    14     1     7     5     0     0     5.0   73.578 -155.976   2627.1    728.3
     1     1    14     1     7     6     0     0     6.0   73.240 -157.431   2525.5    738.4
     1     1    14     1     7     7     0     0     7.0   72.879 -159.005   2419.3    748.8
     1     1    14     1     7     8     0     0     8.0   72.502 -160.702   2310.7    758.3
     1     1    14     1     7     9     0     0     9.0   72.123 -162.454   2196.6    764.5
     1     1    14     1     7    10     0     0    10.0   71.758 -164.183   2086.6    772.5
     1     1    14     1     7    11     0     0    11.0   71.413 -165.926   1981.0    783.3
     1     1    14     1     7    12     0     0    12.0   71.090 -167.720   1880.1    796.2
     1     1    14     1     7    13     0     0    13.0   70.793 -169.585   1789.7    809.0
     1     1    14     1     7    14     0     0    14.0   70.523 -171.525   1715.1    818.6
     1     1    14     1     7    15     0     0    15.0   70.281 -173.550   1656.6    824.1
     1     1    14     1     7    16     0     0    16.0   70.071 -175.647   1613.6    824.6
     1     1    14     1     7    17     0     0    17.0   69.894 -177.796   1585.0    820.6
     1     1    14     1     7    18     0     0    18.0   69.753 -179.936   1570.2    814.6
     1     1    14     1     7    19     0     0    19.0   69.644  177.960   1559.2    809.2
     1     1    14     1     7    20     0     0    20.0   69.567  175.901   1542.3    807.2
     1     1    14     1     7    21     0     0    21.0   69.525  173.873   1519.6    807.9
     1     1    14     1     7    22     0     0    22.0   69.516  171.868   1492.8    810.6
     1     1    14     1     7    23     0     0    23.0   69.542  169.879   1465.2    815.2
     1     1    14     1     8     0     0     0    24.0   69.604  167.911   1441.2    822.1
     1     1    14     1     8     1     0     0    25.0   69.703  166.003   1423.6    828.2
     1     1    14     1     8     2     0     0    26.0   69.834  164.194   1412.4    834.6
     1     1    14     1     8     3     0     0    27.0   69.981  162.505   1405.0    840.8
     1     1    14     1     8     4     0     0    28.0   70.136  160.949   1400.1    844.0
     1     1    14     1     8     5     0     0    29.0   70.296  159.526   1398.3    845.6
     1     1    14     1     8     6     0     0    30.0   70.458  158.219   1400.5    845.2
     1     1    14     1     8     7     0     0    31.0   70.625  157.019   1409.7    843.7
     1     1    14     1     8     8     0     0    32.0   70.800  155.907   1428.3    840.5
     1     1    14     1     8     9     0     0    33.0   70.984  154.853   1454.2    836.4
     1     1    14     1     8    10     0     0    34.0   71.176  153.828   1485.4    831.7
     1     1    14     1     8    11     0     0    35.0   71.375  152.809   1520.2    826.9
     1     1    14     1     8    12     0     0    36.0   71.579  151.778   1557.0    822.4
     1     1    14     1     8    13     0     0    37.0   71.796  150.733   1591.4    818.4
     1     1    14     1     8    14     0     0    38.0   72.031  149.682   1622.3    816.1
     1     1    14     1     8    15     0     0    39.0   72.277  148.620   1651.3    815.4
     1     1    14     1     8    16     0     0    40.0   72.526  147.542   1680.4    814.8
     1     1    14     1     8    17     0     0    41.0   72.768  146.465   1710.2    812.9
     1     1    14     1     8    18     0     0    42.0   72.997  145.399   1742.2    810.3
     1     1    14     1     8    19     0     0    43.0   73.220  144.354   1774.5    807.1
     1     1    14     1     8    20     0     0    44.0   73.447  143.339   1805.2    804.0
     1     1    14     1     8    21     0     0    45.0   73.681  142.345   1834.2    800.8
     1     1    14     1     8    22     0     0    46.0   73.922  141.367   1861.8    797.5
     1     1    14     1     8    23     0     0    47.0   74.171  140.398   1889.0    794.2
     1     1    14     1     9     0     0     0    48.0   74.429  139.431   1916.1    790.8
     1     1    14     1     9     1     0     0    49.0   74.687  138.499   1944.0    787.0
     1     1    14     1     9     2     0     0    50.0   74.937  137.621   1975.2    783.2
     1     1    14     1     9     3     0     0    51.0   75.177  136.783   2009.8    778.8
     1     1    14     1     9     4     0     0    52.0   75.403  135.979   2047.8    774.1
     1     1    14     1     9     5     0     0    53.0   75.614  135.188   2089.4    769.3
     1     1    14     1     9     6     0     0    54.0   75.808  134.395   2134.9    764.8
     1     1    14     1     9     7     0     0    55.0   75.994  133.641   2179.3    760.5
     1     1    14     1     9     8     0     0    56.0   76.184  132.964   2219.0    756.9
     1     1    14     1     9     9     0     0    57.0   76.379  132.348   2254.7    753.4
     1     1    14     1     9    10     0     0    58.0   76.579  131.781   2287.3    750.2
     1     1    14     1     9    11     0     0    59.0   76.784  131.249   2317.3    747.4
     1     1    14     1     9    12     0     0    60.0   76.990  130.733   2345.5    744.8
     1     1    14     1     9    13     0     0    61.0   77.187  130.225   2371.6    742.4
     1     1    14     1     9    14     0     0    62.0   77.361  129.720   2393.9    740.3
     1     1    14     1     9    15     0     0    63.0   77.512  129.214   2412.9    738.4
     1     1    14     1     9    16     0     0    64.0   77.639  128.715   2428.2    736.5
     1     1    14     1     9    17     0     0    65.0   77.742  128.232   2439.8    735.0
     1     1    14     1     9    18     0     0    66.0   77.821  127.759   2448.4    733.7
     1     1    14     1     9    19     0     0    67.0   77.885  127.317   2454.1    733.2
     1     1    14     1     9    20     0     0    68.0   77.942  126.930   2456.2    733.1
     1     1    14     1     9    21     0     0    69.0   77.993  126.599   2455.1    733.3
     1     1    14     1     9    22     0     0    70.0   78.039  126.323   2450.8    733.8
     1     1    14     1     9    23     0     0    71.0   78.080  126.102   2443.5    734.5
     1     1    14     1    10     0     0     0    72.0   78.118  125.935   2433.4    735.5
     1     1    14     1    10     1     0     0    73.0   78.147  125.827   2422.2    736.7
     1     1    14     1    10     2     0     0    74.0   78.163  125.781   2412.5    737.6
     1     1    14     1    10     3     0     0    75.0   78.167  125.796   2404.1    738.4
     1     1    14     1    10     4     0     0    76.0   78.159  125.869   2396.8    739.0
     1     1    14     1    10     5     0     0    77.0   78.140  125.998   2390.6    739.5
     1     1    14     1    10     6     0     0    78.0   78.111  126.181   2385.1    739.9
     1     1    14     1    10     7     0     0    79.0   78.076  126.430   2379.0    740.7
     1     1    14     1    10     8     0     0    80.0   78.039  126.760   2369.1    742.1
     1     1    14     1    10     9     0     0    81.0   78.001  127.170   2356.1    743.7
     1     1    14     1    10    10     0     0    82.0   77.960  127.658   2340.1    745.5
     1     1    14     1    10    11     0     0    83.0   77.915  128.226   2320.6    747.5
     1     1    14     1    10    12     0     0    84.0   77.865  128.874   2297.8    749.7
     1     1    14     1    10    13     0     0    85.0   77.814  129.576   2274.6    752.1
     1     1    14     1    10    14     0     0    86.0   77.770  130.313   2253.6    753.9
     1     1    14     1    10    15     0     0    87.0   77.733  131.088   2235.4    755.3
     1     1    14     1    10    16     0     0    88.0   77.700  131.906   2220.4    756.5
     1     1    14     1    10    17     0     0    89.0   77.671  132.773   2209.2    757.3
     1     1    14     1    10    18     0     0    90.0   77.645  133.697   2202.0    757.6
     1     1    14     1    10    19     0     0    91.0   77.627  134.648   2197.5    757.3
     1     1    14     1    10    20     0     0    92.0   77.624  135.602   2193.5    757.3
     1     1    14     1    10    21     0     0    93.0   77.632  136.566   2190.0    757.4
     1     1    14     1    10    22     0     0    94.0   77.650  137.541   2186.7    757.6
     1     1    14     1    10    23     0     0    95.0   77.675  138.531   2183.3    758.2
     1     1    14     1    11     0     0     0    96.0   77.707  139.534   2179.7    758.7
     1     1    14     1    11     1     0     0    97.0   77.732  140.570   2177.1    758.9
     1     1    14     1    11     2     0     0    98.0   77.738  141.650   2176.1    759.0
     1     1    14     1    11     3     0     0    99.0   77.725  142.769   2176.7    759.1
     1     1    14     1    11     4     0     0   100.0   77.691  143.923   2179.0    759.5
     1     1    14     1    11     5     0     0   101.0   77.635  145.105   2182.3    759.8
     1     1    14     1    11     6     0     0   102.0   77.555  146.303   2187.5    760.6
     1     1    14     1    11     7     0     0   103.0   77.462  147.524   2191.1    761.6
     1     1    14     1    11     8     0     0   104.0   77.364  148.786   2189.1    762.8
     1     1    14     1    11     9     0     0   105.0   77.260  150.085   2182.2    764.7
     1     1    14     1    11    10     0     0   106.0   77.150  151.411   2172.2    767.5
     1     1    14     1    11    11     0     0   107.0   77.030  152.755   2159.3    770.2
     1     1    14     1    11    12     0     0   108.0   76.899  154.113   2143.0    772.0
     1     1    14     1    11    13     0     0   109.0   76.750  155.478   2126.9    773.6
     1     1    14     1    11    14     0     0   110.0   76.577  156.837   2113.6    774.8
     1     1    14     1    11    15     0     0   111.0   76.378  158.181   2103.0    775.1
     1     1    14     1    11    16     0     0   112.0   76.150  159.503   2095.5    774.7
     1     1    14     1    11    17     0     0   113.0   75.893  160.786   2091.5    773.8
     1     1    14     1    11    18     0     0   114.0   75.603  162.014   2091.1    772.2
     1     1    14     1    11    19     0     0   115.0   75.282  163.180   2091.7    770.4
     1     1    14     1    11    20     0     0   116.0   74.933  164.272   2089.9    769.6
     1     1    14     1    11    21     0     0   117.0   74.560  165.266   2084.9    770.7
     1     1    14     1    11    22     0     0   118.0   74.163  166.151   2075.2    772.2
     1     1    14     1    11    23     0     0   119.0   73.743  166.917   2060.4    774.4
     1     1    14     1    12     0     0     0   120.0   73.299  167.557   2039.9    777.7
