     1     1
    CDC1    14     1     1     0     0
     1 FORWARD  OMEGA   
    14     1     8     0   75.000 -150.000  3000.0
     1 PRESSURE
     1     1    14     1     8     0     0     0     0.0   75.000 -150.000   3000.0    670.9
     1     1    14     1     8     1     0     0     1.0   74.688 -149.928   2997.4    672.7
     1     1    14     1     8     2     0     0     2.0   74.386 -149.901   2992.0    674.9
     1     1    14     1     8     3     0     0     3.0   74.094 -149.909   2984.0    677.2
     1     1    14     1     8     4     0     0     4.0   73.812 -149.944   2973.8    679.7
     1     1    14     1     8     5     0     0     5.0   73.541 -149.996   2961.6    682.4
     1     1    14     1     8     6     0     0     6.0   73.282 -150.058   2947.6    685.0
     1     1    14     1     8     7     0     0     7.0   73.026 -150.125   2933.9    688.0
     1     1    14     1     8     8     0     0     8.0   72.765 -150.192   2924.3    690.2
     1     1    14     1     8     9     0     0     9.0   72.501 -150.249   2918.1    692.2
     1     1    14     1     8    10     0     0    10.0   72.236 -150.275   2908.5    688.2
     1     1    14     1     8    11     0     0    11.0   71.976 -150.248   2903.9    683.7
     1     1    14     1     8    12     0     0    12.0   71.722 -150.153   2904.2    678.7
     1     1    14     1     8    13     0     0    13.0   71.486 -150.029   2909.1    673.9
     1     1    14     1     8    14     0     0    14.0   71.278 -149.937   2918.3    669.3
     1     1    14     1     8    15     0     0    15.0   71.096 -149.887   2931.9    664.7
     1     1    14     1     8    16     0     0    16.0   70.939 -149.888   2950.0    660.1
     1     1    14     1     8    17     0     0    17.0   70.804 -149.945   2972.8    655.6
     1     1    14     1     8    18     0     0    18.0   70.691 -150.067   3000.4    651.0
     1     1    14     1     8    19     0     0    19.0   70.592 -150.195   3023.6    646.5
     1     1    14     1     8    20     0     0    20.0   70.498 -150.279   3033.9    644.0
     1     1    14     1     8    21     0     0    21.0   70.409 -150.324   3030.2    642.8
     1     1    14     1     8    22     0     0    22.0   70.324 -150.339   3011.6    642.9
     1     1    14     1     8    23     0     0    23.0   70.243 -150.327   2977.6    644.5
     1     1    14     1     9     0     0     0    24.0   70.167 -150.293   2927.7    647.6
     1     1    14     1     9     1     0     0    25.0   70.092 -150.279   2873.6    652.2
     1     1    14     1     9     2     0     0    26.0   70.013 -150.326   2825.8    655.2
     1     1    14     1     9     3     0     0    27.0   69.932 -150.437   2786.1    658.1
     1     1    14     1     9     4     0     0    28.0   69.846 -150.609   2754.9    660.3
     1     1    14     1     9     5     0     0    29.0   69.755 -150.840   2732.6    661.7
     1     1    14     1     9     6     0     0    30.0   69.658 -151.131   2719.6    662.3
     1     1    14     1     9     7     0     0    31.0   69.557 -151.442   2705.8    661.8
     1     1    14     1     9     8     0     0    32.0   69.452 -151.740   2683.7    662.9
     1     1    14     1     9     9     0     0    33.0   69.345 -152.026   2652.8    664.7
     1     1    14     1     9    10     0     0    34.0   69.235 -152.304   2613.4    667.3
     1     1    14     1     9    11     0     0    35.0   69.124 -152.577   2565.9    670.7
     1     1    14     1     9    12     0     0    36.0   69.013 -152.850   2510.8    674.9
     1     1    14     1     9    13     0     0    37.0   68.904 -153.125   2458.6    680.5
     1     1    14     1     9    14     0     0    38.0   68.800 -153.400   2416.3    684.1
     1     1    14     1     9    15     0     0    39.0   68.701 -153.676   2383.5    686.9
     1     1    14     1     9    16     0     0    40.0   68.607 -153.952   2358.8    688.9
     1     1    14     1     9    17     0     0    41.0   68.518 -154.231   2340.9    690.3
     1     1    14     1     9    18     0     0    42.0   68.434 -154.513   2328.5    691.1
     1     1    14     1     9    19     0     0    43.0   68.350 -154.785   2316.7    691.7
     1     1    14     1     9    20     0     0    44.0   68.260 -155.031   2298.1    693.4
     1     1    14     1     9    21     0     0    45.0   68.165 -155.258   2275.1    695.6
     1     1    14     1     9    22     0     0    46.0   68.066 -155.469   2248.5    698.2
     1     1    14     1     9    23     0     0    47.0   67.964 -155.667   2219.2    700.9
     1     1    14     1    10     0     0     0    48.0   67.859 -155.855   2188.2    703.8
     1     1    14     1    10     1     0     0    49.0   67.743 -156.049   2156.7    706.5
     1     1    14     1    10     2     0     0    50.0   67.612 -156.260   2127.4    708.6
     1     1    14     1    10     3     0     0    51.0   67.466 -156.486   2099.5    711.1
     1     1    14     1    10     4     0     0    52.0   67.305 -156.723   2074.2    715.7
     1     1    14     1    10     5     0     0    53.0   67.131 -156.968   2048.8    720.3
     1     1    14     1    10     6     0     0    54.0   66.945 -157.217   2022.0    725.2
     1     1    14     1    10     7     0     0    55.0   66.763 -157.473   1996.3    730.5
     1     1    14     1    10     8     0     0    56.0   66.595 -157.746   1973.7    735.4
     1     1    14     1    10     9     0     0    57.0   66.440 -158.038   1954.8    739.8
     1     1    14     1    10    10     0     0    58.0   66.295 -158.350   1939.8    743.9
     1     1    14     1    10    11     0     0    59.0   66.159 -158.684   1928.9    747.5
     1     1    14     1    10    12     0     0    60.0   66.031 -159.042   1922.4    750.7
     1     1    14     1    10    13     0     0    61.0   65.904 -159.424   1911.9    752.9
     1     1    14     1    10    14     0     0    62.0   65.769 -159.834   1892.5    756.9
     1     1    14     1    10    15     0     0    63.0   65.628 -160.277   1864.5    762.0
     1     1    14     1    10    16     0     0    64.0   65.481 -160.764   1829.5    768.0
     1     1    14     1    10    17     0     0    65.0   65.329 -161.304   1789.1    774.8
     1     1    14     1    10    18     0     0    66.0   65.175 -161.904   1745.1    782.1
     1     1    14     1    10    19     0     0    67.0   65.025 -162.533   1705.7    789.5
     1     1    14     1    10    20     0     0    68.0   64.885 -163.141   1676.3    794.2
     1     1    14     1    10    21     0     0    69.0   64.751 -163.717   1656.1    797.7
     1     1    14     1    10    22     0     0    70.0   64.624 -164.257   1643.3    800.3
     1     1    14     1    10    23     0     0    71.0   64.501 -164.761   1636.3    802.2
     1     1    14     1    11     0     0     0    72.0   64.381 -165.229   1633.8    803.4
     1     1    14     1    11     1     0     0    73.0   64.260 -165.699   1632.6    803.8
     1     1    14     1    11     2     0     0    74.0   64.133 -166.210   1630.4    804.4
     1     1    14     1    11     3     0     0    75.0   64.001 -166.767   1627.4    805.0
     1     1    14     1    11     4     0     0    76.0   63.866 -167.377   1623.9    805.6
     1     1    14     1    11     5     0     0    77.0   63.728 -168.049   1619.6    806.0
     1     1    14     1    11     6     0     0    78.0   63.586 -168.796   1614.7    806.5
     1     1    14     1    11     7     0     0    79.0   63.439 -169.602   1607.0    806.8
     1     1    14     1    11     8     0     0    80.0   63.282 -170.447   1594.8    808.1
     1     1    14     1    11     9     0     0    81.0   63.112 -171.342   1577.7    810.5
     1     1    14     1    11    10     0     0    82.0   62.922 -172.299   1555.1    813.9
     1     1    14     1    11    11     0     0    83.0   62.711 -173.328   1526.4    818.2
     1     1    14     1    11    12     0     0    84.0   62.474 -174.438   1490.9    823.8
     1     1    14     1    11    13     0     0    85.0   62.212 -175.618   1453.6    828.6
     1     1    14     1    11    14     0     0    86.0   61.926 -176.845   1419.4    831.5
     1     1    14     1    11    15     0     0    87.0   61.620 -178.109   1387.7    833.4
     1     1    14     1    11    16     0     0    88.0   61.297 -179.399   1357.6    834.2
     1     1    14     1    11    17     0     0    89.0   60.962  179.291   1329.1    834.4
     1     1    14     1    11    18     0     0    90.0   60.618  177.966   1302.1    834.6
     1     1    14     1    11    19     0     0    91.0   60.272  176.653   1276.5    835.1
     1     1    14     1    11    20     0     0    92.0   59.929  175.395   1252.4    836.4
     1     1    14     1    11    21     0     0    93.0   59.595  174.226   1232.4    839.4
     1     1    14     1    11    22     0     0    94.0   59.277  173.156   1217.7    842.8
     1     1    14     1    11    23     0     0    95.0   58.978  172.174   1209.0    846.3
     1     1    14     1    12     0     0     0    96.0   58.703  171.266   1207.2    849.6
     1     1    14     1    12     1     0     0    97.0   58.457  170.435   1212.6    851.9
     1     1    14     1    12     2     0     0    98.0   58.239  169.680   1223.5    852.7
     1     1    14     1    12     3     0     0    99.0   58.040  168.992   1236.4    852.4
     1     1    14     1    12     4     0     0   100.0   57.853  168.364   1248.8    852.0
     1     1    14     1    12     5     0     0   101.0   57.672  167.785   1258.3    851.7
     1     1    14     1    12     6     0     0   102.0   57.491  167.247   1261.7    850.8
     1     1    14     1    12     7     0     0   103.0   57.303  166.745   1261.1    848.7
     1     1    14     1    12     8     0     0   104.0   57.109  166.280   1263.4    846.4
     1     1    14     1    12     9     0     0   105.0   56.910  165.847   1268.8    844.1
     1     1    14     1    12    10     0     0   106.0   56.709  165.444   1278.2    841.8
     1     1    14     1    12    11     0     0   107.0   56.508  165.066   1292.1    839.4
     1     1    14     1    12    12     0     0   108.0   56.309  164.711   1310.2    835.7
     1     1    14     1    12    13     0     0   109.0   56.111  164.363   1329.8    830.7
     1     1    14     1    12    14     0     0   110.0   55.907  164.013   1349.3    825.8
     1     1    14     1    12    15     0     0   111.0   55.696  163.665   1369.4    820.6
     1     1    14     1    12    16     0     0   112.0   55.478  163.327   1391.0    815.2
     1     1    14     1    12    17     0     0   113.0   55.252  163.004   1415.4    809.4
     1     1    14     1    12    18     0     0   114.0   55.017  162.706   1443.6    803.2
     1     1    14     1    12    19     0     0   115.0   54.784  162.439   1474.7    799.6
     1     1    14     1    12    20     0     0   116.0   54.564  162.202   1502.5    797.5
     1     1    14     1    12    21     0     0   117.0   54.356  161.990   1525.9    796.0
     1     1    14     1    12    22     0     0   118.0   54.156  161.795   1543.6    795.0
     1     1    14     1    12    23     0     0   119.0   53.963  161.613   1554.9    794.8
     1     1    14     1    13     0     0     0   120.0   53.774  161.438   1559.0    795.3
