     1     1
    CDC1    14     1     1     0     0
     1 FORWARD  OMEGA   
    14     1     1    12   75.000 -150.000  3000.0
     1 PRESSURE
     1     1    14     1     1    12     0     0     0.0   75.000 -150.000   3000.0    687.4
     1     1    14     1     1    13     0     0     1.0   75.021 -151.533   2958.6    693.0
     1     1    14     1     1    14     0     0     2.0   75.070 -153.175   2925.6    697.4
     1     1    14     1     1    15     0     0     3.0   75.144 -154.912   2900.5    700.6
     1     1    14     1     1    16     0     0     4.0   75.243 -156.725   2882.2    702.1
     1     1    14     1     1    17     0     0     5.0   75.365 -158.593   2869.6    702.3
     1     1    14     1     1    18     0     0     6.0   75.507 -160.507   2861.8    701.6
     1     1    14     1     1    19     0     0     7.0   75.668 -162.414   2860.0    701.3
     1     1    14     1     1    20     0     0     8.0   75.844 -164.259   2862.4    700.8
     1     1    14     1     1    21     0     0     9.0   76.035 -166.025   2868.0    700.5
     1     1    14     1     1    22     0     0    10.0   76.243 -167.699   2875.3    700.0
     1     1    14     1     1    23     0     0    11.0   76.466 -169.277   2883.0    700.1
     1     1    14     1     2     0     0     0    12.0   76.708 -170.763   2887.7    700.7
     1     1    14     1     2     1     0     0    13.0   76.967 -172.190   2892.4    702.1
     1     1    14     1     2     2     0     0    14.0   77.242 -173.594   2901.1    702.9
     1     1    14     1     2     3     0     0    15.0   77.533 -174.983   2914.7    703.2
     1     1    14     1     2     4     0     0    16.0   77.831 -176.322   2931.6    700.9
     1     1    14     1     2     5     0     0    17.0   78.128 -177.591   2954.9    697.9
     1     1    14     1     2     6     0     0    18.0   78.422 -178.803   2984.1    693.8
     1     1    14     1     2     7     0     0    19.0   78.725 -179.957   3011.2    689.0
     1     1    14     1     2     8     0     0    20.0   79.050  178.948   3026.4    686.0
     1     1    14     1     2     9     0     0    21.0   79.397  177.890   3028.4    684.4
     1     1    14     1     2    10     0     0    22.0   79.766  176.849   3016.4    684.4
     1     1    14     1     2    11     0     0    23.0   80.154  175.826   2992.3    686.4
     1     1    14     1     2    12     0     0    24.0   80.555  174.872   2960.1    690.5
     1     1    14     1     2    13     0     0    25.0   80.953  174.073   2927.8    695.2
     1     1    14     1     2    14     0     0    26.0   81.341  173.477   2901.5    698.5
     1     1    14     1     2    15     0     0    27.0   81.722  173.084   2880.5    701.3
     1     1    14     1     2    16     0     0    28.0   82.098  172.895   2864.1    703.6
     1     1    14     1     2    17     0     0    29.0   82.469  172.916   2851.8    705.7
     1     1    14     1     2    18     0     0    30.0   82.832  173.218   2842.8    706.1
     1     1    14     1     2    19     0     0    31.0   83.184  173.841   2838.6    706.1
     1     1    14     1     2    20     0     0    32.0   83.528  174.770   2837.9    706.0
     1     1    14     1     2    21     0     0    33.0   83.860  176.044   2839.3    705.6
     1     1    14     1     2    22     0     0    34.0   84.180  177.719   2842.3    705.0
     1     1    14     1     2    23     0     0    35.0   84.482  179.845   2846.6    704.9
     1     1    14     1     3     0     0     0    36.0   84.761 -177.544   2851.2    705.1
     1     1    14     1     3     1     0     0    37.0   85.002 -174.394   2852.9    704.2
     1     1    14     1     3     2     0     0    38.0   85.188 -170.539   2854.4    704.5
     1     1    14     1     3     3     0     0    39.0   85.311 -165.981   2851.3    704.4
     1     1    14     1     3     4     0     0    40.0   85.364 -161.009   2843.5    704.8
     1     1    14     1     3     5     0     0    41.0   85.347 -155.909   2830.2    705.3
     1     1    14     1     3     6     0     0    42.0   85.261 -150.991   2812.0    706.7
     1     1    14     1     3     7     0     0    43.0   85.114 -146.469   2791.1    708.5
     1     1    14     1     3     8     0     0    44.0   84.916 -142.467   2772.4    710.1
     1     1    14     1     3     9     0     0    45.0   84.667 -138.913   2757.4    711.2
     1     1    14     1     3    10     0     0    46.0   84.376 -135.799   2746.8    712.1
     1     1    14     1     3    11     0     0    47.0   84.046 -133.125   2741.9    712.7
     1     1    14     1     3    12     0     0    48.0   83.682 -130.854   2743.4    713.1
     1     1    14     1     3    13     0     0    49.0   83.288 -129.003   2751.3    713.4
     1     1    14     1     3    14     0     0    50.0   82.865 -127.577   2764.2    713.5
     1     1    14     1     3    15     0     0    51.0   82.417 -126.530   2782.7    712.9
     1     1    14     1     3    16     0     0    52.0   81.948 -125.786   2804.7    710.3
     1     1    14     1     3    17     0     0    53.0   81.459 -125.284   2829.1    707.1
     1     1    14     1     3    18     0     0    54.0   80.949 -124.998   2855.0    703.6
     1     1    14     1     3    19     0     0    55.0   80.421 -124.871   2877.6    699.8
     1     1    14     1     3    20     0     0    56.0   79.886 -124.866   2895.4    697.0
     1     1    14     1     3    21     0     0    57.0   79.350 -124.964   2907.9    695.5
     1     1    14     1     3    22     0     0    58.0   78.821 -125.140   2914.1    695.1
     1     1    14     1     3    23     0     0    59.0   78.303 -125.395   2916.4    695.2
     1     1    14     1     4     0     0     0    60.0   77.798 -125.729   2917.1    695.8
     1     1    14     1     4     1     0     0    61.0   77.300 -126.168   2917.4    696.8
     1     1    14     1     4     2     0     0    62.0   76.807 -126.695   2912.2    698.7
     1     1    14     1     4     3     0     0    63.0   76.322 -127.270   2900.9    701.4
     1     1    14     1     4     4     0     0    64.0   75.849 -127.888   2883.5    704.7
     1     1    14     1     4     5     0     0    65.0   75.392 -128.544   2860.3    708.5
     1     1    14     1     4     6     0     0    66.0   74.954 -129.237   2832.3    712.4
     1     1    14     1     4     7     0     0    67.0   74.542 -129.928   2801.3    716.3
     1     1    14     1     4     8     0     0    68.0   74.163 -130.588   2769.7    720.1
     1     1    14     1     4     9     0     0    69.0   73.818 -131.223   2737.2    724.1
     1     1    14     1     4    10     0     0    70.0   73.506 -131.844   2703.4    728.5
     1     1    14     1     4    11     0     0    71.0   73.225 -132.461   2668.0    733.1
     1     1    14     1     4    12     0     0    72.0   72.971 -133.084   2630.2    737.7
     1     1    14     1     4    13     0     0    73.0   72.748 -133.724   2591.1    742.5
     1     1    14     1     4    14     0     0    74.0   72.558 -134.387   2550.7    747.6
     1     1    14     1     4    15     0     0    75.0   72.401 -135.065   2508.5    752.1
     1     1    14     1     4    16     0     0    76.0   72.278 -135.746   2464.7    755.6
     1     1    14     1     4    17     0     0    77.0   72.190 -136.430   2420.4    759.3
     1     1    14     1     4    18     0     0    78.0   72.137 -137.121   2375.4    763.2
     1     1    14     1     4    19     0     0    79.0   72.120 -137.818   2330.9    767.3
     1     1    14     1     4    20     0     0    80.0   72.139 -138.518   2288.6    771.1
     1     1    14     1     4    21     0     0    81.0   72.191 -139.227   2249.9    775.0
     1     1    14     1     4    22     0     0    82.0   72.275 -139.952   2215.6    779.0
     1     1    14     1     4    23     0     0    83.0   72.389 -140.697   2187.3    783.1
     1     1    14     1     5     0     0     0    84.0   72.528 -141.459   2165.5    786.6
     1     1    14     1     5     1     0     0    85.0   72.691 -142.243   2146.5    786.8
     1     1    14     1     5     2     0     0    86.0   72.878 -143.048   2133.3    786.5
     1     1    14     1     5     3     0     0    87.0   73.085 -143.867   2123.8    785.9
     1     1    14     1     5     4     0     0    88.0   73.310 -144.692   2116.9    784.8
     1     1    14     1     5     5     0     0    89.0   73.552 -145.515   2111.8    784.0
     1     1    14     1     5     6     0     0    90.0   73.806 -146.326   2107.3    783.2
     1     1    14     1     5     7     0     0    91.0   74.069 -147.138   2103.0    782.5
     1     1    14     1     5     8     0     0    92.0   74.337 -147.963   2099.8    781.6
     1     1    14     1     5     9     0     0    93.0   74.609 -148.785   2097.8    780.7
     1     1    14     1     5    10     0     0    94.0   74.884 -149.593   2097.1    779.6
     1     1    14     1     5    11     0     0    95.0   75.161 -150.370   2099.1    779.7
     1     1    14     1     5    12     0     0    96.0   75.437 -151.096   2103.3    780.3
     1     1    14     1     5    13     0     0    97.0   75.711 -151.752   2108.6    780.4
     1     1    14     1     5    14     0     0    98.0   75.982 -152.328   2115.9    780.2
     1     1    14     1     5    15     0     0    99.0   76.250 -152.818   2125.3    779.6
     1     1    14     1     5    16     0     0   100.0   76.518 -153.211   2137.8    778.5
     1     1    14     1     5    17     0     0   101.0   76.784 -153.503   2154.3    776.9
     1     1    14     1     5    18     0     0   102.0   77.052 -153.689   2176.1    774.7
     1     1    14     1     5    19     0     0   103.0   77.319 -153.788   2199.5    772.1
     1     1    14     1     5    20     0     0   104.0   77.585 -153.826   2221.1    770.0
     1     1    14     1     5    21     0     0   105.0   77.850 -153.803   2240.2    768.2
     1     1    14     1     5    22     0     0   106.0   78.116 -153.714   2256.2    766.7
     1     1    14     1     5    23     0     0   107.0   78.384 -153.549   2269.2    765.5
     1     1    14     1     6     0     0     0   108.0   78.656 -153.296   2279.3    764.6
     1     1    14     1     6     1     0     0   109.0   78.931 -152.881   2289.2    764.4
     1     1    14     1     6     2     0     0   110.0   79.207 -152.232   2300.6    763.9
     1     1    14     1     6     3     0     0   111.0   79.481 -151.333   2314.4    763.4
     1     1    14     1     6     4     0     0   112.0   79.752 -150.165   2330.6    762.7
     1     1    14     1     6     5     0     0   113.0   80.014 -148.717   2348.7    761.2
     1     1    14     1     6     6     0     0   114.0   80.265 -147.025   2367.0    757.7
     1     1    14     1     6     7     0     0   115.0   80.497 -145.162   2386.5    753.9
     1     1    14     1     6     8     0     0   116.0   80.700 -143.167   2407.9    749.0
     1     1    14     1     6     9     0     0   117.0   80.871 -141.056   2432.1    744.2
     1     1    14     1     6    10     0     0   118.0   81.006 -138.855   2459.8    739.4
     1     1    14     1     6    11     0     0   119.0   81.103 -136.590   2490.9    734.5
     1     1    14     1     6    12     0     0   120.0   81.161 -134.276   2526.0    729.9
