     1     1
    CDC1    14     1     1     0     0
     1 FORWARD  OMEGA   
    14     1    16    18   75.000 -150.000  3000.0
     1 PRESSURE
     1     1    14     1    16    18     0     0     0.0   75.000 -150.000   3000.0    653.3
     1     1    14     1    16    19     0     0     1.0   74.819 -148.748   2975.4    656.3
     1     1    14     1    16    20     0     0     2.0   74.647 -147.457   2954.4    658.7
     1     1    14     1    16    21     0     0     3.0   74.482 -146.117   2937.2    660.9
     1     1    14     1    16    22     0     0     4.0   74.326 -144.719   2924.4    662.4
     1     1    14     1    16    23     0     0     5.0   74.178 -143.252   2915.9    663.8
     1     1    14     1    17     0     0     0     6.0   74.039 -141.711   2910.7    665.6
     1     1    14     1    17     1     0     0     7.0   73.914 -140.113   2907.1    668.0
     1     1    14     1    17     2     0     0     8.0   73.797 -138.491   2905.1    670.3
     1     1    14     1    17     3     0     0     9.0   73.685 -136.863   2903.9    672.3
     1     1    14     1    17     4     0     0    10.0   73.571 -135.239   2903.0    674.0
     1     1    14     1    17     5     0     0    11.0   73.450 -133.636   2900.5    674.8
     1     1    14     1    17     6     0     0    12.0   73.314 -132.070   2896.3    674.9
     1     1    14     1    17     7     0     0    13.0   73.171 -130.526   2888.8    674.6
     1     1    14     1    17     8     0     0    14.0   73.031 -128.987   2876.9    674.2
     1     1    14     1    17     9     0     0    15.0   72.894 -127.449   2864.3    673.3
     1     1    14     1    17    10     0     0    16.0   72.762 -125.906   2853.9    671.5
     1     1    14     1    17    11     0     0    17.0   72.635 -124.354   2848.5    669.2
     1     1    14     1    17    12     0     0    18.0   72.517 -122.783   2850.6    665.9
     1     1    14     1    17    13     0     0    19.0   72.392 -121.265   2857.8    662.5
     1     1    14     1    17    14     0     0    20.0   72.246 -119.864   2867.8    660.0
     1     1    14     1    17    15     0     0    21.0   72.081 -118.578   2880.8    659.2
     1     1    14     1    17    16     0     0    22.0   71.900 -117.398   2894.7    658.1
     1     1    14     1    17    17     0     0    23.0   71.706 -116.312   2910.6    657.1
     1     1    14     1    17    18     0     0    24.0   71.500 -115.305   2928.3    656.1
     1     1    14     1    17    19     0     0    25.0   71.282 -114.328   2944.4    655.2
     1     1    14     1    17    20     0     0    26.0   71.049 -113.333   2956.8    655.5
     1     1    14     1    17    21     0     0    27.0   70.802 -112.307   2965.9    656.1
     1     1    14     1    17    22     0     0    28.0   70.543 -111.237   2972.5    657.1
     1     1    14     1    17    23     0     0    29.0   70.271 -110.110   2979.5    658.2
     1     1    14     1    18     0     0     0    30.0   69.990 -108.914   2988.1    658.3
     1     1    14     1    18     1     0     0    31.0   69.699 -107.750   2997.8    656.5
     1     1    14     1    18     2     0     0    32.0   69.397 -106.706   3008.9    654.0
     1     1    14     1    18     3     0     0    33.0   69.080 -105.764   3019.6    651.6
     1     1    14     1    18     4     0     0    34.0   68.749 -104.905   3028.8    649.2
     1     1    14     1    18     5     0     0    35.0   68.406 -104.112   3036.1    646.7
     1     1    14     1    18     6     0     0    36.0   68.055 -103.374   3043.3    644.3
     1     1    14     1    18     7     0     0    37.0   67.693 -102.690   3049.4    642.8
     1     1    14     1    18     8     0     0    38.0   67.319 -102.069   3048.8    641.6
     1     1    14     1    18     9     0     0    39.0   66.932 -101.514   3041.1    640.9
     1     1    14     1    18    10     0     0    40.0   66.530 -101.014   3027.1    640.9
     1     1    14     1    18    11     0     0    41.0   66.111 -100.547   3006.9    641.6
     1     1    14     1    18    12     0     0    42.0   65.677 -100.095   2980.7    642.9
     1     1    14     1    18    13     0     0    43.0   65.231  -99.651   2952.0    645.8
     1     1    14     1    18    14     0     0    44.0   64.782  -99.228   2922.6    648.6
     1     1    14     1    18    15     0     0    45.0   64.329  -98.844   2892.8    651.3
     1     1    14     1    18    16     0     0    46.0   63.865  -98.502   2863.2    654.0
     1     1    14     1    18    17     0     0    47.0   63.385  -98.198   2834.1    656.5
     1     1    14     1    18    18     0     0    48.0   62.883  -97.929   2806.0    658.7
     1     1    14     1    18    19     0     0    49.0   62.363  -97.667   2778.8    662.0
     1     1    14     1    18    20     0     0    50.0   61.834  -97.397   2748.1    666.5
     1     1    14     1    18    21     0     0    51.0   61.294  -97.118   2712.8    671.3
     1     1    14     1    18    22     0     0    52.0   60.739  -96.824   2672.5    676.6
     1     1    14     1    18    23     0     0    53.0   60.166  -96.516   2626.2    682.4
     1     1    14     1    19     0     0     0    54.0   59.574  -96.204   2573.4    688.1
     1     1    14     1    19     1     0     0    55.0   58.969  -95.881   2519.7    693.7
     1     1    14     1    19     2     0     0    56.0   58.356  -95.539   2468.6    698.1
     1     1    14     1    19     3     0     0    57.0   57.730  -95.182   2414.2    702.4
     1     1    14     1    19     4     0     0    58.0   57.087  -94.818   2354.0    707.9
     1     1    14     1    19     5     0     0    59.0   56.424  -94.450   2288.0    713.8
     1     1    14     1    19     6     0     0    60.0   55.732  -94.081   2214.7    719.4
     1     1    14     1    19     7     0     0    61.0   55.021  -93.703   2139.0    725.4
     1     1    14     1    19     8     0     0    62.0   54.313  -93.292   2071.3    732.4
     1     1    14     1    19     9     0     0    63.0   53.612  -92.838   2005.6    738.2
     1     1    14     1    19    10     0     0    64.0   52.914  -92.349   1934.7    744.0
     1     1    14     1    19    11     0     0    65.0   52.223  -91.842   1853.4    750.2
     1     1    14     1    19    12     0     0    66.0   51.543  -91.327   1758.7    757.1
     1     1    14     1    19    13     0     0    67.0   50.897  -90.805   1663.7    766.3
     1     1    14     1    19    14     0     0    68.0   50.300  -90.267   1581.6    773.2
     1     1    14     1    19    15     0     0    69.0   49.755  -89.730   1513.0    780.7
     1     1    14     1    19    16     0     0    70.0   49.266  -89.212   1459.4    787.9
     1     1    14     1    19    17     0     0    71.0   48.822  -88.725   1417.1    793.9
     1     1    14     1    19    18     0     0    72.0   48.412  -88.283   1380.5    799.4
     1     1    14     1    19    19     0     0    73.0   48.026  -87.871   1346.0    805.1
     1     1    14     1    19    20     0     0    74.0   47.667  -87.468   1312.7    810.7
     1     1    14     1    19    21     0     0    75.0   47.344  -87.067   1281.6    815.1
     1     1    14     1    19    22     0     0    76.0   47.059  -86.657   1255.7    818.6
     1     1    14     1    19    23     0     0    77.0   46.812  -86.235   1234.9    821.6
     1     1    14     1    20     0     0     0    78.0   46.604  -85.810   1217.6    824.1
     1     1    14     1    20     1     0     0    79.0   46.428  -85.384   1204.7    826.3
     1     1    14     1    20     2     0     0    80.0   46.276  -84.956   1197.7    827.5
     1     1    14     1    20     3     0     0    81.0   46.148  -84.523   1196.7    827.5
     1     1    14     1    20     4     0     0    82.0   46.041  -84.085   1201.8    826.8
     1     1    14     1    20     5     0     0    83.0   45.962  -83.644   1213.1    825.5
     1     1    14     1    20     6     0     0    84.0   45.914  -83.206   1231.1    823.5
     1     1    14     1    20     7     0     0    85.0   45.873  -82.768   1249.1    821.0
     1     1    14     1    20     8     0     0    86.0   45.809  -82.326   1260.3    820.3
     1     1    14     1    20     9     0     0    87.0   45.718  -81.887   1263.1    820.9
     1     1    14     1    20    10     0     0    88.0   45.601  -81.457   1257.6    822.6
     1     1    14     1    20    11     0     0    89.0   45.460  -81.046   1245.2    825.1
     1     1    14     1    20    12     0     0    90.0   45.301  -80.664   1227.1    828.4
     1     1    14     1    20    13     0     0    91.0   45.138  -80.299   1210.7    832.0
     1     1    14     1    20    14     0     0    92.0   44.982  -79.928   1203.4    833.7
     1     1    14     1    20    15     0     0    93.0   44.829  -79.541   1204.8    832.8
     1     1    14     1    20    16     0     0    94.0   44.677  -79.128   1215.4    830.9
     1     1    14     1    20    17     0     0    95.0   44.526  -78.693   1235.8    827.9
     1     1    14     1    20    18     0     0    96.0   44.378  -78.234   1266.7    823.7
     1     1    14     1    20    19     0     0    97.0   44.235  -77.747   1295.0    818.7
     1     1    14     1    20    20     0     0    98.0   44.101  -77.235   1305.5    816.4
     1     1    14     1    20    21     0     0    99.0   43.974  -76.703   1296.4    816.2
     1     1    14     1    20    22     0     0   100.0   43.853  -76.157   1267.1    818.4
     1     1    14     1    20    23     0     0   101.0   43.733  -75.602   1217.3    822.8
     1     1    14     1    21     0     0     0   102.0   43.609  -75.044   1146.8    829.6
     1     1    14     1    21     1     0     0   103.0   43.484  -74.498   1066.3    840.3
     1     1    14     1    21     2     0     0   104.0   43.359  -73.979    985.1    850.8
     1     1    14     1    21     3     0     0   105.0   43.231  -73.490    903.0    861.9
     1     1    14     1    21     4     0     0   106.0   43.092  -73.035    820.1    872.8
     1     1    14     1    21     5     0     0   107.0   42.937  -72.621    736.9    884.7
     1     1    14     1    21     6     0     0   108.0   42.756  -72.265    653.8    899.1
     1     1    14     1    21     7     0     0   109.0   42.546  -71.978    575.0    913.2
     1     1    14     1    21     8     0     0   110.0   42.315  -71.758    506.9    926.0
     1     1    14     1    21     9     0     0   111.0   42.076  -71.600    451.3    937.0
     1     1    14     1    21    10     0     0   112.0   41.835  -71.504    408.2    946.0
     1     1    14     1    21    11     0     0   113.0   41.598  -71.470    377.6    952.6
     1     1    14     1    21    12     0     0   114.0   41.368  -71.498    359.4    956.8
     1     1    14     1    21    13     0     0   115.0   41.152  -71.583    352.9    958.3
     1     1    14     1    21    14     0     0   116.0   40.957  -71.718    357.1    958.1
     1     1    14     1    21    15     0     0   117.0   40.782  -71.898    371.6    956.5
     1     1    14     1    21    16     0     0   118.0   40.629  -72.116    396.6    953.3
     1     1    14     1    21    17     0     0   119.0   40.501  -72.367    433.3    948.1
     1     1    14     1    21    18     0     0   120.0   40.399  -72.645    483.0    941.3
