     1     1
    CDC1    14     1     1     0     0
     1 FORWARD  OMEGA   
    14     1    20     6   75.000 -150.000  3000.0
     1 PRESSURE
     1     1    14     1    20     6     0     0     0.0   75.000 -150.000   3000.0    674.3
     1     1    14     1    20     7     0     0     1.0   75.059 -149.651   2988.6    675.1
     1     1    14     1    20     8     0     0     2.0   75.122 -149.221   2977.3    675.8
     1     1    14     1    20     9     0     0     3.0   75.188 -148.711   2965.5    676.5
     1     1    14     1    20    10     0     0     4.0   75.258 -148.124   2952.3    677.4
     1     1    14     1    20    11     0     0     5.0   75.331 -147.461   2936.8    678.5
     1     1    14     1    20    12     0     0     6.0   75.407 -146.727   2918.3    680.3
     1     1    14     1    20    13     0     0     7.0   75.483 -145.968   2897.1    682.5
     1     1    14     1    20    14     0     0     8.0   75.556 -145.228   2874.2    684.9
     1     1    14     1    20    15     0     0     9.0   75.625 -144.512   2850.8    687.7
     1     1    14     1    20    16     0     0    10.0   75.689 -143.827   2827.5    690.7
     1     1    14     1    20    17     0     0    11.0   75.749 -143.175   2804.3    693.6
     1     1    14     1    20    18     0     0    12.0   75.803 -142.554   2781.7    696.4
     1     1    14     1    20    19     0     0    13.0   75.860 -141.943   2761.7    699.5
     1     1    14     1    20    20     0     0    14.0   75.931 -141.317   2744.4    702.3
     1     1    14     1    20    21     0     0    15.0   76.020 -140.674   2731.1    704.7
     1     1    14     1    20    22     0     0    16.0   76.131 -140.006   2722.6    706.7
     1     1    14     1    20    23     0     0    17.0   76.266 -139.308   2719.5    708.1
     1     1    14     1    21     0     0     0    18.0   76.428 -138.570   2722.2    708.9
     1     1    14     1    21     1     0     0    19.0   76.596 -137.793   2728.2    708.9
     1     1    14     1    21     2     0     0    20.0   76.748 -136.986   2732.3    709.2
     1     1    14     1    21     3     0     0    21.0   76.880 -136.152   2735.7    709.3
     1     1    14     1    21     4     0     0    22.0   76.989 -135.294   2739.1    709.1
     1     1    14     1    21     5     0     0    23.0   77.073 -134.416   2742.8    708.4
     1     1    14     1    21     6     0     0    24.0   77.128 -133.521   2746.9    707.4
     1     1    14     1    21     7     0     0    25.0   77.167 -132.561   2749.4    706.6
     1     1    14     1    21     8     0     0    26.0   77.203 -131.481   2750.5    705.4
     1     1    14     1    21     9     0     0    27.0   77.241 -130.270   2750.6    704.0
     1     1    14     1    21    10     0     0    28.0   77.283 -128.917   2749.9    702.4
     1     1    14     1    21    11     0     0    29.0   77.335 -127.412   2749.6    700.5
     1     1    14     1    21    12     0     0    30.0   77.400 -125.741   2751.3    699.0
     1     1    14     1    21    13     0     0    31.0   77.455 -124.005   2754.6    696.9
     1     1    14     1    21    14     0     0    32.0   77.472 -122.328   2759.8    694.7
     1     1    14     1    21    15     0     0    33.0   77.451 -120.740   2767.2    692.9
     1     1    14     1    21    16     0     0    34.0   77.392 -119.268   2775.7    691.7
     1     1    14     1    21    17     0     0    35.0   77.299 -117.930   2784.6    691.0
     1     1    14     1    21    18     0     0    36.0   77.172 -116.737   2793.4    690.1
     1     1    14     1    21    19     0     0    37.0   77.024 -115.577   2803.1    689.2
     1     1    14     1    21    20     0     0    38.0   76.868 -114.339   2812.1    688.6
     1     1    14     1    21    21     0     0    39.0   76.705 -113.009   2820.3    688.2
     1     1    14     1    21    22     0     0    40.0   76.537 -111.574   2828.1    687.9
     1     1    14     1    21    23     0     0    41.0   76.370 -110.022   2836.0    687.6
     1     1    14     1    22     0     0     0    42.0   76.205 -108.336   2844.0    686.8
     1     1    14     1    22     1     0     0    43.0   76.040 -106.649   2850.0    685.6
     1     1    14     1    22     2     0     0    44.0   75.866 -105.101   2853.5    684.6
     1     1    14     1    22     3     0     0    45.0   75.686 -103.698   2853.8    683.2
     1     1    14     1    22     4     0     0    46.0   75.503 -102.440   2852.4    682.0
     1     1    14     1    22     5     0     0    47.0   75.319 -101.322   2849.6    680.9
     1     1    14     1    22     6     0     0    48.0   75.136 -100.336   2847.1    680.1
     1     1    14     1    22     7     0     0    49.0   74.944  -99.415   2843.7    679.3
     1     1    14     1    22     8     0     0    50.0   74.730  -98.497   2842.7    678.1
     1     1    14     1    22     9     0     0    51.0   74.495  -97.586   2842.7    677.0
     1     1    14     1    22    10     0     0    52.0   74.237  -96.666   2842.3    675.6
     1     1    14     1    22    11     0     0    53.0   73.958  -95.724   2841.9    674.4
     1     1    14     1    22    12     0     0    54.0   73.662  -94.744   2841.1    673.3
     1     1    14     1    22    13     0     0    55.0   73.372  -93.754   2836.6    673.1
     1     1    14     1    22    14     0     0    56.0   73.108  -92.811   2823.6    674.2
     1     1    14     1    22    15     0     0    57.0   72.869  -91.940   2799.0    676.1
     1     1    14     1    22    16     0     0    58.0   72.656  -91.163   2761.4    679.2
     1     1    14     1    22    17     0     0    59.0   72.468  -90.496   2711.0    683.6
     1     1    14     1    22    18     0     0    60.0   72.303  -89.949   2649.9    689.3
     1     1    14     1    22    19     0     0    61.0   72.145  -89.453   2587.0    695.9
     1     1    14     1    22    20     0     0    62.0   71.981  -88.941   2529.3    701.4
     1     1    14     1    22    21     0     0    63.0   71.810  -88.424   2476.1    706.6
     1     1    14     1    22    22     0     0    64.0   71.630  -87.910   2426.7    711.7
     1     1    14     1    22    23     0     0    65.0   71.440  -87.409   2380.5    716.7
     1     1    14     1    23     0     0     0    66.0   71.241  -86.926   2336.4    721.2
     1     1    14     1    23     1     0     0    67.0   71.057  -86.473   2296.4    725.4
     1     1    14     1    23     2     0     0    68.0   70.911  -86.058   2261.8    728.7
     1     1    14     1    23     3     0     0    69.0   70.801  -85.681   2231.2    731.6
     1     1    14     1    23     4     0     0    70.0   70.724  -85.342   2203.7    734.0
     1     1    14     1    23     5     0     0    71.0   70.679  -85.039   2178.9    735.9
     1     1    14     1    23     6     0     0    72.0   70.663  -84.768   2156.6    737.1
     1     1    14     1    23     7     0     0    73.0   70.662  -84.531   2134.4    737.9
     1     1    14     1    23     8     0     0    74.0   70.662  -84.333   2110.4    739.3
     1     1    14     1    23     9     0     0    75.0   70.662  -84.175   2084.5    741.0
     1     1    14     1    23    10     0     0    76.0   70.662  -84.057   2056.6    743.1
     1     1    14     1    23    11     0     0    77.0   70.661  -83.982   2026.7    745.6
     1     1    14     1    23    12     0     0    78.0   70.659  -83.952   1994.9    748.5
     1     1    14     1    23    13     0     0    79.0   70.662  -83.956   1964.6    751.5
     1     1    14     1    23    14     0     0    80.0   70.675  -83.979   1938.6    753.7
     1     1    14     1    23    15     0     0    81.0   70.698  -84.019   1917.0    755.4
     1     1    14     1    23    16     0     0    82.0   70.730  -84.074   1899.8    756.6
     1     1    14     1    23    17     0     0    83.0   70.771  -84.141   1887.1    757.3
     1     1    14     1    23    18     0     0    84.0   70.820  -84.220   1878.9    757.4
     1     1    14     1    23    19     0     0    85.0   70.866  -84.327   1872.7    757.6
     1     1    14     1    23    20     0     0    86.0   70.900  -84.486   1867.2    758.3
     1     1    14     1    23    21     0     0    87.0   70.921  -84.699   1862.0    759.3
     1     1    14     1    23    22     0     0    88.0   70.928  -84.967   1857.1    760.6
     1     1    14     1    23    23     0     0    89.0   70.918  -85.289   1852.4    761.8
     1     1    14     1    24     0     0     0    90.0   70.889  -85.662   1848.3    763.2
     1     1    14     1    24     1     0     0    91.0   70.841  -86.060   1842.8    764.6
     1     1    14     1    24     2     0     0    92.0   70.777  -86.459   1834.0    766.7
     1     1    14     1    24     3     0     0    93.0   70.696  -86.864   1821.7    769.4
     1     1    14     1    24     4     0     0    94.0   70.598  -87.280   1806.1    772.6
     1     1    14     1    24     5     0     0    95.0   70.481  -87.711   1787.4    776.0
     1     1    14     1    24     6     0     0    96.0   70.341  -88.159   1765.8    779.5
     1     1    14     1    24     7     0     0    97.0   70.175  -88.617   1742.9    783.6
     1     1    14     1    24     8     0     0    98.0   69.979  -89.078   1719.7    787.2
     1     1    14     1    24     9     0     0    99.0   69.752  -89.542   1694.5    787.5
     1     1    14     1    24    10     0     0   100.0   69.495  -90.009   1669.3    787.4
     1     1    14     1    24    11     0     0   101.0   69.204  -90.481   1643.4    787.1
     1     1    14     1    24    12     0     0   102.0   68.876  -90.964   1616.4    786.8
     1     1    14     1    24    13     0     0   103.0   68.514  -91.447   1592.1    786.4
     1     1    14     1    24    14     0     0   104.0   68.126  -91.916   1576.5    784.7
     1     1    14     1    24    15     0     0   105.0   67.706  -92.373   1569.3    782.2
     1     1    14     1    24    16     0     0   106.0   67.251  -92.813   1573.1    782.0
     1     1    14     1    24    17     0     0   107.0   66.758  -93.226   1588.5    783.2
     1     1    14     1    24    18     0     0   108.0   66.222  -93.629   1614.5    783.4
     1     1    14     1    24    19     0     0   109.0   65.644  -94.030   1643.5    782.7
     1     1    14     1    24    20     0     0   110.0   65.027  -94.419   1667.5    783.4
     1     1    14     1    24    21     0     0   111.0   64.367  -94.768   1684.7    784.3
     1     1    14     1    24    22     0     0   112.0   63.665  -95.065   1694.4    785.9
     1     1    14     1    24    23     0     0   113.0   62.919  -95.338   1697.1    787.2
     1     1    14     1    25     0     0     0   114.0   62.131  -95.596   1693.1    788.1
     1     1    14     1    25     1     0     0   115.0   61.314  -95.802   1685.8    787.8
     1     1    14     1    25     2     0     0   116.0   60.469  -95.947   1680.0    787.4
     1     1    14     1    25     3     0     0   117.0   59.596  -96.044   1672.4    786.2
     1     1    14     1    25     4     0     0   118.0   58.702  -96.089   1661.7    784.3
     1     1    14     1    25     5     0     0   119.0   57.785  -96.099   1648.4    782.9
     1     1    14     1    25     6     0     0   120.0   56.847  -96.096   1634.0    783.3
