     1     1
    CDC1    14     1     1     0     0
     1 FORWARD  OMEGA   
    14     1    13     0   75.000 -150.000  3000.0
     1 PRESSURE
     1     1    14     1    13     0     0     0     0.0   75.000 -150.000   3000.0    648.2
     1     1    14     1    13     1     0     0     1.0   74.785 -149.801   3005.0    649.1
     1     1    14     1    13     2     0     0     2.0   74.581 -149.642   3005.8    650.5
     1     1    14     1    13     3     0     0     3.0   74.392 -149.515   3002.4    652.2
     1     1    14     1    13     4     0     0     4.0   74.219 -149.419   2994.6    654.1
     1     1    14     1    13     5     0     0     5.0   74.063 -149.350   2982.3    656.3
     1     1    14     1    13     6     0     0     6.0   73.926 -149.310   2965.6    658.8
     1     1    14     1    13     7     0     0     7.0   73.796 -149.273   2949.2    661.6
     1     1    14     1    13     8     0     0     8.0   73.662 -149.205   2938.4    663.3
     1     1    14     1    13     9     0     0     9.0   73.527 -149.097   2932.0    664.5
     1     1    14     1    13    10     0     0    10.0   73.392 -148.939   2929.3    665.3
     1     1    14     1    13    11     0     0    11.0   73.257 -148.722   2929.1    665.7
     1     1    14     1    13    12     0     0    12.0   73.125 -148.432   2930.4    665.9
     1     1    14     1    13    13     0     0    13.0   72.997 -148.071   2930.2    666.1
     1     1    14     1    13    14     0     0    14.0   72.877 -147.648   2927.2    666.8
     1     1    14     1    13    15     0     0    15.0   72.766 -147.163   2921.9    667.6
     1     1    14     1    13    16     0     0    16.0   72.662 -146.615   2915.2    668.5
     1     1    14     1    13    17     0     0    17.0   72.569 -145.997   2908.1    669.2
     1     1    14     1    13    18     0     0    18.0   72.487 -145.299   2901.6    669.4
     1     1    14     1    13    19     0     0    19.0   72.409 -144.508   2896.2    668.4
     1     1    14     1    13    20     0     0    20.0   72.327 -143.613   2894.7    667.2
     1     1    14     1    13    21     0     0    21.0   72.244 -142.607   2897.5    665.7
     1     1    14     1    13    22     0     0    22.0   72.164 -141.485   2906.0    664.7
     1     1    14     1    13    23     0     0    23.0   72.091 -140.240   2918.7    663.8
     1     1    14     1    14     0     0     0    24.0   72.032 -138.869   2934.4    663.0
     1     1    14     1    14     1     0     0    25.0   71.979 -137.390   2952.1    662.4
     1     1    14     1    14     2     0     0    26.0   71.923 -135.817   2967.2    661.9
     1     1    14     1    14     3     0     0    27.0   71.862 -134.155   2980.3    661.1
     1     1    14     1    14     4     0     0    28.0   71.794 -132.405   2992.0    659.5
     1     1    14     1    14     5     0     0    29.0   71.720 -130.568   3003.0    657.0
     1     1    14     1    14     6     0     0    30.0   71.638 -128.653   3012.8    653.3
     1     1    14     1    14     7     0     0    31.0   71.552 -126.688   3020.5    648.5
     1     1    14     1    14     8     0     0    32.0   71.470 -124.726   3029.1    643.5
     1     1    14     1    14     9     0     0    33.0   71.398 -122.798   3040.4    639.2
     1     1    14     1    14    10     0     0    34.0   71.343 -120.928   3059.1    635.9
     1     1    14     1    14    11     0     0    35.0   71.316 -119.128   3083.2    633.7
     1     1    14     1    14    12     0     0    36.0   71.328 -117.400   3111.2    632.1
     1     1    14     1    14    13     0     0    37.0   71.377 -115.771   3137.6    631.5
     1     1    14     1    14    14     0     0    38.0   71.458 -114.261   3160.2    631.9
     1     1    14     1    14    15     0     0    39.0   71.572 -112.859   3179.2    632.7
     1     1    14     1    14    16     0     0    40.0   71.713 -111.554   3194.8    633.4
     1     1    14     1    14    17     0     0    41.0   71.880 -110.334   3207.8    633.8
     1     1    14     1    14    18     0     0    42.0   72.070 -109.193   3217.9    633.6
     1     1    14     1    14    19     0     0    43.0   72.278 -108.146   3222.7    632.8
     1     1    14     1    14    20     0     0    44.0   72.505 -107.201   3224.6    632.1
     1     1    14     1    14    21     0     0    45.0   72.748 -106.366   3223.0    632.0
     1     1    14     1    14    22     0     0    46.0   73.004 -105.645   3218.1    632.5
     1     1    14     1    14    23     0     0    47.0   73.274 -105.031   3210.9    633.4
     1     1    14     1    15     0     0     0    48.0   73.555 -104.521   3202.3    634.5
     1     1    14     1    15     1     0     0    49.0   73.849 -104.126   3193.6    635.6
     1     1    14     1    15     2     0     0    50.0   74.157 -103.855   3186.2    636.6
     1     1    14     1    15     3     0     0    51.0   74.478 -103.710   3180.1    637.6
     1     1    14     1    15     4     0     0    52.0   74.811 -103.696   3175.2    638.4
     1     1    14     1    15     5     0     0    53.0   75.151 -103.812   3170.5    639.2
     1     1    14     1    15     6     0     0    54.0   75.496 -104.052   3164.7    640.3
     1     1    14     1    15     7     0     0    55.0   75.834 -104.368   3157.0    642.2
     1     1    14     1    15     8     0     0    56.0   76.161 -104.714   3146.0    644.6
     1     1    14     1    15     9     0     0    57.0   76.477 -105.078   3133.0    647.2
     1     1    14     1    15    10     0     0    58.0   76.783 -105.446   3118.3    649.8
     1     1    14     1    15    11     0     0    59.0   77.082 -105.808   3102.8    652.4
     1     1    14     1    15    12     0     0    60.0   77.377 -106.153   3087.3    654.9
     1     1    14     1    15    13     0     0    61.0   77.672 -106.528   3072.1    656.9
     1     1    14     1    15    14     0     0    62.0   77.975 -106.979   3057.6    658.4
     1     1    14     1    15    15     0     0    63.0   78.288 -107.510   3045.7    660.0
     1     1    14     1    15    16     0     0    64.0   78.614 -108.127   3036.8    661.3
     1     1    14     1    15    17     0     0    65.0   78.959 -108.839   3032.6    662.5
     1     1    14     1    15    18     0     0    66.0   79.327 -109.659   3034.2    663.5
     1     1    14     1    15    19     0     0    67.0   79.714 -110.537   3039.4    663.9
     1     1    14     1    15    20     0     0    68.0   80.106 -111.425   3042.5    664.6
     1     1    14     1    15    21     0     0    69.0   80.499 -112.362   3042.4    665.9
     1     1    14     1    15    22     0     0    70.0   80.886 -113.384   3037.0    667.1
     1     1    14     1    15    23     0     0    71.0   81.266 -114.506   3027.1    668.8
     1     1    14     1    16     0     0     0    72.0   81.636 -115.735   3012.1    671.1
     1     1    14     1    16     1     0     0    73.0   82.002 -117.148   2996.0    673.7
     1     1    14     1    16     2     0     0    74.0   82.364 -118.836   2983.9    674.8
     1     1    14     1    16     3     0     0    75.0   82.717 -120.853   2973.6    673.8
     1     1    14     1    16     4     0     0    76.0   83.055 -123.264   2964.7    671.8
     1     1    14     1    16     5     0     0    77.0   83.372 -126.086   2956.9    669.5
     1     1    14     1    16     6     0     0    78.0   83.664 -129.303   2951.4    667.8
     1     1    14     1    16     7     0     0    79.0   83.914 -132.868   2948.9    666.6
     1     1    14     1    16     8     0     0    80.0   84.107 -136.714   2950.9    664.8
     1     1    14     1    16     9     0     0    81.0   84.234 -140.763   2957.2    664.4
     1     1    14     1    16    10     0     0    82.0   84.292 -144.877   2965.5    664.3
     1     1    14     1    16    11     0     0    83.0   84.281 -148.917   2975.7    664.0
     1     1    14     1    16    12     0     0    84.0   84.205 -152.765   2986.8    663.7
     1     1    14     1    16    13     0     0    85.0   84.072 -156.368   2999.2    664.3
     1     1    14     1    16    14     0     0    86.0   83.892 -159.694   3009.6    664.9
     1     1    14     1    16    15     0     0    87.0   83.670 -162.685   3019.9    665.3
     1     1    14     1    16    16     0     0    88.0   83.417 -165.321   3030.1    665.8
     1     1    14     1    16    17     0     0    89.0   83.142 -167.604   3038.4    665.6
     1     1    14     1    16    18     0     0    90.0   82.853 -169.570   3047.7    666.0
     1     1    14     1    16    19     0     0    91.0   82.557 -171.140   3057.2    666.2
     1     1    14     1    16    20     0     0    92.0   82.259 -172.262   3065.9    665.3
     1     1    14     1    16    21     0     0    93.0   81.964 -173.025   3077.0    663.7
     1     1    14     1    16    22     0     0    94.0   81.675 -173.490   3091.0    661.9
     1     1    14     1    16    23     0     0    95.0   81.396 -173.700   3107.9    659.9
     1     1    14     1    17     0     0     0    96.0   81.125 -173.691   3127.7    657.6
     1     1    14     1    17     1     0     0    97.0   80.858 -173.587   3148.3    655.0
     1     1    14     1    17     2     0     0    98.0   80.594 -173.495   3169.2    652.5
     1     1    14     1    17     3     0     0    99.0   80.333 -173.420   3190.0    650.1
     1     1    14     1    17     4     0     0   100.0   80.077 -173.367   3210.7    647.8
     1     1    14     1    17     5     0     0   101.0   79.829 -173.352   3232.4    646.5
     1     1    14     1    17     6     0     0   102.0   79.593 -173.395   3253.6    645.7
     1     1    14     1    17     7     0     0   103.0   79.367 -173.414   3271.6    645.2
     1     1    14     1    17     8     0     0   104.0   79.147 -173.325   3286.3    645.1
     1     1    14     1    17     9     0     0   105.0   78.930 -173.136   3297.5    645.4
     1     1    14     1    17    10     0     0   106.0   78.716 -172.857   3305.5    645.9
     1     1    14     1    17    11     0     0   107.0   78.501 -172.496   3310.4    646.7
     1     1    14     1    17    12     0     0   108.0   78.284 -172.066   3312.1    647.6
     1     1    14     1    17    13     0     0   109.0   78.069 -171.600   3310.8    648.5
     1     1    14     1    17    14     0     0   110.0   77.860 -171.121   3310.2    649.2
     1     1    14     1    17    15     0     0   111.0   77.657 -170.630   3309.4    650.0
     1     1    14     1    17    16     0     0   112.0   77.459 -170.126   3308.7    650.6
     1     1    14     1    17    17     0     0   113.0   77.266 -169.627   3307.4    650.5
     1     1    14     1    17    18     0     0   114.0   77.077 -169.148   3306.1    650.5
     1     1    14     1    17    19     0     0   115.0   76.896 -168.699   3303.5    650.0
     1     1    14     1    17    20     0     0   116.0   76.726 -168.287   3297.9    650.0
     1     1    14     1    17    21     0     0   117.0   76.568 -167.911   3287.5    650.6
     1     1    14     1    17    22     0     0   118.0   76.421 -167.571   3270.9    651.8
     1     1    14     1    17    23     0     0   119.0   76.287 -167.270   3247.2    653.7
     1     1    14     1    18     0     0     0   120.0   76.165 -167.009   3215.8    656.4
