     1     1
    CDC1    14     1     1     0     0
     1 FORWARD  OMEGA   
    14     1    15    12   75.000 -150.000  3000.0
     1 PRESSURE
     1     1    14     1    15    12     0     0     0.0   75.000 -150.000   3000.0    647.5
     1     1    14     1    15    13     0     0     1.0   74.935 -148.567   3019.7    644.7
     1     1    14     1    15    14     0     0     2.0   74.894 -147.133   3042.2    641.8
     1     1    14     1    15    15     0     0     3.0   74.878 -145.703   3068.1    639.0
     1     1    14     1    15    16     0     0     4.0   74.885 -144.284   3098.7    636.2
     1     1    14     1    15    17     0     0     5.0   74.916 -142.885   3134.7    633.2
     1     1    14     1    15    18     0     0     6.0   74.970 -141.518   3176.1    630.2
     1     1    14     1    15    19     0     0     7.0   75.040 -140.178   3220.8    627.0
     1     1    14     1    15    20     0     0     8.0   75.117 -138.862   3266.7    624.5
     1     1    14     1    15    21     0     0     9.0   75.204 -137.582   3311.2    622.3
     1     1    14     1    15    22     0     0    10.0   75.304 -136.352   3352.6    620.1
     1     1    14     1    15    23     0     0    11.0   75.420 -135.188   3389.1    618.2
     1     1    14     1    16     0     0     0    12.0   75.554 -134.104   3419.4    616.3
     1     1    14     1    16     1     0     0    13.0   75.701 -133.114   3438.5    615.5
     1     1    14     1    16     2     0     0    14.0   75.853 -132.221   3441.2    616.1
     1     1    14     1    16     3     0     0    15.0   76.006 -131.432   3430.7    617.6
     1     1    14     1    16     4     0     0    16.0   76.158 -130.745   3409.3    619.9
     1     1    14     1    16     5     0     0    17.0   76.308 -130.159   3379.3    622.8
     1     1    14     1    16     6     0     0    18.0   76.454 -129.670   3342.4    626.0
     1     1    14     1    16     7     0     0    19.0   76.598 -129.237   3306.9    629.6
     1     1    14     1    16     8     0     0    20.0   76.743 -128.826   3275.6    632.1
     1     1    14     1    16     9     0     0    21.0   76.889 -128.434   3249.2    634.2
     1     1    14     1    16    10     0     0    22.0   77.034 -128.057   3227.3    635.8
     1     1    14     1    16    11     0     0    23.0   77.179 -127.692   3209.3    637.1
     1     1    14     1    16    12     0     0    24.0   77.322 -127.333   3194.8    638.1
     1     1    14     1    16    13     0     0    25.0   77.469 -127.033   3180.0    638.3
     1     1    14     1    16    14     0     0    26.0   77.623 -126.856   3162.5    639.5
     1     1    14     1    16    15     0     0    27.0   77.782 -126.818   3140.9    641.2
     1     1    14     1    16    16     0     0    28.0   77.943 -126.926   3114.2    643.5
     1     1    14     1    16    17     0     0    29.0   78.104 -127.182   3081.6    646.4
     1     1    14     1    16    18     0     0    30.0   78.262 -127.587   3042.3    649.9
     1     1    14     1    16    19     0     0    31.0   78.411 -128.123   3003.8    654.1
     1     1    14     1    16    20     0     0    32.0   78.547 -128.763   2975.4    656.8
     1     1    14     1    16    21     0     0    33.0   78.664 -129.502   2957.0    658.6
     1     1    14     1    16    22     0     0    34.0   78.762 -130.330   2948.8    659.6
     1     1    14     1    16    23     0     0    35.0   78.834 -131.233   2951.5    659.8
     1     1    14     1    17     0     0     0    36.0   78.879 -132.189   2965.3    658.8
     1     1    14     1    17     1     0     0    37.0   78.895 -133.191   2983.8    657.5
     1     1    14     1    17     2     0     0    38.0   78.885 -134.228   2997.9    657.3
     1     1    14     1    17     3     0     0    39.0   78.844 -135.274   3008.2    657.4
     1     1    14     1    17     4     0     0    40.0   78.771 -136.297   3014.3    657.9
     1     1    14     1    17     5     0     0    41.0   78.665 -137.266   3015.6    659.0
     1     1    14     1    17     6     0     0    42.0   78.526 -138.157   3011.5    660.6
     1     1    14     1    17     7     0     0    43.0   78.355 -138.925   3001.7    663.1
     1     1    14     1    17     8     0     0    44.0   78.154 -139.537   2983.2    666.3
     1     1    14     1    17     9     0     0    45.0   77.926 -139.988   2956.5    670.3
     1     1    14     1    17    10     0     0    46.0   77.673 -140.281   2920.8    674.9
     1     1    14     1    17    11     0     0    47.0   77.400 -140.425   2875.8    679.9
     1     1    14     1    17    12     0     0    48.0   77.115 -140.444   2822.3    684.5
     1     1    14     1    17    13     0     0    49.0   76.829 -140.369   2768.7    689.5
     1     1    14     1    17    14     0     0    50.0   76.545 -140.219   2721.4    693.2
     1     1    14     1    17    15     0     0    51.0   76.263 -139.998   2678.8    696.5
     1     1    14     1    17    16     0     0    52.0   75.980 -139.713   2639.7    699.5
     1     1    14     1    17    17     0     0    53.0   75.695 -139.369   2602.7    702.5
     1     1    14     1    17    18     0     0    54.0   75.404 -138.971   2566.3    705.6
     1     1    14     1    17    19     0     0    55.0   75.110 -138.526   2527.5    708.9
     1     1    14     1    17    20     0     0    56.0   74.821 -138.061   2484.9    715.0
     1     1    14     1    17    21     0     0    57.0   74.539 -137.602   2440.4    722.2
     1     1    14     1    17    22     0     0    58.0   74.266 -137.160   2394.3    729.1
     1     1    14     1    17    23     0     0    59.0   74.002 -136.739   2347.9    735.9
     1     1    14     1    18     0     0     0    60.0   73.748 -136.341   2301.9    742.4
     1     1    14     1    18     1     0     0    61.0   73.512 -136.001   2256.5    748.5
     1     1    14     1    18     2     0     0    62.0   73.301 -135.757   2211.9    754.4
     1     1    14     1    18     3     0     0    63.0   73.115 -135.622   2167.4    759.9
     1     1    14     1    18     4     0     0    64.0   72.954 -135.607   2122.7    765.3
     1     1    14     1    18     5     0     0    65.0   72.818 -135.726   2078.0    770.6
     1     1    14     1    18     6     0     0    66.0   72.708 -135.995   2033.3    775.8
     1     1    14     1    18     7     0     0    67.0   72.630 -136.423   1992.5    780.3
     1     1    14     1    18     8     0     0    68.0   72.587 -137.011   1959.9    783.2
     1     1    14     1    18     9     0     0    69.0   72.577 -137.763   1935.8    785.0
     1     1    14     1    18    10     0     0    70.0   72.595 -138.680   1920.6    785.8
     1     1    14     1    18    11     0     0    71.0   72.636 -139.760   1914.6    785.4
     1     1    14     1    18    12     0     0    72.0   72.692 -140.995   1918.3    783.9
     1     1    14     1    18    13     0     0    73.0   72.745 -142.341   1927.8    781.2
     1     1    14     1    18    14     0     0    74.0   72.776 -143.745   1939.2    779.4
     1     1    14     1    18    15     0     0    75.0   72.780 -145.205   1950.6    778.0
     1     1    14     1    18    16     0     0    76.0   72.752 -146.724   1961.5    778.4
     1     1    14     1    18    17     0     0    77.0   72.686 -148.305   1969.5    779.5
     1     1    14     1    18    18     0     0    78.0   72.578 -149.951   1973.5    781.3
     1     1    14     1    18    19     0     0    79.0   72.433 -151.631   1972.8    782.3
     1     1    14     1    18    20     0     0    80.0   72.265 -153.270   1968.9    780.3
     1     1    14     1    18    21     0     0    81.0   72.080 -154.831   1965.0    777.7
     1     1    14     1    18    22     0     0    82.0   71.885 -156.299   1962.5    774.6
     1     1    14     1    18    23     0     0    83.0   71.686 -157.669   1963.8    771.4
     1     1    14     1    19     0     0     0    84.0   71.488 -158.940   1970.0    767.7
     1     1    14     1    19     1     0     0    85.0   71.296 -160.094   1977.6    764.1
     1     1    14     1    19     2     0     0    86.0   71.116 -161.137   1982.5    762.4
     1     1    14     1    19     3     0     0    87.0   70.943 -162.092   1981.7    762.1
     1     1    14     1    19     4     0     0    88.0   70.775 -162.977   1973.5    763.4
     1     1    14     1    19     5     0     0    89.0   70.605 -163.807   1956.7    766.2
     1     1    14     1    19     6     0     0    90.0   70.432 -164.592   1930.2    770.4
     1     1    14     1    19     7     0     0    91.0   70.263 -165.384   1901.7    776.3
     1     1    14     1    19     8     0     0    92.0   70.106 -166.232   1880.4    781.3
     1     1    14     1    19     9     0     0    93.0   69.958 -167.146   1867.5    785.9
     1     1    14     1    19    10     0     0    94.0   69.815 -168.127   1863.7    788.6
     1     1    14     1    19    11     0     0    95.0   69.674 -169.163   1871.0    789.7
     1     1    14     1    19    12     0     0    96.0   69.530 -170.250   1890.5    788.9
     1     1    14     1    19    13     0     0    97.0   69.378 -171.342   1916.7    784.7
     1     1    14     1    19    14     0     0    98.0   69.219 -172.402   1947.0    780.2
     1     1    14     1    19    15     0     0    99.0   69.055 -173.421   1978.1    773.4
     1     1    14     1    19    16     0     0   100.0   68.888 -174.396   2009.6    766.2
     1     1    14     1    19    17     0     0   101.0   68.720 -175.333   2040.1    758.8
     1     1    14     1    19    18     0     0   102.0   68.552 -176.238   2067.8    751.2
     1     1    14     1    19    19     0     0   103.0   68.386 -177.118   2093.7    743.8
     1     1    14     1    19    20     0     0   104.0   68.226 -177.973   2119.2    736.4
     1     1    14     1    19    21     0     0   105.0   68.069 -178.802   2143.8    729.5
     1     1    14     1    19    22     0     0   106.0   67.914 -179.607   2167.4    722.8
     1     1    14     1    19    23     0     0   107.0   67.755  179.605   2190.7    716.7
     1     1    14     1    20     0     0     0   108.0   67.590  178.832   2214.3    711.0
     1     1    14     1    20     1     0     0   109.0   67.426  178.076   2238.3    706.3
     1     1    14     1    20     2     0     0   110.0   67.270  177.333   2263.2    703.7
     1     1    14     1    20     3     0     0   111.0   67.126  176.596   2286.8    701.9
     1     1    14     1    20     4     0     0   112.0   66.993  175.861   2308.3    700.1
     1     1    14     1    20     5     0     0   113.0   66.869  175.120   2327.9    698.5
     1     1    14     1    20     6     0     0   114.0   66.753  174.368   2344.9    697.0
     1     1    14     1    20     7     0     0   115.0   66.639  173.605   2358.8    695.6
     1     1    14     1    20     8     0     0   116.0   66.518  172.828   2372.1    694.2
     1     1    14     1    20     9     0     0   117.0   66.389  172.042   2385.1    692.3
     1     1    14     1    20    10     0     0   118.0   66.254  171.254   2399.4    689.6
     1     1    14     1    20    11     0     0   119.0   66.113  170.467   2416.5    686.5
     1     1    14     1    20    12     0     0   120.0   65.964  169.685   2437.5    682.6
