     1     1
    CDC1    14     1     1     0     0
     1 FORWARD  OMEGA   
    14     1    11     0   75.000 -150.000  3000.0
     1 PRESSURE
     1     1    14     1    11     0     0     0     0.0   75.000 -150.000   3000.0    663.2
     1     1    14     1    11     1     0     0     1.0   74.531 -149.987   2996.6    666.0
     1     1    14     1    11     2     0     0     2.0   74.070 -149.880   2993.2    668.7
     1     1    14     1    11     3     0     0     3.0   73.620 -149.710   2989.0    671.4
     1     1    14     1    11     4     0     0     4.0   73.186 -149.508   2983.5    674.2
     1     1    14     1    11     5     0     0     5.0   72.772 -149.298   2976.1    677.1
     1     1    14     1    11     6     0     0     6.0   72.380 -149.103   2962.4    677.5
     1     1    14     1    11     7     0     0     7.0   72.001 -148.916   2936.4    672.2
     1     1    14     1    11     8     0     0     8.0   71.625 -148.726   2902.7    667.8
     1     1    14     1    11     9     0     0     9.0   71.256 -148.545   2861.9    664.4
     1     1    14     1    11    10     0     0    10.0   70.895 -148.382   2813.4    661.9
     1     1    14     1    11    11     0     0    11.0   70.544 -148.245   2757.0    660.5
     1     1    14     1    11    12     0     0    12.0   70.205 -148.143   2691.9    660.1
     1     1    14     1    11    13     0     0    13.0   69.882 -148.054   2631.5    661.5
     1     1    14     1    11    14     0     0    14.0   69.577 -147.937   2586.8    662.0
     1     1    14     1    11    15     0     0    15.0   69.288 -147.786   2557.2    661.1
     1     1    14     1    11    16     0     0    16.0   69.011 -147.613   2540.9    659.1
     1     1    14     1    11    17     0     0    17.0   68.745 -147.429   2536.2    656.3
     1     1    14     1    11    18     0     0    18.0   68.487 -147.245   2541.6    652.8
     1     1    14     1    11    19     0     0    19.0   68.235 -147.076   2548.2    648.4
     1     1    14     1    11    20     0     0    20.0   67.987 -146.931   2547.5    645.5
     1     1    14     1    11    21     0     0    21.0   67.744 -146.806   2540.1    643.3
     1     1    14     1    11    22     0     0    22.0   67.508 -146.698   2526.2    641.7
     1     1    14     1    11    23     0     0    23.0   67.280 -146.587   2509.6    643.1
     1     1    14     1    12     0     0     0    24.0   67.062 -146.454   2487.5    645.1
     1     1    14     1    12     1     0     0    25.0   66.857 -146.294   2463.8    647.5
     1     1    14     1    12     2     0     0    26.0   66.669 -146.096   2443.2    649.2
     1     1    14     1    12     3     0     0    27.0   66.495 -145.864   2425.4    650.5
     1     1    14     1    12     4     0     0    28.0   66.333 -145.598   2409.9    651.4
     1     1    14     1    12     5     0     0    29.0   66.184 -145.297   2396.5    651.9
     1     1    14     1    12     6     0     0    30.0   66.044 -144.962   2384.8    652.2
     1     1    14     1    12     7     0     0    31.0   65.913 -144.601   2375.0    652.9
     1     1    14     1    12     8     0     0    32.0   65.790 -144.221   2364.9    653.4
     1     1    14     1    12     9     0     0    33.0   65.674 -143.817   2355.2    653.8
     1     1    14     1    12    10     0     0    34.0   65.566 -143.384   2346.1    653.9
     1     1    14     1    12    11     0     0    35.0   65.463 -142.917   2337.6    653.7
     1     1    14     1    12    12     0     0    36.0   65.366 -142.413   2329.8    653.3
     1     1    14     1    12    13     0     0    37.0   65.276 -141.880   2321.2    653.2
     1     1    14     1    12    14     0     0    38.0   65.194 -141.335   2310.0    653.4
     1     1    14     1    12    15     0     0    39.0   65.116 -140.780   2296.4    653.9
     1     1    14     1    12    16     0     0    40.0   65.040 -140.221   2280.8    654.5
     1     1    14     1    12    17     0     0    41.0   64.964 -139.659   2262.9    654.9
     1     1    14     1    12    18     0     0    42.0   64.886 -139.098   2243.5    654.9
     1     1    14     1    12    19     0     0    43.0   64.807 -138.519   2221.1    654.9
     1     1    14     1    12    20     0     0    44.0   64.729 -137.895   2194.1    655.4
     1     1    14     1    12    21     0     0    45.0   64.655 -137.229   2162.6    656.3
     1     1    14     1    12    22     0     0    46.0   64.586 -136.518   2126.8    657.4
     1     1    14     1    12    23     0     0    47.0   64.525 -135.761   2087.2    658.7
     1     1    14     1    13     0     0     0    48.0   64.471 -134.959   2044.3    660.4
     1     1    14     1    13     1     0     0    49.0   64.423 -134.114   2001.1    662.1
     1     1    14     1    13     2     0     0    50.0   64.375 -133.217   1962.7    662.8
     1     1    14     1    13     3     0     0    51.0   64.328 -132.258   1928.8    663.6
     1     1    14     1    13     4     0     0    52.0   64.282 -131.236   1899.8    666.0
     1     1    14     1    13     5     0     0    53.0   64.234 -130.149   1872.3    668.3
     1     1    14     1    13     6     0     0    54.0   64.181 -129.011   1847.7    675.5
     1     1    14     1    13     7     0     0    55.0   64.113 -127.858   1824.2    684.5
     1     1    14     1    13     8     0     0    56.0   64.022 -126.720   1808.6    695.3
     1     1    14     1    13     9     0     0    57.0   63.908 -125.610   1800.1    706.6
     1     1    14     1    13    10     0     0    58.0   63.773 -124.535   1797.8    717.3
     1     1    14     1    13    11     0     0    59.0   63.614 -123.502   1801.5    727.7
     1     1    14     1    13    12     0     0    60.0   63.428 -122.516   1809.7    737.7
     1     1    14     1    13    13     0     0    61.0   63.221 -121.567   1809.1    743.5
     1     1    14     1    13    14     0     0    62.0   62.994 -120.651   1794.9    751.9
     1     1    14     1    13    15     0     0    63.0   62.747 -119.756   1768.7    760.7
     1     1    14     1    13    16     0     0    64.0   62.479 -118.873   1732.7    767.1
     1     1    14     1    13    17     0     0    65.0   62.188 -117.988   1692.6    773.5
     1     1    14     1    13    18     0     0    66.0   61.868 -117.090   1651.3    778.6
     1     1    14     1    13    19     0     0    67.0   61.525 -116.200   1612.2    782.0
     1     1    14     1    13    20     0     0    68.0   61.159 -115.341   1577.9    784.7
     1     1    14     1    13    21     0     0    69.0   60.773 -114.506   1547.8    787.1
     1     1    14     1    13    22     0     0    70.0   60.369 -113.693   1521.3    789.7
     1     1    14     1    13    23     0     0    71.0   59.944 -112.898   1496.7    792.3
     1     1    14     1    14     0     0     0    72.0   59.498 -112.123   1470.1    793.3
     1     1    14     1    14     1     0     0    73.0   59.046 -111.357   1442.6    794.6
     1     1    14     1    14     2     0     0    74.0   58.593 -110.585   1417.1    795.7
     1     1    14     1    14     3     0     0    75.0   58.135 -109.802   1393.5    796.4
     1     1    14     1    14     4     0     0    76.0   57.669 -109.004   1371.1    796.3
     1     1    14     1    14     5     0     0    77.0   57.193 -108.201   1350.1    797.2
     1     1    14     1    14     6     0     0    78.0   56.698 -107.409   1330.4    798.5
     1     1    14     1    14     7     0     0    79.0   56.188 -106.663   1308.1    800.6
     1     1    14     1    14     8     0     0    80.0   55.666 -105.985   1278.5    804.3
     1     1    14     1    14     9     0     0    81.0   55.130 -105.360   1242.3    808.7
     1     1    14     1    14    10     0     0    82.0   54.579 -104.786   1200.1    814.1
     1     1    14     1    14    11     0     0    83.0   54.022 -104.258   1154.0    821.0
     1     1    14     1    14    12     0     0    84.0   53.464 -103.762   1104.0    828.3
     1     1    14     1    14    13     0     0    85.0   52.924 -103.294   1057.1    835.7
     1     1    14     1    14    14     0     0    86.0   52.416 -102.865   1018.8    840.9
     1     1    14     1    14    15     0     0    87.0   51.931 -102.476    986.9    843.6
     1     1    14     1    14    16     0     0    88.0   51.463 -102.129    960.1    846.5
     1     1    14     1    14    17     0     0    89.0   51.011 -101.829    934.3    849.4
     1     1    14     1    14    18     0     0    90.0   50.572 -101.580    905.9    852.4
     1     1    14     1    14    19     0     0    91.0   50.149 -101.349    872.1    855.1
     1     1    14     1    14    20     0     0    92.0   49.747 -101.089    833.7    860.3
     1     1    14     1    14    21     0     0    93.0   49.367 -100.796    792.9    867.0
     1     1    14     1    14    22     0     0    94.0   49.005 -100.479    750.6    874.2
     1     1    14     1    14    23     0     0    95.0   48.658 -100.149    707.4    881.9
     1     1    14     1    15     0     0     0    96.0   48.319  -99.816    663.6    889.2
     1     1    14     1    15     1     0     0    97.0   47.999  -99.499    622.9    895.7
     1     1    14     1    15     2     0     0    98.0   47.710  -99.211    586.8    900.7
     1     1    14     1    15     3     0     0    99.0   47.450  -98.949    554.0    905.4
     1     1    14     1    15     4     0     0   100.0   47.222  -98.713    524.0    908.6
     1     1    14     1    15     5     0     0   101.0   47.022  -98.501    496.8    911.7
     1     1    14     1    15     6     0     0   102.0   46.852  -98.312    471.4    914.7
     1     1    14     1    15     7     0     0   103.0   46.710  -98.131    448.1    917.1
     1     1    14     1    15     8     0     0   104.0   46.597  -97.943    427.3    919.5
     1     1    14     1    15     9     0     0   105.0   46.515  -97.753    408.6    922.0
     1     1    14     1    15    10     0     0   106.0   46.467  -97.565    391.9    924.5
     1     1    14     1    15    11     0     0   107.0   46.455  -97.378    376.5    926.1
     1     1    14     1    15    12     0     0   108.0   46.478  -97.191    362.4    926.9
     1     1    14     1    15    13     0     0   109.0   46.541  -96.985    352.1    926.8
     1     1    14     1    15    14     0     0   110.0   46.650  -96.745    348.1    925.8
     1     1    14     1    15    15     0     0   111.0   46.810  -96.470    350.7    924.2
     1     1    14     1    15    16     0     0   112.0   47.028  -96.158    360.2    921.7
     1     1    14     1    15    17     0     0   113.0   47.312  -95.803    377.2    918.3
     1     1    14     1    15    18     0     0   114.0   47.667  -95.396    402.2    912.6
     1     1    14     1    15    19     0     0   115.0   48.050  -94.931    436.5    905.0
     1     1    14     1    15    20     0     0   116.0   48.406  -94.412    481.9    896.1
     1     1    14     1    15    21     0     0   117.0   48.740  -93.851    539.8    886.5
     1     1    14     1    15    22     0     0   118.0   49.072  -93.257    613.2    875.7
     1     1    14     1    15    23     0     0   119.0   49.423  -92.643    706.1    862.0
     1     1    14     1    16     0     0     0   120.0   49.798  -92.025    819.7    848.6
