     1     1
    CDC1    14     1     1     0     0
     1 FORWARD  OMEGA   
    14     1    28     0   75.000 -150.000  3000.0
     1 PRESSURE
     1     1    14     1    28     0     0     0     0.0   75.000 -150.000   3000.0    693.0
     1     1    14     1    28     1     0     0     1.0   74.995 -148.674   3007.4    690.6
     1     1    14     1    28     2     0     0     2.0   74.954 -147.430   3005.9    689.6
     1     1    14     1    28     3     0     0     3.0   74.883 -146.288   2996.6    689.9
     1     1    14     1    28     4     0     0     4.0   74.789 -145.263   2978.3    691.5
     1     1    14     1    28     5     0     0     5.0   74.679 -144.362   2953.4    694.4
     1     1    14     1    28     6     0     0     6.0   74.559 -143.588   2924.0    697.9
     1     1    14     1    28     7     0     0     7.0   74.431 -142.921   2892.8    701.8
     1     1    14     1    28     8     0     0     8.0   74.293 -142.347   2862.5    705.5
     1     1    14     1    28     9     0     0     9.0   74.145 -141.870   2831.2    709.4
     1     1    14     1    28    10     0     0    10.0   73.989 -141.495   2797.4    713.5
     1     1    14     1    28    11     0     0    11.0   73.827 -141.223   2760.1    717.9
     1     1    14     1    28    12     0     0    12.0   73.659 -141.059   2718.2    722.6
     1     1    14     1    28    13     0     0    13.0   73.500 -140.987   2670.2    727.7
     1     1    14     1    28    14     0     0    14.0   73.361 -140.999   2616.9    733.3
     1     1    14     1    28    15     0     0    15.0   73.243 -141.099   2558.6    739.3
     1     1    14     1    28    16     0     0    16.0   73.147 -141.296   2496.5    745.6
     1     1    14     1    28    17     0     0    17.0   73.075 -141.591   2431.8    752.1
     1     1    14     1    28    18     0     0    18.0   73.027 -141.987   2366.2    758.6
     1     1    14     1    28    19     0     0    19.0   73.003 -142.454   2304.6    765.2
     1     1    14     1    28    20     0     0    20.0   73.003 -142.951   2251.1    770.9
     1     1    14     1    28    21     0     0    21.0   73.026 -143.464   2205.6    775.6
     1     1    14     1    28    22     0     0    22.0   73.071 -143.978   2168.4    779.3
     1     1    14     1    28    23     0     0    23.0   73.135 -144.477   2139.8    782.1
     1     1    14     1    29     0     0     0    24.0   73.217 -144.946   2120.3    783.9
     1     1    14     1    29     1     0     0    25.0   73.312 -145.366   2108.3    784.3
     1     1    14     1    29     2     0     0    26.0   73.416 -145.727   2100.3    784.4
     1     1    14     1    29     3     0     0    27.0   73.527 -146.028   2095.1    784.1
     1     1    14     1    29     4     0     0    28.0   73.643 -146.271   2091.2    783.6
     1     1    14     1    29     5     0     0    29.0   73.764 -146.458   2087.4    783.0
     1     1    14     1    29     6     0     0    30.0   73.888 -146.591   2082.4    782.5
     1     1    14     1    29     7     0     0    31.0   74.014 -146.670   2077.2    782.4
     1     1    14     1    29     8     0     0    32.0   74.140 -146.690   2074.6    781.8
     1     1    14     1    29     9     0     0    33.0   74.264 -146.646   2074.8    780.9
     1     1    14     1    29    10     0     0    34.0   74.384 -146.530   2078.4    779.7
     1     1    14     1    29    11     0     0    35.0   74.499 -146.338   2086.2    778.1
     1     1    14     1    29    12     0     0    36.0   74.608 -146.063   2099.1    776.0
     1     1    14     1    29    13     0     0    37.0   74.702 -145.695   2116.3    773.3
     1     1    14     1    29    14     0     0    38.0   74.773 -145.230   2135.0    770.5
     1     1    14     1    29    15     0     0    39.0   74.819 -144.667   2155.2    767.7
     1     1    14     1    29    16     0     0    40.0   74.839 -144.000   2176.4    765.1
     1     1    14     1    29    17     0     0    41.0   74.829 -143.223   2197.8    762.5
     1     1    14     1    29    18     0     0    42.0   74.792 -142.325   2219.4    760.0
     1     1    14     1    29    19     0     0    43.0   74.724 -141.350   2241.2    758.6
     1     1    14     1    29    20     0     0    44.0   74.626 -140.357   2258.5    757.7
     1     1    14     1    29    21     0     0    45.0   74.500 -139.350   2273.6    757.5
     1     1    14     1    29    22     0     0    46.0   74.349 -138.338   2287.6    757.7
     1     1    14     1    29    23     0     0    47.0   74.175 -137.317   2301.3    757.8
     1     1    14     1    30     0     0     0    48.0   73.982 -136.280   2316.6    757.3
     1     1    14     1    30     1     0     0    49.0   73.769 -135.232   2334.7    756.5
     1     1    14     1    30     2     0     0    50.0   73.534 -134.180   2355.2    755.0
     1     1    14     1    30     3     0     0    51.0   73.272 -133.115   2378.1    752.9
     1     1    14     1    30     4     0     0    52.0   72.977 -132.017   2403.8    749.7
     1     1    14     1    30     5     0     0    53.0   72.642 -130.857   2433.6    745.2
     1     1    14     1    30     6     0     0    54.0   72.259 -129.619   2467.6    738.6
     1     1    14     1    30     7     0     0    55.0   71.836 -128.419   2505.8    730.6
     1     1    14     1    30     8     0     0    56.0   71.390 -127.360   2547.7    722.8
     1     1    14     1    30     9     0     0    57.0   70.923 -126.425   2592.3    714.8
     1     1    14     1    30    10     0     0    58.0   70.435 -125.589   2639.4    706.8
     1     1    14     1    30    11     0     0    59.0   69.926 -124.820   2688.8    698.8
     1     1    14     1    30    12     0     0    60.0   69.398 -124.107   2740.1    693.1
     1     1    14     1    30    13     0     0    61.0   68.853 -123.410   2788.9    689.1
     1     1    14     1    30    14     0     0    62.0   68.287 -122.690   2834.8    685.9
     1     1    14     1    30    15     0     0    63.0   67.695 -121.949   2876.0    682.7
     1     1    14     1    30    16     0     0    64.0   67.074 -121.204   2908.6    676.5
     1     1    14     1    30    17     0     0    65.0   66.424 -120.478   2941.1    670.1
     1     1    14     1    30    18     0     0    66.0   65.743 -119.769   2979.3    664.0
     1     1    14     1    30    19     0     0    67.0   65.041 -119.106   3021.2    657.8
     1     1    14     1    30    20     0     0    68.0   64.337 -118.520   3069.2    653.7
     1     1    14     1    30    21     0     0    69.0   63.641 -117.997   3124.0    649.7
     1     1    14     1    30    22     0     0    70.0   62.947 -117.513   3188.6    645.2
     1     1    14     1    30    23     0     0    71.0   62.254 -117.046   3259.9    637.8
     1     1    14     1    31     0     0     0    72.0   61.565 -116.576   3339.1    628.2
     1     1    14     1    31     1     0     0    73.0   60.884 -116.083   3428.9    617.8
     1     1    14     1    31     2     0     0    74.0   60.212 -115.546   3525.5    607.2
     1     1    14     1    31     3     0     0    75.0   59.553 -114.961   3616.2    595.1
     1     1    14     1    31     4     0     0    76.0   58.912 -114.334   3693.9    584.6
     1     1    14     1    31     5     0     0    77.0   58.286 -113.646   3758.9    576.0
     1     1    14     1    31     6     0     0    78.0   57.675 -112.870   3815.2    568.5
     1     1    14     1    31     7     0     0    79.0   57.077 -112.079   3868.1    562.3
     1     1    14     1    31     8     0     0    80.0   56.491 -111.356   3921.4    556.7
     1     1    14     1    31     9     0     0    81.0   55.920 -110.681   3979.2    551.3
     1     1    14     1    31    10     0     0    82.0   55.368 -110.010   4043.9    545.7
     1     1    14     1    31    11     0     0    83.0   54.840 -109.312   4108.3    538.4
     1     1    14     1    31    12     0     0    84.0   54.340 -108.577   4168.7    531.5
     1     1    14     1    31    13     0     0    85.0   53.876 -107.838   4213.7    526.6
     1     1    14     1    31    14     0     0    86.0   53.453 -107.128   4236.7    524.8
     1     1    14     1    31    15     0     0    87.0   53.072 -106.436   4244.9    523.9
     1     1    14     1    31    16     0     0    88.0   52.734 -105.751   4245.6    523.3
     1     1    14     1    31    17     0     0    89.0   52.445 -105.064   4244.2    522.5
     1     1    14     1    31    18     0     0    90.0   52.202 -104.368   4251.8    523.4
