     1     1
    CDC1    14     1     1     0     0
     1 FORWARD  OMEGA   
    14     1     8    12   75.000 -150.000  3000.0
     1 PRESSURE
     1     1    14     1     8    12     0     0     0.0   75.000 -150.000   3000.0    667.9
     1     1    14     1     8    13     0     0     1.0   74.647 -150.385   3002.0    670.2
     1     1    14     1     8    14     0     0     2.0   74.320 -150.744   3002.2    672.6
     1     1    14     1     8    15     0     0     3.0   74.022 -151.103   3001.1    674.9
     1     1    14     1     8    16     0     0     4.0   73.753 -151.485   2999.3    677.1
     1     1    14     1     8    17     0     0     5.0   73.513 -151.910   2997.0    679.2
     1     1    14     1     8    18     0     0     6.0   73.303 -152.394   2994.2    681.2
     1     1    14     1     8    19     0     0     7.0   73.109 -152.900   2989.9    683.2
     1     1    14     1     8    20     0     0     8.0   72.918 -153.384   2978.8    685.7
     1     1    14     1     8    21     0     0     9.0   72.729 -153.852   2961.3    688.8
     1     1    14     1     8    22     0     0    10.0   72.545 -154.309   2936.3    692.4
     1     1    14     1     8    23     0     0    11.0   72.366 -154.748   2900.1    694.0
     1     1    14     1     9     0     0     0    12.0   72.191 -155.156   2855.3    695.5
     1     1    14     1     9     1     0     0    13.0   72.016 -155.557   2808.3    697.7
     1     1    14     1     9     2     0     0    14.0   71.834 -155.981   2763.8    699.1
     1     1    14     1     9     3     0     0    15.0   71.645 -156.440   2723.1    700.2
     1     1    14     1     9     4     0     0    16.0   71.449 -156.946   2687.1    700.8
     1     1    14     1     9     5     0     0    17.0   71.246 -157.507   2657.0    701.1
     1     1    14     1     9     6     0     0    18.0   71.036 -158.132   2633.6    700.8
     1     1    14     1     9     7     0     0    19.0   70.820 -158.823   2611.8    700.1
     1     1    14     1     9     8     0     0    20.0   70.600 -159.581   2585.2    701.0
     1     1    14     1     9     9     0     0    21.0   70.378 -160.418   2555.4    703.1
     1     1    14     1     9    10     0     0    22.0   70.151 -161.348   2524.0    706.3
     1     1    14     1     9    11     0     0    23.0   69.917 -162.373   2492.9    710.5
     1     1    14     1     9    12     0     0    24.0   69.677 -163.469   2465.0    715.5
     1     1    14     1     9    13     0     0    25.0   69.434 -164.587   2442.3    720.4
     1     1    14     1     9    14     0     0    26.0   69.192 -165.706   2424.5    724.8
     1     1    14     1     9    15     0     0    27.0   68.949 -166.827   2409.0    729.1
     1     1    14     1     9    16     0     0    28.0   68.705 -167.953   2393.9    732.6
     1     1    14     1     9    17     0     0    29.0   68.457 -169.085   2377.5    735.1
     1     1    14     1     9    18     0     0    30.0   68.204 -170.227   2360.2    736.9
     1     1    14     1     9    19     0     0    31.0   67.943 -171.381   2339.2    736.4
     1     1    14     1     9    20     0     0    32.0   67.672 -172.544   2317.1    735.5
     1     1    14     1     9    21     0     0    33.0   67.395 -173.710   2290.2    732.6
     1     1    14     1     9    22     0     0    34.0   67.117 -174.871   2262.5    731.6
     1     1    14     1     9    23     0     0    35.0   66.844 -176.029   2233.7    730.8
     1     1    14     1    10     0     0     0    36.0   66.577 -177.191   2205.6    730.6
     1     1    14     1    10     1     0     0    37.0   66.323 -178.372   2186.0    731.2
     1     1    14     1    10     2     0     0    38.0   66.087 -179.581   2180.3    730.4
     1     1    14     1    10     3     0     0    39.0   65.869  179.180   2187.1    729.4
     1     1    14     1    10     4     0     0    40.0   65.668  177.911   2203.5    728.0
     1     1    14     1    10     5     0     0    41.0   65.484  176.611   2225.3    726.0
     1     1    14     1    10     6     0     0    42.0   65.315  175.280   2247.9    723.8
     1     1    14     1    10     7     0     0    43.0   65.156  173.908   2263.4    720.3
     1     1    14     1    10     8     0     0    44.0   65.006  172.486   2268.9    717.2
     1     1    14     1    10     9     0     0    45.0   64.866  171.024   2260.7    711.7
     1     1    14     1    10    10     0     0    46.0   64.738  169.539   2242.1    707.0
     1     1    14     1    10    11     0     0    47.0   64.622  168.033   2213.9    702.6
     1     1    14     1    10    12     0     0    48.0   64.518  166.514   2180.5    700.9
     1     1    14     1    10    13     0     0    49.0   64.420  164.996   2144.5    700.7
     1     1    14     1    10    14     0     0    50.0   64.319  163.505   2109.1    704.4
     1     1    14     1    10    15     0     0    51.0   64.212  162.059   2075.6    708.2
     1     1    14     1    10    16     0     0    52.0   64.100  160.668   2045.2    712.5
     1     1    14     1    10    17     0     0    53.0   63.979  159.340   2016.5    716.1
     1     1    14     1    10    18     0     0    54.0   63.848  158.076   1987.8    718.8
     1     1    14     1    10    19     0     0    55.0   63.706  156.897   1961.8    720.8
     1     1    14     1    10    20     0     0    56.0   63.557  155.812   1941.5    720.9
     1     1    14     1    10    21     0     0    57.0   63.401  154.809   1926.5    719.8
     1     1    14     1    10    22     0     0    58.0   63.244  153.875   1916.9    717.5
     1     1    14     1    10    23     0     0    59.0   63.089  152.997   1914.2    714.1
     1     1    14     1    11     0     0     0    60.0   62.937  152.163   1919.5    709.3
     1     1    14     1    11     1     0     0    61.0   62.792  151.364   1929.7    703.1
     1     1    14     1    11     2     0     0    62.0   62.653  150.601   1942.5    697.3
     1     1    14     1    11     3     0     0    63.0   62.518  149.881   1956.3    691.2
     1     1    14     1    11     4     0     0    64.0   62.388  149.208   1971.6    687.2
     1     1    14     1    11     5     0     0    65.0   62.265  148.581   1986.4    684.2
     1     1    14     1    11     6     0     0    66.0   62.148  148.002   1998.5    681.9
     1     1    14     1    11     7     0     0    67.0   62.037  147.456   2011.9    680.3
     1     1    14     1    11     8     0     0    68.0   61.932  146.928   2028.0    676.8
     1     1    14     1    11     9     0     0    69.0   61.830  146.417   2048.0    673.0
     1     1    14     1    11    10     0     0    70.0   61.725  145.923   2071.5    669.2
     1     1    14     1    11    11     0     0    71.0   61.615  145.446   2098.1    665.5
     1     1    14     1    11    12     0     0    72.0   61.495  144.987   2127.6    661.9
     1     1    14     1    11    13     0     0    73.0   61.371  144.552   2159.1    659.6
     1     1    14     1    11    14     0     0    74.0   61.249  144.143   2189.1    657.5
     1     1    14     1    11    15     0     0    75.0   61.128  143.760   2218.9    655.6
     1     1    14     1    11    16     0     0    76.0   61.008  143.400   2249.0    653.7
     1     1    14     1    11    17     0     0    77.0   60.890  143.062   2279.9    651.9
     1     1    14     1    11    18     0     0    78.0   60.773  142.744   2312.5    649.9
     1     1    14     1    11    19     0     0    79.0   60.654  142.447   2345.1    647.9
     1     1    14     1    11    20     0     0    80.0   60.527  142.176   2377.7    647.6
     1     1    14     1    11    21     0     0    81.0   60.393  141.929   2407.6    647.7
     1     1    14     1    11    22     0     0    82.0   60.249  141.708   2434.4    648.2
     1     1    14     1    11    23     0     0    83.0   60.096  141.512   2458.3    649.2
     1     1    14     1    12     0     0     0    84.0   59.932  141.339   2478.9    650.8
     1     1    14     1    12     1     0     0    85.0   59.769  141.185   2492.3    653.0
     1     1    14     1    12     2     0     0    86.0   59.619  141.050   2496.3    656.2
     1     1    14     1    12     3     0     0    87.0   59.480  140.929   2491.2    659.8
     1     1    14     1    12     4     0     0    88.0   59.352  140.820   2477.4    663.9
     1     1    14     1    12     5     0     0    89.0   59.235  140.723   2455.3    668.6
     1     1    14     1    12     6     0     0    90.0   59.128  140.635   2425.4    673.7
     1     1    14     1    12     7     0     0    91.0   59.029  140.566   2389.5    679.4
     1     1    14     1    12     8     0     0    92.0   58.938  140.528   2348.6    685.3
     1     1    14     1    12     9     0     0    93.0   58.853  140.520   2303.1    691.7
     1     1    14     1    12    10     0     0    94.0   58.775  140.541   2253.0    698.6
     1     1    14     1    12    11     0     0    95.0   58.702  140.591   2198.4    706.1
     1     1    14     1    12    12     0     0    96.0   58.632  140.666   2139.6    713.9
     1     1    14     1    12    13     0     0    97.0   58.559  140.768   2078.9    722.2
     1     1    14     1    12    14     0     0    98.0   58.476  140.899   2018.1    730.9
     1     1    14     1    12    15     0     0    99.0   58.380  141.056   1957.4    740.1
     1     1    14     1    12    16     0     0   100.0   58.269  141.235   1897.2    750.1
     1     1    14     1    12    17     0     0   101.0   58.141  141.432   1837.6    760.8
     1     1    14     1    12    18     0     0   102.0   57.993  141.643   1778.9    772.3
     1     1    14     1    12    19     0     0   103.0   57.822  141.847   1724.5    784.7
     1     1    14     1    12    20     0     0   104.0   57.627  142.031   1678.4    796.4
     1     1    14     1    12    21     0     0   105.0   57.409  142.195   1640.0    806.1
     1     1    14     1    12    22     0     0   106.0   57.170  142.332   1610.5    811.9
     1     1    14     1    12    23     0     0   107.0   56.911  142.439   1593.0    816.1
     1     1    14     1    13     0     0     0   108.0   56.632  142.515   1587.9    818.9
     1     1    14     1    13     1     0     0   109.0   56.340  142.567   1589.5    819.8
     1     1    14     1    13     2     0     0   110.0   56.039  142.601   1592.4    821.2
     1     1    14     1    13     3     0     0   111.0   55.730  142.617   1594.7    822.7
     1     1    14     1    13     4     0     0   112.0   55.411  142.617   1595.2    824.5
     1     1    14     1    13     5     0     0   113.0   55.081  142.600   1592.5    826.8
     1     1    14     1    13     6     0     0   114.0   54.739  142.561   1584.6    827.3
     1     1    14     1    13     7     0     0   115.0   54.383  142.496   1577.7    827.0
     1     1    14     1    13     8     0     0   116.0   54.011  142.410   1577.5    825.2
     1     1    14     1    13     9     0     0   117.0   53.626  142.310   1583.6    822.7
     1     1    14     1    13    10     0     0   118.0   53.230  142.202   1596.2    819.5
     1     1    14     1    13    11     0     0   119.0   52.826  142.092   1615.1    815.7
     1     1    14     1    13    12     0     0   120.0   52.417  141.989   1640.1    811.3
