     1     1
    CDC1    14     1     1     0     0
     1 FORWARD  OMEGA   
    14     1    26     0   75.000 -150.000  3000.0
     1 PRESSURE
     1     1    14     1    26     0     0     0     0.0   75.000 -150.000   3000.0    687.3
     1     1    14     1    26     1     0     0     1.0   75.345 -149.035   3058.5    682.0
     1     1    14     1    26     2     0     0     2.0   75.663 -147.953   3116.6    677.2
     1     1    14     1    26     3     0     0     3.0   75.959 -146.755   3176.0    672.7
     1     1    14     1    26     4     0     0     4.0   76.233 -145.441   3238.0    668.3
     1     1    14     1    26     5     0     0     5.0   76.488 -144.008   3304.2    663.8
     1     1    14     1    26     6     0     0     6.0   76.723 -142.448   3375.3    659.1
     1     1    14     1    26     7     0     0     7.0   76.926 -140.843   3442.9    654.2
     1     1    14     1    26     8     0     0     8.0   77.088 -139.295   3496.1    650.8
     1     1    14     1    26     9     0     0     9.0   77.216 -137.820   3536.4    648.0
     1     1    14     1    26    10     0     0    10.0   77.315 -136.434   3564.7    645.5
     1     1    14     1    26    11     0     0    11.0   77.393 -135.147   3583.5    643.5
     1     1    14     1    26    12     0     0    12.0   77.454 -133.958   3594.9    642.0
     1     1    14     1    26    13     0     0    13.0   77.501 -132.803   3601.4    640.7
     1     1    14     1    26    14     0     0    14.0   77.532 -131.626   3606.2    639.3
     1     1    14     1    26    15     0     0    15.0   77.549 -130.434   3609.0    638.0
     1     1    14     1    26    16     0     0    16.0   77.558 -129.220   3609.3    636.6
     1     1    14     1    26    17     0     0    17.0   77.564 -127.974   3607.1    635.2
     1     1    14     1    26    18     0     0    18.0   77.571 -126.699   3603.2    633.9
     1     1    14     1    26    19     0     0    19.0   77.572 -125.438   3598.3    633.1
     1     1    14     1    26    20     0     0    20.0   77.559 -124.235   3594.3    632.6
     1     1    14     1    26    21     0     0    21.0   77.532 -123.094   3591.1    632.3
     1     1    14     1    26    22     0     0    22.0   77.493 -122.019   3589.4    631.8
     1     1    14     1    26    23     0     0    23.0   77.444 -121.019   3589.9    631.1
     1     1    14     1    27     0     0     0    24.0   77.386 -120.098   3592.7    630.2
     1     1    14     1    27     1     0     0    25.0   77.318 -119.253   3597.5    629.9
     1     1    14     1    27     2     0     0    26.0   77.244 -118.481   3598.5    630.0
     1     1    14     1    27     3     0     0    27.0   77.162 -117.782   3595.9    630.4
     1     1    14     1    27     4     0     0    28.0   77.074 -117.153   3589.5    631.2
     1     1    14     1    27     5     0     0    29.0   76.980 -116.593   3579.0    632.4
     1     1    14     1    27     6     0     0    30.0   76.879 -116.101   3563.8    633.9
     1     1    14     1    27     7     0     0    31.0   76.777 -115.660   3547.2    635.8
     1     1    14     1    27     8     0     0    32.0   76.677 -115.252   3531.7    637.2
     1     1    14     1    27     9     0     0    33.0   76.579 -114.872   3517.4    638.4
     1     1    14     1    27    10     0     0    34.0   76.483 -114.518   3503.9    639.5
     1     1    14     1    27    11     0     0    35.0   76.390 -114.187   3491.2    640.4
     1     1    14     1    27    12     0     0    36.0   76.297 -113.879   3479.1    641.2
     1     1    14     1    27    13     0     0    37.0   76.201 -113.609   3463.9    642.0
     1     1    14     1    27    14     0     0    38.0   76.093 -113.394   3442.2    643.6
     1     1    14     1    27    15     0     0    39.0   75.973 -113.232   3414.8    645.6
     1     1    14     1    27    16     0     0    40.0   75.840 -113.120   3382.2    648.0
     1     1    14     1    27    17     0     0    41.0   75.695 -113.059   3345.3    650.7
     1     1    14     1    27    18     0     0    42.0   75.535 -113.046   3305.2    653.7
     1     1    14     1    27    19     0     0    43.0   75.360 -113.059   3263.4    657.0
     1     1    14     1    27    20     0     0    44.0   75.173 -113.075   3220.5    660.2
     1     1    14     1    27    21     0     0    45.0   74.971 -113.095   3175.7    663.6
     1     1    14     1    27    22     0     0    46.0   74.756 -113.116   3129.1    667.7
     1     1    14     1    27    23     0     0    47.0   74.526 -113.132   3079.2    672.0
     1     1    14     1    28     0     0     0    48.0   74.280 -113.143   3024.9    676.8
     1     1    14     1    28     1     0     0    49.0   74.021 -113.172   2969.3    682.2
     1     1    14     1    28     2     0     0    50.0   73.755 -113.246   2915.4    687.2
     1     1    14     1    28     3     0     0    51.0   73.482 -113.375   2862.8    692.0
     1     1    14     1    28     4     0     0    52.0   73.203 -113.568   2811.3    696.7
     1     1    14     1    28     5     0     0    53.0   72.920 -113.835   2760.6    701.2
     1     1    14     1    28     6     0     0    54.0   72.631 -114.183   2710.5    705.5
     1     1    14     1    28     7     0     0    55.0   72.333 -114.564   2657.2    709.5
     1     1    14     1    28     8     0     0    56.0   72.020 -114.930   2597.8    714.3
     1     1    14     1    28     9     0     0    57.0   71.694 -115.286   2533.6    719.4
     1     1    14     1    28    10     0     0    58.0   71.355 -115.640   2466.3    724.7
     1     1    14     1    28    11     0     0    59.0   71.005 -115.999   2397.0    730.3
     1     1    14     1    28    12     0     0    60.0   70.647 -116.371   2327.2    735.9
     1     1    14     1    28    13     0     0    61.0   70.284 -116.756   2260.6    741.4
     1     1    14     1    28    14     0     0    62.0   69.921 -117.146   2199.9    746.1
     1     1    14     1    28    15     0     0    63.0   69.558 -117.516   2145.6    750.8
     1     1    14     1    28    16     0     0    64.0   69.199 -117.852   2097.3    755.8
     1     1    14     1    28    17     0     0    65.0   68.847 -118.152   2053.2    760.6
     1     1    14     1    28    18     0     0    66.0   68.507 -118.417   2012.5    765.4
     1     1    14     1    28    19     0     0    67.0   68.173 -118.646   1975.0    770.3
     1     1    14     1    28    20     0     0    68.0   67.838 -118.840   1942.0    774.9
     1     1    14     1    28    21     0     0    69.0   67.503 -119.003   1914.4    779.0
     1     1    14     1    28    22     0     0    70.0   67.163 -119.139   1891.6    780.9
     1     1    14     1    28    23     0     0    71.0   66.814 -119.255   1874.9    781.9
     1     1    14     1    29     0     0     0    72.0   66.456 -119.356   1864.6    782.2
     1     1    14     1    29     1     0     0    73.0   66.099 -119.455   1856.9    781.4
     1     1    14     1    29     2     0     0    74.0   65.757 -119.561   1849.4    780.9
     1     1    14     1    29     3     0     0    75.0   65.435 -119.673   1842.0    780.4
     1     1    14     1    29     4     0     0    76.0   65.138 -119.789   1835.1    780.0
     1     1    14     1    29     5     0     0    77.0   64.869 -119.912   1829.1    779.8
     1     1    14     1    29     6     0     0    78.0   64.633 -120.046   1824.4    779.6
     1     1    14     1    29     7     0     0    79.0   64.411 -120.194   1820.1    778.6
     1     1    14     1    29     8     0     0    80.0   64.187 -120.357   1818.6    777.1
     1     1    14     1    29     9     0     0    81.0   63.958 -120.532   1819.3    775.2
     1     1    14     1    29    10     0     0    82.0   63.724 -120.716   1822.6    772.8
     1     1    14     1    29    11     0     0    83.0   63.482 -120.906   1828.6    770.0
     1     1    14     1    29    12     0     0    84.0   63.231 -121.099   1837.6    766.7
     1     1    14     1    29    13     0     0    85.0   62.972 -121.299   1849.2    763.4
     1     1    14     1    29    14     0     0    86.0   62.705 -121.518   1861.4    759.8
     1     1    14     1    29    15     0     0    87.0   62.429 -121.763   1874.1    755.7
     1     1    14     1    29    16     0     0    88.0   62.144 -122.040   1887.4    751.2
     1     1    14     1    29    17     0     0    89.0   61.850 -122.354   1901.8    746.0
     1     1    14     1    29    18     0     0    90.0   61.543 -122.713   1916.8    739.1
     1     1    14     1    29    19     0     0    91.0   61.242 -123.096   1928.8    731.4
     1     1    14     1    29    20     0     0    92.0   60.968 -123.479   1934.3    724.8
     1     1    14     1    29    21     0     0    93.0   60.722 -123.873   1932.4    718.9
     1     1    14     1    29    22     0     0    94.0   60.504 -124.289   1922.3    713.5
     1     1    14     1    29    23     0     0    95.0   60.314 -124.736   1903.1    708.6
     1     1    14     1    30     0     0     0    96.0   60.152 -125.219   1875.0    704.9
     1     1    14     1    30     1     0     0    97.0   59.999 -125.724   1839.0    702.5
     1     1    14     1    30     2     0     0    98.0   59.836 -126.232   1796.3    700.0
     1     1    14     1    30     3     0     0    99.0   59.663 -126.741   1745.3    698.8
     1     1    14     1    30     4     0     0   100.0   59.481 -127.258   1685.4    698.8
     1     1    14     1    30     5     0     0   101.0   59.294 -127.784   1618.6    702.7
     1     1    14     1    30     6     0     0   102.0   59.108 -128.319   1546.3    709.6
     1     1    14     1    30     7     0     0   103.0   58.934 -128.821   1472.0    717.9
     1     1    14     1    30     8     0     0   104.0   58.783 -129.258   1400.2    726.1
     1     1    14     1    30     9     0     0   105.0   58.660 -129.635   1329.2    734.7
     1     1    14     1    30    10     0     0   106.0   58.569 -129.957   1257.9    743.5
     1     1    14     1    30    11     0     0   107.0   58.513 -130.223   1187.4    753.8
     1     1    14     1    30    12     0     0   108.0   58.494 -130.432   1116.8    763.5
     1     1    14     1    30    13     0     0   109.0   58.494 -130.589   1047.0    772.6
     1     1    14     1    30    14     0     0   110.0   58.500 -130.702    978.6    781.1
     1     1    14     1    30    15     0     0   111.0   58.509 -130.773    911.8    789.0
     1     1    14     1    30    16     0     0   112.0   58.518 -130.805    846.7    795.8
     1     1    14     1    30    17     0     0   113.0   58.525 -130.800    783.6    801.9
     1     1    14     1    30    18     0     0   114.0   58.529 -130.759    722.4    807.7
     1     1    14     1    30    19     0     0   115.0   58.521 -130.695    666.2    813.3
     1     1    14     1    30    20     0     0   116.0   58.495 -130.621    616.5    818.1
     1     1    14     1    30    21     0     0   117.0   58.449 -130.540    572.9    821.9
     1     1    14     1    30    22     0     0   118.0   58.383 -130.455    534.5    825.2
     1     1    14     1    30    23     0     0   119.0   58.296 -130.369    501.0    828.1
     1     1    14     1    31     0     0     0   120.0   58.189 -130.284    472.0    830.8
