     1     1
    CDC1    14     1     1     0     0
     1 FORWARD  OMEGA   
    14     1    11    12   75.000 -150.000  3000.0
     1 PRESSURE
     1     1    14     1    11    12     0     0     0.0   75.000 -150.000   3000.0    657.1
     1     1    14     1    11    13     0     0     1.0   74.554 -149.085   3015.2    656.4
     1     1    14     1    11    14     0     0     2.0   74.121 -148.224   3026.4    656.6
     1     1    14     1    11    15     0     0     3.0   73.705 -147.376   3037.0    656.8
     1     1    14     1    11    16     0     0     4.0   73.309 -146.504   3050.8    656.8
     1     1    14     1    11    17     0     0     5.0   72.934 -145.574   3070.5    656.0
     1     1    14     1    11    18     0     0     6.0   72.582 -144.552   3098.7    654.2
     1     1    14     1    11    19     0     0     7.0   72.243 -143.487   3122.7    646.8
     1     1    14     1    11    20     0     0     8.0   71.907 -142.455   3143.7    639.3
     1     1    14     1    11    21     0     0     9.0   71.578 -141.463   3165.3    633.7
     1     1    14     1    11    22     0     0    10.0   71.259 -140.505   3186.8    629.1
     1     1    14     1    11    23     0     0    11.0   70.955 -139.573   3209.3    625.2
     1     1    14     1    12     0     0     0    12.0   70.672 -138.656   3233.3    622.1
     1     1    14     1    12     1     0     0    13.0   70.411 -137.731   3260.7    619.5
     1     1    14     1    12     2     0     0    14.0   70.168 -136.774   3292.0    616.7
     1     1    14     1    12     3     0     0    15.0   69.943 -135.780   3325.0    613.9
     1     1    14     1    12     4     0     0    16.0   69.734 -134.757   3356.1    610.8
     1     1    14     1    12     5     0     0    17.0   69.541 -133.711   3382.6    607.4
     1     1    14     1    12     6     0     0    18.0   69.361 -132.646   3405.2    604.6
     1     1    14     1    12     7     0     0    19.0   69.201 -131.592   3423.9    602.8
     1     1    14     1    12     8     0     0    20.0   69.067 -130.568   3437.5    601.4
     1     1    14     1    12     9     0     0    21.0   68.960 -129.564   3448.5    600.2
     1     1    14     1    12    10     0     0    22.0   68.881 -128.572   3458.2    599.0
     1     1    14     1    12    11     0     0    23.0   68.832 -127.585   3468.3    598.0
     1     1    14     1    12    12     0     0    24.0   68.812 -126.600   3478.4    596.6
     1     1    14     1    12    13     0     0    25.0   68.807 -125.612   3486.5    595.0
     1     1    14     1    12    14     0     0    26.0   68.805 -124.624   3489.8    594.3
     1     1    14     1    12    15     0     0    27.0   68.808 -123.641   3488.0    594.2
     1     1    14     1    12    16     0     0    28.0   68.819 -122.667   3481.5    594.5
     1     1    14     1    12    17     0     0    29.0   68.842 -121.704   3470.7    594.8
     1     1    14     1    12    18     0     0    30.0   68.881 -120.751   3457.8    595.3
     1     1    14     1    12    19     0     0    31.0   68.951 -119.800   3446.6    595.6
     1     1    14     1    12    20     0     0    32.0   69.063 -118.834   3442.2    595.4
     1     1    14     1    12    21     0     0    33.0   69.217 -117.848   3442.4    595.1
     1     1    14     1    12    22     0     0    34.0   69.414 -116.839   3446.3    595.3
     1     1    14     1    12    23     0     0    35.0   69.654 -115.800   3452.9    596.2
     1     1    14     1    13     0     0     0    36.0   69.937 -114.726   3461.5    598.0
     1     1    14     1    13     1     0     0    37.0   70.245 -113.644   3467.7    599.1
     1     1    14     1    13     2     0     0    38.0   70.558 -112.579   3471.9    600.5
     1     1    14     1    13     3     0     0    39.0   70.874 -111.528   3473.3    601.9
     1     1    14     1    13     4     0     0    40.0   71.195 -110.483   3471.9    603.5
     1     1    14     1    13     5     0     0    41.0   71.520 -109.436   3467.4    604.8
     1     1    14     1    13     6     0     0    42.0   71.851 -108.378   3460.3    605.8
     1     1    14     1    13     7     0     0    43.0   72.188 -107.302   3451.3    606.2
     1     1    14     1    13     8     0     0    44.0   72.533 -106.222   3443.7    606.0
     1     1    14     1    13     9     0     0    45.0   72.892 -105.186   3441.2    606.6
     1     1    14     1    13    10     0     0    46.0   73.271 -104.220   3443.5    606.9
     1     1    14     1    13    11     0     0    47.0   73.675 -103.305   3450.4    607.0
     1     1    14     1    13    12     0     0    48.0   74.108 -102.416   3461.5    607.0
     1     1    14     1    13    13     0     0    49.0   74.568 -101.575   3473.5    607.1
     1     1    14     1    13    14     0     0    50.0   75.048 -100.828   3479.8    607.9
     1     1    14     1    13    15     0     0    51.0   75.546 -100.253   3480.5    608.8
     1     1    14     1    13    16     0     0    52.0   76.061  -99.897   3476.7    610.0
     1     1    14     1    13    17     0     0    53.0   76.595  -99.727   3469.7    611.3
     1     1    14     1    13    18     0     0    54.0   77.150  -99.711   3460.8    612.9
     1     1    14     1    13    19     0     0    55.0   77.726  -99.831   3447.9    613.7
     1     1    14     1    13    20     0     0    56.0   78.313 -100.131   3431.6    613.0
     1     1    14     1    13    21     0     0    57.0   78.900 -100.640   3413.6    613.1
     1     1    14     1    13    22     0     0    58.0   79.479 -101.325   3394.6    614.3
     1     1    14     1    13    23     0     0    59.0   80.046 -102.162   3374.8    617.0
     1     1    14     1    14     0     0     0    60.0   80.592 -103.173   3355.9    623.0
     1     1    14     1    14     1     0     0    61.0   81.117 -104.498   3335.2    629.1
     1     1    14     1    14     2     0     0    62.0   81.625 -106.262   3312.5    635.4
     1     1    14     1    14     3     0     0    63.0   82.112 -108.499   3285.9    641.9
     1     1    14     1    14     4     0     0    64.0   82.575 -111.215   3252.3    647.5
     1     1    14     1    14     5     0     0    65.0   83.012 -114.459   3210.3    650.4
     1     1    14     1    14     6     0     0    66.0   83.412 -118.241   3162.8    652.5
     1     1    14     1    14     7     0     0    67.0   83.760 -122.520   3115.1    654.1
     1     1    14     1    14     8     0     0    68.0   84.047 -127.225   3070.5    654.8
     1     1    14     1    14     9     0     0    69.0   84.272 -132.284   3035.4    656.0
     1     1    14     1    14    10     0     0    70.0   84.436 -137.598   3008.1    657.0
     1     1    14     1    14    11     0     0    71.0   84.545 -143.074   2989.0    658.6
     1     1    14     1    14    12     0     0    72.0   84.602 -148.581   2977.1    660.5
     1     1    14     1    14    13     0     0    73.0   84.613 -154.114   2966.5    662.7
     1     1    14     1    14    14     0     0    74.0   84.584 -159.645   2954.3    665.1
     1     1    14     1    14    15     0     0    75.0   84.511 -165.052   2939.3    668.4
     1     1    14     1    14    16     0     0    76.0   84.398 -170.212   2920.3    670.8
     1     1    14     1    14    17     0     0    77.0   84.244 -175.010   2899.1    673.1
     1     1    14     1    14    18     0     0    78.0   84.057 -179.362   2875.8    674.8
     1     1    14     1    14    19     0     0    79.0   83.840  176.782   2853.2    676.5
     1     1    14     1    14    20     0     0    80.0   83.601  173.442   2832.8    678.1
     1     1    14     1    14    21     0     0    81.0   83.349  170.601   2815.8    679.7
     1     1    14     1    14    22     0     0    82.0   83.093  168.219   2802.4    681.2
     1     1    14     1    14    23     0     0    83.0   82.838  166.243   2792.2    682.1
     1     1    14     1    15     0     0     0    84.0   82.590  164.628   2785.6    682.7
     1     1    14     1    15     1     0     0    85.0   82.350  163.305   2778.9    683.6
     1     1    14     1    15     2     0     0    86.0   82.115  162.198   2766.1    685.4
     1     1    14     1    15     3     0     0    87.0   81.886  161.254   2749.3    687.6
     1     1    14     1    15     4     0     0    88.0   81.666  160.440   2729.5    690.0
     1     1    14     1    15     5     0     0    89.0   81.458  159.724   2707.8    692.7
     1     1    14     1    15     6     0     0    90.0   81.262  159.076   2685.0    695.4
     1     1    14     1    15     7     0     0    91.0   81.080  158.470   2665.8    698.4
     1     1    14     1    15     8     0     0    92.0   80.910  157.888   2653.7    700.1
     1     1    14     1    15     9     0     0    93.0   80.751  157.309   2647.5    701.3
     1     1    14     1    15    10     0     0    94.0   80.602  156.716   2645.7    702.1
     1     1    14     1    15    11     0     0    95.0   80.464  156.093   2647.3    702.5
     1     1    14     1    15    12     0     0    96.0   80.334  155.423   2651.5    702.6
     1     1    14     1    15    13     0     0    97.0   80.209  154.755   2655.7    702.2
     1     1    14     1    15    14     0     0    98.0   80.083  154.142   2657.1    702.3
     1     1    14     1    15    15     0     0    99.0   79.956  153.580   2655.7    702.6
     1     1    14     1    15    16     0     0   100.0   79.828  153.066   2651.9    703.3
     1     1    14     1    15    17     0     0   101.0   79.699  152.603   2645.8    704.1
     1     1    14     1    15    18     0     0   102.0   79.569  152.186   2637.4    705.0
     1     1    14     1    15    19     0     0   103.0   79.446  151.855   2629.8    706.5
     1     1    14     1    15    20     0     0   104.0   79.337  151.638   2624.6    707.4
     1     1    14     1    15    21     0     0   105.0   79.241  151.523   2621.9    708.1
     1     1    14     1    15    22     0     0   106.0   79.157  151.499   2621.5    708.7
     1     1    14     1    15    23     0     0   107.0   79.084  151.557   2623.4    709.0
     1     1    14     1    16     0     0     0   108.0   79.023  151.692   2627.5    709.1
     1     1    14     1    16     1     0     0   109.0   78.970  151.846   2632.4    708.6
     1     1    14     1    16     2     0     0   110.0   78.925  151.963   2635.9    708.3
     1     1    14     1    16     3     0     0   111.0   78.888  152.039   2637.8    708.2
     1     1    14     1    16     4     0     0   112.0   78.860  152.074   2638.0    708.3
     1     1    14     1    16     5     0     0   113.0   78.840  152.064   2636.2    708.5
     1     1    14     1    16     6     0     0   114.0   78.829  152.006   2632.4    709.0
     1     1    14     1    16     7     0     0   115.0   78.817  151.936   2629.8    709.8
     1     1    14     1    16     8     0     0   116.0   78.792  151.893   2631.7    709.9
     1     1    14     1    16     9     0     0   117.0   78.756  151.880   2638.2    709.5
     1     1    14     1    16    10     0     0   118.0   78.709  151.901   2649.4    708.6
     1     1    14     1    16    11     0     0   119.0   78.651  151.958   2665.3    707.3
     1     1    14     1    16    12     0     0   120.0   78.583  152.054   2686.0    705.6
