     1     1
    CDC1    14     1     1     0     0
     1 FORWARD  OMEGA   
    14     1    21    18   75.000 -150.000  3000.0
     1 PRESSURE
     1     1    14     1    21    18     0     0     0.0   75.000 -150.000   3000.0    677.5
     1     1    14     1    21    19     0     0     1.0   75.043 -148.869   2994.0    676.8
     1     1    14     1    21    20     0     0     2.0   75.074 -147.682   2984.7    676.5
     1     1    14     1    21    21     0     0     3.0   75.091 -146.449   2973.4    676.8
     1     1    14     1    21    22     0     0     4.0   75.095 -145.182   2960.5    677.3
     1     1    14     1    21    23     0     0     5.0   75.087 -143.889   2947.9    678.3
     1     1    14     1    22     0     0     0     6.0   75.066 -142.576   2935.9    679.2
     1     1    14     1    22     1     0     0     7.0   75.035 -141.242   2928.0    680.9
     1     1    14     1    22     2     0     0     8.0   74.995 -139.888   2921.6    682.3
     1     1    14     1    22     3     0     0     9.0   74.951 -138.513   2920.8    684.4
     1     1    14     1    22     4     0     0    10.0   74.904 -137.117   2923.8    686.0
     1     1    14     1    22     5     0     0    11.0   74.853 -135.690   2930.5    686.8
     1     1    14     1    22     6     0     0    12.0   74.799 -134.220   2942.0    686.8
     1     1    14     1    22     7     0     0    13.0   74.737 -132.708   2956.3    686.2
     1     1    14     1    22     8     0     0    14.0   74.668 -131.170   2970.1    685.2
     1     1    14     1    22     9     0     0    15.0   74.597 -129.615   2983.8    683.6
     1     1    14     1    22    10     0     0    16.0   74.529 -128.040   2995.1    680.9
     1     1    14     1    22    11     0     0    17.0   74.465 -126.445   3004.4    677.9
     1     1    14     1    22    12     0     0    18.0   74.410 -124.826   3010.5    675.1
     1     1    14     1    22    13     0     0    19.0   74.342 -123.169   3015.1    672.0
     1     1    14     1    22    14     0     0    20.0   74.243 -121.469   3022.5    668.5
     1     1    14     1    22    15     0     0    21.0   74.110 -119.735   3035.2    665.0
     1     1    14     1    22    16     0     0    22.0   73.942 -117.984   3055.1    661.8
     1     1    14     1    22    17     0     0    23.0   73.736 -116.234   3083.5    658.8
     1     1    14     1    22    18     0     0    24.0   73.491 -114.505   3121.2    655.7
     1     1    14     1    22    19     0     0    25.0   73.222 -112.809   3161.9    652.2
     1     1    14     1    22    20     0     0    26.0   72.951 -111.139   3198.7    649.5
     1     1    14     1    22    21     0     0    27.0   72.682 -109.468   3232.4    646.9
     1     1    14     1    22    22     0     0    28.0   72.415 -107.777   3262.9    644.2
     1     1    14     1    22    23     0     0    29.0   72.144 -106.074   3290.0    641.8
     1     1    14     1    23     0     0     0    30.0   71.863 -104.375   3313.3    639.8
     1     1    14     1    23     1     0     0    31.0   71.555 -102.740   3336.9    637.4
     1     1    14     1    23     2     0     0    32.0   71.217 -101.220   3362.6    634.1
     1     1    14     1    23     3     0     0    33.0   70.861  -99.809   3393.4    630.3
     1     1    14     1    23     4     0     0    34.0   70.496  -98.499   3430.7    626.4
     1     1    14     1    23     5     0     0    35.0   70.130  -97.278   3472.5    622.3
     1     1    14     1    23     6     0     0    36.0   69.768  -96.129   3516.7    617.7
     1     1    14     1    23     7     0     0    37.0   69.406  -95.050   3553.0    612.0
     1     1    14     1    23     8     0     0    38.0   69.047  -94.048   3581.9    607.0
     1     1    14     1    23     9     0     0    39.0   68.696  -93.114   3604.0    602.1
     1     1    14     1    23    10     0     0    40.0   68.355  -92.242   3622.1    597.5
     1     1    14     1    23    11     0     0    41.0   68.030  -91.426   3639.2    593.2
     1     1    14     1    23    12     0     0    42.0   67.723  -90.661   3656.6    588.8
     1     1    14     1    23    13     0     0    43.0   67.425  -89.938   3676.1    584.3
     1     1    14     1    23    14     0     0    44.0   67.135  -89.247   3703.0    582.8
     1     1    14     1    23    15     0     0    45.0   66.863  -88.591   3731.8    580.8
     1     1    14     1    23    16     0     0    46.0   66.612  -87.975   3762.1    578.7
     1     1    14     1    23    17     0     0    47.0   66.388  -87.400   3793.8    576.5
     1     1    14     1    23    18     0     0    48.0   66.195  -86.867   3827.1    574.4
     1     1    14     1    23    19     0     0    49.0   66.032  -86.391   3861.7    572.5
     1     1    14     1    23    20     0     0    50.0   65.895  -85.981   3898.8    570.0
     1     1    14     1    23    21     0     0    51.0   65.785  -85.638   3937.5    567.2
     1     1    14     1    23    22     0     0    52.0   65.700  -85.364   3977.1    564.1
     1     1    14     1    23    23     0     0    53.0   65.641  -85.160   4017.3    560.8
     1     1    14     1    24     0     0     0    54.0   65.606  -85.027   4058.0    557.3
     1     1    14     1    24     1     0     0    55.0   65.598  -84.945   4103.9    553.7
     1     1    14     1    24     2     0     0    56.0   65.619  -84.892   4160.1    548.8
     1     1    14     1    24     3     0     0    57.0   65.671  -84.866   4226.7    543.1
     1     1    14     1    24     4     0     0    58.0   65.754  -84.867   4303.2    536.5
     1     1    14     1    24     5     0     0    59.0   65.870  -84.892   4389.4    529.1
     1     1    14     1    24     6     0     0    60.0   66.021  -84.939   4484.7    521.0
     1     1    14     1    24     7     0     0    61.0   66.179  -85.009   4581.0    513.1
     1     1    14     1    24     8     0     0    62.0   66.314  -85.108   4664.4    506.7
     1     1    14     1    24     9     0     0    63.0   66.423  -85.236   4736.5    501.2
     1     1    14     1    24    10     0     0    64.0   66.505  -85.392   4796.8    496.5
     1     1    14     1    24    11     0     0    65.0   66.560  -85.582   4845.3    492.7
     1     1    14     1    24    12     0     0    66.0   66.587  -85.808   4882.5    489.7
     1     1    14     1    24    13     0     0    67.0   66.593  -86.037   4909.3    487.4
     1     1    14     1    24    14     0     0    68.0   66.588  -86.230   4933.1    485.5
     1     1    14     1    24    15     0     0    69.0   66.572  -86.388   4952.2    484.0
     1     1    14     1    24    16     0     0    70.0   66.546  -86.510   4967.1    483.0
     1     1    14     1    24    17     0     0    71.0   66.509  -86.597   4978.0    482.3
     1     1    14     1    24    18     0     0    72.0   66.463  -86.651   4985.2    482.0
     1     1    14     1    24    19     0     0    73.0   66.408  -86.698   4988.5    482.0
     1     1    14     1    24    20     0     0    74.0   66.344  -86.762   4989.5    482.1
     1     1    14     1    24    21     0     0    75.0   66.269  -86.841   4987.8    482.4
     1     1    14     1    24    22     0     0    76.0   66.182  -86.929   4983.6    482.9
     1     1    14     1    24    23     0     0    77.0   66.082  -87.020   4977.1    483.5
     1     1    14     1    25     0     0     0    78.0   65.965  -87.106   4968.3    484.4
     1     1    14     1    25     1     0     0    79.0   65.847  -87.178   4963.3    485.2
     1     1    14     1    25     2     0     0    80.0   65.743  -87.229   4966.7    485.1
     1     1    14     1    25     3     0     0    81.0   65.656  -87.261   4978.5    484.3
     1     1    14     1    25     4     0     0    82.0   65.585  -87.276   4998.5    483.0
     1     1    14     1    25     5     0     0    83.0   65.533  -87.273   5026.6    481.1
     1     1    14     1    25     6     0     0    84.0   65.500  -87.256   5062.4    478.7
     1     1    14     1    25     7     0     0    85.0   65.483  -87.240   5099.3    475.8
     1     1    14     1    25     8     0     0    86.0   65.476  -87.243   5128.7    474.0
     1     1    14     1    25     9     0     0    87.0   65.477  -87.266   5151.2    472.5
     1     1    14     1    25    10     0     0    88.0   65.485  -87.308   5166.6    471.5
     1     1    14     1    25    11     0     0    89.0   65.498  -87.371   5175.1    470.9
     1     1    14     1    25    12     0     0    90.0   65.517  -87.456   5176.9    470.8
     1     1    14     1    25    13     0     0    91.0   65.547  -87.582   5175.8    470.8
     1     1    14     1    25    14     0     0    92.0   65.595  -87.767   5179.5    470.2
     1     1    14     1    25    15     0     0    93.0   65.662  -88.013   5186.2    469.3
     1     1    14     1    25    16     0     0    94.0   65.748  -88.322   5195.9    468.1
     1     1    14     1    25    17     0     0    95.0   65.857  -88.697   5208.5    466.6
     1     1    14     1    25    18     0     0    96.0   65.993  -89.148   5223.5    464.8
     1     1    14     1    25    19     0     0    97.0   66.136  -89.666   5237.2    463.4
     1     1    14     1    25    20     0     0    98.0   66.260  -90.235   5244.9    463.1
     1     1    14     1    25    21     0     0    99.0   66.362  -90.849   5248.2    463.7
     1     1    14     1    25    22     0     0   100.0   66.437  -91.508   5245.6    464.9
     1     1    14     1    25    23     0     0   101.0   66.483  -92.215   5237.2    466.5
     1     1    14     1    26     0     0     0   102.0   66.498  -92.977   5222.9    468.8
     1     1    14     1    26     1     0     0   103.0   66.471  -93.785   5205.5    472.1
     1     1    14     1    26     2     0     0   104.0   66.394  -94.620   5188.4    475.4
     1     1    14     1    26     3     0     0   105.0   66.268  -95.471   5173.4    478.5
     1     1    14     1    26     4     0     0   106.0   66.089  -96.333   5161.9    481.1
     1     1    14     1    26     5     0     0   107.0   65.860  -97.199   5156.5    483.1
     1     1    14     1    26     6     0     0   108.0   65.580  -98.071   5156.0    483.6
     1     1    14     1    26     7     0     0   109.0   65.255  -98.940   5158.6    482.2
     1     1    14     1    26     8     0     0   110.0   64.895  -99.786   5157.3    480.7
     1     1    14     1    26     9     0     0   111.0   64.490 -100.607   5151.0    478.5
     1     1    14     1    26    10     0     0   112.0   64.034 -101.402   5143.6    476.6
     1     1    14     1    26    11     0     0   113.0   63.523 -102.165   5140.9    474.5
     1     1    14     1    26    12     0     0   114.0   62.954 -102.893   5151.6    472.3
     1     1    14     1    26    13     0     0   115.0   62.334 -103.584   5166.1    469.3
     1     1    14     1    26    14     0     0   116.0   61.679 -104.231   5173.7    469.3
     1     1    14     1    26    15     0     0   117.0   60.999 -104.822   5170.0    470.9
     1     1    14     1    26    16     0     0   118.0   60.303 -105.340   5162.2    473.4
     1     1    14     1    26    17     0     0   119.0   59.595 -105.772   5148.5    475.0
     1     1    14     1    26    18     0     0   120.0   58.873 -106.125   5128.6    475.6
