     1     1
    CDC1    14     1     1     0     0
     1 FORWARD  OMEGA   
    14     1    15    18   75.000 -150.000  3000.0
     1 PRESSURE
     1     1    14     1    15    18     0     0     0.0   75.000 -150.000   3000.0    648.4
     1     1    14     1    15    19     0     0     1.0   74.907 -148.497   3018.3    646.6
     1     1    14     1    15    20     0     0     2.0   74.825 -146.976   3040.0    643.9
     1     1    14     1    15    21     0     0     3.0   74.755 -145.437   3064.3    640.9
     1     1    14     1    15    22     0     0     4.0   74.696 -143.882   3091.8    638.5
     1     1    14     1    15    23     0     0     5.0   74.649 -142.313   3120.6    636.5
     1     1    14     1    16     0     0     0     6.0   74.617 -140.744   3149.6    634.9
     1     1    14     1    16     1     0     0     7.0   74.601 -139.196   3172.2    634.5
     1     1    14     1    16     2     0     0     8.0   74.601 -137.688   3177.6    636.5
     1     1    14     1    16     3     0     0     9.0   74.610 -136.235   3165.3    639.8
     1     1    14     1    16     4     0     0    10.0   74.622 -134.847   3135.1    644.7
     1     1    14     1    16     5     0     0    11.0   74.633 -133.534   3087.4    650.6
     1     1    14     1    16     6     0     0    12.0   74.637 -132.300   3024.9    657.6
     1     1    14     1    16     7     0     0    13.0   74.641 -131.128   2961.2    665.7
     1     1    14     1    16     8     0     0    14.0   74.652 -130.000   2903.6    671.7
     1     1    14     1    16     9     0     0    15.0   74.665 -128.915   2852.8    676.2
     1     1    14     1    16    10     0     0    16.0   74.680 -127.873   2808.5    680.1
     1     1    14     1    16    11     0     0    17.0   74.692 -126.872   2769.3    683.2
     1     1    14     1    16    12     0     0    18.0   74.700 -125.907   2734.5    685.7
     1     1    14     1    16    13     0     0    19.0   74.708 -124.998   2702.5    687.6
     1     1    14     1    16    14     0     0    20.0   74.722 -124.162   2674.2    689.2
     1     1    14     1    16    15     0     0    21.0   74.743 -123.398   2648.0    690.9
     1     1    14     1    16    16     0     0    22.0   74.769 -122.704   2622.9    692.6
     1     1    14     1    16    17     0     0    23.0   74.801 -122.078   2598.2    694.4
     1     1    14     1    16    18     0     0    24.0   74.839 -121.518   2573.3    696.2
     1     1    14     1    16    19     0     0    25.0   74.883 -120.966   2549.6    697.9
     1     1    14     1    16    20     0     0    26.0   74.933 -120.368   2529.6    699.1
     1     1    14     1    16    21     0     0    27.0   74.990 -119.731   2512.9    700.2
     1     1    14     1    16    22     0     0    28.0   75.053 -119.064   2499.2    701.3
     1     1    14     1    16    23     0     0    29.0   75.122 -118.375   2488.5    702.1
     1     1    14     1    17     0     0     0    30.0   75.196 -117.674   2480.4    702.7
     1     1    14     1    17     1     0     0    31.0   75.269 -117.046   2471.6    703.2
     1     1    14     1    17     2     0     0    32.0   75.334 -116.564   2457.6    704.7
     1     1    14     1    17     3     0     0    33.0   75.394 -116.212   2438.9    706.8
     1     1    14     1    17     4     0     0    34.0   75.449 -115.982   2416.0    709.3
     1     1    14     1    17     5     0     0    35.0   75.501 -115.861   2389.2    712.3
     1     1    14     1    17     6     0     0    36.0   75.549 -115.841   2358.7    715.6
     1     1    14     1    17     7     0     0    37.0   75.592 -115.863   2328.4    719.5
     1     1    14     1    17     8     0     0    38.0   75.631 -115.874   2302.8    722.5
     1     1    14     1    17     9     0     0    39.0   75.666 -115.874   2281.4    725.0
     1     1    14     1    17    10     0     0    40.0   75.696 -115.864   2263.9    727.2
     1     1    14     1    17    11     0     0    41.0   75.722 -115.843   2250.4    728.9
     1     1    14     1    17    12     0     0    42.0   75.742 -115.809   2240.7    730.2
     1     1    14     1    17    13     0     0    43.0   75.757 -115.821   2233.6    731.0
     1     1    14     1    17    14     0     0    44.0   75.764 -115.932   2228.3    731.7
     1     1    14     1    17    15     0     0    45.0   75.763 -116.134   2224.6    732.2
     1     1    14     1    17    16     0     0    46.0   75.751 -116.424   2222.3    732.6
     1     1    14     1    17    17     0     0    47.0   75.728 -116.795   2221.2    732.8
     1     1    14     1    17    18     0     0    48.0   75.692 -117.242   2220.7    733.0
     1     1    14     1    17    19     0     0    49.0   75.635 -117.713   2218.1    733.6
     1     1    14     1    17    20     0     0    50.0   75.550 -118.153   2209.0    735.1
     1     1    14     1    17    21     0     0    51.0   75.438 -118.552   2193.7    737.3
     1     1    14     1    17    22     0     0    52.0   75.299 -118.904   2172.0    740.1
     1     1    14     1    17    23     0     0    53.0   75.132 -119.204   2143.5    743.6
     1     1    14     1    18     0     0     0    54.0   74.940 -119.445   2107.5    747.8
     1     1    14     1    18     1     0     0    55.0   74.730 -119.649   2065.9    752.6
     1     1    14     1    18     2     0     0    56.0   74.514 -119.850   2022.1    757.3
     1     1    14     1    18     3     0     0    57.0   74.289 -120.059   1976.3    762.3
     1     1    14     1    18     4     0     0    58.0   74.057 -120.291   1929.1    767.5
     1     1    14     1    18     5     0     0    59.0   73.817 -120.559   1880.9    772.8
     1     1    14     1    18     6     0     0    60.0   73.571 -120.876   1832.0    778.1
     1     1    14     1    18     7     0     0    61.0   73.332 -121.234   1782.6    783.2
     1     1    14     1    18     8     0     0    62.0   73.116 -121.626   1732.5    788.5
     1     1    14     1    18     9     0     0    63.0   72.928 -122.069   1682.2    793.7
     1     1    14     1    18    10     0     0    64.0   72.774 -122.576   1632.2    799.1
     1     1    14     1    18    11     0     0    65.0   72.660 -123.165   1583.7    805.3
     1     1    14     1    18    12     0     0    66.0   72.595 -123.853   1537.3    811.6
     1     1    14     1    18    13     0     0    67.0   72.581 -124.631   1496.1    818.2
     1     1    14     1    18    14     0     0    68.0   72.617 -125.486   1460.6    824.4
     1     1    14     1    18    15     0     0    69.0   72.701 -126.429   1431.5    830.7
     1     1    14     1    18    16     0     0    70.0   72.827 -127.462   1408.3    836.4
     1     1    14     1    18    17     0     0    71.0   72.989 -128.586   1390.1    840.8
     1     1    14     1    18    18     0     0    72.0   73.174 -129.799   1376.9    844.4
     1     1    14     1    18    19     0     0    73.0   73.377 -131.104   1367.7    846.3
     1     1    14     1    18    20     0     0    74.0   73.592 -132.511   1362.2    847.1
     1     1    14     1    18    21     0     0    75.0   73.810 -134.017   1359.4    846.2
     1     1    14     1    18    22     0     0    76.0   74.023 -135.617   1359.3    844.0
     1     1    14     1    18    23     0     0    77.0   74.224 -137.303   1361.4    840.4
     1     1    14     1    19     0     0     0    78.0   74.404 -139.065   1365.8    836.4
     1     1    14     1    19     1     0     0    79.0   74.544 -140.871   1373.1    832.8
     1     1    14     1    19     2     0     0    80.0   74.632 -142.693   1385.5    829.4
     1     1    14     1    19     3     0     0    81.0   74.670 -144.513   1401.9    826.5
     1     1    14     1    19     4     0     0    82.0   74.660 -146.312   1422.5    825.1
     1     1    14     1    19     5     0     0    83.0   74.608 -148.074   1446.2    824.5
     1     1    14     1    19     6     0     0    84.0   74.516 -149.785   1471.7    824.6
     1     1    14     1    19     7     0     0    85.0   74.392 -151.431   1493.9    824.9
     1     1    14     1    19     8     0     0    86.0   74.245 -153.008   1507.7    826.6
     1     1    14     1    19     9     0     0    87.0   74.085 -154.521   1513.6    828.5
     1     1    14     1    19    10     0     0    88.0   73.915 -155.972   1512.4    830.1
     1     1    14     1    19    11     0     0    89.0   73.741 -157.366   1505.3    831.7
     1     1    14     1    19    12     0     0    90.0   73.566 -158.711   1493.3    833.5
     1     1    14     1    19    13     0     0    91.0   73.387 -159.974   1478.3    835.7
     1     1    14     1    19    14     0     0    92.0   73.205 -161.119   1461.5    836.5
     1     1    14     1    19    15     0     0    93.0   73.022 -162.155   1443.3    837.3
     1     1    14     1    19    16     0     0    94.0   72.840 -163.091   1424.1    838.4
     1     1    14     1    19    17     0     0    95.0   72.661 -163.937   1403.6    839.9
     1     1    14     1    19    18     0     0    96.0   72.484 -164.701   1381.7    841.5
     1     1    14     1    19    19     0     0    97.0   72.319 -165.431   1361.5    843.5
     1     1    14     1    19    20     0     0    98.0   72.170 -166.175   1345.3    845.1
     1     1    14     1    19    21     0     0    99.0   72.033 -166.937   1333.3    846.5
     1     1    14     1    19    22     0     0   100.0   71.904 -167.721   1325.6    847.8
     1     1    14     1    19    23     0     0   101.0   71.778 -168.525   1322.4    849.2
     1     1    14     1    20     0     0     0   102.0   71.654 -169.349   1323.3    850.3
     1     1    14     1    20     1     0     0   103.0   71.523 -170.169   1324.8    850.8
     1     1    14     1    20     2     0     0   104.0   71.382 -170.950   1324.8    851.7
     1     1    14     1    20     3     0     0   105.0   71.232 -171.685   1323.3    852.9
     1     1    14     1    20     4     0     0   106.0   71.077 -172.368   1320.6    854.3
     1     1    14     1    20     5     0     0   107.0   70.917 -172.992   1316.6    855.2
     1     1    14     1    20     6     0     0   108.0   70.755 -173.552   1311.4    856.0
     1     1    14     1    20     7     0     0   109.0   70.591 -174.070   1305.4    856.7
     1     1    14     1    20     8     0     0   110.0   70.421 -174.575   1300.6    856.9
     1     1    14     1    20     9     0     0   111.0   70.245 -175.069   1295.8    856.8
     1     1    14     1    20    10     0     0   112.0   70.065 -175.553   1290.0    856.2
     1     1    14     1    20    11     0     0   113.0   69.882 -176.032   1282.5    854.3
     1     1    14     1    20    12     0     0   114.0   69.701 -176.518   1273.5    851.9
     1     1    14     1    20    13     0     0   115.0   69.519 -177.016   1264.8    849.4
     1     1    14     1    20    14     0     0   116.0   69.335 -177.528   1257.3    846.3
     1     1    14     1    20    15     0     0   117.0   69.150 -178.051   1250.6    843.0
     1     1    14     1    20    16     0     0   118.0   68.965 -178.583   1243.8    839.5
     1     1    14     1    20    17     0     0   119.0   68.778 -179.119   1236.0    835.8
     1     1    14     1    20    18     0     0   120.0   68.589 -179.657   1226.1    832.3
