     1     1
    CDC1    14     1     1     0     0
     1 FORWARD  OMEGA   
    14     1    19    12   75.000 -150.000  3000.0
     1 PRESSURE
     1     1    14     1    19    12     0     0     0.0   75.000 -150.000   3000.0    667.3
     1     1    14     1    19    13     0     0     1.0   74.999 -150.456   3013.5    666.9
     1     1    14     1    19    14     0     0     2.0   75.001 -150.836   3027.8    666.3
     1     1    14     1    19    15     0     0     3.0   75.006 -151.145   3043.3    665.5
     1     1    14     1    19    16     0     0     4.0   75.013 -151.383   3060.2    664.6
     1     1    14     1    19    17     0     0     5.0   75.025 -151.554   3078.7    663.4
     1     1    14     1    19    18     0     0     6.0   75.040 -151.658   3099.0    662.0
     1     1    14     1    19    19     0     0     7.0   75.061 -151.700   3120.0    660.5
     1     1    14     1    19    20     0     0     8.0   75.088 -151.688   3138.8    659.3
     1     1    14     1    19    21     0     0     9.0   75.122 -151.623   3156.2    658.2
     1     1    14     1    19    22     0     0    10.0   75.162 -151.509   3172.1    657.2
     1     1    14     1    19    23     0     0    11.0   75.208 -151.346   3186.7    656.3
     1     1    14     1    20     0     0     0    12.0   75.261 -151.137   3200.1    655.4
     1     1    14     1    20     1     0     0    13.0   75.319 -150.894   3211.9    654.6
     1     1    14     1    20     2     0     0    14.0   75.382 -150.635   3218.9    654.2
     1     1    14     1    20     3     0     0    15.0   75.449 -150.358   3222.1    654.1
     1     1    14     1    20     4     0     0    16.0   75.519 -150.064   3221.4    654.4
     1     1    14     1    20     5     0     0    17.0   75.591 -149.754   3216.6    655.1
     1     1    14     1    20     6     0     0    18.0   75.663 -149.430   3208.0    656.1
     1     1    14     1    20     7     0     0    19.0   75.735 -149.065   3196.7    657.1
     1     1    14     1    20     8     0     0    20.0   75.809 -148.636   3185.8    658.1
     1     1    14     1    20     9     0     0    21.0   75.884 -148.145   3174.0    659.1
     1     1    14     1    20    10     0     0    22.0   75.960 -147.594   3160.6    660.4
     1     1    14     1    20    11     0     0    23.0   76.039 -146.989   3145.0    662.1
     1     1    14     1    20    12     0     0    24.0   76.120 -146.334   3126.4    664.1
     1     1    14     1    20    13     0     0    25.0   76.203 -145.660   3106.0    666.5
     1     1    14     1    20    14     0     0    26.0   76.288 -144.997   3084.4    669.0
     1     1    14     1    20    15     0     0    27.0   76.374 -144.352   3062.8    671.9
     1     1    14     1    20    16     0     0    28.0   76.462 -143.729   3041.3    674.6
     1     1    14     1    20    17     0     0    29.0   76.550 -143.128   3020.2    677.3
     1     1    14     1    20    18     0     0    30.0   76.637 -142.549   2999.7    679.8
     1     1    14     1    20    19     0     0    31.0   76.728 -141.967   2982.3    682.7
     1     1    14     1    20    20     0     0    32.0   76.833 -141.359   2968.0    685.1
     1     1    14     1    20    21     0     0    33.0   76.954 -140.719   2958.4    687.0
     1     1    14     1    20    22     0     0    34.0   77.094 -140.042   2954.3    688.3
     1     1    14     1    20    23     0     0    35.0   77.256 -139.319   2956.3    688.9
     1     1    14     1    21     0     0     0    36.0   77.444 -138.541   2964.9    688.8
     1     1    14     1    21     1     0     0    37.0   77.633 -137.700   2977.6    687.1
     1     1    14     1    21     2     0     0    38.0   77.798 -136.795   2990.3    685.1
     1     1    14     1    21     3     0     0    39.0   77.937 -135.825   3004.9    682.8
     1     1    14     1    21     4     0     0    40.0   78.049 -134.795   3021.6    680.1
     1     1    14     1    21     5     0     0    41.0   78.134 -133.709   3040.1    676.9
     1     1    14     1    21     6     0     0    42.0   78.193 -132.575   3059.9    673.7
     1     1    14     1    21     7     0     0    43.0   78.236 -131.353   3078.0    670.5
     1     1    14     1    21     8     0     0    44.0   78.275 -129.997   3093.1    667.8
     1     1    14     1    21     9     0     0    45.0   78.312 -128.507   3105.6    665.3
     1     1    14     1    21    10     0     0    46.0   78.350 -126.884   3116.7    663.0
     1     1    14     1    21    11     0     0    47.0   78.392 -125.125   3128.1    661.1
     1     1    14     1    21    12     0     0    48.0   78.440 -123.231   3141.6    659.5
     1     1    14     1    21    13     0     0    49.0   78.471 -121.293   3157.3    657.6
     1     1    14     1    21    14     0     0    50.0   78.467 -119.422   3174.4    656.0
     1     1    14     1    21    15     0     0    51.0   78.430 -117.648   3191.8    655.0
     1     1    14     1    21    16     0     0    52.0   78.365 -115.993   3208.4    654.0
     1     1    14     1    21    17     0     0    53.0   78.276 -114.472   3223.8    652.9
     1     1    14     1    21    18     0     0    54.0   78.167 -113.091   3237.8    651.9
     1     1    14     1    21    19     0     0    55.0   78.043 -111.770   3252.4    651.3
     1     1    14     1    21    20     0     0    56.0   77.909 -110.430   3265.6    650.6
     1     1    14     1    21    21     0     0    57.0   77.768 -109.058   3278.6    649.7
     1     1    14     1    21    22     0     0    58.0   77.620 -107.642   3292.4    648.7
     1     1    14     1    21    23     0     0    59.0   77.469 -106.168   3306.8    646.9
     1     1    14     1    22     0     0     0    60.0   77.318 -104.638   3323.0    644.2
     1     1    14     1    22     1     0     0    61.0   77.168 -103.153   3338.3    640.3
     1     1    14     1    22     2     0     0    62.0   77.012 -101.807   3349.7    637.2
     1     1    14     1    22     3     0     0    63.0   76.853 -100.597   3357.5    634.2
     1     1    14     1    22     4     0     0    64.0   76.692  -99.511   3363.0    631.4
     1     1    14     1    22     5     0     0    65.0   76.532  -98.538   3366.3    628.9
     1     1    14     1    22     6     0     0    66.0   76.376  -97.668   3368.1    626.9
     1     1    14     1    22     7     0     0    67.0   76.216  -96.866   3367.3    625.2
     1     1    14     1    22     8     0     0    68.0   76.039  -96.105   3367.3    623.6
     1     1    14     1    22     9     0     0    69.0   75.844  -95.384   3365.9    622.4
     1     1    14     1    22    10     0     0    70.0   75.632  -94.704   3361.7    621.6
     1     1    14     1    22    11     0     0    71.0   75.403  -94.056   3353.2    621.3
     1     1    14     1    22    12     0     0    72.0   75.157  -93.435   3339.4    621.7
     1     1    14     1    22    13     0     0    73.0   74.906  -92.805   3318.9    622.8
     1     1    14     1    22    14     0     0    74.0   74.665  -92.151   3295.0    624.2
     1     1    14     1    22    15     0     0    75.0   74.436  -91.494   3265.2    626.0
     1     1    14     1    22    16     0     0    76.0   74.221  -90.859   3227.7    628.7
     1     1    14     1    22    17     0     0    77.0   74.021  -90.268   3181.0    632.3
     1     1    14     1    22    18     0     0    78.0   73.835  -89.739   3123.9    636.9
     1     1    14     1    22    19     0     0    79.0   73.663  -89.239   3061.2    642.6
     1     1    14     1    22    20     0     0    80.0   73.499  -88.729   3000.4    647.7
     1     1    14     1    22    21     0     0    81.0   73.340  -88.219   2940.4    652.8
     1     1    14     1    22    22     0     0    82.0   73.182  -87.713   2881.0    657.8
     1     1    14     1    22    23     0     0    83.0   73.020  -87.218   2821.6    662.7
     1     1    14     1    23     0     0     0    84.0   72.852  -86.737   2762.0    667.4
     1     1    14     1    23     1     0     0    85.0   72.694  -86.271   2705.4    671.6
     1     1    14     1    23     2     0     0    86.0   72.562  -85.821   2656.7    674.6
     1     1    14     1    23     3     0     0    87.0   72.459  -85.387   2615.8    677.2
     1     1    14     1    23     4     0     0    88.0   72.382  -84.969   2582.8    679.3
     1     1    14     1    23     5     0     0    89.0   72.334  -84.568   2557.1    680.5
     1     1    14     1    23     6     0     0    90.0   72.313  -84.181   2538.6    680.7
     1     1    14     1    23     7     0     0    91.0   72.310  -83.816   2522.2    680.3
     1     1    14     1    23     8     0     0    92.0   72.313  -83.477   2501.1    680.8
     1     1    14     1    23     9     0     0    93.0   72.319  -83.163   2475.8    681.8
     1     1    14     1    23    10     0     0    94.0   72.328  -82.874   2446.3    683.3
     1     1    14     1    23    11     0     0    95.0   72.336  -82.610   2412.7    685.3
     1     1    14     1    23    12     0     0    96.0   72.341  -82.371   2375.0    687.9
     1     1    14     1    23    13     0     0    97.0   72.352  -82.157   2338.4    690.8
     1     1    14     1    23    14     0     0    98.0   72.377  -81.963   2308.6    692.5
     1     1    14     1    23    15     0     0    99.0   72.417  -81.785   2285.4    693.6
     1     1    14     1    23    16     0     0   100.0   72.471  -81.618   2268.8    693.9
     1     1    14     1    23    17     0     0   101.0   72.541  -81.462   2259.6    693.9
     1     1    14     1    23    18     0     0   102.0   72.625  -81.322   2257.6    693.7
     1     1    14     1    23    19     0     0   103.0   72.718  -81.234   2257.9    693.4
     1     1    14     1    23    20     0     0   104.0   72.810  -81.234   2254.7    694.2
     1     1    14     1    23    21     0     0   105.0   72.899  -81.318   2248.2    695.4
     1     1    14     1    23    22     0     0   106.0   72.985  -81.486   2238.3    697.2
     1     1    14     1    23    23     0     0   107.0   73.065  -81.734   2225.0    699.3
     1     1    14     1    24     0     0     0   108.0   73.139  -82.059   2208.5    701.8
     1     1    14     1    24     1     0     0   109.0   73.202  -82.409   2189.2    704.3
     1     1    14     1    24     2     0     0   110.0   73.251  -82.730   2166.7    707.3
     1     1    14     1    24     3     0     0   111.0   73.288  -83.016   2140.6    710.6
     1     1    14     1    24     4     0     0   112.0   73.314  -83.264   2110.7    714.1
     1     1    14     1    24     5     0     0   113.0   73.328  -83.475   2076.9    717.9
     1     1    14     1    24     6     0     0   114.0   73.332  -83.649   2039.3    722.1
     1     1    14     1    24     7     0     0   115.0   73.324  -83.800   2002.1    726.8
     1     1    14     1    24     8     0     0   116.0   73.302  -83.939   1968.6    730.8
     1     1    14     1    24     9     0     0   117.0   73.265  -84.066   1938.7    734.4
     1     1    14     1    24    10     0     0   118.0   73.214  -84.177   1912.3    737.7
     1     1    14     1    24    11     0     0   119.0   73.147  -84.271   1888.9    740.6
     1     1    14     1    24    12     0     0   120.0   73.064  -84.349   1868.4    743.2
