     1     1
    CDC1    14     1     1     0     0
     1 FORWARD  OMEGA   
    14     1     4     6   75.000 -150.000  3000.0
     1 PRESSURE
     1     1    14     1     4     6     0     0     0.0   75.000 -150.000   3000.0    689.9
     1     1    14     1     4     7     0     0     1.0   75.075 -150.903   3004.7    690.9
     1     1    14     1     4     8     0     0     2.0   75.177 -151.768   3006.2    692.4
     1     1    14     1     4     9     0     0     3.0   75.306 -152.586   3005.3    693.7
     1     1    14     1     4    10     0     0     4.0   75.463 -153.348   3003.3    694.9
     1     1    14     1     4    11     0     0     5.0   75.645 -154.045   3000.9    696.0
     1     1    14     1     4    12     0     0     6.0   75.855 -154.670   2998.7    697.0
     1     1    14     1     4    13     0     0     7.0   76.086 -155.222   2997.6    697.2
     1     1    14     1     4    14     0     0     8.0   76.331 -155.695   2998.6    696.9
     1     1    14     1     4    15     0     0     9.0   76.591 -156.085   3001.7    696.4
     1     1    14     1     4    16     0     0    10.0   76.863 -156.384   3007.1    695.7
     1     1    14     1     4    17     0     0    11.0   77.146 -156.589   3015.1    694.6
     1     1    14     1     4    18     0     0    12.0   77.441 -156.696   3026.1    693.2
     1     1    14     1     4    19     0     0    13.0   77.742 -156.712   3044.8    692.2
     1     1    14     1     4    20     0     0    14.0   78.045 -156.642   3070.4    690.3
     1     1    14     1     4    21     0     0    15.0   78.350 -156.487   3102.7    687.8
     1     1    14     1     4    22     0     0    16.0   78.657 -156.261   3140.4    684.8
     1     1    14     1     4    23     0     0    17.0   78.966 -155.972   3181.9    681.6
     1     1    14     1     5     0     0     0    18.0   79.276 -155.630   3225.8    678.2
     1     1    14     1     5     1     0     0    19.0   79.588 -155.218   3267.0    674.4
     1     1    14     1     5     2     0     0    20.0   79.900 -154.722   3301.3    671.6
     1     1    14     1     5     3     0     0    21.0   80.208 -154.126   3328.2    668.9
     1     1    14     1     5     4     0     0    22.0   80.509 -153.404   3348.0    666.5
     1     1    14     1     5     5     0     0    23.0   80.801 -152.553   3362.2    664.7
     1     1    14     1     5     6     0     0    24.0   81.085 -151.588   3372.1    662.8
     1     1    14     1     5     7     0     0    25.0   81.361 -150.501   3381.2    660.7
     1     1    14     1     5     8     0     0    26.0   81.632 -149.287   3389.9    658.2
     1     1    14     1     5     9     0     0    27.0   81.899 -147.954   3399.1    655.4
     1     1    14     1     5    10     0     0    28.0   82.164 -146.512   3408.6    652.4
     1     1    14     1     5    11     0     0    29.0   82.427 -144.972   3418.2    649.2
     1     1    14     1     5    12     0     0    30.0   82.686 -143.283   3430.2    647.1
     1     1    14     1     5    13     0     0    31.0   82.922 -141.346   3446.8    645.7
     1     1    14     1     5    14     0     0    32.0   83.118 -139.165   3466.4    644.1
     1     1    14     1     5    15     0     0    33.0   83.269 -136.792   3487.4    642.8
     1     1    14     1     5    16     0     0    34.0   83.373 -134.304   3509.7    642.1
     1     1    14     1     5    17     0     0    35.0   83.426 -131.773   3531.3    641.5
     1     1    14     1     5    18     0     0    36.0   83.426 -129.271   3552.2    641.2
     1     1    14     1     5    19     0     0    37.0   83.375 -126.822   3571.3    642.1
     1     1    14     1     5    20     0     0    38.0   83.271 -124.452   3586.6    642.8
     1     1    14     1     5    21     0     0    39.0   83.113 -122.231   3600.4    643.8
     1     1    14     1     5    22     0     0    40.0   82.899 -120.234   3611.7    645.4
     1     1    14     1     5    23     0     0    41.0   82.629 -118.521   3619.5    646.3
     1     1    14     1     6     0     0     0    42.0   82.306 -117.112   3622.6    646.3
     1     1    14     1     6     1     0     0    43.0   81.938 -115.970   3622.5    645.5
     1     1    14     1     6     2     0     0    44.0   81.532 -115.062   3624.3    644.3
     1     1    14     1     6     3     0     0    45.0   81.091 -114.366   3627.8    642.5
     1     1    14     1     6     4     0     0    46.0   80.618 -113.856   3635.0    640.5
     1     1    14     1     6     5     0     0    47.0   80.116 -113.503   3647.4    638.0
     1     1    14     1     6     6     0     0    48.0   79.593 -113.259   3666.8    634.8
     1     1    14     1     6     7     0     0    49.0   79.070 -113.047   3690.9    631.0
     1     1    14     1     6     8     0     0    50.0   78.551 -112.837   3711.4    628.0
     1     1    14     1     6     9     0     0    51.0   78.033 -112.637   3727.1    625.6
     1     1    14     1     6    10     0     0    52.0   77.513 -112.457   3735.6    624.0
     1     1    14     1     6    11     0     0    53.0   76.996 -112.299   3734.8    622.6
     1     1    14     1     6    12     0     0    54.0   76.492 -112.174   3726.1    622.0
     1     1    14     1     6    13     0     0    55.0   75.993 -112.076   3712.8    621.9
     1     1    14     1     6    14     0     0    56.0   75.497 -112.000   3698.0    621.7
     1     1    14     1     6    15     0     0    57.0   75.001 -111.976   3679.4    621.9
     1     1    14     1     6    16     0     0    58.0   74.513 -112.007   3658.2    623.4
     1     1    14     1     6    17     0     0    59.0   74.040 -112.092   3632.3    625.4
     1     1    14     1     6    18     0     0    60.0   73.587 -112.262   3600.6    627.9
     1     1    14     1     6    19     0     0    61.0   73.168 -112.501   3565.7    631.0
     1     1    14     1     6    20     0     0    62.0   72.793 -112.782   3530.9    633.8
     1     1    14     1     6    21     0     0    63.0   72.464 -113.098   3497.5    636.3
     1     1    14     1     6    22     0     0    64.0   72.178 -113.415   3467.0    638.5
     1     1    14     1     6    23     0     0    65.0   71.932 -113.703   3440.1    640.3
     1     1    14     1     7     0     0     0    66.0   71.722 -113.967   3417.0    641.8
     1     1    14     1     7     1     0     0    67.0   71.552 -114.215   3400.0    642.6
     1     1    14     1     7     2     0     0    68.0   71.424 -114.445   3390.5    642.6
     1     1    14     1     7     3     0     0    69.0   71.336 -114.649   3387.8    642.1
     1     1    14     1     7     4     0     0    70.0   71.286 -114.815   3391.4    641.3
     1     1    14     1     7     5     0     0    71.0   71.269 -114.933   3401.3    639.9
     1     1    14     1     7     6     0     0    72.0   71.281 -114.993   3418.0    638.2
     1     1    14     1     7     7     0     0    73.0   71.309 -114.980   3437.7    635.7
     1     1    14     1     7     8     0     0    74.0   71.339 -114.888   3458.7    633.6
     1     1    14     1     7     9     0     0    75.0   71.367 -114.717   3479.4    631.6
     1     1    14     1     7    10     0     0    76.0   71.389 -114.468   3499.3    629.8
     1     1    14     1     7    11     0     0    77.0   71.399 -114.141   3517.6    628.3
     1     1    14     1     7    12     0     0    78.0   71.393 -113.737   3534.0    627.1
     1     1    14     1     7    13     0     0    79.0   71.373 -113.282   3553.2    625.8
     1     1    14     1     7    14     0     0    80.0   71.343 -112.797   3577.0    623.7
     1     1    14     1     7    15     0     0    81.0   71.301 -112.280   3606.7    621.0
     1     1    14     1     7    16     0     0    82.0   71.245 -111.732   3642.3    617.7
     1     1    14     1     7    17     0     0    83.0   71.172 -111.151   3683.2    614.0
     1     1    14     1     7    18     0     0    84.0   71.082 -110.536   3728.8    610.0
     1     1    14     1     7    19     0     0    85.0   70.975 -109.892   3774.9    606.1
     1     1    14     1     7    20     0     0    86.0   70.848 -109.229   3814.5    602.7
     1     1    14     1     7    21     0     0    87.0   70.700 -108.552   3850.2    600.0
     1     1    14     1     7    22     0     0    88.0   70.531 -107.867   3883.6    597.6
     1     1    14     1     7    23     0     0    89.0   70.342 -107.181   3915.5    595.2
     1     1    14     1     8     0     0     0    90.0   70.131 -106.506   3947.0    592.8
     1     1    14     1     8     1     0     0    91.0   69.896 -105.850   3978.1    589.2
     1     1    14     1     8     2     0     0    92.0   69.635 -105.197   4007.5    584.7
     1     1    14     1     8     3     0     0    93.0   69.349 -104.534   4035.6    580.0
     1     1    14     1     8     4     0     0    94.0   69.042 -103.858   4060.7    575.7
     1     1    14     1     8     5     0     0    95.0   68.720 -103.168   4080.9    572.1
     1     1    14     1     8     6     0     0    96.0   68.383 -102.460   4093.9    569.6
     1     1    14     1     8     7     0     0    97.0   68.032 -101.755   4099.7    567.6
     1     1    14     1     8     8     0     0    98.0   67.664 -101.069   4103.5    565.8
     1     1    14     1     8     9     0     0    99.0   67.281 -100.393   4107.6    564.1
     1     1    14     1     8    10     0     0   100.0   66.882  -99.705   4114.2    562.3
     1     1    14     1     8    11     0     0   101.0   66.472  -98.990   4125.5    560.2
     1     1    14     1     8    12     0     0   102.0   66.053  -98.232   4144.2    558.3
     1     1    14     1     8    13     0     0   103.0   65.629  -97.450   4163.5    556.3
     1     1    14     1     8    14     0     0   104.0   65.209  -96.666   4172.2    555.4
     1     1    14     1     8    15     0     0   105.0   64.793  -95.877   4173.7    555.6
     1     1    14     1     8    16     0     0   106.0   64.378  -95.081   4170.4    557.0
     1     1    14     1     8    17     0     0   107.0   63.962  -94.264   4162.4    558.0
     1     1    14     1     8    18     0     0   108.0   63.542  -93.403   4155.4    559.3
     1     1    14     1     8    19     0     0   109.0   63.113  -92.509   4153.9    561.0
     1     1    14     1     8    20     0     0   110.0   62.677  -91.595   4157.5    561.7
     1     1    14     1     8    21     0     0   111.0   62.242  -90.663   4169.4    561.3
     1     1    14     1     8    22     0     0   112.0   61.811  -89.720   4191.5    559.7
     1     1    14     1     8    23     0     0   113.0   61.385  -88.763   4223.3    556.8
     1     1    14     1     9     0     0     0   114.0   60.957  -87.778   4261.3    552.9
     1     1    14     1     9     1     0     0   115.0   60.519  -86.766   4299.2    549.3
     1     1    14     1     9     2     0     0   116.0   60.069  -85.726   4324.3    547.3
     1     1    14     1     9     3     0     0   117.0   59.609  -84.660   4341.7    546.9
     1     1    14     1     9     4     0     0   118.0   59.148  -83.573   4352.4    547.9
     1     1    14     1     9     5     0     0   119.0   58.685  -82.459   4356.1    548.8
     1     1    14     1     9     6     0     0   120.0   58.222  -81.315   4350.4    548.9
