     1     1
    CDC1    14     1     1     0     0
     1 FORWARD  OMEGA   
    14     1    12    12   75.000 -150.000  3000.0
     1 PRESSURE
     1     1    14     1    12    12     0     0     0.0   75.000 -150.000   3000.0    646.6
     1     1    14     1    12    13     0     0     1.0   74.591 -149.647   2993.1    650.4
     1     1    14     1    12    14     0     0     2.0   74.217 -149.304   2990.9    653.3
     1     1    14     1    12    15     0     0     3.0   73.873 -148.974   2993.2    655.5
     1     1    14     1    12    16     0     0     4.0   73.556 -148.660   2999.8    657.0
     1     1    14     1    12    17     0     0     5.0   73.263 -148.367   3010.5    658.1
     1     1    14     1    12    18     0     0     6.0   72.991 -148.098   3025.3    658.6
     1     1    14     1    12    19     0     0     7.0   72.735 -147.806   3042.4    658.3
     1     1    14     1    12    20     0     0     8.0   72.490 -147.433   3062.6    657.5
     1     1    14     1    12    21     0     0     9.0   72.252 -146.986   3076.9    651.7
     1     1    14     1    12    22     0     0    10.0   72.018 -146.478   3091.1    646.2
     1     1    14     1    12    23     0     0    11.0   71.784 -145.906   3104.5    640.9
     1     1    14     1    13     0     0     0    12.0   71.543 -145.271   3116.4    635.8
     1     1    14     1    13     1     0     0    13.0   71.302 -144.603   3124.4    631.3
     1     1    14     1    13     2     0     0    14.0   71.071 -143.932   3130.4    627.8
     1     1    14     1    13     3     0     0    15.0   70.848 -143.253   3134.4    624.9
     1     1    14     1    13     4     0     0    16.0   70.629 -142.563   3138.0    622.5
     1     1    14     1    13     5     0     0    17.0   70.415 -141.863   3143.3    620.9
     1     1    14     1    13     6     0     0    18.0   70.202 -141.153   3150.8    619.6
     1     1    14     1    13     7     0     0    19.0   69.985 -140.375   3156.1    618.5
     1     1    14     1    13     8     0     0    20.0   69.759 -139.475   3152.0    619.2
     1     1    14     1    13     9     0     0    21.0   69.525 -138.460   3138.6    621.2
     1     1    14     1    13    10     0     0    22.0   69.280 -137.341   3116.7    624.2
     1     1    14     1    13    11     0     0    23.0   69.027 -136.128   3087.6    627.8
     1     1    14     1    13    12     0     0    24.0   68.766 -134.840   3053.7    632.2
     1     1    14     1    13    13     0     0    25.0   68.502 -133.512   3020.3    636.4
     1     1    14     1    13    14     0     0    26.0   68.240 -132.171   2993.4    639.7
     1     1    14     1    13    15     0     0    27.0   67.975 -130.825   2967.9    642.9
     1     1    14     1    13    16     0     0    28.0   67.705 -129.480   2941.2    646.6
     1     1    14     1    13    17     0     0    29.0   67.424 -128.140   2908.1    649.9
     1     1    14     1    13    18     0     0    30.0   67.134 -126.804   2863.7    651.6
     1     1    14     1    13    19     0     0    31.0   66.849 -125.458   2815.3    656.5
     1     1    14     1    13    20     0     0    32.0   66.577 -124.098   2761.6    662.8
     1     1    14     1    13    21     0     0    33.0   66.308 -122.740   2704.0    671.1
     1     1    14     1    13    22     0     0    34.0   66.029 -121.402   2640.9    678.9
     1     1    14     1    13    23     0     0    35.0   65.730 -120.102   2576.2    687.6
     1     1    14     1    14     0     0     0    36.0   65.405 -118.851   2506.9    693.7
     1     1    14     1    14     1     0     0    37.0   65.059 -117.669   2439.2    699.7
     1     1    14     1    14     2     0     0    38.0   64.708 -116.560   2373.0    705.0
     1     1    14     1    14     3     0     0    39.0   64.357 -115.512   2311.0    710.1
     1     1    14     1    14     4     0     0    40.0   64.001 -114.517   2253.7    715.2
     1     1    14     1    14     5     0     0    41.0   63.640 -113.563   2202.3    720.3
     1     1    14     1    14     6     0     0    42.0   63.267 -112.634   2158.5    725.0
     1     1    14     1    14     7     0     0    43.0   62.889 -111.735   2119.4    728.6
     1     1    14     1    14     8     0     0    44.0   62.516 -110.884   2082.9    732.3
     1     1    14     1    14     9     0     0    45.0   62.141 -110.075   2043.2    736.0
     1     1    14     1    14    10     0     0    46.0   61.760 -109.306   1997.8    740.6
     1     1    14     1    14    11     0     0    47.0   61.372 -108.582   1945.4    746.2
     1     1    14     1    14    12     0     0    48.0   60.969 -107.905   1886.1    752.7
     1     1    14     1    14    13     0     0    49.0   60.563 -107.269   1824.6    759.9
     1     1    14     1    14    14     0     0    50.0   60.176 -106.662   1765.4    765.9
     1     1    14     1    14    15     0     0    51.0   59.807 -106.077   1707.5    770.8
     1     1    14     1    14    16     0     0    52.0   59.453 -105.502   1651.6    774.5
     1     1    14     1    14    17     0     0    53.0   59.110 -104.926   1599.4    778.3
     1     1    14     1    14    18     0     0    54.0   58.779 -104.347   1552.7    782.9
     1     1    14     1    14    19     0     0    55.0   58.461 -103.787   1509.4    786.8
     1     1    14     1    14    20     0     0    56.0   58.157 -103.274   1466.5    791.5
     1     1    14     1    14    21     0     0    57.0   57.865 -102.818   1422.8    796.9
     1     1    14     1    14    22     0     0    58.0   57.588 -102.425   1378.2    802.8
     1     1    14     1    14    23     0     0    59.0   57.330 -102.098   1333.3    809.2
     1     1    14     1    15     0     0     0    60.0   57.096 -101.834   1288.2    815.9
     1     1    14     1    15     1     0     0    61.0   56.903 -101.576   1246.9    821.2
     1     1    14     1    15     2     0     0    62.0   56.761 -101.275   1212.3    825.3
     1     1    14     1    15     3     0     0    63.0   56.668 -100.937   1181.7    829.2
     1     1    14     1    15     4     0     0    64.0   56.619 -100.571   1153.1    833.0
     1     1    14     1    15     5     0     0    65.0   56.614 -100.184   1124.6    836.7
     1     1    14     1    15     6     0     0    66.0   56.652  -99.780   1094.7    840.3
     1     1    14     1    15     7     0     0    67.0   56.738  -99.395   1071.9    842.4
     1     1    14     1    15     8     0     0    68.0   56.883  -99.063   1063.0    841.5
     1     1    14     1    15     9     0     0    69.0   57.090  -98.797   1067.4    839.0
     1     1    14     1    15    10     0     0    70.0   57.361  -98.605   1085.3    834.7
     1     1    14     1    15    11     0     0    71.0   57.698  -98.497   1117.1    829.4
     1     1    14     1    15    12     0     0    72.0   58.097  -98.481   1161.9    823.2
     1     1    14     1    15    13     0     0    73.0   58.492  -98.549   1207.0    816.6
     1     1    14     1    15    14     0     0    74.0   58.829  -98.688   1241.1    812.0
     1     1    14     1    15    15     0     0    75.0   59.110  -98.897   1263.7    808.3
     1     1    14     1    15    16     0     0    76.0   59.336  -99.174   1274.5    805.4
     1     1    14     1    15    17     0     0    77.0   59.505  -99.517   1273.2    803.3
     1     1    14     1    15    18     0     0    78.0   59.614  -99.922   1259.7    801.9
     1     1    14     1    15    19     0     0    79.0   59.663 -100.341   1236.8    804.2
     1     1    14     1    15    20     0     0    80.0   59.655 -100.727   1208.0    807.3
     1     1    14     1    15    21     0     0    81.0   59.590 -101.076   1173.5    811.1
     1     1    14     1    15    22     0     0    82.0   59.465 -101.390   1133.0    815.8
     1     1    14     1    15    23     0     0    83.0   59.276 -101.673   1086.2    821.3
     1     1    14     1    16     0     0     0    84.0   59.016 -101.935   1031.6    827.9
     1     1    14     1    16     1     0     0    85.0   58.708 -102.148    974.9    835.6
     1     1    14     1    16     2     0     0    86.0   58.385 -102.290    921.8    842.7
     1     1    14     1    16     3     0     0    87.0   58.054 -102.374    871.2    849.3
     1     1    14     1    16     4     0     0    88.0   57.722 -102.414    822.2    856.1
     1     1    14     1    16     5     0     0    89.0   57.393 -102.420    774.4    863.5
     1     1    14     1    16     6     0     0    90.0   57.068 -102.391    728.6    871.4
     1     1    14     1    16     7     0     0    91.0   56.736 -102.329    684.7    878.5
     1     1    14     1    16     8     0     0    92.0   56.387 -102.241    641.3    886.1
     1     1    14     1    16     9     0     0    93.0   56.024 -102.138    597.4    893.7
     1     1    14     1    16    10     0     0    94.0   55.652 -102.027    552.3    901.6
     1     1    14     1    16    11     0     0    95.0   55.275 -101.914    505.4    910.2
     1     1    14     1    16    12     0     0    96.0   54.897 -101.802    456.7    919.0
     1     1    14     1    16    13     0     0    97.0   54.535 -101.678    410.9    925.2
     1     1    14     1    16    14     0     0    98.0   54.203 -101.536    372.7    930.3
     1     1    14     1    16    15     0     0    99.0   53.904 -101.389    341.8    934.4
     1     1    14     1    16    16     0     0   100.0   53.640 -101.243    317.7    937.9
     1     1    14     1    16    17     0     0   101.0   53.410 -101.101    299.0    941.2
     1     1    14     1    16    18     0     0   102.0   53.214 -100.964    285.0    944.2
     1     1    14     1    16    19     0     0   103.0   53.037 -100.822    272.9    946.2
     1     1    14     1    16    20     0     0   104.0   52.870 -100.670    260.2    948.8
     1     1    14     1    16    21     0     0   105.0   52.714 -100.503    246.9    951.9
     1     1    14     1    16    22     0     0   106.0   52.572 -100.322    233.3    955.3
     1     1    14     1    16    23     0     0   107.0   52.448 -100.124    219.5    958.7
     1     1    14     1    17     0     0     0   108.0   52.343  -99.906    205.9    961.6
     1     1    14     1    17     1     0     0   109.0   52.258  -99.689    193.9    962.9
     1     1    14     1    17     2     0     0   110.0   52.196  -99.492    184.4    963.6
     1     1    14     1    17     3     0     0   111.0   52.158  -99.314    176.6    964.4
     1     1    14     1    17     4     0     0   112.0   52.146  -99.152    170.4    965.1
     1     1    14     1    17     5     0     0   113.0   52.160  -99.007    165.6    965.8
     1     1    14     1    17     6     0     0   114.0   52.202  -98.876    161.8    966.6
     1     1    14     1    17     7     0     0   115.0   52.266  -98.758    159.6    966.8
     1     1    14     1    17     8     0     0   116.0   52.344  -98.649    159.5    966.7
     1     1    14     1    17     9     0     0   117.0   52.438  -98.551    161.5    966.4
     1     1    14     1    17    10     0     0   118.0   52.546  -98.461    165.5    965.7
     1     1    14     1    17    11     0     0   119.0   52.665  -98.377    171.5    964.3
     1     1    14     1    17    12     0     0   120.0   52.794  -98.295    179.7    962.8
