     1     1
    CDC1    14     1     1     0     0
     1 FORWARD  OMEGA   
    14     1    25     0   75.000 -150.000  3000.0
     1 PRESSURE
     1     1    14     1    25     0     0     0     0.0   75.000 -150.000   3000.0    679.6
     1     1    14     1    25     1     0     0     1.0   74.698 -148.938   2945.2    686.1
     1     1    14     1    25     2     0     0     2.0   74.414 -147.925   2891.6    692.3
     1     1    14     1    25     3     0     0     3.0   74.145 -146.941   2837.2    698.7
     1     1    14     1    25     4     0     0     4.0   73.887 -145.968   2780.1    705.4
     1     1    14     1    25     5     0     0     5.0   73.635 -144.990   2717.9    712.4
     1     1    14     1    25     6     0     0     6.0   73.383 -144.005   2650.1    720.7
     1     1    14     1    25     7     0     0     7.0   73.131 -143.036   2578.5    729.7
     1     1    14     1    25     8     0     0     8.0   72.879 -142.096   2508.1    738.5
     1     1    14     1    25     9     0     0     9.0   72.621 -141.177   2437.9    747.5
     1     1    14     1    25    10     0     0    10.0   72.356 -140.279   2364.9    754.5
     1     1    14     1    25    11     0     0    11.0   72.083 -139.406   2290.3    760.3
     1     1    14     1    25    12     0     0    12.0   71.802 -138.553   2215.8    766.4
     1     1    14     1    25    13     0     0    13.0   71.524 -137.766   2145.6    773.0
     1     1    14     1    25    14     0     0    14.0   71.258 -137.099   2082.6    778.6
     1     1    14     1    25    15     0     0    15.0   71.004 -136.555   2026.9    783.6
     1     1    14     1    25    16     0     0    16.0   70.761 -136.137   1977.8    788.1
     1     1    14     1    25    17     0     0    17.0   70.532 -135.848   1934.5    792.0
     1     1    14     1    25    18     0     0    18.0   70.318 -135.691   1896.7    795.3
     1     1    14     1    25    19     0     0    19.0   70.131 -135.586   1861.0    798.0
     1     1    14     1    25    20     0     0    20.0   69.979 -135.453   1826.0    801.3
     1     1    14     1    25    21     0     0    21.0   69.863 -135.295   1790.1    804.8
     1     1    14     1    25    22     0     0    22.0   69.782 -135.113   1753.3    808.8
     1     1    14     1    25    23     0     0    23.0   69.734 -134.915   1715.1    813.3
     1     1    14     1    26     0     0     0    24.0   69.720 -134.704   1675.7    817.8
     1     1    14     1    26     1     0     0    25.0   69.726 -134.504   1636.4    822.2
     1     1    14     1    26     2     0     0    26.0   69.738 -134.336   1600.2    826.2
     1     1    14     1    26     3     0     0    27.0   69.758 -134.200   1566.5    829.9
     1     1    14     1    26     4     0     0    28.0   69.785 -134.096   1535.2    833.5
     1     1    14     1    26     5     0     0    29.0   69.821 -134.026   1506.4    836.9
     1     1    14     1    26     6     0     0    30.0   69.866 -133.989   1479.9    840.1
     1     1    14     1    26     7     0     0    31.0   69.924 -133.959   1452.5    843.3
     1     1    14     1    26     8     0     0    32.0   70.002 -133.915   1421.8    847.3
     1     1    14     1    26     9     0     0    33.0   70.099 -133.859   1388.0    851.7
     1     1    14     1    26    10     0     0    34.0   70.216 -133.795   1351.7    856.5
     1     1    14     1    26    11     0     0    35.0   70.355 -133.725   1313.3    861.7
     1     1    14     1    26    12     0     0    36.0   70.519 -133.650   1272.9    867.1
     1     1    14     1    26    13     0     0    37.0   70.700 -133.604   1235.6    872.5
     1     1    14     1    26    14     0     0    38.0   70.890 -133.618   1205.6    876.6
     1     1    14     1    26    15     0     0    39.0   71.087 -133.700   1182.6    879.9
     1     1    14     1    26    16     0     0    40.0   71.290 -133.852   1166.3    882.6
     1     1    14     1    26    17     0     0    41.0   71.495 -134.077   1156.4    884.6
     1     1    14     1    26    18     0     0    42.0   71.704 -134.378   1152.6    885.9
     1     1    14     1    26    19     0     0    43.0   71.916 -134.703   1153.6    886.8
     1     1    14     1    26    20     0     0    44.0   72.135 -135.006   1157.5    887.6
     1     1    14     1    26    21     0     0    45.0   72.356 -135.290   1163.0    888.2
     1     1    14     1    26    22     0     0    46.0   72.577 -135.555   1168.9    888.1
     1     1    14     1    26    23     0     0    47.0   72.795 -135.792   1173.6    886.6
     1     1    14     1    27     0     0     0    48.0   73.006 -136.001   1177.0    885.2
     1     1    14     1    27     1     0     0    49.0   73.202 -136.230   1177.0    884.0
     1     1    14     1    27     2     0     0    50.0   73.372 -136.519   1172.5    883.5
     1     1    14     1    27     3     0     0    51.0   73.518 -136.868   1163.8    883.4
     1     1    14     1    27     4     0     0    52.0   73.639 -137.277   1151.4    883.6
     1     1    14     1    27     5     0     0    53.0   73.737 -137.750   1135.9    884.2
     1     1    14     1    27     6     0     0    54.0   73.812 -138.286   1118.1    885.2
     1     1    14     1    27     7     0     0    55.0   73.869 -138.880   1098.7    886.9
     1     1    14     1    27     8     0     0    56.0   73.913 -139.521   1078.0    888.6
     1     1    14     1    27     9     0     0    57.0   73.947 -140.205   1056.0    890.5
     1     1    14     1    27    10     0     0    58.0   73.973 -140.930   1032.7    892.9
     1     1    14     1    27    11     0     0    59.0   73.994 -141.695   1007.7    895.4
     1     1    14     1    27    12     0     0    60.0   74.013 -142.496    980.8    898.3
     1     1    14     1    27    13     0     0    61.0   74.035 -143.331    952.3    901.6
     1     1    14     1    27    14     0     0    62.0   74.064 -144.197    923.5    904.9
     1     1    14     1    27    15     0     0    63.0   74.101 -145.090    894.2    908.0
     1     1    14     1    27    16     0     0    64.0   74.150 -146.009    865.0    911.7
     1     1    14     1    27    17     0     0    65.0   74.215 -146.955    835.9    915.2
     1     1    14     1    27    18     0     0    66.0   74.299 -147.927    807.1    918.6
     1     1    14     1    27    19     0     0    67.0   74.410 -148.905    779.2    922.3
     1     1    14     1    27    20     0     0    68.0   74.553 -149.869    752.0    925.5
     1     1    14     1    27    21     0     0    69.0   74.727 -150.818    725.2    928.7
     1     1    14     1    27    22     0     0    70.0   74.929 -151.749    698.4    931.7
     1     1    14     1    27    23     0     0    71.0   75.156 -152.651    672.1    935.7
     1     1    14     1    28     0     0     0    72.0   75.401 -153.510    646.1    939.9
     1     1    14     1    28     1     0     0    73.0   75.658 -154.342    621.8    943.8
     1     1    14     1    28     2     0     0    74.0   75.929 -155.163    601.0    946.4
     1     1    14     1    28     3     0     0    75.0   76.219 -155.971    584.1    948.0
     1     1    14     1    28     4     0     0    76.0   76.535 -156.761    571.4    948.8
     1     1    14     1    28     5     0     0    77.0   76.883 -157.534    562.7    948.8
     1     1    14     1    28     6     0     0    78.0   77.267 -158.287    558.0    948.5
     1     1    14     1    28     7     0     0    79.0   77.682 -159.011    557.5    948.3
     1     1    14     1    28     8     0     0    80.0   78.115 -159.694    560.9    948.1
     1     1    14     1    28     9     0     0    81.0   78.560 -160.336    568.3    947.4
     1     1    14     1    28    10     0     0    82.0   79.016 -160.945    580.3    946.0
     1     1    14     1    28    11     0     0    83.0   79.485 -161.528    597.5    944.0
     1     1    14     1    28    12     0     0    84.0   79.970 -162.091    621.0    941.3
     1     1    14     1    28    13     0     0    85.0   80.452 -162.574    648.7    938.0
     1     1    14     1    28    14     0     0    86.0   80.912 -162.922    677.6    934.8
     1     1    14     1    28    15     0     0    87.0   81.355 -163.146    708.0    931.7
     1     1    14     1    28    16     0     0    88.0   81.787 -163.259    740.3    928.5
     1     1    14     1    28    17     0     0    89.0   82.214 -163.271    775.3    925.0
     1     1    14     1    28    18     0     0    90.0   82.640 -163.167    813.2    920.5
     1     1    14     1    28    19     0     0    91.0   83.048 -162.834    850.3    914.4
     1     1    14     1    28    20     0     0    92.0   83.426 -162.198    885.1    909.0
     1     1    14     1    28    21     0     0    93.0   83.779 -161.284    917.8    903.9
     1     1    14     1    28    22     0     0    94.0   84.114 -160.114    949.4    898.9
     1     1    14     1    28    23     0     0    95.0   84.434 -158.700    980.7    893.3
     1     1    14     1    29     0     0     0    96.0   84.742 -157.047   1012.6    887.5
     1     1    14     1    29     1     0     0    97.0   85.015 -155.169   1043.3    882.8
     1     1    14     1    29     2     0     0    98.0   85.228 -153.094   1069.1    879.3
     1     1    14     1    29     3     0     0    99.0   85.385 -150.877   1092.0    875.9
     1     1    14     1    29     4     0     0   100.0   85.493 -148.574   1113.4    873.1
     1     1    14     1    29     5     0     0   101.0   85.561 -146.241   1134.2    870.1
     1     1    14     1    29     6     0     0   102.0   85.594 -143.942   1155.8    866.8
     1     1    14     1    29     7     0     0   103.0   85.597 -141.716   1176.4    864.9
     1     1    14     1    29     8     0     0   104.0   85.568 -139.603   1193.0    863.8
     1     1    14     1    29     9     0     0   105.0   85.510 -137.631   1205.9    862.9
     1     1    14     1    29    10     0     0   106.0   85.421 -135.828   1214.5    862.5
     1     1    14     1    29    11     0     0   107.0   85.302 -134.221   1219.2    861.9
     1     1    14     1    29    12     0     0   108.0   85.153 -132.823   1219.8    861.7
     1     1    14     1    29    13     0     0   109.0   84.971 -131.673   1219.8    862.9
     1     1    14     1    29    14     0     0   110.0   84.756 -130.794   1222.5    862.8
     1     1    14     1    29    15     0     0   111.0   84.509 -130.183   1228.3    861.8
     1     1    14     1    29    16     0     0   112.0   84.225 -129.836   1236.5    860.4
     1     1    14     1    29    17     0     0   113.0   83.903 -129.751   1246.0    858.6
     1     1    14     1    29    18     0     0   114.0   83.538 -129.920   1255.6    856.5
     1     1    14     1    29    19     0     0   115.0   83.143 -130.195   1261.4    854.8
     1     1    14     1    29    20     0     0   116.0   82.733 -130.478   1259.3    854.2
     1     1    14     1    29    21     0     0   117.0   82.309 -130.784   1248.2    854.7
     1     1    14     1    29    22     0     0   118.0   81.876 -131.073   1227.7    856.7
     1     1    14     1    29    23     0     0   119.0   81.434 -131.357   1197.0    859.9
     1     1    14     1    30     0     0     0   120.0   80.981 -131.707   1154.9    864.5
