     1     1
    CDC1    14     1     1     0     0
     1 FORWARD  OMEGA   
    14     1     7    18   75.000 -150.000  3000.0
     1 PRESSURE
     1     1    14     1     7    18     0     0     0.0   75.000 -150.000   3000.0    674.1
     1     1    14     1     7    19     0     0     1.0   74.686 -150.180   2989.0    676.7
     1     1    14     1     7    20     0     0     2.0   74.378 -150.337   2978.0    679.4
     1     1    14     1     7    21     0     0     3.0   74.075 -150.470   2967.7    682.1
     1     1    14     1     7    22     0     0     4.0   73.774 -150.578   2958.8    684.8
     1     1    14     1     7    23     0     0     5.0   73.476 -150.658   2952.1    687.3
     1     1    14     1     8     0     0     0     6.0   73.180 -150.709   2948.2    689.6
     1     1    14     1     8     1     0     0     7.0   72.889 -150.754   2944.6    691.3
     1     1    14     1     8     2     0     0     8.0   72.610 -150.816   2938.5    693.4
     1     1    14     1     8     3     0     0     9.0   72.346 -150.879   2925.6    692.3
     1     1    14     1     8     4     0     0    10.0   72.097 -150.927   2908.7    689.2
     1     1    14     1     8     5     0     0    11.0   71.864 -150.952   2892.5    686.3
     1     1    14     1     8     6     0     0    12.0   71.645 -150.955   2878.7    683.3
     1     1    14     1     8     7     0     0    13.0   71.435 -150.926   2868.0    680.3
     1     1    14     1     8     8     0     0    14.0   71.228 -150.854   2862.9    676.6
     1     1    14     1     8     9     0     0    15.0   71.026 -150.724   2862.4    672.6
     1     1    14     1     8    10     0     0    16.0   70.831 -150.523   2866.2    668.2
     1     1    14     1     8    11     0     0    17.0   70.641 -150.236   2874.1    663.5
     1     1    14     1     8    12     0     0    18.0   70.456 -149.847   2886.1    658.4
     1     1    14     1     8    13     0     0    19.0   70.282 -149.417   2903.3    653.3
     1     1    14     1     8    14     0     0    20.0   70.123 -149.026   2925.1    648.2
     1     1    14     1     8    15     0     0    21.0   69.980 -148.680   2952.0    643.0
     1     1    14     1     8    16     0     0    22.0   69.851 -148.389   2984.5    638.3
     1     1    14     1     8    17     0     0    23.0   69.736 -148.154   3021.3    633.5
     1     1    14     1     8    18     0     0    24.0   69.633 -147.971   3062.0    628.5
     1     1    14     1     8    19     0     0    25.0   69.539 -147.781   3096.2    623.4
     1     1    14     1     8    20     0     0    26.0   69.450 -147.537   3116.1    620.5
     1     1    14     1     8    21     0     0    27.0   69.363 -147.247   3120.8    619.2
     1     1    14     1     8    22     0     0    28.0   69.280 -146.920   3109.8    619.3
     1     1    14     1     8    23     0     0    29.0   69.200 -146.559   3083.7    620.8
     1     1    14     1     9     0     0     0    30.0   69.125 -146.168   3043.0    623.7
     1     1    14     1     9     1     0     0    31.0   69.049 -145.790   2998.6    627.7
     1     1    14     1     9     2     0     0    32.0   68.966 -145.466   2960.3    630.1
     1     1    14     1     9     3     0     0    33.0   68.877 -145.200   2928.2    631.9
     1     1    14     1     9     4     0     0    34.0   68.783 -144.992   2902.3    633.0
     1     1    14     1     9     5     0     0    35.0   68.684 -144.844   2883.2    633.8
     1     1    14     1     9     6     0     0    36.0   68.581 -144.760   2870.4    633.8
     1     1    14     1     9     7     0     0    37.0   68.476 -144.689   2855.0    632.9
     1     1    14     1     9     8     0     0    38.0   68.370 -144.588   2831.5    633.6
     1     1    14     1     9     9     0     0    39.0   68.265 -144.459   2798.8    635.2
     1     1    14     1     9    10     0     0    40.0   68.161 -144.303   2757.2    637.6
     1     1    14     1     9    11     0     0    41.0   68.061 -144.120   2707.1    640.9
     1     1    14     1     9    12     0     0    42.0   67.966 -143.911   2648.8    644.9
     1     1    14     1     9    13     0     0    43.0   67.874 -143.696   2594.7    650.6
     1     1    14     1     9    14     0     0    44.0   67.781 -143.496   2552.8    654.1
     1     1    14     1     9    15     0     0    45.0   67.685 -143.316   2523.9    656.4
     1     1    14     1     9    16     0     0    46.0   67.585 -143.159   2507.2    657.6
     1     1    14     1     9    17     0     0    47.0   67.480 -143.028   2502.4    657.7
     1     1    14     1     9    18     0     0    48.0   67.368 -142.923   2509.5    657.3
     1     1    14     1     9    19     0     0    49.0   67.247 -142.796   2515.3    655.2
     1     1    14     1     9    20     0     0    50.0   67.114 -142.606   2510.7    655.1
     1     1    14     1     9    21     0     0    51.0   66.970 -142.360   2496.5    656.0
     1     1    14     1     9    22     0     0    52.0   66.818 -142.063   2474.4    657.7
     1     1    14     1     9    23     0     0    53.0   66.661 -141.721   2445.9    660.0
     1     1    14     1    10     0     0     0    54.0   66.500 -141.341   2412.9    662.6
     1     1    14     1    10     1     0     0    55.0   66.337 -140.937   2379.8    665.4
     1     1    14     1    10     2     0     0    56.0   66.172 -140.519   2351.3    667.2
     1     1    14     1    10     3     0     0    57.0   66.004 -140.083   2325.3    668.4
     1     1    14     1    10     4     0     0    58.0   65.835 -139.625   2300.2    669.3
     1     1    14     1    10     5     0     0    59.0   65.668 -139.139   2274.5    670.0
     1     1    14     1    10     6     0     0    60.0   65.501 -138.619   2246.2    670.7
     1     1    14     1    10     7     0     0    61.0   65.342 -138.056   2219.3    671.8
     1     1    14     1    10     8     0     0    62.0   65.196 -137.441   2195.9    672.0
     1     1    14     1    10     9     0     0    63.0   65.063 -136.769   2176.4    670.8
     1     1    14     1    10    10     0     0    64.0   64.943 -136.030   2162.3    668.7
     1     1    14     1    10    11     0     0    65.0   64.830 -135.210   2153.7    665.7
     1     1    14     1    10    12     0     0    66.0   64.724 -134.297   2150.3    662.1
     1     1    14     1    10    13     0     0    67.0   64.619 -133.299   2152.0    657.5
     1     1    14     1    10    14     0     0    68.0   64.512 -132.228   2159.2    652.9
     1     1    14     1    10    15     0     0    69.0   64.398 -131.092   2170.8    650.2
     1     1    14     1    10    16     0     0    70.0   64.274 -129.900   2181.0    647.8
     1     1    14     1    10    17     0     0    71.0   64.136 -128.673   2191.3    651.2
     1     1    14     1    10    18     0     0    72.0   63.984 -127.431   2192.7    656.0
     1     1    14     1    10    19     0     0    73.0   63.827 -126.192   2193.0    666.6
     1     1    14     1    10    20     0     0    74.0   63.673 -124.966   2193.3    677.4
     1     1    14     1    10    21     0     0    75.0   63.522 -123.760   2194.7    689.4
     1     1    14     1    10    22     0     0    76.0   63.372 -122.582   2198.2    701.4
     1     1    14     1    10    23     0     0    77.0   63.221 -121.432   2200.0    709.1
     1     1    14     1    11     0     0     0    78.0   63.068 -120.310   2206.3    716.3
     1     1    14     1    11     1     0     0    79.0   62.928 -119.207   2216.5    718.5
     1     1    14     1    11     2     0     0    80.0   62.816 -118.101   2234.4    717.9
     1     1    14     1    11     3     0     0    81.0   62.728 -116.966   2258.7    715.3
     1     1    14     1    11     4     0     0    82.0   62.660 -115.781   2286.1    710.4
     1     1    14     1    11     5     0     0    83.0   62.606 -114.529   2314.9    705.3
     1     1    14     1    11     6     0     0    84.0   62.561 -113.210   2340.8    700.5
     1     1    14     1    11     7     0     0    85.0   62.531 -111.891   2356.8    696.5
     1     1    14     1    11     8     0     0    86.0   62.518 -110.631   2357.9    694.7
     1     1    14     1    11     9     0     0    87.0   62.518 -109.420   2340.3    694.4
     1     1    14     1    11    10     0     0    88.0   62.524 -108.251   2303.4    695.9
     1     1    14     1    11    11     0     0    89.0   62.528 -107.117   2249.5    699.3
     1     1    14     1    11    12     0     0    90.0   62.523 -106.018   2183.2    704.2
     1     1    14     1    11    13     0     0    91.0   62.514 -104.962   2117.8    709.7
     1     1    14     1    11    14     0     0    92.0   62.511 -103.953   2065.0    714.8
     1     1    14     1    11    15     0     0    93.0   62.516 -102.987   2024.7    718.2
     1     1    14     1    11    16     0     0    94.0   62.528 -102.058   1996.6    722.3
     1     1    14     1    11    17     0     0    95.0   62.549 -101.169   1980.8    726.9
     1     1    14     1    11    18     0     0    96.0   62.578 -100.322   1975.0    730.4
     1     1    14     1    11    19     0     0    97.0   62.615  -99.512   1974.7    733.7
     1     1    14     1    11    20     0     0    98.0   62.660  -98.733   1975.7    737.6
     1     1    14     1    11    21     0     0    99.0   62.708  -97.975   1976.5    741.3
     1     1    14     1    11    22     0     0   100.0   62.753  -97.229   1975.9    745.0
     1     1    14     1    11    23     0     0   101.0   62.794  -96.495   1973.2    748.4
     1     1    14     1    12     0     0     0   102.0   62.828  -95.772   1968.2    751.8
     1     1    14     1    12     1     0     0   103.0   62.865  -95.085   1965.1    755.5
     1     1    14     1    12     2     0     0   104.0   62.917  -94.449   1964.2    756.5
     1     1    14     1    12     3     0     0   105.0   62.985  -93.853   1965.2    756.7
     1     1    14     1    12     4     0     0   106.0   63.070  -93.289   1967.4    756.6
     1     1    14     1    12     5     0     0   107.0   63.173  -92.750   1969.9    756.0
     1     1    14     1    12     6     0     0   108.0   63.296  -92.230   1972.1    754.9
     1     1    14     1    12     7     0     0   109.0   63.427  -91.719   1975.3    753.9
     1     1    14     1    12     8     0     0   110.0   63.554  -91.212   1981.2    752.4
     1     1    14     1    12     9     0     0   111.0   63.678  -90.709   1989.8    750.5
     1     1    14     1    12    10     0     0   112.0   63.801  -90.207   2001.3    748.2
     1     1    14     1    12    11     0     0   113.0   63.924  -89.707   2016.2    745.9
     1     1    14     1    12    12     0     0   114.0   64.050  -89.213   2034.2    743.8
     1     1    14     1    12    13     0     0   115.0   64.185  -88.731   2054.2    741.7
     1     1    14     1    12    14     0     0   116.0   64.332  -88.266   2074.3    739.4
     1     1    14     1    12    15     0     0   117.0   64.490  -87.813   2095.0    736.9
     1     1    14     1    12    16     0     0   118.0   64.657  -87.369   2116.1    734.6
     1     1    14     1    12    17     0     0   119.0   64.831  -86.934   2138.0    732.9
     1     1    14     1    12    18     0     0   120.0   65.009  -86.507   2159.8    731.2
