     1     1
    CDC1    14     1     1     0     0
     1 FORWARD  OMEGA   
    14     1    25    12   75.000 -150.000  3000.0
     1 PRESSURE
     1     1    14     1    25    12     0     0     0.0   75.000 -150.000   3000.0    686.2
     1     1    14     1    25    13     0     0     1.0   74.951 -149.394   2961.5    690.1
     1     1    14     1    25    14     0     0     2.0   74.927 -148.780   2933.3    692.5
     1     1    14     1    25    15     0     0     3.0   74.924 -148.155   2915.2    694.0
     1     1    14     1    25    16     0     0     4.0   74.940 -147.515   2907.2    694.6
     1     1    14     1    25    17     0     0     5.0   74.975 -146.859   2908.8    694.2
     1     1    14     1    25    18     0     0     6.0   75.027 -146.190   2920.0    693.2
     1     1    14     1    25    19     0     0     7.0   75.093 -145.492   2936.1    691.4
     1     1    14     1    25    20     0     0     8.0   75.169 -144.756   2951.1    690.4
     1     1    14     1    25    21     0     0     9.0   75.254 -143.986   2965.5    690.0
     1     1    14     1    25    22     0     0    10.0   75.348 -143.183   2978.7    689.8
     1     1    14     1    25    23     0     0    11.0   75.449 -142.346   2990.5    689.9
     1     1    14     1    26     0     0     0    12.0   75.557 -141.476   3001.0    690.3
     1     1    14     1    26     1     0     0    13.0   75.663 -140.550   3013.0    690.5
     1     1    14     1    26     2     0     0    14.0   75.755 -139.546   3030.4    690.2
     1     1    14     1    26     3     0     0    15.0   75.835 -138.466   3052.7    689.4
     1     1    14     1    26     4     0     0    16.0   75.899 -137.312   3080.0    688.1
     1     1    14     1    26     5     0     0    17.0   75.947 -136.089   3111.6    686.3
     1     1    14     1    26     6     0     0    18.0   75.975 -134.806   3146.4    684.1
     1     1    14     1    26     7     0     0    19.0   75.982 -133.530   3174.9    680.8
     1     1    14     1    26     8     0     0    20.0   75.970 -132.327   3192.9    679.4
     1     1    14     1    26     9     0     0    21.0   75.944 -131.198   3201.3    678.6
     1     1    14     1    26    10     0     0    22.0   75.911 -130.140   3202.4    678.6
     1     1    14     1    26    11     0     0    23.0   75.875 -129.146   3197.6    678.8
     1     1    14     1    26    12     0     0    24.0   75.842 -128.207   3189.5    679.3
     1     1    14     1    26    13     0     0    25.0   75.808 -127.275   3180.7    679.5
     1     1    14     1    26    14     0     0    26.0   75.767 -126.309   3172.3    679.0
     1     1    14     1    26    15     0     0    27.0   75.721 -125.304   3164.9    678.4
     1     1    14     1    26    16     0     0    28.0   75.672 -124.262   3158.7    677.6
     1     1    14     1    26    17     0     0    29.0   75.625 -123.183   3153.4    676.8
     1     1    14     1    26    18     0     0    30.0   75.581 -122.069   3148.7    676.1
     1     1    14     1    26    19     0     0    31.0   75.530 -120.961   3142.8    675.3
     1     1    14     1    26    20     0     0    32.0   75.461 -119.896   3136.3    674.7
     1     1    14     1    26    21     0     0    33.0   75.376 -118.877   3130.2    674.4
     1     1    14     1    26    22     0     0    34.0   75.274 -117.903   3124.2    674.1
     1     1    14     1    26    23     0     0    35.0   75.159 -116.970   3118.3    673.9
     1     1    14     1    27     0     0     0    36.0   75.030 -116.072   3112.4    673.6
     1     1    14     1    27     1     0     0    37.0   74.892 -115.243   3107.9    673.4
     1     1    14     1    27     2     0     0    38.0   74.747 -114.511   3102.4    673.7
     1     1    14     1    27     3     0     0    39.0   74.597 -113.866   3096.4    674.2
     1     1    14     1    27     4     0     0    40.0   74.445 -113.298   3089.3    674.7
     1     1    14     1    27     5     0     0    41.0   74.292 -112.796   3081.0    675.2
     1     1    14     1    27     6     0     0    42.0   74.139 -112.350   3071.8    675.8
     1     1    14     1    27     7     0     0    43.0   73.987 -111.939   3060.3    676.9
     1     1    14     1    27     8     0     0    44.0   73.833 -111.546   3044.8    678.5
     1     1    14     1    27     9     0     0    45.0   73.675 -111.175   3025.6    680.5
     1     1    14     1    27    10     0     0    46.0   73.514 -110.827   3002.9    682.7
     1     1    14     1    27    11     0     0    47.0   73.346 -110.504   2976.8    685.2
     1     1    14     1    27    12     0     0    48.0   73.172 -110.209   2947.2    687.9
     1     1    14     1    27    13     0     0    49.0   72.992 -109.955   2917.8    690.8
     1     1    14     1    27    14     0     0    50.0   72.808 -109.752   2890.3    693.1
     1     1    14     1    27    15     0     0    51.0   72.621 -109.596   2865.8    695.0
     1     1    14     1    27    16     0     0    52.0   72.433 -109.479   2845.1    696.7
     1     1    14     1    27    17     0     0    53.0   72.246 -109.397   2829.2    698.0
     1     1    14     1    27    18     0     0    54.0   72.061 -109.341   2818.1    698.8
     1     1    14     1    27    19     0     0    55.0   71.874 -109.296   2806.2    699.3
     1     1    14     1    27    20     0     0    56.0   71.677 -109.248   2789.8    700.8
     1     1    14     1    27    21     0     0    57.0   71.468 -109.197   2768.7    702.9
     1     1    14     1    27    22     0     0    58.0   71.247 -109.140   2743.0    705.4
     1     1    14     1    27    23     0     0    59.0   71.012 -109.078   2713.4    708.2
     1     1    14     1    28     0     0     0    60.0   70.763 -109.008   2680.4    711.4
     1     1    14     1    28     1     0     0    61.0   70.509 -108.971   2644.8    715.0
     1     1    14     1    28     2     0     0    62.0   70.258 -109.009   2608.2    718.4
     1     1    14     1    28     3     0     0    63.0   70.009 -109.125   2568.6    721.9
     1     1    14     1    28     4     0     0    64.0   69.762 -109.316   2523.6    723.9
     1     1    14     1    28     5     0     0    65.0   69.517 -109.573   2475.4    726.0
     1     1    14     1    28     6     0     0    66.0   69.273 -109.894   2423.0    728.4
     1     1    14     1    28     7     0     0    67.0   69.019 -110.248   2368.2    731.3
     1     1    14     1    28     8     0     0    68.0   68.742 -110.604   2314.7    733.8
     1     1    14     1    28     9     0     0    69.0   68.442 -110.964   2262.5    736.0
     1     1    14     1    28    10     0     0    70.0   68.117 -111.331   2211.6    738.0
     1     1    14     1    28    11     0     0    71.0   67.765 -111.710   2161.9    739.7
     1     1    14     1    28    12     0     0    72.0   67.383 -112.101   2113.9    741.7
     1     1    14     1    28    13     0     0    73.0   66.987 -112.457   2071.0    744.3
     1     1    14     1    28    14     0     0    74.0   66.594 -112.746   2035.1    746.4
     1     1    14     1    28    15     0     0    75.0   66.202 -112.977   2003.9    748.2
     1     1    14     1    28    16     0     0    76.0   65.811 -113.161   1975.9    749.7
     1     1    14     1    28    17     0     0    77.0   65.417 -113.309   1949.6    751.1
     1     1    14     1    28    18     0     0    78.0   65.019 -113.432   1923.6    752.4
     1     1    14     1    28    19     0     0    79.0   64.604 -113.545   1900.3    756.2
     1     1    14     1    28    20     0     0    80.0   64.162 -113.663   1879.7    759.7
     1     1    14     1    28    21     0     0    81.0   63.692 -113.789   1860.4    763.1
     1     1    14     1    28    22     0     0    82.0   63.192 -113.932   1841.7    766.5
     1     1    14     1    28    23     0     0    83.0   62.661 -114.097   1822.3    770.1
     1     1    14     1    29     0     0     0    84.0   62.101 -114.277   1801.4    772.4
     1     1    14     1    29     1     0     0    85.0   61.542 -114.430   1779.8    773.8
     1     1    14     1    29     2     0     0    86.0   61.011 -114.533   1757.4    775.3
     1     1    14     1    29     3     0     0    87.0   60.511 -114.598   1734.5    776.7
     1     1    14     1    29     4     0     0    88.0   60.042 -114.638   1711.7    778.2
     1     1    14     1    29     5     0     0    89.0   59.605 -114.651   1688.3    777.8
     1     1    14     1    29     6     0     0    90.0   59.198 -114.633   1665.5    777.1
     1     1    14     1    29     7     0     0    91.0   58.799 -114.584   1647.3    776.3
     1     1    14     1    29     8     0     0    92.0   58.386 -114.495   1637.0    774.2
     1     1    14     1    29     9     0     0    93.0   57.959 -114.363   1634.4    771.3
     1     1    14     1    29    10     0     0    94.0   57.516 -114.189   1639.0    767.8
     1     1    14     1    29    11     0     0    95.0   57.060 -113.975   1649.6    763.8
     1     1    14     1    29    12     0     0    96.0   56.595 -113.731   1665.9    759.9
     1     1    14     1    29    13     0     0    97.0   56.135 -113.482   1685.6    755.7
     1     1    14     1    29    14     0     0    98.0   55.696 -113.248   1705.9    751.9
     1     1    14     1    29    15     0     0    99.0   55.282 -113.027   1725.4    748.6
     1     1    14     1    29    16     0     0   100.0   54.900 -112.822   1742.5    745.1
     1     1    14     1    29    17     0     0   101.0   54.554 -112.633   1755.1    740.3
     1     1    14     1    29    18     0     0   102.0   54.248 -112.459   1764.8    736.4
     1     1    14     1    29    19     0     0   103.0   53.958 -112.284   1771.9    733.1
     1     1    14     1    29    20     0     0   104.0   53.663 -112.086   1780.0    730.2
     1     1    14     1    29    21     0     0   105.0   53.363 -111.861   1790.2    727.6
     1     1    14     1    29    22     0     0   106.0   53.061 -111.605   1804.1    725.4
     1     1    14     1    29    23     0     0   107.0   52.755 -111.315   1823.8    723.5
     1     1    14     1    30     0     0     0   108.0   52.445 -110.987   1851.6    721.9
     1     1    14     1    30     1     0     0   109.0   52.131 -110.648   1885.2    719.9
     1     1    14     1    30     2     0     0   110.0   51.812 -110.328   1921.1    718.0
     1     1    14     1    30     3     0     0   111.0   51.492 -110.026   1957.2    716.1
     1     1    14     1    30     4     0     0   112.0   51.172 -109.740   1988.9    712.1
     1     1    14     1    30     5     0     0   113.0   50.856 -109.465   2015.8    708.6
     1     1    14     1    30     6     0     0   114.0   50.548 -109.202   2035.9    705.9
     1     1    14     1    30     7     0     0   115.0   50.257 -108.930   2053.4    704.6
     1     1    14     1    30     8     0     0   116.0   49.993 -108.625   2071.1    703.1
     1     1    14     1    30     9     0     0   117.0   49.753 -108.289   2087.6    700.8
     1     1    14     1    30    10     0     0   118.0   49.533 -107.924   2103.1    699.3
     1     1    14     1    30    11     0     0   119.0   49.335 -107.534   2115.0    698.8
     1     1    14     1    30    12     0     0   120.0   49.156 -107.119   2118.7    697.4
