     1     1
    CDC1    14     1     1     0     0
     1 FORWARD  OMEGA   
    14     1    10     0   75.000 -150.000  3000.0
     1 PRESSURE
     1     1    14     1    10     0     0     0     0.0   75.000 -150.000   3000.0    658.9
     1     1    14     1    10     1     0     0     1.0   74.211 -149.118   3000.5    662.7
     1     1    14     1    10     2     0     0     2.0   73.483 -148.279   2996.1    667.0
     1     1    14     1    10     3     0     0     3.0   72.800 -147.469   2989.5    671.1
     1     1    14     1    10     4     0     0     4.0   72.156 -146.692   2973.2    667.8
     1     1    14     1    10     5     0     0     5.0   71.547 -145.955   2951.8    659.1
     1     1    14     1    10     6     0     0     6.0   70.967 -145.240   2935.5    651.0
     1     1    14     1    10     7     0     0     7.0   70.415 -144.487   2921.9    643.9
     1     1    14     1    10     8     0     0     8.0   69.894 -143.640   2904.9    639.5
     1     1    14     1    10     9     0     0     9.0   69.405 -142.700   2885.8    637.6
     1     1    14     1    10    10     0     0    10.0   68.950 -141.675   2863.9    637.0
     1     1    14     1    10    11     0     0    11.0   68.529 -140.552   2839.1    637.8
     1     1    14     1    10    12     0     0    12.0   68.139 -139.311   2811.2    639.9
     1     1    14     1    10    13     0     0    13.0   67.786 -137.970   2783.3    643.4
     1     1    14     1    10    14     0     0    14.0   67.470 -136.560   2759.9    646.6
     1     1    14     1    10    15     0     0    15.0   67.182 -135.097   2741.7    647.4
     1     1    14     1    10    16     0     0    16.0   66.917 -133.598   2729.6    645.6
     1     1    14     1    10    17     0     0    17.0   66.664 -132.053   2720.4    642.6
     1     1    14     1    10    18     0     0    18.0   66.416 -130.459   2709.4    639.7
     1     1    14     1    10    19     0     0    19.0   66.180 -128.841   2697.8    640.2
     1     1    14     1    10    20     0     0    20.0   65.960 -127.226   2684.2    643.0
     1     1    14     1    10    21     0     0    21.0   65.758 -125.627   2671.6    649.4
     1     1    14     1    10    22     0     0    22.0   65.574 -124.064   2658.3    656.9
     1     1    14     1    10    23     0     0    23.0   65.406 -122.544   2645.2    665.5
     1     1    14     1    11     0     0     0    24.0   65.255 -121.061   2628.4    670.7
     1     1    14     1    11     1     0     0    25.0   65.131 -119.594   2615.6    674.5
     1     1    14     1    11     2     0     0    26.0   65.047 -118.116   2606.0    674.5
     1     1    14     1    11     3     0     0    27.0   65.002 -116.601   2603.6    671.4
     1     1    14     1    11     4     0     0    28.0   64.994 -115.027   2608.8    666.2
     1     1    14     1    11     5     0     0    29.0   65.022 -113.392   2621.9    660.6
     1     1    14     1    11     6     0     0    30.0   65.087 -111.717   2642.3    655.5
     1     1    14     1    11     7     0     0    31.0   65.190 -110.046   2664.8    652.0
     1     1    14     1    11     8     0     0    32.0   65.326 -108.422   2682.3    652.3
     1     1    14     1    11     9     0     0    33.0   65.488 -106.850   2695.6    653.7
     1     1    14     1    11    10     0     0    34.0   65.674 -105.332   2708.9    655.8
     1     1    14     1    11    11     0     0    35.0   65.884 -103.874   2728.5    657.9
     1     1    14     1    11    12     0     0    36.0   66.120 -102.479   2759.8    658.5
     1     1    14     1    11    13     0     0    37.0   66.389 -101.160   2806.4    657.3
     1     1    14     1    11    14     0     0    38.0   66.695  -99.919   2863.7    654.0
     1     1    14     1    11    15     0     0    39.0   67.041  -98.741   2924.8    648.2
     1     1    14     1    11    16     0     0    40.0   67.434  -97.609   2985.9    641.3
     1     1    14     1    11    17     0     0    41.0   67.871  -96.542   3042.1    634.9
     1     1    14     1    11    18     0     0    42.0   68.340  -95.573   3089.0    630.8
     1     1    14     1    11    19     0     0    43.0   68.826  -94.692   3126.9    628.7
     1     1    14     1    11    20     0     0    44.0   69.315  -93.878   3157.4    627.9
     1     1    14     1    11    21     0     0    45.0   69.807  -93.138   3179.7    628.8
     1     1    14     1    11    22     0     0    46.0   70.303  -92.486   3190.3    629.0
     1     1    14     1    11    23     0     0    47.0   70.800  -91.941   3190.6    628.5
     1     1    14     1    12     0     0     0    48.0   71.293  -91.512   3182.9    628.3
     1     1    14     1    12     1     0     0    49.0   71.790  -91.211   3169.6    628.3
     1     1    14     1    12     2     0     0    50.0   72.297  -91.056   3156.1    628.0
     1     1    14     1    12     3     0     0    51.0   72.814  -91.075   3145.4    627.5
     1     1    14     1    12     4     0     0    52.0   73.343  -91.300   3140.3    626.6
     1     1    14     1    12     5     0     0    53.0   73.880  -91.759   3142.1    625.3
     1     1    14     1    12     6     0     0    54.0   74.423  -92.477   3151.0    624.0
     1     1    14     1    12     7     0     0    55.0   74.956  -93.433   3165.9    623.2
     1     1    14     1    12     8     0     0    56.0   75.460  -94.592   3179.0    622.9
     1     1    14     1    12     9     0     0    57.0   75.931  -95.959   3190.4    623.6
     1     1    14     1    12    10     0     0    58.0   76.366  -97.532   3198.7    625.7
     1     1    14     1    12    11     0     0    59.0   76.760  -99.304   3202.1    628.7
     1     1    14     1    12    12     0     0    60.0   77.111 -101.274   3200.3    632.4
     1     1    14     1    12    13     0     0    61.0   77.432 -103.431   3193.4    636.0
     1     1    14     1    12    14     0     0    62.0   77.730 -105.760   3183.4    637.8
     1     1    14     1    12    15     0     0    63.0   77.994 -108.253   3171.2    638.9
     1     1    14     1    12    16     0     0    64.0   78.212 -110.911   3156.6    639.1
     1     1    14     1    12    17     0     0    65.0   78.375 -113.709   3140.5    638.9
     1     1    14     1    12    18     0     0    66.0   78.471 -116.617   3123.2    638.2
     1     1    14     1    12    19     0     0    67.0   78.492 -119.556   3106.0    637.3
     1     1    14     1    12    20     0     0    68.0   78.435 -122.429   3090.7    637.1
     1     1    14     1    12    21     0     0    69.0   78.304 -125.177   3078.1    638.0
     1     1    14     1    12    22     0     0    70.0   78.102 -127.738   3067.4    640.3
     1     1    14     1    12    23     0     0    71.0   77.836 -130.053   3056.5    643.4
     1     1    14     1    13     0     0     0    72.0   77.515 -132.073   3043.8    647.9
     1     1    14     1    13     1     0     0    73.0   77.158 -133.749   3025.4    650.9
     1     1    14     1    13     2     0     0    74.0   76.787 -135.076   3007.4    652.8
     1     1    14     1    13     3     0     0    75.0   76.411 -136.077   2988.2    653.8
     1     1    14     1    13     4     0     0    76.0   76.041 -136.779   2968.0    654.5
     1     1    14     1    13     5     0     0    77.0   75.680 -137.214   2945.9    655.3
     1     1    14     1    13     6     0     0    78.0   75.334 -137.407   2921.2    656.4
     1     1    14     1    13     7     0     0    79.0   75.001 -137.389   2898.7    657.7
     1     1    14     1    13     8     0     0    80.0   74.676 -137.226   2885.2    660.6
     1     1    14     1    13     9     0     0    81.0   74.361 -136.961   2879.2    662.5
     1     1    14     1    13    10     0     0    82.0   74.058 -136.581   2878.4    663.9
     1     1    14     1    13    11     0     0    83.0   73.770 -136.075   2880.8    665.0
     1     1    14     1    13    12     0     0    84.0   73.496 -135.433   2884.7    665.9
     1     1    14     1    13    13     0     0    85.0   73.241 -134.659   2887.2    666.7
     1     1    14     1    13    14     0     0    86.0   73.008 -133.763   2887.9    667.3
     1     1    14     1    13    15     0     0    87.0   72.796 -132.756   2886.7    667.9
     1     1    14     1    13    16     0     0    88.0   72.601 -131.642   2882.1    667.9
     1     1    14     1    13    17     0     0    89.0   72.419 -130.441   2872.8    667.4
     1     1    14     1    13    18     0     0    90.0   72.245 -129.183   2857.1    666.6
     1     1    14     1    13    19     0     0    91.0   72.084 -127.873   2834.1    665.8
     1     1    14     1    13    20     0     0    92.0   71.947 -126.495   2807.8    665.2
     1     1    14     1    13    21     0     0    93.0   71.832 -125.043   2777.5    665.0
     1     1    14     1    13    22     0     0    94.0   71.737 -123.524   2745.5    666.0
     1     1    14     1    13    23     0     0    95.0   71.657 -121.949   2713.2    667.6
     1     1    14     1    14     0     0     0    96.0   71.586 -120.328   2682.7    670.3
     1     1    14     1    14     1     0     0    97.0   71.524 -118.739   2656.9    673.1
     1     1    14     1    14     2     0     0    98.0   71.480 -117.253   2636.7    676.0
     1     1    14     1    14     3     0     0    99.0   71.459 -115.873   2620.2    679.4
     1     1    14     1    14     4     0     0   100.0   71.465 -114.598   2606.0    682.7
     1     1    14     1    14     5     0     0   101.0   71.501 -113.423   2593.2    686.0
     1     1    14     1    14     6     0     0   102.0   71.567 -112.344   2580.2    689.1
     1     1    14     1    14     7     0     0   103.0   71.666 -111.335   2570.2    692.0
     1     1    14     1    14     8     0     0   104.0   71.803 -110.374   2561.8    694.2
     1     1    14     1    14     9     0     0   105.0   71.980 -109.458   2555.0    695.8
     1     1    14     1    14    10     0     0   106.0   72.196 -108.582   2549.4    696.8
     1     1    14     1    14    11     0     0   107.0   72.451 -107.748   2545.1    697.2
     1     1    14     1    14    12     0     0   108.0   72.742 -106.966   2542.3    697.6
     1     1    14     1    14    13     0     0   109.0   73.058 -106.260   2540.7    697.9
     1     1    14     1    14    14     0     0   110.0   73.388 -105.635   2539.1    698.3
     1     1    14     1    14    15     0     0   111.0   73.734 -105.088   2537.9    698.9
     1     1    14     1    14    16     0     0   112.0   74.095 -104.620   2536.8    699.5
     1     1    14     1    14    17     0     0   113.0   74.472 -104.233   2535.7    700.2
     1     1    14     1    14    18     0     0   114.0   74.866 -103.930   2534.6    701.0
     1     1    14     1    14    19     0     0   115.0   75.273 -103.710   2534.0    702.2
     1     1    14     1    14    20     0     0   116.0   75.684 -103.560   2532.0    703.6
     1     1    14     1    14    21     0     0   117.0   76.098 -103.460   2529.5    704.9
     1     1    14     1    14    22     0     0   118.0   76.516 -103.389   2527.0    706.3
     1     1    14     1    14    23     0     0   119.0   76.938 -103.326   2525.0    707.6
     1     1    14     1    15     0     0     0   120.0   77.363 -103.248   2524.0    708.8
