     1     1
    CDC1    14     1     1     0     0
     1 FORWARD  OMEGA   
    14     1    14    12   75.000 -150.000  3000.0
     1 PRESSURE
     1     1    14     1    14    12     0     0     0.0   75.000 -150.000   3000.0    648.8
     1     1    14     1    14    13     0     0     1.0   74.871 -148.754   3032.4    644.8
     1     1    14     1    14    14     0     0     2.0   74.763 -147.474   3064.7    640.7
     1     1    14     1    14    15     0     0     3.0   74.674 -146.149   3098.9    637.5
     1     1    14     1    14    16     0     0     4.0   74.603 -144.770   3133.6    634.2
     1     1    14     1    14    17     0     0     5.0   74.544 -143.330   3168.8    631.4
     1     1    14     1    14    18     0     0     6.0   74.494 -141.826   3202.2    629.2
     1     1    14     1    14    19     0     0     7.0   74.452 -140.298   3234.9    627.6
     1     1    14     1    14    20     0     0     8.0   74.421 -138.782   3266.6    626.2
     1     1    14     1    14    21     0     0     9.0   74.404 -137.279   3297.8    624.9
     1     1    14     1    14    22     0     0    10.0   74.399 -135.794   3328.1    623.7
     1     1    14     1    14    23     0     0    11.0   74.406 -134.332   3357.3    622.5
     1     1    14     1    15     0     0     0    12.0   74.424 -132.903   3385.1    621.2
     1     1    14     1    15     1     0     0    13.0   74.439 -131.514   3406.3    619.2
     1     1    14     1    15     2     0     0    14.0   74.441 -130.170   3418.2    618.0
     1     1    14     1    15     3     0     0    15.0   74.431 -128.880   3420.6    617.0
     1     1    14     1    15     4     0     0    16.0   74.410 -127.652   3415.1    616.6
     1     1    14     1    15     5     0     0    17.0   74.379 -126.496   3401.9    616.7
     1     1    14     1    15     6     0     0    18.0   74.336 -125.422   3382.1    617.4
     1     1    14     1    15     7     0     0    19.0   74.291 -124.401   3359.9    618.9
     1     1    14     1    15     8     0     0    20.0   74.253 -123.400   3337.9    619.9
     1     1    14     1    15     9     0     0    21.0   74.222 -122.413   3317.5    620.8
     1     1    14     1    15    10     0     0    22.0   74.200 -121.435   3299.3    621.5
     1     1    14     1    15    11     0     0    23.0   74.184 -120.465   3283.4    622.0
     1     1    14     1    15    12     0     0    24.0   74.173 -119.501   3270.5    622.6
     1     1    14     1    15    13     0     0    25.0   74.171 -118.589   3261.2    623.5
     1     1    14     1    15    14     0     0    26.0   74.180 -117.774   3255.3    624.3
     1     1    14     1    15    15     0     0    27.0   74.200 -117.056   3252.6    625.1
     1     1    14     1    15    16     0     0    28.0   74.232 -116.433   3253.1    625.7
     1     1    14     1    15    17     0     0    29.0   74.274 -115.905   3256.3    625.9
     1     1    14     1    15    18     0     0    30.0   74.325 -115.469   3262.1    625.9
     1     1    14     1    15    19     0     0    31.0   74.384 -115.085   3267.3    625.4
     1     1    14     1    15    20     0     0    32.0   74.449 -114.719   3267.1    625.9
     1     1    14     1    15    21     0     0    33.0   74.519 -114.373   3262.2    626.9
     1     1    14     1    15    22     0     0    34.0   74.595 -114.051   3252.4    628.2
     1     1    14     1    15    23     0     0    35.0   74.675 -113.753   3237.9    630.0
     1     1    14     1    16     0     0     0    36.0   74.759 -113.483   3218.6    632.1
     1     1    14     1    16     1     0     0    37.0   74.842 -113.259   3197.5    634.2
     1     1    14     1    16     2     0     0    38.0   74.920 -113.091   3181.7    635.6
     1     1    14     1    16     3     0     0    39.0   74.993 -112.971   3170.6    636.6
     1     1    14     1    16     4     0     0    40.0   75.061 -112.890   3165.0    637.2
     1     1    14     1    16     5     0     0    41.0   75.124 -112.844   3165.2    637.2
     1     1    14     1    16     6     0     0    42.0   75.182 -112.829   3171.2    636.7
     1     1    14     1    16     7     0     0    43.0   75.237 -112.820   3179.0    635.9
     1     1    14     1    16     8     0     0    44.0   75.294 -112.795   3184.5    635.6
     1     1    14     1    16     9     0     0    45.0   75.351 -112.752   3188.0    635.5
     1     1    14     1    16    10     0     0    46.0   75.408 -112.692   3189.4    635.7
     1     1    14     1    16    11     0     0    47.0   75.467 -112.613   3189.0    635.9
     1     1    14     1    16    12     0     0    48.0   75.527 -112.516   3186.9    636.4
     1     1    14     1    16    13     0     0    49.0   75.591 -112.431   3183.5    637.2
     1     1    14     1    16    14     0     0    50.0   75.661 -112.390   3175.1    638.4
     1     1    14     1    16    15     0     0    51.0   75.737 -112.393   3162.5    640.0
     1     1    14     1    16    16     0     0    52.0   75.820 -112.440   3145.3    642.0
     1     1    14     1    16    17     0     0    53.0   75.909 -112.530   3123.0    644.4
     1     1    14     1    16    18     0     0    54.0   76.006 -112.663   3095.0    647.3
     1     1    14     1    16    19     0     0    55.0   76.111 -112.813   3064.4    650.5
     1     1    14     1    16    20     0     0    56.0   76.223 -112.958   3035.4    653.3
     1     1    14     1    16    21     0     0    57.0   76.343 -113.108   3007.9    655.9
     1     1    14     1    16    22     0     0    58.0   76.473 -113.270   2981.7    658.4
     1     1    14     1    16    23     0     0    59.0   76.612 -113.457   2956.9    660.8
     1     1    14     1    17     0     0     0    60.0   76.761 -113.679   2933.6    663.0
     1     1    14     1    17     1     0     0    61.0   76.921 -113.991   2910.9    665.3
     1     1    14     1    17     2     0     0    62.0   77.090 -114.438   2885.7    667.7
     1     1    14     1    17     3     0     0    63.0   77.268 -115.023   2859.3    669.9
     1     1    14     1    17     4     0     0    64.0   77.455 -115.748   2833.0    672.4
     1     1    14     1    17     5     0     0    65.0   77.646 -116.616   2807.0    675.0
     1     1    14     1    17     6     0     0    66.0   77.835 -117.629   2781.1    677.6
     1     1    14     1    17     7     0     0    67.0   78.011 -118.727   2755.9    680.4
     1     1    14     1    17     8     0     0    68.0   78.167 -119.846   2731.5    682.7
     1     1    14     1    17     9     0     0    69.0   78.301 -120.983   2707.5    685.2
     1     1    14     1    17    10     0     0    70.0   78.413 -122.133   2683.0    687.7
     1     1    14     1    17    11     0     0    71.0   78.503 -123.290   2657.6    690.6
     1     1    14     1    17    12     0     0    72.0   78.570 -124.446   2630.8    693.7
     1     1    14     1    17    13     0     0    73.0   78.613 -125.619   2603.6    697.1
     1     1    14     1    17    14     0     0    74.0   78.628 -126.819   2580.1    700.2
     1     1    14     1    17    15     0     0    75.0   78.613 -128.020   2559.4    703.4
     1     1    14     1    17    16     0     0    76.0   78.569 -129.198   2541.9    706.6
     1     1    14     1    17    17     0     0    77.0   78.494 -130.332   2527.8    709.6
     1     1    14     1    17    18     0     0    78.0   78.390 -131.409   2517.4    712.6
     1     1    14     1    17    19     0     0    79.0   78.261 -132.377   2506.4    715.3
     1     1    14     1    17    20     0     0    80.0   78.111 -133.193   2491.2    718.7
     1     1    14     1    17    21     0     0    81.0   77.942 -133.870   2471.4    722.4
     1     1    14     1    17    22     0     0    82.0   77.757 -134.418   2447.0    726.7
     1     1    14     1    17    23     0     0    83.0   77.558 -134.854   2417.9    731.4
     1     1    14     1    18     0     0     0    84.0   77.348 -135.189   2383.6    735.9
     1     1    14     1    18     1     0     0    85.0   77.137 -135.476   2346.9    740.4
     1     1    14     1    18     2     0     0    86.0   76.935 -135.769   2309.0    744.7
     1     1    14     1    18     3     0     0    87.0   76.744 -136.084   2269.9    748.9
     1     1    14     1    18     4     0     0    88.0   76.564 -136.436   2229.6    753.2
     1     1    14     1    18     5     0     0    89.0   76.396 -136.839   2187.9    757.5
     1     1    14     1    18     6     0     0    90.0   76.242 -137.308   2144.8    761.6
     1     1    14     1    18     7     0     0    91.0   76.104 -137.864   2101.3    765.3
     1     1    14     1    18     8     0     0    92.0   75.988 -138.528   2059.6    768.8
     1     1    14     1    18     9     0     0    93.0   75.892 -139.315   2020.5    771.9
     1     1    14     1    18    10     0     0    94.0   75.815 -140.237   1985.0    774.7
     1     1    14     1    18    11     0     0    95.0   75.754 -141.307   1953.7    776.8
     1     1    14     1    18    12     0     0    96.0   75.705 -142.533   1927.6    778.3
     1     1    14     1    18    13     0     0    97.0   75.656 -143.866   1905.3    779.4
     1     1    14     1    18    14     0     0    98.0   75.593 -145.250   1885.8    780.4
     1     1    14     1    18    15     0     0    99.0   75.512 -146.686   1868.3    782.0
     1     1    14     1    18    16     0     0   100.0   75.408 -148.173   1851.7    783.8
     1     1    14     1    18    17     0     0   101.0   75.276 -149.709   1835.4    786.2
     1     1    14     1    18    18     0     0   102.0   75.112 -151.290   1819.0    788.9
     1     1    14     1    18    19     0     0   103.0   74.918 -152.910   1804.6    792.4
     1     1    14     1    18    20     0     0   104.0   74.699 -154.548   1794.9    796.1
     1     1    14     1    18    21     0     0   105.0   74.459 -156.193   1787.6    798.6
     1     1    14     1    18    22     0     0   106.0   74.201 -157.840   1782.7    800.2
     1     1    14     1    18    23     0     0   107.0   73.926 -159.484   1780.0    800.5
     1     1    14     1    19     0     0     0   108.0   73.640 -161.114   1780.2    799.3
     1     1    14     1    19     1     0     0   109.0   73.348 -162.708   1781.5    796.9
     1     1    14     1    19     2     0     0   110.0   73.054 -164.250   1780.8    794.9
     1     1    14     1    19     3     0     0   111.0   72.756 -165.750   1776.0    793.7
     1     1    14     1    19     4     0     0   112.0   72.452 -167.213   1765.5    793.3
     1     1    14     1    19     5     0     0   113.0   72.142 -168.619   1749.2    795.6
     1     1    14     1    19     6     0     0   114.0   71.826 -169.958   1725.7    799.7
     1     1    14     1    19     7     0     0   115.0   71.509 -171.267   1701.3    805.3
     1     1    14     1    19     8     0     0   116.0   71.195 -172.573   1683.2    809.4
     1     1    14     1    19     9     0     0   117.0   70.879 -173.877   1673.3    810.9
     1     1    14     1    19    10     0     0   118.0   70.557 -175.176   1674.7    810.1
     1     1    14     1    19    11     0     0   119.0   70.230 -176.467   1689.2    805.8
     1     1    14     1    19    12     0     0   120.0   69.902 -177.740   1718.9    797.7
