     1     1
    CDC1    14     1     1     0     0
     1 FORWARD  OMEGA   
    14     1    27     6   75.000 -150.000  3000.0
     1 PRESSURE
     1     1    14     1    27     6     0     0     0.0   75.000 -150.000   3000.0    691.0
     1     1    14     1    27     7     0     0     1.0   74.971 -148.776   2961.6    693.4
     1     1    14     1    27     8     0     0     2.0   74.910 -147.578   2922.7    696.1
     1     1    14     1    27     9     0     0     3.0   74.817 -146.419   2884.9    699.6
     1     1    14     1    27    10     0     0     4.0   74.695 -145.311   2847.6    703.1
     1     1    14     1    27    11     0     0     5.0   74.547 -144.264   2811.3    707.4
     1     1    14     1    27    12     0     0     6.0   74.376 -143.288   2774.5    712.1
     1     1    14     1    27    13     0     0     7.0   74.197 -142.398   2735.1    716.7
     1     1    14     1    27    14     0     0     8.0   74.023 -141.607   2694.6    721.7
     1     1    14     1    27    15     0     0     9.0   73.852 -140.921   2651.9    727.0
     1     1    14     1    27    16     0     0    10.0   73.685 -140.343   2606.7    732.5
     1     1    14     1    27    17     0     0    11.0   73.520 -139.875   2559.3    738.1
     1     1    14     1    27    18     0     0    12.0   73.359 -139.519   2510.0    744.0
     1     1    14     1    27    19     0     0    13.0   73.209 -139.226   2461.7    750.1
     1     1    14     1    27    20     0     0    14.0   73.075 -138.938   2417.7    755.4
     1     1    14     1    27    21     0     0    15.0   72.956 -138.650   2376.9    760.3
     1     1    14     1    27    22     0     0    16.0   72.851 -138.359   2338.8    764.8
     1     1    14     1    27    23     0     0    17.0   72.760 -138.062   2303.0    769.1
     1     1    14     1    28     0     0     0    18.0   72.682 -137.756   2269.1    773.1
     1     1    14     1    28     1     0     0    19.0   72.611 -137.478   2239.0    776.6
     1     1    14     1    28     2     0     0    20.0   72.543 -137.267   2213.4    779.5
     1     1    14     1    28     3     0     0    21.0   72.478 -137.115   2193.3    781.4
     1     1    14     1    28     4     0     0    22.0   72.416 -137.013   2179.1    782.3
     1     1    14     1    28     5     0     0    23.0   72.357 -136.952   2171.9    782.5
     1     1    14     1    28     6     0     0    24.0   72.300 -136.925   2172.2    782.0
     1     1    14     1    28     7     0     0    25.0   72.243 -136.939   2173.6    780.7
     1     1    14     1    28     8     0     0    26.0   72.185 -137.009   2167.3    780.8
     1     1    14     1    28     9     0     0    27.0   72.127 -137.141   2153.9    781.4
     1     1    14     1    28    10     0     0    28.0   72.071 -137.338   2133.2    782.8
     1     1    14     1    28    11     0     0    29.0   72.019 -137.602   2104.5    784.9
     1     1    14     1    28    12     0     0    30.0   71.971 -137.936   2067.1    787.6
     1     1    14     1    28    13     0     0    31.0   71.931 -138.347   2022.6    791.1
     1     1    14     1    28    14     0     0    32.0   71.899 -138.838   1974.4    794.8
     1     1    14     1    28    15     0     0    33.0   71.878 -139.413   1923.3    798.8
     1     1    14     1    28    16     0     0    34.0   71.869 -140.075   1870.8    803.1
     1     1    14     1    28    17     0     0    35.0   71.873 -140.828   1819.1    807.8
     1     1    14     1    28    18     0     0    36.0   71.892 -141.673   1770.1    812.5
     1     1    14     1    28    19     0     0    37.0   71.934 -142.582   1724.6    817.3
     1     1    14     1    28    20     0     0    38.0   72.006 -143.522   1684.2    822.5
     1     1    14     1    28    21     0     0    39.0   72.108 -144.486   1649.2    827.8
     1     1    14     1    28    22     0     0    40.0   72.240 -145.469   1620.8    833.6
     1     1    14     1    28    23     0     0    41.0   72.401 -146.464   1600.1    839.9
     1     1    14     1    29     0     0     0    42.0   72.589 -147.441   1587.2    843.7
     1     1    14     1    29     1     0     0    43.0   72.786 -148.326   1582.4    843.4
     1     1    14     1    29     2     0     0    44.0   72.977 -149.089   1585.2    842.1
     1     1    14     1    29     3     0     0    45.0   73.159 -149.746   1593.1    840.3
     1     1    14     1    29     4     0     0    46.0   73.333 -150.311   1603.6    838.2
     1     1    14     1    29     5     0     0    47.0   73.496 -150.799   1614.5    836.0
     1     1    14     1    29     6     0     0    48.0   73.650 -151.226   1624.1    834.1
     1     1    14     1    29     7     0     0    49.0   73.798 -151.597   1632.5    832.8
     1     1    14     1    29     8     0     0    50.0   73.944 -151.909   1639.2    831.5
     1     1    14     1    29     9     0     0    51.0   74.087 -152.164   1644.9    830.3
     1     1    14     1    29    10     0     0    52.0   74.228 -152.363   1650.1    829.1
     1     1    14     1    29    11     0     0    53.0   74.364 -152.507   1655.1    827.9
     1     1    14     1    29    12     0     0    54.0   74.496 -152.595   1660.4    826.7
     1     1    14     1    29    13     0     0    55.0   74.616 -152.645   1668.0    825.1
     1     1    14     1    29    14     0     0    56.0   74.718 -152.682   1678.6    823.1
     1     1    14     1    29    15     0     0    57.0   74.799 -152.715   1691.9    821.0
     1     1    14     1    29    16     0     0    58.0   74.860 -152.754   1707.7    818.8
     1     1    14     1    29    17     0     0    59.0   74.900 -152.804   1725.7    816.5
     1     1    14     1    29    18     0     0    60.0   74.920 -152.870   1745.8    814.0
     1     1    14     1    29    19     0     0    61.0   74.923 -152.955   1765.3    811.4
     1     1    14     1    29    20     0     0    62.0   74.915 -153.063   1781.7    809.4
     1     1    14     1    29    21     0     0    63.0   74.896 -153.198   1795.0    807.9
     1     1    14     1    29    22     0     0    64.0   74.867 -153.364   1805.6    806.7
     1     1    14     1    29    23     0     0    65.0   74.830 -153.563   1813.5    805.9
     1     1    14     1    30     0     0     0    66.0   74.787 -153.795   1819.0    805.3
     1     1    14     1    30     1     0     0    67.0   74.744 -154.029   1824.6    805.1
     1     1    14     1    30     2     0     0    68.0   74.708 -154.226   1833.9    804.2
     1     1    14     1    30     3     0     0    69.0   74.679 -154.383   1846.1    802.9
     1     1    14     1    30     4     0     0    70.0   74.655 -154.496   1861.0    801.3
     1     1    14     1    30     5     0     0    71.0   74.637 -154.562   1878.7    799.3
     1     1    14     1    30     6     0     0    72.0   74.625 -154.581   1899.1    797.1
     1     1    14     1    30     7     0     0    73.0   74.620 -154.561   1921.1    794.8
     1     1    14     1    30     8     0     0    74.0   74.624 -154.511   1944.7    792.4
     1     1    14     1    30     9     0     0    75.0   74.636 -154.433   1969.7    789.8
     1     1    14     1    30    10     0     0    76.0   74.655 -154.328   1996.0    787.0
     1     1    14     1    30    11     0     0    77.0   74.680 -154.198   2024.0    784.1
     1     1    14     1    30    12     0     0    78.0   74.710 -154.045   2053.8    780.9
     1     1    14     1    30    13     0     0    79.0   74.746 -153.842   2083.2    777.5
     1     1    14     1    30    14     0     0    80.0   74.786 -153.563   2110.1    774.4
     1     1    14     1    30    15     0     0    81.0   74.829 -153.206   2134.7    771.3
     1     1    14     1    30    16     0     0    82.0   74.873 -152.774   2157.3    768.3
     1     1    14     1    30    17     0     0    83.0   74.917 -152.267   2178.3    765.3
     1     1    14     1    30    18     0     0    84.0   74.962 -151.691   2198.0    762.5
     1     1    14     1    30    19     0     0    85.0   75.006 -151.086   2220.2    760.1
     1     1    14     1    30    20     0     0    86.0   75.048 -150.489   2247.2    757.1
     1     1    14     1    30    21     0     0    87.0   75.088 -149.899   2278.5    753.5
     1     1    14     1    30    22     0     0    88.0   75.124 -149.310   2313.3    749.5
     1     1    14     1    30    23     0     0    89.0   75.156 -148.717   2350.7    745.3
     1     1    14     1    31     0     0     0    90.0   75.182 -148.110   2390.1    740.8
     1     1    14     1    31     1     0     0    91.0   75.193 -147.497   2428.7    736.2
     1     1    14     1    31     2     0     0    92.0   75.180 -146.890   2464.4    732.5
     1     1    14     1    31     3     0     0    93.0   75.145 -146.292   2496.8    729.2
     1     1    14     1    31     4     0     0    94.0   75.090 -145.708   2526.2    726.0
     1     1    14     1    31     5     0     0    95.0   75.016 -145.142   2552.7    723.2
     1     1    14     1    31     6     0     0    96.0   74.926 -144.600   2577.3    721.3
     1     1    14     1    31     7     0     0    97.0   74.819 -144.069   2597.3    719.9
     1     1    14     1    31     8     0     0    98.0   74.695 -143.535   2610.6    719.5
     1     1    14     1    31     9     0     0    99.0   74.555 -142.998   2617.3    719.8
     1     1    14     1    31    10     0     0   100.0   74.400 -142.463   2617.9    720.8
     1     1    14     1    31    11     0     0   101.0   74.229 -141.932   2612.7    722.6
     1     1    14     1    31    12     0     0   102.0   74.045 -141.412   2601.6    724.9
     1     1    14     1    31    13     0     0   103.0   73.845 -140.925   2589.6    727.9
     1     1    14     1    31    14     0     0   104.0   73.629 -140.487   2579.5    730.3
     1     1    14     1    31    15     0     0   105.0   73.395 -140.094   2572.3    732.5
     1     1    14     1    31    16     0     0   106.0   73.146 -139.744   2568.2    734.6
     1     1    14     1    31    17     0     0   107.0   72.881 -139.432   2567.7    736.3
     1     1    14     1    31    18     0     0   108.0   72.601 -139.157   2571.5    737.6
