     1     1
    CDC1    14     1     1     0     0
     1 FORWARD  OMEGA   
    14     1     7     6   75.000 -150.000  3000.0
     1 PRESSURE
     1     1    14     1     7     6     0     0     0.0   75.000 -150.000   3000.0    680.7
     1     1    14     1     7     7     0     0     1.0   74.718 -150.931   2905.9    692.2
     1     1    14     1     7     8     0     0     2.0   74.426 -151.866   2822.3    702.5
     1     1    14     1     7     9     0     0     3.0   74.121 -152.813   2746.7    712.2
     1     1    14     1     7    10     0     0     4.0   73.803 -153.779   2676.5    721.1
     1     1    14     1     7    11     0     0     5.0   73.469 -154.776   2608.6    729.8
     1     1    14     1     7    12     0     0     6.0   73.119 -155.823   2537.7    737.9
     1     1    14     1     7    13     0     0     7.0   72.758 -156.929   2461.6    745.5
     1     1    14     1     7    14     0     0     8.0   72.390 -158.080   2380.8    751.7
     1     1    14     1     7    15     0     0     9.0   72.026 -159.205   2297.1    754.5
     1     1    14     1     7    16     0     0    10.0   71.673 -160.260   2219.2    757.9
     1     1    14     1     7    17     0     0    11.0   71.334 -161.265   2148.4    761.6
     1     1    14     1     7    18     0     0    12.0   71.010 -162.243   2086.6    765.9
     1     1    14     1     7    19     0     0    13.0   70.702 -163.230   2033.4    770.9
     1     1    14     1     7    20     0     0    14.0   70.413 -164.260   1988.4    776.7
     1     1    14     1     7    21     0     0    15.0   70.140 -165.345   1949.7    783.3
     1     1    14     1     7    22     0     0    16.0   69.885 -166.472   1915.5    789.5
     1     1    14     1     7    23     0     0    17.0   69.647 -167.612   1884.5    795.2
     1     1    14     1     8     0     0     0    18.0   69.425 -168.747   1853.8    799.2
     1     1    14     1     8     1     0     0    19.0   69.208 -169.889   1824.3    803.2
     1     1    14     1     8     2     0     0    20.0   68.987 -171.049   1794.6    805.1
     1     1    14     1     8     3     0     0    21.0   68.764 -172.231   1768.8    805.9
     1     1    14     1     8     4     0     0    22.0   68.542 -173.435   1747.6    803.4
     1     1    14     1     8     5     0     0    23.0   68.326 -174.659   1733.1    798.9
     1     1    14     1     8     6     0     0    24.0   68.124 -175.903   1726.8    792.7
     1     1    14     1     8     7     0     0    25.0   67.932 -177.160   1722.1    784.9
     1     1    14     1     8     8     0     0    26.0   67.744 -178.418   1710.8    778.7
     1     1    14     1     8     9     0     0    27.0   67.566 -179.674   1691.8    773.4
     1     1    14     1     8    10     0     0    28.0   67.401  179.078   1667.1    772.7
     1     1    14     1     8    11     0     0    29.0   67.255  177.843   1635.3    774.8
     1     1    14     1     8    12     0     0    30.0   67.135  176.626   1596.6    778.2
     1     1    14     1     8    13     0     0    31.0   67.039  175.408   1558.6    782.1
     1     1    14     1     8    14     0     0    32.0   66.961  174.173   1525.3    785.0
     1     1    14     1     8    15     0     0    33.0   66.908  172.929   1495.5    787.3
     1     1    14     1     8    16     0     0    34.0   66.881  171.681   1467.5    788.6
     1     1    14     1     8    17     0     0    35.0   66.883  170.430   1440.1    789.2
     1     1    14     1     8    18     0     0    36.0   66.920  169.172   1412.6    789.9
     1     1    14     1     8    19     0     0    37.0   66.993  167.927   1384.4    791.0
     1     1    14     1     8    20     0     0    38.0   67.098  166.719   1357.9    793.6
     1     1    14     1     8    21     0     0    39.0   67.232  165.555   1334.7    797.1
     1     1    14     1     8    22     0     0    40.0   67.392  164.440   1316.0    802.0
     1     1    14     1     8    23     0     0    41.0   67.573  163.387   1301.8    808.6
     1     1    14     1     9     0     0     0    42.0   67.772  162.405   1291.8    816.2
     1     1    14     1     9     1     0     0    43.0   67.975  161.459   1285.0    824.4
     1     1    14     1     9     2     0     0    44.0   68.172  160.516   1278.7    831.7
     1     1    14     1     9     3     0     0    45.0   68.366  159.584   1273.3    838.2
     1     1    14     1     9     4     0     0    46.0   68.556  158.673   1267.9    844.0
     1     1    14     1     9     5     0     0    47.0   68.746  157.795   1262.1    849.1
     1     1    14     1     9     6     0     0    48.0   68.940  156.959   1255.2    852.9
     1     1    14     1     9     7     0     0    49.0   69.143  156.178   1246.2    855.9
     1     1    14     1     9     8     0     0    50.0   69.359  155.458   1236.2    858.6
     1     1    14     1     9     9     0     0    51.0   69.588  154.794   1225.1    860.4
     1     1    14     1     9    10     0     0    52.0   69.832  154.180   1213.0    861.5
     1     1    14     1     9    11     0     0    53.0   70.088  153.620   1200.2    862.5
     1     1    14     1     9    12     0     0    54.0   70.357  153.126   1187.1    863.8
     1     1    14     1     9    13     0     0    55.0   70.637  152.701   1174.1    865.2
     1     1    14     1     9    14     0     0    56.0   70.925  152.344   1161.8    866.7
     1     1    14     1     9    15     0     0    57.0   71.220  152.063   1149.6    868.5
     1     1    14     1     9    16     0     0    58.0   71.517  151.865   1137.2    870.5
     1     1    14     1     9    17     0     0    59.0   71.816  151.759   1124.5    872.7
     1     1    14     1     9    18     0     0    60.0   72.114  151.752   1111.3    875.0
     1     1    14     1     9    19     0     0    61.0   72.416  151.834   1096.7    877.3
     1     1    14     1     9    20     0     0    62.0   72.727  151.991   1081.4    879.9
     1     1    14     1     9    21     0     0    63.0   73.048  152.222   1066.8    882.5
     1     1    14     1     9    22     0     0    64.0   73.381  152.536   1053.0    885.0
     1     1    14     1     9    23     0     0    65.0   73.725  152.943   1039.8    887.9
     1     1    14     1    10     0     0     0    66.0   74.082  153.460   1026.9    891.0
     1     1    14     1    10     1     0     0    67.0   74.452  154.099   1016.0    893.9
     1     1    14     1    10     2     0     0    68.0   74.838  154.877   1009.5    895.8
     1     1    14     1    10     3     0     0    69.0   75.229  155.789   1008.4    896.2
     1     1    14     1    10     4     0     0    70.0   75.612  156.816   1014.3    895.3
     1     1    14     1    10     5     0     0    71.0   75.979  157.960   1028.5    893.3
     1     1    14     1    10     6     0     0    72.0   76.326  159.239   1051.7    890.3
     1     1    14     1    10     7     0     0    73.0   76.636  160.691   1079.7    885.8
     1     1    14     1    10     8     0     0    74.0   76.896  162.355   1109.0    881.0
     1     1    14     1    10     9     0     0    75.0   77.102  164.254   1139.9    875.9
     1     1    14     1    10    10     0     0    76.0   77.254  166.396   1173.1    871.1
     1     1    14     1    10    11     0     0    77.0   77.353  168.771   1209.0    866.9
     1     1    14     1    10    12     0     0    78.0   77.400  171.345   1248.3    863.1
     1     1    14     1    10    13     0     0    79.0   77.389  173.990   1289.4    859.8
     1     1    14     1    10    14     0     0    80.0   77.318  176.566   1330.4    856.3
     1     1    14     1    10    15     0     0    81.0   77.189  178.994   1369.9    852.2
     1     1    14     1    10    16     0     0    82.0   77.009 -178.764   1407.5    847.8
     1     1    14     1    10    17     0     0    83.0   76.783 -176.723   1443.6    842.8
     1     1    14     1    10    18     0     0    84.0   76.519 -174.889   1479.5    837.2
     1     1    14     1    10    19     0     0    85.0   76.224 -173.237   1513.9    831.9
     1     1    14     1    10    20     0     0    86.0   75.901 -171.741   1544.0    827.1
     1     1    14     1    10    21     0     0    87.0   75.554 -170.387   1570.3    822.7
     1     1    14     1    10    22     0     0    88.0   75.187 -169.165   1593.6    818.7
     1     1    14     1    10    23     0     0    89.0   74.806 -168.084   1613.0    815.5
     1     1    14     1    11     0     0     0    90.0   74.413 -167.169   1626.5    813.3
     1     1    14     1    11     1     0     0    91.0   74.013 -166.411   1636.2    812.1
     1     1    14     1    11     2     0     0    92.0   73.611 -165.787   1645.1    810.9
     1     1    14     1    11     3     0     0    93.0   73.210 -165.278   1652.9    810.0
     1     1    14     1    11     4     0     0    94.0   72.814 -164.871   1659.9    809.4
     1     1    14     1    11     5     0     0    95.0   72.427 -164.556   1665.9    809.0
     1     1    14     1    11     6     0     0    96.0   72.053 -164.328   1669.9    807.7
     1     1    14     1    11     7     0     0    97.0   71.694 -164.160   1669.5    805.9
     1     1    14     1    11     8     0     0    98.0   71.350 -164.024   1665.6    804.6
     1     1    14     1    11     9     0     0    99.0   71.024 -163.915   1657.6    803.6
     1     1    14     1    11    10     0     0   100.0   70.717 -163.831   1645.9    803.0
     1     1    14     1    11    11     0     0   101.0   70.429 -163.766   1630.7    802.7
     1     1    14     1    11    12     0     0   102.0   70.163 -163.716   1612.3    802.9
     1     1    14     1    11    13     0     0   103.0   69.914 -163.669   1596.3    803.4
     1     1    14     1    11    14     0     0   104.0   69.677 -163.611   1586.6    802.5
     1     1    14     1    11    15     0     0   105.0   69.452 -163.535   1582.8    800.8
     1     1    14     1    11    16     0     0   106.0   69.238 -163.443   1584.1    798.6
     1     1    14     1    11    17     0     0   107.0   69.037 -163.333   1589.6    795.8
     1     1    14     1    11    18     0     0   108.0   68.849 -163.205   1598.5    792.6
     1     1    14     1    11    19     0     0   109.0   68.667 -163.085   1606.6    789.3
     1     1    14     1    11    20     0     0   110.0   68.481 -162.998   1609.6    787.0
     1     1    14     1    11    21     0     0   111.0   68.295 -162.935   1607.7    785.4
     1     1    14     1    11    22     0     0   112.0   68.107 -162.889   1600.8    784.3
     1     1    14     1    11    23     0     0   113.0   67.919 -162.849   1589.0    783.8
     1     1    14     1    12     0     0     0   114.0   67.733 -162.807   1572.3    783.7
     1     1    14     1    12     1     0     0   115.0   67.550 -162.768   1554.0    784.6
     1     1    14     1    12     2     0     0   116.0   67.374 -162.749   1537.6    786.4
     1     1    14     1    12     3     0     0   117.0   67.200 -162.757   1523.6    788.5
     1     1    14     1    12     4     0     0   118.0   67.028 -162.793   1512.0    790.6
     1     1    14     1    12     5     0     0   119.0   66.855 -162.861   1503.5    792.4
     1     1    14     1    12     6     0     0   120.0   66.682 -162.961   1498.5    793.9
