     1     1
    CDC1    14     1     1     0     0
     1 FORWARD  OMEGA   
    14     1     8     6   75.000 -150.000  3000.0
     1 PRESSURE
     1     1    14     1     8     6     0     0     0.0   75.000 -150.000   3000.0    668.8
     1     1    14     1     8     7     0     0     1.0   74.704 -150.141   2982.2    672.5
     1     1    14     1     8     8     0     0     2.0   74.403 -150.308   2968.5    675.8
     1     1    14     1     8     9     0     0     3.0   74.098 -150.490   2958.6    678.6
     1     1    14     1     8    10     0     0     4.0   73.790 -150.679   2952.6    681.0
     1     1    14     1     8    11     0     0     5.0   73.481 -150.865   2950.3    683.0
     1     1    14     1     8    12     0     0     6.0   73.172 -151.039   2951.5    684.7
     1     1    14     1     8    13     0     0     7.0   72.879 -151.218   2953.9    686.2
     1     1    14     1     8    14     0     0     8.0   72.616 -151.437   2956.3    687.8
     1     1    14     1     8    15     0     0     9.0   72.384 -151.708   2955.7    686.9
     1     1    14     1     8    16     0     0    10.0   72.185 -152.030   2954.0    683.9
     1     1    14     1     8    17     0     0    11.0   72.015 -152.402   2954.9    681.2
     1     1    14     1     8    18     0     0    12.0   71.872 -152.833   2957.7    678.6
     1     1    14     1     8    19     0     0    13.0   71.741 -153.274   2957.3    676.5
     1     1    14     1     8    20     0     0    14.0   71.613 -153.676   2946.8    675.6
     1     1    14     1     8    21     0     0    15.0   71.486 -154.044   2926.6    675.7
     1     1    14     1     8    22     0     0    16.0   71.363 -154.387   2896.2    676.9
     1     1    14     1     8    23     0     0    17.0   71.244 -154.710   2855.5    679.1
     1     1    14     1     9     0     0     0    18.0   71.130 -155.020   2804.2    682.5
     1     1    14     1     9     1     0     0    19.0   71.013 -155.347   2750.5    686.8
     1     1    14     1     9     2     0     0    20.0   70.888 -155.726   2702.4    689.6
     1     1    14     1     9     3     0     0    21.0   70.753 -156.165   2660.9    691.9
     1     1    14     1     9     4     0     0    22.0   70.609 -156.669   2626.5    693.5
     1     1    14     1     9     5     0     0    23.0   70.457 -157.243   2600.1    694.5
     1     1    14     1     9     6     0     0    24.0   70.296 -157.894   2582.6    695.1
     1     1    14     1     9     7     0     0    25.0   70.128 -158.617   2567.0    695.0
     1     1    14     1     9     8     0     0    26.0   69.955 -159.406   2546.3    696.9
     1     1    14     1     9     9     0     0    27.0   69.777 -160.247   2523.5    699.9
     1     1    14     1     9    10     0     0    28.0   69.592 -161.128   2500.4    703.4
     1     1    14     1     9    11     0     0    29.0   69.399 -162.050   2478.0    707.2
     1     1    14     1     9    12     0     0    30.0   69.199 -163.014   2457.4    711.4
     1     1    14     1     9    13     0     0    31.0   68.995 -164.001   2440.1    715.7
     1     1    14     1     9    14     0     0    32.0   68.792 -164.994   2426.3    719.9
     1     1    14     1     9    15     0     0    33.0   68.588 -165.997   2412.9    723.8
     1     1    14     1     9    16     0     0    34.0   68.380 -167.009   2399.6    727.9
     1     1    14     1     9    17     0     0    35.0   68.168 -168.034   2384.4    731.2
     1     1    14     1     9    18     0     0    36.0   67.950 -169.072   2367.1    733.6
     1     1    14     1     9    19     0     0    37.0   67.724 -170.129   2348.1    735.9
     1     1    14     1     9    20     0     0    38.0   67.487 -171.203   2325.5    735.5
     1     1    14     1     9    21     0     0    39.0   67.242 -172.279   2301.5    736.2
     1     1    14     1     9    22     0     0    40.0   66.993 -173.351   2274.0    735.7
     1     1    14     1     9    23     0     0    41.0   66.744 -174.423   2245.0    735.5
     1     1    14     1    10     0     0     0    42.0   66.499 -175.504   2215.6    735.6
     1     1    14     1    10     1     0     0    43.0   66.264 -176.603   2192.8    735.6
     1     1    14     1    10     2     0     0    44.0   66.045 -177.729   2183.6    734.2
     1     1    14     1    10     3     0     0    45.0   65.841 -178.883   2188.1    732.4
     1     1    14     1    10     4     0     0    46.0   65.653  179.930   2204.7    729.7
     1     1    14     1    10     5     0     0    47.0   65.482  178.712   2232.2    727.0
     1     1    14     1    10     6     0     0    48.0   65.327  177.460   2266.3    723.9
     1     1    14     1    10     7     0     0    49.0   65.182  176.167   2298.9    720.2
     1     1    14     1    10     8     0     0    50.0   65.044  174.824   2324.3    717.5
     1     1    14     1    10     9     0     0    51.0   64.914  173.434   2338.5    712.7
     1     1    14     1    10    10     0     0    52.0   64.797  172.005   2341.0    707.8
     1     1    14     1    10    11     0     0    53.0   64.694  170.540   2331.9    702.6
     1     1    14     1    10    12     0     0    54.0   64.604  169.041   2312.1    697.8
     1     1    14     1    10    13     0     0    55.0   64.520  167.518   2282.7    693.7
     1     1    14     1    10    14     0     0    56.0   64.433  165.990   2247.6    693.4
     1     1    14     1    10    15     0     0    57.0   64.344  164.472   2210.3    694.8
     1     1    14     1    10    16     0     0    58.0   64.249  162.980   2173.9    698.4
     1     1    14     1    10    17     0     0    59.0   64.148  161.532   2139.2    702.8
     1     1    14     1    10    18     0     0    60.0   64.038  160.139   2105.4    707.2
     1     1    14     1    10    19     0     0    61.0   63.920  158.828   2074.9    711.1
     1     1    14     1    10    20     0     0    62.0   63.793  157.619   2050.5    713.3
     1     1    14     1    10    21     0     0    63.0   63.659  156.502   2031.6    714.0
     1     1    14     1    10    22     0     0    64.0   63.517  155.466   2018.0    713.4
     1     1    14     1    10    23     0     0    65.0   63.372  154.497   2009.7    711.6
     1     1    14     1    11     0     0     0    66.0   63.227  153.585   2008.0    708.5
     1     1    14     1    11     1     0     0    67.0   63.084  152.714   2009.8    703.6
     1     1    14     1    11     2     0     0    68.0   62.944  151.877   2014.1    698.5
     1     1    14     1    11     3     0     0    69.0   62.809  151.080   2020.5    693.3
     1     1    14     1    11     4     0     0    70.0   62.677  150.328   2028.5    688.3
     1     1    14     1    11     5     0     0    71.0   62.548  149.625   2036.1    682.2
     1     1    14     1    11     6     0     0    72.0   62.423  148.974   2044.2    677.9
     1     1    14     1    11     7     0     0    73.0   62.307  148.361   2056.1    675.7
     1     1    14     1    11     8     0     0    74.0   62.202  147.771   2072.6    672.9
     1     1    14     1    11     9     0     0    75.0   62.103  147.201   2092.6    669.1
     1     1    14     1    11    10     0     0    76.0   62.005  146.649   2115.5    664.6
     1     1    14     1    11    11     0     0    77.0   61.902  146.116   2141.4    660.0
     1     1    14     1    11    12     0     0    78.0   61.791  145.603   2170.0    655.5
     1     1    14     1    11    13     0     0    79.0   61.675  145.114   2199.8    651.9
     1     1    14     1    11    14     0     0    80.0   61.559  144.655   2229.1    649.3
     1     1    14     1    11    15     0     0    81.0   61.445  144.223   2258.3    647.1
     1     1    14     1    11    16     0     0    82.0   61.333  143.817   2287.9    644.9
     1     1    14     1    11    17     0     0    83.0   61.222  143.435   2318.4    642.8
     1     1    14     1    11    18     0     0    84.0   61.112  143.075   2350.3    640.5
     1     1    14     1    11    19     0     0    85.0   60.999  142.738   2381.7    638.0
     1     1    14     1    11    20     0     0    86.0   60.878  142.428   2412.5    636.5
     1     1    14     1    11    21     0     0    87.0   60.750  142.142   2442.1    636.7
     1     1    14     1    11    22     0     0    88.0   60.612  141.883   2468.5    637.4
     1     1    14     1    11    23     0     0    89.0   60.465  141.649   2491.4    638.4
     1     1    14     1    12     0     0     0    90.0   60.306  141.440   2510.9    640.0
     1     1    14     1    12     1     0     0    91.0   60.143  141.263   2523.3    642.1
     1     1    14     1    12     2     0     0    92.0   59.985  141.121   2526.1    645.2
     1     1    14     1    12     3     0     0    93.0   59.837  141.006   2519.3    649.3
     1     1    14     1    12     4     0     0    94.0   59.700  140.908   2503.2    653.9
     1     1    14     1    12     5     0     0    95.0   59.576  140.825   2478.4    659.0
     1     1    14     1    12     6     0     0    96.0   59.462  140.757   2445.2    664.7
     1     1    14     1    12     7     0     0    97.0   59.358  140.710   2405.5    670.8
     1     1    14     1    12     8     0     0    98.0   59.262  140.694   2361.2    677.3
     1     1    14     1    12     9     0     0    99.0   59.173  140.708   2312.2    684.1
     1     1    14     1    12    10     0     0   100.0   59.091  140.752   2258.7    691.4
     1     1    14     1    12    11     0     0   101.0   59.014  140.823   2200.7    699.3
     1     1    14     1    12    12     0     0   102.0   58.941  140.919   2138.5    707.6
     1     1    14     1    12    13     0     0   103.0   58.866  141.041   2074.8    716.2
     1     1    14     1    12    14     0     0   104.0   58.783  141.191   2011.7    725.0
     1     1    14     1    12    15     0     0   105.0   58.691  141.363   1949.3    734.3
     1     1    14     1    12    16     0     0   106.0   58.586  141.557   1887.8    744.2
     1     1    14     1    12    17     0     0   107.0   58.467  141.766   1827.3    754.7
     1     1    14     1    12    18     0     0   108.0   58.330  141.988   1767.8    765.9
     1     1    14     1    12    19     0     0   109.0   58.173  142.202   1712.5    777.9
     1     1    14     1    12    20     0     0   110.0   57.995  142.390   1665.3    789.2
     1     1    14     1    12    21     0     0   111.0   57.795  142.556   1625.9    800.4
     1     1    14     1    12    22     0     0   112.0   57.573  142.702   1594.8    811.3
     1     1    14     1    12    23     0     0   113.0   57.331  142.825   1570.9    817.7
     1     1    14     1    13     0     0     0   114.0   57.071  142.919   1557.3    820.9
     1     1    14     1    13     1     0     0   115.0   56.799  142.988   1550.5    822.5
     1     1    14     1    13     2     0     0   116.0   56.520  143.041   1545.5    824.3
     1     1    14     1    13     3     0     0   117.0   56.234  143.079   1540.6    826.1
     1     1    14     1    13     4     0     0   118.0   55.937  143.104   1534.7    828.1
     1     1    14     1    13     5     0     0   119.0   55.630  143.115   1526.3    830.4
     1     1    14     1    13     6     0     0   120.0   55.310  143.114   1514.3    833.2
