     1     1
    CDC1    14     1     1     0     0
     1 FORWARD  OMEGA   
    14     1    22    18   75.000 -150.000  3000.0
     1 PRESSURE
     1     1    14     1    22    18     0     0     0.0   75.000 -150.000   3000.0    673.9
     1     1    14     1    22    19     0     0     1.0   74.846 -149.208   2980.1    675.8
     1     1    14     1    22    20     0     0     2.0   74.675 -148.367   2959.3    677.9
     1     1    14     1    22    21     0     0     3.0   74.486 -147.481   2936.4    680.3
     1     1    14     1    22    22     0     0     4.0   74.275 -146.561   2910.4    683.6
     1     1    14     1    22    23     0     0     5.0   74.038 -145.619   2880.1    687.3
     1     1    14     1    23     0     0     0     6.0   73.769 -144.659   2844.2    691.9
     1     1    14     1    23     1     0     0     7.0   73.489 -143.690   2808.4    697.4
     1     1    14     1    23     2     0     0     8.0   73.218 -142.694   2778.3    701.6
     1     1    14     1    23     3     0     0     9.0   72.956 -141.636   2754.9    705.6
     1     1    14     1    23     4     0     0    10.0   72.703 -140.484   2737.7    708.8
     1     1    14     1    23     5     0     0    11.0   72.453 -139.205   2724.3    711.1
     1     1    14     1    23     6     0     0    12.0   72.197 -137.784   2707.7    711.4
     1     1    14     1    23     7     0     0    13.0   71.923 -136.288   2686.4    712.5
     1     1    14     1    23     8     0     0    14.0   71.625 -134.789   2658.9    714.6
     1     1    14     1    23     9     0     0    15.0   71.303 -133.297   2627.8    716.6
     1     1    14     1    23    10     0     0    16.0   70.959 -131.815   2594.3    718.2
     1     1    14     1    23    11     0     0    17.0   70.593 -130.338   2558.8    719.2
     1     1    14     1    23    12     0     0    18.0   70.204 -128.867   2521.2    719.6
     1     1    14     1    23    13     0     0    19.0   69.796 -127.442   2482.7    720.3
     1     1    14     1    23    14     0     0    20.0   69.380 -126.097   2441.2    721.9
     1     1    14     1    23    15     0     0    21.0   68.960 -124.810   2400.6    725.1
     1     1    14     1    23    16     0     0    22.0   68.537 -123.551   2363.3    728.9
     1     1    14     1    23    17     0     0    23.0   68.115 -122.291   2331.5    732.8
     1     1    14     1    23    18     0     0    24.0   67.695 -120.999   2305.0    735.3
     1     1    14     1    23    19     0     0    25.0   67.268 -119.702   2282.8    735.4
     1     1    14     1    23    20     0     0    26.0   66.822 -118.453   2256.9    734.1
     1     1    14     1    23    21     0     0    27.0   66.352 -117.251   2231.1    733.5
     1     1    14     1    23    22     0     0    28.0   65.861 -116.079   2205.9    731.9
     1     1    14     1    23    23     0     0    29.0   65.348 -114.910   2184.3    729.8
     1     1    14     1    24     0     0     0    30.0   64.818 -113.717   2169.4    727.9
     1     1    14     1    24     1     0     0    31.0   64.270 -112.534   2158.9    726.9
     1     1    14     1    24     2     0     0    32.0   63.701 -111.412   2147.4    728.3
     1     1    14     1    24     3     0     0    33.0   63.105 -110.346   2135.9    729.9
     1     1    14     1    24     4     0     0    34.0   62.483 -109.315   2125.4    730.6
     1     1    14     1    24     5     0     0    35.0   61.837 -108.310   2117.0    730.0
     1     1    14     1    24     6     0     0    36.0   61.187 -107.312   2116.1    729.3
     1     1    14     1    24     7     0     0    37.0   60.520 -106.313   2117.7    727.1
     1     1    14     1    24     8     0     0    38.0   59.815 -105.341   2114.5    724.9
     1     1    14     1    24     9     0     0    39.0   59.067 -104.424   2103.6    722.5
     1     1    14     1    24    10     0     0    40.0   58.281 -103.564   2091.4    722.3
     1     1    14     1    24    11     0     0    41.0   57.466 -102.721   2085.1    723.0
     1     1    14     1    24    12     0     0    42.0   56.644 -101.863   2090.5    726.1
     1     1    14     1    24    13     0     0    43.0   55.842 -101.013   2102.4    729.9
     1     1    14     1    24    14     0     0    44.0   55.063 -100.198   2114.8    734.2
     1     1    14     1    24    15     0     0    45.0   54.294  -99.428   2119.2    733.6
     1     1    14     1    24    16     0     0    46.0   53.531  -98.705   2118.6    733.4
     1     1    14     1    24    17     0     0    47.0   52.789  -98.012   2116.0    734.2
     1     1    14     1    24    18     0     0    48.0   52.080  -97.329   2112.4    733.1
     1     1    14     1    24    19     0     0    49.0   51.393  -96.634   2112.3    730.0
     1     1    14     1    24    20     0     0    50.0   50.714  -95.926   2115.6    725.7
     1     1    14     1    24    21     0     0    51.0   50.045  -95.217   2117.8    721.2
     1     1    14     1    24    22     0     0    52.0   49.383  -94.507   2117.4    719.7
     1     1    14     1    24    23     0     0    53.0   48.728  -93.792   2110.8    718.5
     1     1    14     1    25     0     0     0    54.0   48.091  -93.065   2098.2    717.5
     1     1    14     1    25     1     0     0    55.0   47.488  -92.331   2082.9    717.3
     1     1    14     1    25     2     0     0    56.0   46.929  -91.590   2075.8    721.8
     1     1    14     1    25     3     0     0    57.0   46.418  -90.832   2073.9    724.4
     1     1    14     1    25     4     0     0    58.0   45.956  -90.060   2072.9    726.1
     1     1    14     1    25     5     0     0    59.0   45.544  -89.273   2072.0    728.3
     1     1    14     1    25     6     0     0    60.0   45.180  -88.472   2072.1    730.0
     1     1    14     1    25     7     0     0    61.0   44.870  -87.662   2087.1    731.5
     1     1    14     1    25     8     0     0    62.0   44.609  -86.846   2125.6    728.5
     1     1    14     1    25     9     0     0    63.0   44.393  -86.029   2186.3    723.0
     1     1    14     1    25    10     0     0    64.0   44.221  -85.215   2265.3    715.3
     1     1    14     1    25    11     0     0    65.0   44.095  -84.400   2354.7    705.5
     1     1    14     1    25    12     0     0    66.0   44.022  -83.581   2446.6    695.1
     1     1    14     1    25    13     0     0    67.0   44.007  -82.755   2532.3    685.9
     1     1    14     1    25    14     0     0    68.0   44.047  -81.925   2603.8    678.8
     1     1    14     1    25    15     0     0    69.0   44.142  -81.103   2665.6    672.7
     1     1    14     1    25    16     0     0    70.0   44.288  -80.302   2723.7    667.0
     1     1    14     1    25    17     0     0    71.0   44.486  -79.524   2784.5    661.0
     1     1    14     1    25    18     0     0    72.0   44.735  -78.765   2854.1    654.2
     1     1    14     1    25    19     0     0    73.0   45.030  -78.013   2929.1    646.5
     1     1    14     1    25    20     0     0    74.0   45.367  -77.265   2999.4    638.6
     1     1    14     1    25    21     0     0    75.0   45.743  -76.529   3065.8    630.9
     1     1    14     1    25    22     0     0    76.0   46.159  -75.813   3128.7    623.8
     1     1    14     1    25    23     0     0    77.0   46.615  -75.124   3187.6    617.4
     1     1    14     1    26     0     0     0    78.0   47.107  -74.463   3242.3    612.1
     1     1    14     1    26     1     0     0    79.0   47.633  -73.822   3295.6    606.6
     1     1    14     1    26     2     0     0    80.0   48.204  -73.215   3345.5    599.1
     1     1    14     1    26     3     0     0    81.0   48.835  -72.675   3398.9    590.6
     1     1    14     1    26     4     0     0    82.0   49.536  -72.225   3460.1    581.9
     1     1    14     1    26     5     0     0    83.0   50.308  -71.883   3531.5    572.9
     1     1    14     1    26     6     0     0    84.0   51.142  -71.659   3609.0    563.5
     1     1    14     1    26     7     0     0    85.0   51.988  -71.549   3684.2    553.9
     1     1    14     1    26     8     0     0    86.0   52.801  -71.538   3750.7    547.5
     1     1    14     1    26     9     0     0    87.0   53.577  -71.610   3811.6    544.8
     1     1    14     1    26    10     0     0    88.0   54.325  -71.745   3859.1    543.5
     1     1    14     1    26    11     0     0    89.0   55.061  -71.939   3894.5    543.3
     1     1    14     1    26    12     0     0    90.0   55.778  -72.175   3918.8    545.1
     1     1    14     1    26    13     0     0    91.0   56.448  -72.451   3945.0    547.8
     1     1    14     1    26    14     0     0    92.0   57.063  -72.785   3986.9    548.3
     1     1    14     1    26    15     0     0    93.0   57.629  -73.204   4048.1    546.8
     1     1    14     1    26    16     0     0    94.0   58.142  -73.727   4118.5    543.0
     1     1    14     1    26    17     0     0    95.0   58.596  -74.358   4187.3    539.2
     1     1    14     1    26    18     0     0    96.0   58.997  -75.088   4244.0    536.0
     1     1    14     1    26    19     0     0    97.0   59.331  -75.915   4283.7    535.8
     1     1    14     1    26    20     0     0    98.0   59.588  -76.829   4297.3    538.3
     1     1    14     1    26    21     0     0    99.0   59.765  -77.813   4290.6    542.5
     1     1    14     1    26    22     0     0   100.0   59.860  -78.842   4271.0    548.0
     1     1    14     1    26    23     0     0   101.0   59.874  -79.887   4243.6    554.0
     1     1    14     1    27     0     0     0   102.0   59.812  -80.921   4205.8    558.1
     1     1    14     1    27     1     0     0   103.0   59.684  -81.931   4175.1    561.4
     1     1    14     1    27     2     0     0   104.0   59.502  -82.910   4154.4    562.9
     1     1    14     1    27     3     0     0   105.0   59.270  -83.854   4142.5    563.1
     1     1    14     1    27     4     0     0   106.0   58.994  -84.762   4140.5    562.7
     1     1    14     1    27     5     0     0   107.0   58.678  -85.638   4149.1    562.6
     1     1    14     1    27     6     0     0   108.0   58.322  -86.489   4168.8    562.1
     1     1    14     1    27     7     0     0   109.0   57.928  -87.305   4197.2    560.8
     1     1    14     1    27     8     0     0   110.0   57.497  -88.056   4225.8    559.7
     1     1    14     1    27     9     0     0   111.0   57.039  -88.717   4247.0    556.2
     1     1    14     1    27    10     0     0   112.0   56.561  -89.274   4266.3    552.8
     1     1    14     1    27    11     0     0   113.0   56.070  -89.728   4285.4    549.4
     1     1    14     1    27    12     0     0   114.0   55.574  -90.082   4305.8    545.8
     1     1    14     1    27    13     0     0   115.0   55.075  -90.355   4324.5    541.1
     1     1    14     1    27    14     0     0   116.0   54.566  -90.570   4341.8    537.9
     1     1    14     1    27    15     0     0   117.0   54.047  -90.731   4353.8    535.5
     1     1    14     1    27    16     0     0   118.0   53.523  -90.835   4361.1    533.7
     1     1    14     1    27    17     0     0   119.0   52.997  -90.878   4364.8    532.3
     1     1    14     1    27    18     0     0   120.0   52.474  -90.856   4366.3    531.1
